// Sample: .//bubblelabels.tif, Map: .//bubblelabels.tif, Thickness:(8.191250068658265):/gpfs/home/mader/Foam/NewValid/InSilicoTest/LatticeData_OldFoam/out_Step_03500.vtk/distmap.tif, Neighbors:(1.0):
//LACUNA_NUMBER, TRIANGLES, SCALE_X, SCALE_Y, SCALE_Z, POS_X, POS_Y, POS_Z , STD_X, STD_Y, STD_Z,PROJ_X, PROJ_Y, PROJ_Z, PCA1_X, PCA1_Y, PCA1_Z, PCA1_S, PCA2_X, PCA2_Y, PCA2_Z, PCA2_S, PCA3_X, PCA3_Y, PCA3_Z, PCA3_S,PROJ_PCA1, PROJ_PCA2, PROJ_PCA3,OBJ_RADIUS, OBJ_RADIUS_STD, VOLUME, VOLUME_BOX, Mask_Grad_X,Mask_Grad_Y,Mask_Grad_Z,Mask_Angle, Mask_Distance_Mean,Mask_Distance_COV, Mask_Distance_STD, SHAPET_XX, SHAPET_XY, SHAPET_XZ, SHAPET_YX, SHAPET_YY, SHAPET_YZ, SHAPET_ZX, SHAPET_ZY, SHAPET_ZZ, Thickness, Thickness_STD, Neighbors, Neighbors_STD
1, 0 ,1.0,1.0,1.0,79.23214101763932,138.2186403601791,39.673427094631855,15.40976084145059,15.475668414693152,16.069164402202333,84.0,80.0,79.0,0.09000341687994849,-0.4699536093475422,0.8780905363407305,16.306511736373306,0.991959066476837,-0.03646640687036803,-0.12119163174232306,15.403587254829139,0.08897525152724352,0.8819375296647615,0.46289264239614064,15.231620443394288,90.08819145085245,82.35727651331662,82.60712078796813,26.101031090882707,7.34242893395143,165029.0,612896.7666594369, 0.0, 0.0,0.0,NaN, 164.18314630524256,164.18314630524256,NaN, 237.46072919070397, -1.6244545637340366, 2.045828357468318, -1.6244545637340366, 239.49631288153125, -13.965979291085102, 2.045828357468318, -13.965979291085102, 258.2180445850067, 7.062073332830209, 5.520597715996889, 54.0, 0.0
2, 0 ,1.0,1.0,1.0,57.565984509791576,259.22036395692965,12.993602417983753,14.353030677566116,15.823051062339236,8.198928354972685,81.0,73.0,33.0,-0.22537756745621687,-0.9742175163656935,-0.010255871185760114,15.904995052630651,-0.9692465991058802,0.22313498546907415,0.1037873228357025,14.315340705676864,-0.0988229842152352,0.033331802621169665,-0.994546634766223,8.105739545452321,72.2643621261077,74.92325442027345,36.71098440524552,21.82467146716414,6.876378121719351,79405.0,198763.5922984124, 0.0, 0.0,0.0,NaN, 71.73322098012524,71.73322098012524,0.0, 206.00948963115403, 11.006566375513703, -13.572652602090944, 11.006566375513703, 250.3689449213948, 5.0953333529389555, -13.572652602090944, 5.0953333529389555, 67.2224261699751, 8.217745385775524, 5.597425091228771, 27.0, 0.0
3, 0 ,1.0,1.0,1.0,76.69673787201198,15.669439967310618,259.50589089918503,14.956004370265045,9.206426087912407,15.100755209973151,69.0,39.0,73.0,-0.6846742007289566,0.13344716007387358,0.7165285021018929,15.641782620491453,0.7126722606281249,-0.0833997947769628,0.6965218755806297,14.52132595543844,-0.15270719625270518,-0.9875405458508419,0.03800240141437471,8.996604075778476,74.0461416316198,76.31967770858762,40.42536280842487,22.135087399757825,6.8199018872878945,88102.0,228450.9073980316, 0.0, 0.0,0.0,NaN, 88.13452116489869,88.13452116489869,0.0, 223.68206672338712, -22.68194709488319, -15.826140234677537, -22.68194709488319, 84.75828131219413, 8.10770539439551, -15.826140234677537, 8.10770539439551, 228.03280791153125, 7.157260396993866, 5.339483526538555, 30.0, 0.0
4, 0 ,1.0,1.0,1.0,153.99499665700912,176.54809449520837,14.222152886115445,15.768924464125064,15.347686328645716,8.86313934991331,78.0,67.0,38.0,-0.7523687303306851,-0.657513701923799,0.04021225438911328,17.16376031828164,0.6521637874450054,-0.7520716856917284,-0.09523956072026438,13.820269787271728,0.0928638140826625,-0.04543029125225137,0.9946418454251542,8.784712190923907,81.73944031329535,68.16105898381636,40.991177169905995,22.606228377140418,7.191949116500829,89740.0,228380.1633838406, 0.0, 0.0,0.0,NaN, 191.72924556954484,191.72924556954484,NaN, 248.65897875528194, 51.72782587952285, -13.648130748318671, 51.72782587952285, 235.55147564249864, 2.404503990901761, -13.648130748318671, 2.404503990901761, 78.55523913598172, 8.118077518523457, 5.551771539465919, 23.0, 0.0
5, 0 ,1.0,1.0,1.0,281.6108547790462,287.68642854301737,149.10874666878803,10.135448183553715,7.34193975520876,16.68173869758934,42.0,31.0,80.0,-0.08427292261561256,0.005730965300527597,0.996426229356969,16.719507854477506,0.9734234640087915,-0.21322644355699016,0.08355383584948593,10.190815834900713,-0.21294326528666763,-0.9769859977526608,-0.01239055948252675,7.177543099729086,80.33201113639055,47.30158886345751,33.53974209400593,19.585378385310577,7.164129307140345,50282.0,127445.3773433116, 0.0, 0.0,0.0,NaN, 150.74217404933614,150.74217404933614,0.0, 102.72730988150231, -10.972885977064912, -14.891017738591044, -10.972885977064912, 53.90407936911487, 0.36972691473607844, -14.891017738591044, 0.36972691473607844, 278.2804059746496, 7.205993266186686, 5.4223939281782245, 16.0, 0.0
6, 0 ,1.0,1.0,1.0,17.018605231941063,163.7673721670725,12.930989989802502,10.297689065713964,14.026825002533144,8.13887642739791,41.0,72.0,35.0,-0.09190640120589787,0.9923005412225967,0.08302318535638925,14.088893507968804,0.9939626890510891,0.08640257240116597,0.06762224675939608,10.266481110691043,0.05992817527430591,0.0887368659115369,-0.9942506637847874,8.070810031911641,71.88159556921872,46.27101898718031,38.26644338501703,18.25416044560344,5.9850777499072025,48051.0,127275.51752672908, 0.0, 0.0,0.0,NaN, 137.89913818592908,137.89913818592908,0.0, 106.04240009412494, -8.704377239128494, 1.688636967994763, -8.704377239128494, 196.75181965168895, 11.221881045264809, 1.688636967994763, 11.221881045264809, 66.24130950045337, 7.608917851700093, 5.2298898833674174, 18.0, 0.0
7, 0 ,1.0,1.0,1.0,171.23957616373846,99.5458431443579,10.96252490490853,13.32905693774092,14.459883028190225,6.888079136974158,63.0,67.0,28.0,-0.26347107467330466,-0.9639506732043354,-0.037176503862025374,14.561624151934177,0.9631350413453359,-0.2606859172953729,-0.06643601927109226,13.247959151634987,0.054349654490278516,-0.05330996297859792,0.9970978702735295,6.8299553885892825,74.17794775687639,67.3046131237106,29.98090816375437,19.80539168529351,6.476424200729941,55210.0,149680.22594505944, 0.0, 0.0,0.0,NaN, 163.1220358691785,163.1220358691785,0.0, 177.6637588495393, 9.651623487223054, -6.625345352603207, 9.651623487223054, 209.0882171889437, 8.158781913886525, -6.625345352603207, 8.158781913886525, 47.44563419721866, 6.57603955093695, 4.852372358666151, 25.0, 0.0
8, 0 ,1.0,1.0,1.0,279.1127114332952,205.60786807410233,210.3528127517063,12.471145344837684,12.97190617164492,14.380627185548718,51.0,68.0,71.0,-0.2932851523329209,0.20396813009877826,0.9340132875527325,14.673052343744894,0.34336705777283627,0.9342612113135387,-0.09620318431000477,12.965068279524301,-0.8922347690252164,0.2924944289024438,-0.3440408783902752,12.133045520921952,79.39682871830598,64.1328786813219,61.24999785752931,22.10446697329838,6.480339035433495,94356.0,311881.75410286215, 0.0, -2.8421709430404007E-14,-2.8421709430404007E-14,38.5254012856618, 131.84373923215125,131.84373923215125,0.0, 155.5294662120666, 2.6258353791165456, -19.341209500343123, 2.6258353791165456, 168.27034972595956, 11.094440966267479, -19.341209500343123, 11.094440966267479, 206.80243824974286, 7.287307155991595, 5.101342950831707, 38.0, 0.0
9, 0 ,1.0,1.0,1.0,189.73775942670545,114.08281803654555,234.61504104177627,13.203644134021927,13.136480902923276,13.32830072553568,64.0,69.0,64.0,0.6515004022117966,-0.3056094225376701,0.6943702951408981,14.165781776144966,-0.16764904139590164,-0.9506415942713339,-0.2611021986891181,13.027723439020669,0.7398925765520975,0.05369767311018408,-0.6705785077570334,12.415957386690126,67.15829199701534,67.40586855427458,68.02671750907318,22.072607518801643,6.11121481229003,100751.0,307947.63068561483, 0.0, 0.0,0.0,NaN, 171.60374100051328,171.60374100051328,0.0, 174.33621841789164, -6.780278753128987, 21.723198770878874, -6.780278753128987, 172.56713051286795, -6.006817822677474, 21.723198770878874, -6.006817822677474, 177.64360023031492, 6.504822465570898, 4.828107035674521, 38.0, 0.0
10, 0 ,1.0,1.0,1.0,121.55733503504636,186.59888633860658,114.05875027018125,12.559773556235017,12.806086604731563,14.201667441750905,63.0,67.0,68.0,-0.1350776100712788,-0.25808439271104955,0.9566328896167017,14.337857181848252,0.11709802764051122,-0.9628735344358071,-0.24323365023326488,12.69083862545979,-0.983891300490117,-0.07916440438773592,-0.16028382918373704,12.521964320877688,72.78444107277696,65.45749880068325,65.81436864761267,21.99560409013287,6.294801406557397,97157.0,313558.5715140131, -1.4210854715202004E-14, 0.0,0.0,82.2368922746896, 201.60703557580115,201.60703557580115,0.0, 157.7479117839004, 1.2202816436365154, -6.423904282553503, 1.2202816436365154, 163.9958541278852, -11.04485979621432, -6.423904282553503, -11.04485979621432, 201.68735812608767, 6.337653573466742, 4.692790300845047, 35.0, 0.0
11, 0 ,1.0,1.0,1.0,259.6143770272849,141.07481396680024,126.26930929211983,13.612431792717587,13.437008199799948,13.270274947267035,74.0,68.0,64.0,-0.8437235177447477,-0.5337663552654607,0.05678119046879595,13.708894734872501,0.4437740626506434,-0.634112046677243,0.6332191513033543,13.485315206182142,-0.30198544157454127,0.5594599094174875,0.7718869106492259,13.121134279742748,74.31606135204453,69.90024462136942,70.0640057983043,22.421835701326252,6.2620260005578805,104820.0,363962.25236237654, 0.0, 0.0,0.0,NaN, 193.58987614999552,193.58987614999552,0.0, 185.29829931138852, 4.375205641595361, 1.967341641831512, 4.375205641595361, 180.55318936149104, -4.368612130020978, 1.967341641831512, -4.368612130020978, 176.10019717606312, 6.1492277978869865, 4.653949509020971, 39.0, 0.0
12, 0 ,1.0,1.0,1.0,23.327043151007143,132.61250694949322,192.36560749262284,12.905688858495346,13.203725880455737,12.731835754759727,61.0,64.0,61.0,0.3703731480833087,0.8459219127769999,-0.383718449729174,13.314541449712804,-0.7769693535501389,0.5085228333624099,0.3711106999170808,12.955744202468756,-0.5090602663955792,-0.1606880376156486,-0.8455986043889223,12.564493697271004,67.43138379993243,67.91622043736629,65.27067015619238,21.593109745500605,6.060728936632796,93532.0,298919.0912061839, 0.0, 0.0,-2.8421709430404007E-14,67.43579692728254, 172.38152566916926,172.38152566916926,0.0, 166.55680491229091, 2.1363813980450708, -5.637638108795416, 2.1363813980450708, 174.33837712621664, -4.416256336279212, -5.637638108795416, -4.416256336279212, 162.0996416861782, 6.475143042031261, 4.724048254880149, 36.0, 0.0
13, 0 ,1.0,1.0,1.0,47.02028393801614,249.01917973462002,213.65415236151063,13.331267854222226,14.138623390840722,13.340160175102724,63.0,70.0,65.0,-0.03043818523832709,0.8133139371950617,0.58102836113538,14.836686419764677,-0.8099018373126882,-0.3607359615080754,0.462524139902316,14.125308176114064,-0.5857751537893443,0.4564975417667796,-0.6696846000648043,11.658973046448804,69.03166556790774,67.36365263677037,63.63865758437299,22.690166475083917,6.382757462058316,107770.0,295934.08539088233, 0.0, 0.0,0.0,NaN, 110.74997309684484,110.74997309684484,0.0, 177.72270260101885, 16.49495289134369, -25.310800566598388, 16.49495289134369, 199.90067138802843, 29.176968238551986, -25.310800566598388, 29.176968238551986, 177.95987349739676, 7.051519431063878, 4.920354748945644, 41.0, 0.0
14, 0 ,1.0,1.0,1.0,260.9167820818005,280.2429127894395,26.027797013633414,14.651003516340321,10.789581467892246,13.895667127391562,74.0,51.0,63.0,0.8351639438776436,-0.055856887358849736,0.5471573767951234,15.215768569066945,0.5458659457447218,-0.03758148021715444,-0.8370292716631289,13.291655391176539,-0.06731683387504382,-0.9977312466186814,8.963245904234324E-4,10.768882069099494,78.7488897760391,68.92263431146479,53.31487019377778,21.93738593426086,6.550392016873074,92420.0,289370.77288074367, 0.0, 0.0,0.0,NaN, 50.94395582667358,50.94395582667358,9.5367431640625E-7, 214.65190403581644, -6.635617374339112, 25.06894380904399, -6.635617374339112, 116.41506825228377, -1.6221168898081513, 25.06894380904399, -1.6221168898081513, 193.08956491527044, 6.5601984403738856, 4.79454877790958, 29.0, 0.0
15, 0 ,1.0,1.0,1.0,136.24311620668848,22.777749547432272,250.74581044028753,14.15845919224874,12.256111034649264,12.79291732994116,67.0,55.0,68.0,-0.8956447212992282,-0.28351336541711597,0.342696228223611,14.40123380691659,-0.44349305814986856,0.5109300949542342,-0.7363860030194321,13.136390815707394,0.033681457535350186,-0.8115236347143061,-0.583348051953871,11.59192216064507,67.60885816643197,66.7667478788727,66.15031491650936,21.807373063733465,6.22667152353053,94461.0,298604.08185874525, 0.0, -3.552713678800501E-15,0.0,73.52999423667501, 146.65260917330747,146.65260917330747,0.0, 200.46196669857284, 9.88839819230389, -9.940351433514481, 9.88839819230389, 150.21225769365142, -21.464291671872726, -9.940351433514481, -21.464291671872726, 163.65873381070887, 6.881345042506727, 4.747689981475918, 29.0, 0.0
16, 0 ,1.0,1.0,1.0,237.00887108929226,243.12068557156084,9.601834506814805,13.58375523662126,13.082390731634586,6.647473270560616,64.0,63.0,28.0,-0.8555045432876781,0.5043952068779864,-0.11703611277146685,13.91270811130327,-0.5084745237455645,-0.8610568920228048,0.005889601153759442,12.813378371775524,0.09780406492505031,-0.0645484622476973,-0.9931101957515058,6.489232788073113,64.50875266703868,58.843163219545545,31.251706897454223,18.9301714540768,6.442426808714851,46443.0,118628.32490656624, 0.0, 0.0,0.0,NaN, 85.41272713823689,85.41272713823689,0.0, 184.51840632843547, -11.907515071280596, 14.798678900656443, -11.907515071280596, 171.1489472551585, -9.559724445248483, 14.798678900656443, -9.559724445248483, 44.188900882817855, 6.046993706274374, 4.537948465904914, 15.0, 0.0
17, 0 ,1.0,1.0,1.0,144.40817407211284,151.83784239156597,58.68274924180427,12.280639807943643,11.700955141772038,13.459458762989264,61.0,59.0,67.0,0.3566884950493872,0.11701103120763347,0.9268666225920152,13.62468750266828,-0.7458588636984602,-0.5617537829388769,0.3579486594419686,12.513697177093585,-0.5625547732815399,0.8189878545678121,0.11309739664805762,11.254277805770347,69.7280655708318,65.4843473633448,60.15125837330829,20.834970062456556,5.898094438999718,83092.0,274656.47239330836, 0.0, 0.0,0.0,NaN, 215.05676168073526,215.05676168073526,0.0, 150.81411409245007, 15.00329438992497, 11.505029084809047, 15.00329438992497, 136.9123512297615, 0.37680358258399166, 11.505029084809047, 0.37680358258399166, 181.15703019260852, 5.72359308800203, 4.494301998504348, 31.0, 0.0
18, 0 ,1.0,1.0,1.0,33.00172549320347,11.807396614198892,73.51360263808739,13.396767389820994,7.41180511651143,12.763373386521323,66.0,31.0,60.0,-0.9281124871309193,-0.04055610172585109,-0.37008433342207514,13.533687646386333,0.36589078893191007,0.08429043747726325,-0.9268328073200021,12.65636290842612,0.06878329598415422,-0.9956155506834422,-0.0633919035119016,7.346271735114524,68.07336325198997,67.24620068000978,32.825144493738534,18.969842440333085,6.120213196844159,52159.0,150262.8448371103, 0.0, 0.0,0.0,NaN, 81.44187051611942,81.44187051611942,0.0, 179.4733764969712, 8.138716890751747, 8.355332267922623, 8.138716890751747, 54.93485508514501, -6.358832567682926, 8.355332267922623, -6.358832567682926, 162.9037002037608, 6.5163624626990835, 4.662980422296975, 28.0, 0.0
19, 0 ,1.0,1.0,1.0,219.11393110873976,29.825704919293592,269.2766513809977,12.359509111871402,13.806260559561453,14.250635367630851,58.0,64.0,63.0,-0.17602506374463636,-0.5606270507318688,0.8091430571421738,14.721822557219202,0.006988154085905193,-0.8226686360136607,-0.5684782150811889,13.37940321951421,-0.9843608802853597,0.09441199768625369,-0.14872804731025857,12.276417009433588,68.50480291947663,64.0624613111178,56.491788141630025,22.48710622472001,6.385997036040473,104019.0,247919.08674696134, 0.0, 0.0,0.0,NaN, 91.52077887004252,91.52077887004252,0.0, 152.7574654864322, 6.352623761057531, -9.515844177661956, 6.352623761057531, 190.61283063850215, -16.71512233786629, -9.515844177661956, -16.71512233786629, 203.0806083811713, 6.286119830851155, 4.642652989481493, 37.0, 0.0
20, 0 ,1.0,1.0,1.0,161.60537485936382,256.5761225324742,281.49989771913675,14.95246273077997,12.67926824725279,10.067741302941748,72.0,65.0,43.0,-0.956884511017037,0.2902436464763422,0.011430584228383136,15.165856788304673,0.2872617553362199,0.9514185339441489,-0.11083075921746414,12.450752218625125,-0.04304319338571167,-0.10276866714948626,-0.9937735579876729,10.033691096059846,75.57128866218252,62.239117234564844,45.232075565813716,21.080408365819977,6.427735454608366,78216.0,212748.62842899395, 0.0, 0.0,0.0,NaN, 146.22229373982034,146.22229373982034,0.0, 223.576141715364, -21.065119693063377, -3.144806139423135, -21.065119693063377, 160.7638432857928, -5.301554554307931, -3.144806139423135, -5.301554554307931, 101.35941494295919, 6.673198039091456, 4.8809588734859455, 32.0, 0.0
21, 0 ,1.0,1.0,1.0,41.08008600115217,85.53764093490248,39.62551436095794,12.510686539840501,12.634710007015054,14.393425294390681,59.0,60.0,71.0,-0.0716460187291378,-0.044609374057829415,0.996432060778071,14.405529582109992,-0.36894666602560483,-0.92695773723287,-0.06802728138556036,12.655883722555368,-0.9266850628065908,0.3725041706213339,-0.049954351570780056,12.475303243802532,70.54120217434041,62.84899940929487,60.79382075827158,22.000119880009432,6.270453861558767,97208.0,269525.9982841896, 0.0, 0.0,0.0,NaN, 102.83211011615413,102.83211011615413,0.0, 156.51727769814627, 1.7178880886530443, -3.5902665346479132, 1.7178880886530443, 159.6358969613663, -2.020175881066264, -3.5902665346479132, -2.020175881066264, 207.17069170520546, 5.978035655362576, 4.452604178996168, 35.0, 0.0
22, 0 ,1.0,1.0,1.0,190.63975373561723,281.78061383870465,59.88377935127818,14.078711295142476,10.27363377653077,12.783783552079974,66.0,44.0,68.0,0.978064910418492,0.15222695194115082,-0.14218293185461267,14.185120470949839,-0.14458731775545003,0.004785930511716094,-0.9894804709611107,12.754941941517837,-0.1499451184678961,0.9883339769388904,0.026691037368469513,10.162509429556552,68.72580921183695,66.67760717126343,48.230866325120274,20.705608018098825,6.201659553174782,76828.0,221016.61902754803, 0.0, 0.0,0.0,NaN, 126.00665269934528,126.00665269934528,NaN, 198.21011173197235, 14.541118462199673, -5.120237919699572, 14.541118462199673, 105.5475509742739, -2.4011935626880976, -5.120237919699572, -2.4011935626880976, 163.4251219064305, 6.148104667428889, 4.685474581104465, 35.0, 0.0
23, 0 ,1.0,1.0,1.0,32.593648172119806,288.54613221443554,207.84028924697586,13.009514948026023,6.747517683019811,12.466022302409812,63.0,27.0,66.0,0.7995622191621393,-0.01514656295199936,0.6003922378905776,13.668337303207702,0.5997314552345631,0.07336014793316369,-0.796831519392561,11.762684978413263,0.03197560461895898,-0.9971904884855075,-0.0677398729205077,6.707755479600325,64.29126145258067,65.76219972369965,29.53023396470695,18.276950287326137,6.01092957073769,44806.0,124851.90312673438, 0.0, 0.0,0.0,NaN, 98.42230069703812,98.42230069703812,0.0, 169.24747918291254, 2.3901582205112475, 23.466793427658907, 2.3901582205112475, 45.52899488266504, -6.74759804208129, 23.466793427658907, -6.74759804208129, 155.40171204417882, 5.86578037734623, 4.501420590669107, 21.0, 0.0
24, 0 ,1.0,1.0,1.0,281.1196828610949,105.45371968000913,168.72408630056896,10.800250350919066,12.146028007825375,12.617766909359371,45.0,63.0,60.0,0.16576554090474266,-0.5396349261839567,0.8254186403825597,12.874006123700248,0.2953703463755238,-0.7714050729964177,-0.5636404632719286,12.055965896194428,-0.9408922063289508,-0.3372363559846817,-0.03151977588137186,10.596843795444741,65.87814433482336,60.771589977070185,52.01118299340584,19.780493880923636,5.666701652202127,70127.0,208227.78928325715, 0.0, 0.0,0.0,NaN, 169.44119595669775,169.44119595669775,0.0, 116.6454076425274, -12.312163207813205, 1.8101407971155175, -12.312163207813205, 147.52599636687847, -9.435210089002958, 1.8101407971155175, -9.435210089002958, 159.20804177892435, 6.2259034818038845, 4.638770929728687, 24.0, 0.0
25, 0 ,1.0,1.0,1.0,277.25475682303255,207.09043640161664,11.231869579038191,12.604300453046454,11.805262207581368,7.155655114304265,49.0,61.0,28.0,-0.8874061499654402,0.45982566679123904,-0.032721264699077365,12.880146991905146,-0.46098578020926506,-0.884922473662653,0.06636509663691342,11.524727279148522,0.0015605923138557543,0.07397683263538578,0.9972587391368734,7.121690840204411,60.39560710231699,60.53748599974432,30.348874249661627,17.815703331077234,5.660098995099739,44042.0,110961.49999248545, 0.0, 0.0,0.0,NaN, 96.3103732183712,96.3103732183712,0.0, 158.86838991066705, -13.507372426913784, 0.8327374624948781, -13.507372426913784, 139.3642157897489, -6.554619148387633, 0.8327374624948781, -6.554619148387633, 51.203400114868785, 6.5882563316779015, 4.711643939350643, 15.0, 0.0
26, 0 ,1.0,1.0,1.0,91.38667487305739,265.52908731520824,40.120113153502906,11.617388134271025,12.663791321615479,13.535758869090275,61.0,61.0,67.0,-0.29818458101330125,-0.38441668333089324,0.8736760092979531,13.966845705577034,0.05829014467863049,-0.9209406760040509,-0.38531873859772986,12.428866504074838,-0.9527267261283614,0.06396940564111195,-0.29701801370061165,11.357930459479473,70.73686425983563,62.80880221123982,57.430964793339044,21.030022847554655,6.0241368587721285,84487.0,255159.90232749077, 0.0, 0.0,0.0,NaN, 105.59067972660425,105.59067972660425,0.0, 134.96370706230118, 6.205939925662619, -17.784546458174887, 6.205939925662619, 160.37161063742352, -13.150403944686602, -17.784546458174887, -13.150403944686602, 183.21676816215603, 5.931629818740409, 4.3531020713283395, 36.0, 0.0
27, 0 ,1.0,1.0,1.0,52.88746003058529,188.8071041290143,48.390703925112376,14.00904141702243,11.127775238434424,12.969617998205395,74.0,55.0,68.0,-0.9458035436680241,0.01938661525650259,0.32416017018428483,14.135900667545778,0.31685460087822703,0.2737248763840561,0.9081177533507605,12.971996394639294,-0.07112537302051729,0.9616126305313539,-0.26503269631361087,10.963358794415218,70.07197757171674,67.11982937544347,58.1749636061536,21.225988787065813,6.144022640882318,86316.0,273609.60454760573, 0.0, 0.0,0.0,NaN, 132.2974064259406,132.2974064259406,0.0, 196.25324142384983, 2.709743379086718, -10.579564647011676, 2.709743379086718, 123.8273817571143, 12.451239866920755, -10.579564647011676, 12.451239866920755, 168.21099101937332, 6.032854559574052, 4.33216371018677, 32.0, 0.0
28, 0 ,1.0,1.0,1.0,68.70136146505722,62.33564532548748,161.3866918748392,13.559183061834267,12.783500197227045,12.000957205193998,65.0,61.0,58.0,-0.9360292686406274,0.26302797086462826,-0.23380653282346306,13.777657620417008,-0.15101074915052898,-0.9002927635864635,-0.4082507727792381,12.852703092937208,-0.317875701948244,-0.3468273725885621,0.8824204279900971,11.673751330960512,68.49732878006262,63.22308482792083,65.55133379685532,21.334492924821422,6.010965652736381,89389.0,283877.4208092216, 0.0, 0.0,0.0,NaN, 166.7910637135521,166.7910637135521,0.0, 183.85144530433328, -9.25228996896873, 13.501479372169012, -9.25228996896873, 163.41787729250393, 7.334717735730286, 13.501479372169012, 7.334717735730286, 144.02297384089775, 6.24243271030763, 4.386766593351491, 37.0, 0.0
29, 0 ,1.0,1.0,1.0,124.11240639891082,168.7494894486045,273.7424632889235,13.13500447769158,11.51088211063116,12.99440976912421,67.0,57.0,61.0,0.7593438162345979,-0.06994576919260291,0.6469192825371125,13.594763629004717,-0.6242969894040096,0.20196806119110478,0.7546271736955917,12.56662949437338,0.18344001135893956,0.9768912383836605,-0.10969626521386658,11.451884555145178,74.48723078536932,65.8063304021293,60.67649243814748,20.89661142174047,6.100415226079325,82264.0,297419.86335977673, 0.0, 0.0,0.0,NaN, 182.5377883515189,182.5377883515189,0.0, 172.52834262897787, -6.226618313372115, 13.751707210533532, -6.226618313372115, 132.50040696484845, 1.6521040000259386, 13.751707210533532, 1.6521040000259386, 168.85468524791074, 5.690651447684743, 4.2299672436982645, 29.0, 0.0
30, 0 ,1.0,1.0,1.0,276.06923654347156,208.58647944540115,287.17715370689274,13.167311138581395,12.067856855027712,7.322926998689335,55.0,60.0,35.0,-0.9321930954199135,0.3590120270550134,0.046112875439411144,13.372230720746114,-0.35388433579910317,-0.9307282453933228,0.09225405196030659,11.883486851965204,0.07603886984607217,0.06967996596524495,0.9946671768061991,7.252771698605038,61.59963425827206,64.60658941371437,38.05731899935091,18.3328663989333,6.045041035481236,45294.0,151458.3214303295, 0.0, 0.0,0.0,NaN, 95.36004701579714,95.36004701579714,0.0, 173.37808262020968, -13.052814932237796, -8.318465006950532, -13.052814932237796, 145.63316907343935, -5.519272112639653, -8.318465006950532, -5.519272112639653, 53.62525982813319, 5.775728743735063, 4.429504253351523, 21.0, 0.0
31, 0 ,1.0,1.0,1.0,13.024431028109763,249.9681586960731,81.17758259553271,8.28487058821429,11.834368009763303,13.726390735974405,33.0,57.0,60.0,-0.06140101464425968,0.036729514579167,0.997437144966757,13.743991648452798,-0.11215469362231226,0.9927398937402763,-0.04346064973089103,11.87242314628336,-0.9917919338748136,-0.11453578539183562,-0.05683584929896476,8.200817745412095,59.12017805375468,57.615009694857235,36.21599462136554,19.03761615064181,5.888490535900923,56813.0,123359.26970193234, 0.0, 0.0,0.0,NaN, 96.24251069003681,96.24251069003681,0.0, 68.63908066345817, -8.48023875292893, -7.090674399214972, -8.48023875292893, 140.05226619050902, 1.276631174472715, -7.090674399214972, 1.276631174472715, 188.41380263664396, 7.81911164572005, 4.961513119750125, 25.0, 0.0
32, 0 ,1.0,1.0,1.0,59.88654969284912,44.17561209430226,35.32011806703079,11.774187978521173,12.060793239245474,13.867673691821492,62.0,60.0,68.0,-0.32644352690001255,-0.468459689965208,0.8209629362052719,14.738575733120626,-0.659622967773304,-0.5091817062519344,-0.5528395159576663,11.93369410446627,-0.6770023368726427,0.721996889810524,0.14278769895516463,10.805921530175697,74.86074566595417,59.60951659623196,54.46292233973303,20.93522095394895,6.174393358502646,79277.0,243036.0451063264, 0.0, 0.0,0.0,NaN, 82.37350471049139,82.37350471049139,0.0, 138.6315025535525, 23.975925617469944, -17.570567227633667, 23.975925617469944, 145.4627335598293, -31.415829102125794, -17.570567227633667, -31.415829102125794, 192.31237362283795, 6.383355630617088, 4.348955378163191, 29.0, 0.0
33, 0 ,1.0,1.0,1.0,135.43313560491103,142.7608497723824,174.9302524486136,12.339565217274426,11.428584983278503,11.854215941863817,58.0,52.0,55.0,-0.871068610630235,0.4441334128735311,0.20972598108966314,12.623814633474305,-0.30469951836638487,-0.15373846401432872,-0.939958875797132,11.875217577827636,-0.38522419327192453,-0.8826720774171034,0.2692439872423713,11.09136473328056,66.21683661563236,54.49082133111338,59.118944937306566,19.817982719570896,5.536011289235184,72490.0,213313.55726491517, 0.0, 0.0,0.0,NaN, 233.16353960273992,233.16353960273992,3.814697265625E-6, 152.26486975136888, -13.216473460522352, -1.483239983191725, -13.216473460522352, 130.6125547200189, 5.986644453706363, -1.483239983191725, 5.986644453706363, 140.52243559633825, 5.607733762300019, 4.104888764512816, 31.0, 0.0
34, 0 ,1.0,1.0,1.0,239.4714760398735,94.89141545564941,185.04296942765257,12.901114640138232,11.31515650907972,11.87317924215311,65.0,56.0,59.0,0.8712011999766517,-0.3419608678586095,0.35223746821232516,13.317474959432918,0.40913119309677615,0.10918422009749543,-0.9059196834802247,11.696012079438015,-0.2713303079172152,-0.9333496509535367,-0.23502828142685472,11.013268054568131,72.40736026385446,58.90196860786335,57.85720048924446,20.07991144732025,5.678121816849077,74937.0,246757.26076896014, 2.8421709430404007E-14, -1.4210854715202004E-14,-2.8421709430404007E-14,66.67279493212442, 160.88257151717798,160.88257151717798,0.0, 166.43875895798902, -16.00952265854718, 11.457422196666867, -16.00952265854718, 128.03276682496917, -8.286472073437217, 11.457422196666867, -8.286472073437217, 140.97238531629552, 5.910858962864977, 4.296305192972702, 33.0, 0.0
35, 0 ,1.0,1.0,1.0,272.8988835413969,65.83001490240149,238.89093152224368,13.110965999228677,12.66191905917642,11.582077456459004,58.0,70.0,57.0,0.9377885691054785,0.26788190628725156,0.22088884973897605,13.22923684288008,-0.2751924836756337,0.9613861052325902,0.0024194202088734904,12.621624431968876,0.21171135204219824,0.06305585579166717,-0.9752959871069118,11.491215390670918,65.56763114962916,68.67540920486834,59.303042757265985,20.76588733214856,5.928243012048881,81866.0,267034.716440527, 0.0, 0.0,0.0,NaN, 93.82099778606216,93.82099778606216,0.0, 171.89742943293044, 3.582059259791296, 8.881857317337388, 3.582059259791296, 160.32419426113506, 2.605711810318714, 8.881857317337388, 2.605711810318714, 134.14451820741587, 5.688872690792935, 4.267343165843024, 35.0, 0.0
36, 0 ,1.0,1.0,1.0,131.4813021995937,276.0855383612149,59.02771437887186,12.821777519175546,12.09006789486099,12.19285060884063,63.0,53.0,69.0,0.8376721852787145,0.07475567205586303,-0.5410331778235595,13.151166351304242,-0.39853547830725616,0.7610075273935387,-0.5118955125616742,12.673333357923926,-0.3734632278294471,-0.6444215489459122,-0.6672676260042602,11.210119161826281,64.09331987605101,65.7927352566816,61.35301047964441,20.603195937342313,5.894204237274205,79742.0,258717.96541097885, 0.0, 0.0,0.0,NaN, 146.09416609970256,146.09416609970256,0.0, 164.3979787512354, -7.637793914166089, -14.30119231849093, -7.637793914166089, 146.16974170234843, -15.52618494367189, -14.30119231849093, -15.52618494367189, 148.6656059695053, 6.243302613416054, 4.29536517465718, 24.0, 0.0
37, 0 ,1.0,1.0,1.0,36.05232901989544,176.20017269522842,209.02182347235694,12.089629676199921,13.047477952073617,12.787816200943428,66.0,63.0,66.0,0.20084051526619226,0.7988573438770965,0.5670009096652671,13.396734996390864,-0.15391451487283533,-0.545873461136932,0.8236094259646652,12.489058275441542,-0.9674571874450412,0.252683811432422,-0.013322233330563867,12.019774733151765,60.529229255312714,59.07047406579713,70.16293196212817,21.056967396209664,6.043855878621449,84542.0,250866.88033116882, 0.0, 0.0,0.0,NaN, 157.80746583335355,157.80746583335355,0.0, 146.15914570765383, 6.581443968634656, 2.527400025529268, 6.581443968634656, 170.23668090984714, 10.68126707881646, 2.527400025529268, 10.68126707881646, 163.5282431891112, 5.611485677882379, 4.220342293226672, 41.0, 0.0
38, 0 ,1.0,1.0,1.0,200.5358034171626,175.43668502739342,193.55956406810697,12.534953975699286,10.706409077893149,11.712157723694144,64.0,53.0,56.0,0.9218250393168531,0.2829674841623758,0.26489243061155443,12.774511698032164,-0.27366600178000944,-0.008825069836957578,0.9617842989008066,11.633589925542935,-0.2744913775662642,0.9590889015358212,-0.06930340967503813,10.507061500815814,64.43426988412978,56.33449527778845,51.38069453653105,19.454606888688204,5.517714732332008,67717.0,186505.3481645912, 0.0, 0.0,0.0,NaN, 191.6734521007162,191.6734521007162,0.0, 157.12507117289937, 13.830275368830396, 6.325506695761438, 13.830275368830396, 114.62719534319281, 3.7452062398216808, 6.325506695761438, 3.7452062398216808, 137.1746385446884, 5.932595691941782, 4.19902883056408, 34.0, 0.0
39, 0 ,1.0,1.0,1.0,163.53672413793103,9.945418719211823,223.34071428571428,13.220683940326689,6.558792556564242,11.55680966945936,59.0,27.0,57.0,0.9512143266890536,-0.024134364040263544,0.3075854957143838,13.400300803488642,0.3085308763202724,0.07422860818366697,-0.9483136675616151,11.372634661593644,-5.5304032927601785E-5,-0.9969491693158119,-0.07805351204126731,6.516073404751083,62.025202358831336,58.4874310536768,28.556032371965475,17.78492962629815,5.921179913984685,40600.0,103592.56861816227, 0.0, 0.0,0.0,NaN, 156.83680403123518,156.83680403123518,0.0, 174.78648385001202, -1.1579462884321403, 14.69626834975369, -1.1579462884321403, 43.01775980004251, -7.133299929626982, 14.69626834975369, -7.133299929626982, 133.55984973610936, 6.600949083147524, 4.339499297777784, 18.0, 0.0
40, 0 ,1.0,1.0,1.0,104.01568863860258,229.44126685389128,156.83692343885548,12.083145914902238,10.923927788457851,11.998287114289163,59.0,52.0,59.0,-0.8267590206409108,0.5409809766955437,0.1543019916994529,12.852147452510977,-0.175655668331365,0.012322143142706743,-0.9843745481123699,11.99005503311018,-0.5344292357009897,-0.8409445568180501,0.08483893201914888,10.017703996779025,58.65887501953006,59.63120940299322,54.04505999188024,19.469192423808025,5.499459388876997,68011.0,189044.19695047566, 0.0, 0.0,0.0,NaN, 190.5084375994896,190.5084375994896,0.0, 146.00241520081863, -29.086880530106882, -0.7639940202211463, -29.086880530106882, 119.33219832744162, 4.8845788280792775, -0.7639940202211463, 4.8845788280792775, 143.95889367691737, 5.938720247223216, 4.144900312302742, 23.0, 0.0
41, 0 ,1.0,1.0,1.0,51.95282881941421,21.567999071090597,165.0324392580336,12.116022503337188,10.869512506679543,12.150313869161208,59.0,49.0,58.0,-0.7447148066649938,0.3450027306175799,-0.5712906200878277,12.283938169186609,0.6031867507463977,-0.018372005520585495,-0.7973883703297628,12.164323317104586,-0.2855969195525825,-0.938421858909715,-0.19441917154054175,10.663420269590489,60.927665175081785,62.19780985848237,52.18476741769462,19.546800832206124,5.522409599037435,68898.0,197757.68992183692, 0.0, 0.0,0.0,NaN, 146.22078326594448,146.22078326594448,0.0, 146.79800130137312, -9.933989419416262, -0.6582567333071094, -9.933989419416262, 118.146302132863, -6.827432986790368, -0.6582567333071094, -6.827432986790368, 147.63012711913117, 5.738088653210047, 4.121068213979863, 27.0, 0.0
42, 0 ,1.0,1.0,1.0,187.53926406316086,66.71269013268167,61.112755925247114,11.676536636295328,11.232880306352984,11.34253667366192,56.0,57.0,57.0,0.22025073709961562,0.6718606885758595,0.7071724174156172,11.997343102023395,0.9726752738560924,-0.09669519677759379,-0.2110754617408611,11.666007547680655,0.07343312900899268,-0.7343386508052765,0.6747994676179248,10.542308683526342,56.920602023240036,60.1865378711301,51.927741540552326,19.03846893256046,5.358073039155267,63837.0,177896.85947448586, 0.0, 0.0,0.0,NaN, 144.33561268437353,144.33561268437353,0.0, 136.341507818747, 2.505939223059251, -0.015408348240532305, 2.505939223059251, 126.17759997685269, 16.091405555163487, -0.015408348240532305, 16.091405555163487, 128.6531381933656, 5.378095277100425, 4.0219547438806735, 31.0, 0.0
43, 0 ,1.0,1.0,1.0,92.14033316506814,158.645333369715,106.56075964909887,11.279237706017048,11.559720352175997,13.196012079549162,57.0,56.0,61.0,-0.052061185013420386,0.15804749861898845,0.9860581226252736,13.224759914576884,0.6644240325367723,-0.731662166928228,0.15235215283501644,12.48165791543334,-0.7455402993819804,-0.6630923477662598,0.06691935692500767,10.212590931632223,61.063785228101736,58.06853307663155,53.38126576973576,20.060204468651545,5.707124436078097,73297.0,189283.79926950042, 0.0, 0.0,0.0,NaN, 199.56497255510993,199.56497255510993,0.0, 127.2212032288367, -25.614239314581486, 1.5884964766548295, -25.614239314581486, 133.62713462051198, 5.2620231092402365, 1.5884964766548295, 5.2620231092402365, 174.1347348036074, 6.204231972355913, 4.29646846864527, 28.0, 0.0
44, 0 ,1.0,1.0,1.0,84.4880897087121,207.91457766571563,190.37099064428372,13.623842256808675,12.438887108578726,10.185811743426381,65.0,60.0,52.0,-0.9523741236821434,0.29192870720429287,-0.08809743725387398,13.744043923828139,-0.30366498678744774,-0.9342828958691238,0.1868235699417576,12.407940593020394,-0.027768765547809694,0.20467804082615645,0.9784353812406401,10.06131293971388,63.35181265932572,58.86057921879373,53.372555735752485,20.26219421426818,5.79044357835939,75355.0,199022.22471630693, 0.0, 0.0,2.8421709430404007E-14,84.94583653152537, 166.24223892087903,166.24223892087903,0.0, 185.6090778384057, -9.415011167739678, 4.364262014507919, -9.415011167739678, 154.72591249996603, -11.457964743185483, 4.364262014507919, -11.457964743185483, 103.75076087252279, 5.71849910187291, 4.116776937769484, 21.0, 0.0
45, 0 ,1.0,1.0,1.0,26.223946294695796,11.730247422265993,264.0530420276164,12.228484896808961,7.5833858701033385,13.214059200826956,50.0,33.0,64.0,0.3663548642615991,0.145935676454634,0.9189596790771578,13.464276090161574,-0.9239950813402336,-0.059297024262910315,0.3777789731742872,12.078176240304527,-0.10962300438740136,0.9875153878554453,-0.11312009396118622,7.38145465104094,67.00072704060892,56.60912818090006,35.26791915856032,18.619846337848074,5.912382518430931,49753.0,133766.02399998845, 0.0, 0.0,0.0,NaN, 46.01606079754089,46.01606079754089,0.0, 149.53584287148487, 11.786939143792592, 10.786063267105538, 11.786939143792592, 57.50774125488297, 14.957748820225103, 10.786063267105538, 14.957748820225103, 174.6113605629595, 6.057735325266286, 4.2489401806304485, 25.0, 0.0
46, 0 ,1.0,1.0,1.0,287.7211363636364,78.7321590909091,284.6960606060606,7.602259945860419,10.390148847133943,8.483967032136961,31.0,50.0,36.0,-0.06290240905565388,-0.9759693017566919,0.20863175444680132,10.475240608747868,0.3444514187296229,-0.21743067400768823,-0.91327822821729,8.50960024277581,-0.9366944576915919,-0.014416103118304222,-0.34985092382433003,7.455419763461261,49.84162386006861,42.61306586953765,36.10029222036735,14.713072532454285,4.610069696562214,26400.0,76673.56950956117, 0.0, 0.0,0.0,NaN, 81.14021153712875,81.14021153712875,9.5367431640625E-7, 57.79435628443366, 2.0636801222451786, -6.004984917355396, 2.0636801222451786, 107.9551930655988, -7.683377100550854, -6.004984917355396, -7.683377100550854, 71.97769660238684, 6.790611691575385, 4.492769710660767, 12.0, 0.0
47, 0 ,1.0,1.0,1.0,121.58303084289055,236.90568978955574,78.33014140964258,11.791016671410137,12.526348221281673,14.203155336165329,61.0,62.0,66.0,0.14028973823268157,0.32700223224224495,0.9345524754957288,14.47724788961333,0.1284804224865571,-0.9419188126663506,0.31029297668959355,12.275542047534652,-0.9817390541199233,-0.0765407764123265,0.17415492861793144,11.721239541593505,67.47279390789333,58.943613229498226,59.90152853525257,21.451395801308617,6.124109207475897,89810.0,238233.78615314516, -1.4210854715202004E-14, 0.0,-1.4210854715202004E-14,44.34592366501468, 157.7939682723318,157.7939682723318,NaN, 139.02807414547178, 1.7026085206467936, 9.996716796662941, 1.7026085206467936, 156.9093997608065, 18.177734080165642, 9.996716796662941, 18.177734080165642, 201.72962150324165, 6.026993572335309, 4.2201874821536975, 38.0, 0.0
48, 0 ,1.0,1.0,1.0,23.912220288867527,188.23327208790138,121.78998089629242,12.414725622300937,12.559135246322512,12.200035581408528,53.0,61.0,58.0,-0.5244089790911919,-0.6098979537893844,0.5941546167556524,13.403990198155293,0.7265656186426633,-0.6843642148481118,-0.061221101278325724,12.211057434066072,0.4439567821927464,0.39958742147226,0.802017623338922,11.48569900832189,63.7166219556113,63.226384478793335,58.375054450911136,20.67875295329545,5.752159150851999,82183.0,235168.0886958555, 0.0, 0.0,0.0,NaN, 167.0221398319387,167.0221398319387,0.0, 154.12541227701539, 6.723979714078545, -15.641167611478688, 6.723979714078545, 157.73187813542043, -16.58161327479946, -15.641167611478688, -16.58161327479946, 148.84086818763413, 6.013926368421554, 4.3037744326565015, 25.0, 0.0
49, 0 ,1.0,1.0,1.0,217.7036133784591,137.82099011215078,208.83308447806755,11.617095125174602,12.19174054225343,10.162407762785463,61.0,58.0,59.0,0.05531637477203009,-0.9906484146992771,-0.12472296154232944,12.219856070239844,0.9815028589702234,0.07688015348646748,-0.1753327688516168,11.66529469416845,0.18328184993435012,-0.11271717018141587,0.9765769826444487,10.073032584824276,56.41964267066672,59.926372057947816,56.9005180516219,18.90101509414578,5.442572603554083,60276.0,192382.04548477303, 0.0, 0.0,0.0,NaN, 184.60424440472346,184.60424440472346,0.0, 134.9568991473555, -0.010783921401965785, -6.286746728371593, -0.010783921401965785, 148.63853744962597, 5.446711485804434, -6.286746728371593, 5.446711485804434, 103.27453153712223, 5.773357051904342, 4.0929016783690875, 30.0, 0.0
