// Sample: .//bubblelabels.tif, Map: .//bubblelabels.tif, Thickness:(8.191250068658265):/gpfs/home/mader/Foam/NewValid/InSilicoTest/LatticeDataPhi_16.0/out_Step_02000.vtk/distmap.tif, Neighbors:(1.0):
//LACUNA_NUMBER, TRIANGLES, SCALE_X, SCALE_Y, SCALE_Z, POS_X, POS_Y, POS_Z , STD_X, STD_Y, STD_Z,PROJ_X, PROJ_Y, PROJ_Z, PCA1_X, PCA1_Y, PCA1_Z, PCA1_S, PCA2_X, PCA2_Y, PCA2_Z, PCA2_S, PCA3_X, PCA3_Y, PCA3_Z, PCA3_S,PROJ_PCA1, PROJ_PCA2, PROJ_PCA3,OBJ_RADIUS, OBJ_RADIUS_STD, VOLUME, VOLUME_BOX, Mask_Grad_X,Mask_Grad_Y,Mask_Grad_Z,Mask_Angle, Mask_Distance_Mean,Mask_Distance_COV, Mask_Distance_STD, SHAPET_XX, SHAPET_XY, SHAPET_XZ, SHAPET_YX, SHAPET_YY, SHAPET_YZ, SHAPET_ZX, SHAPET_ZY, SHAPET_ZZ, Thickness, Thickness_STD, Neighbors, Neighbors_STD
1, 0 ,1.0,1.0,1.0,169.36185486299308,64.58190906353508,165.43495332731106,12.540225571517672,12.926934422870172,13.397947757040557,59.0,61.0,64.0,-0.17017163268259827,-0.6413936718167517,0.7481014457836341,14.67470692117099,0.9853456263590431,-0.10178316871481656,0.1368728723358867,12.471088672610803,-0.011645258487626087,0.7604303678311354,0.6493150572988126,11.532251261385799,77.50557809481705,60.627221476553785,62.969245225207175,21.420832033637904,6.70938522108341,83025.0,295889.19939298317, 2.8421709430404007E-14, 0.0,2.8421709430404007E-14,69.11480038043092, 79.39937888429719,79.39937888429719,0.0, 157.25725738454574, 6.728620367410037, -7.444893740589041, 6.728620367410037, 167.10563357318577, -39.82976091662176, -7.444893740589041, -39.82976091662176, 179.50500410038808, 5.9923520278621965, 4.092451532233359, 35.0, 0.0
2, 0 ,1.0,1.0,1.0,41.8260224623861,8.966279932189023,26.210982199618563,14.007830238756068,5.925077161651655,12.07523754204682,72.0,23.0,55.0,0.870286676007568,-0.024840681645440267,0.4919187352592781,14.845336131192612,-0.4870452523830153,0.10543725503441778,0.8669889891930416,11.079180110400364,0.073403158616387,0.9941156501062626,-0.0796621021498961,5.831378250414557,77.95980282887339,54.067589700263525,25.47526218185997,18.23606071431485,6.677072613803752,37752.0,107380.74278444453, 0.0, 0.0,0.0,NaN, 50.167977024344154,50.167977024344154,0.0, 196.21930799780887, -8.586445046762611, 42.317803853759344, -8.586445046762611, 35.10653937152603, 5.8348055822237255, 42.317803853759344, 5.8348055822237255, 145.81136169685692, 6.235834596645853, 4.247832840804662, 17.0, 0.0
3, 0 ,1.0,1.0,1.0,170.17212344246886,40.0560011200224,12.095381907638153,14.665005808419327,11.058872904174466,8.244030674040015,65.0,60.0,31.0,0.9394949114510708,0.33338669142378335,0.07875674789531739,15.139141663797771,0.33963892646634264,-0.9364987977242997,-0.08726626776556345,10.46433354290199,0.04466218743337724,0.10873507181421949,-0.9930669530153654,8.16267236954467,73.56530827131547,63.010714398986806,35.16091266412685,19.009618182927717,6.6301978526627945,49999.0,162984.9870068631, 0.0, 0.0,0.0,NaN, 51.385637187351996,51.385637187351996,NaN, 215.06239536097257, 37.28092670575606, 10.75767801961777, 37.28092670575606, 122.29866991068417, 7.77215405625338, 10.75767801961777, 7.77215405625338, 67.96404175451268, 6.1955103987946405, 4.076702422164156, 15.0, 0.0
4, 0 ,1.0,1.0,1.0,9.540153644369497,30.136593591905566,135.13052276559864,6.233626032421718,10.46978417168851,10.43068143524573,24.0,53.0,55.0,0.048316213543487134,-0.7123716184879724,0.7001372870242286,11.484438204341473,-0.008369028303888654,-0.701220063522784,-0.7128957721002077,9.313659046276971,-0.9987970278660567,-0.028584955587329156,0.03984215656815727,6.215868693736223,63.57451396720129,43.99464211908972,26.145236315695463,15.213244349358039,5.082399599021254,26685.0,73126.60470581353, 0.0, 0.0,0.0,NaN, 72.16147089372816,72.16147089372816,0.0, 38.85809351208572, -2.927444633079512, 3.441658042220751, -2.927444633079512, 109.61638060173924, -22.463172399498074, 3.441658042220751, -22.463172399498074, 108.79911520357993, 6.212618746560054, 4.115491480258474, 12.0, 0.0
5, 0 ,1.0,1.0,1.0,59.182789107627016,74.13311328539432,142.2714369916303,9.763307323539047,9.982755899928163,10.534860366437364,49.0,56.0,55.0,-0.5957215280880455,0.39934865237296,0.6968762550269197,11.42253371080303,0.1687221723477426,-0.7860553700120442,0.5946846087074114,10.031954914810871,-0.785269819572039,-0.4718448994353218,-0.40089113403287985,8.651385577150345,55.73968054510546,54.124586540373706,47.22743508615957,16.793716952547147,4.892028118226183,42415.0,142479.84267156897, 7.105427357601002E-15, 0.0,0.0,53.43591469203261, 111.04462165703602,111.04462165703602,0.0, 95.3221698938712, -16.654769003929395, -20.50551576084187, -16.654769003929395, 99.65541535755057, 3.4236582988389883, -20.50551576084187, 3.4236582988389883, 110.9832829403328, 5.957896119596457, 3.864237198537017, 21.0, 0.0
6, 0 ,1.0,1.0,1.0,28.71759919951446,107.02243984055903,174.19918639174583,12.429420634730644,12.083669958922838,10.135900753810485,58.0,57.0,51.0,-0.8173235531864428,0.5761692795083938,-0.00334226831159014,12.761261042226607,0.5757633948862112,0.8165000274235992,-0.04271086894885817,11.735433609381582,-0.02187972842137067,-0.036832954918663015,-0.999081883989579,10.132713145761352,66.11039615229281,56.13375127508871,51.604841879483814,19.217859749236652,5.823738296060198,60963.0,191506.83430397254, 0.0, 0.0,0.0,NaN, 100.67377602848863,100.67377602848863,0.0, 154.4904973150679, -11.862091362054594, -0.6975018794957444, -11.862091362054594, 146.01507967617425, -1.33814751544234, -0.6975018794957444, -1.33814751544234, 102.73648409109597, 5.9868571254276, 3.7394413268342817, 23.0, 0.0
7, 0 ,1.0,1.0,1.0,136.2493605451911,16.1850215536516,180.09819879442645,14.15737868074008,9.942514702130994,9.66042553412148,71.0,41.0,39.0,0.9844958366160184,0.17268048279173112,0.03081231163902362,14.27366093085014,-0.16498917164125743,0.8519818928841714,0.4968957913271505,9.84082194350047,0.05955267354919942,-0.4942755355672763,0.8672630362311216,9.593206884025424,69.09958243295543,53.63673884862121,48.35499332397072,18.85864473937711,6.079499141071065,55907.0,179216.96368845532, 0.0, 0.0,0.0,NaN, 68.71812457289104,68.71812457289104,0.0, 200.43137110987374, 18.31424713400104, 2.994097529949744, 18.31424713400104, 98.85359860209097, 2.6315708528528026, 2.994097529949744, 2.6315708528528026, 93.32382150030627, 6.052324026055423, 3.9446550102499245, 13.0, 0.0
8, 0 ,1.0,1.0,1.0,185.14994955113445,155.18011538561043,91.08428841228366,8.395004773732927,10.749115197201698,10.256470273871168,32.0,54.0,52.0,0.1978886971032289,0.8187904237026649,0.5389084389871776,11.33670128501679,-0.20342125731963212,-0.5035081836713461,0.8397019120178792,9.789335795683241,-0.9588846936046515,0.27579294956324013,-0.06692079902333449,8.176972166160741,54.54784064732749,48.36138113753605,38.36392124450592,16.366798278362257,4.831426214680704,38653.0,101204.36613364032, 0.0, 0.0,0.0,NaN, 102.59480323463328,102.59480323463328,0.0, 70.47610515099863, 12.957443179701404, 1.6272854464699666, 12.957443179701404, 115.54347752271252, 14.95907650308335, 1.6272854464699666, 14.95907650308335, 105.1951824788029, 6.1596685084809835, 4.06868278906767, 17.0, 0.0
9, 0 ,1.0,1.0,1.0,79.33032706726068,146.6679615342823,44.85393349994567,9.635257330356197,8.903988361550434,10.394081663151924,45.0,40.0,48.0,-0.5874936027735644,-0.10044248644860958,0.8029710913950505,11.22936289865916,0.11334355779759764,-0.9926992896251866,-0.04124752457338835,8.878063155431214,0.8012518359454287,0.06677894349022392,0.5945889909007814,8.673956979572322,54.042399415596854,40.62477052419395,42.558759944071795,16.08646972480614,4.624026165363546,36812.0,93436.05829171605, 0.0, 0.0,0.0,NaN, 105.59110980534722,105.59110980534722,0.0, 92.83818382218284, 2.5981904743868225, -24.00996499400574, 2.5981904743868225, 79.28100874262559, -3.955377888464754, -24.00996499400574, -3.955377888464754, 108.03693362027109, 5.983949576868942, 3.943104298559669, 15.0, 0.0
10, 0 ,1.0,1.0,1.0,153.19187195097368,10.749788332056607,87.34564367213643,9.492657497283759,6.823664643059368,9.591528109449971,48.0,26.0,46.0,-0.634624911109749,-0.044032392594228704,0.7715648842458882,9.759868801397824,0.7670972681754845,0.0853859297992591,0.6358231075936331,9.340642119466334,0.0938775977358381,-0.9953744980632884,0.020410910038614796,6.794683419527204,48.376831583839916,49.488269001880866,27.875697359469804,14.418279493533381,4.5589004641905335,24803.0,66736.80716807615, 0.0, 0.0,0.0,NaN, 99.67858480705819,99.67858480705819,0.0, 90.11054636073754, 4.062402021035464, -3.9995935264160125, 4.062402021035464, 46.56239916093853, 0.5625555226899459, -3.9995935264160125, 0.5625555226899459, 91.99741147436893, 6.320723162331139, 4.057796094271033, 15.0, 0.0
11, 0 ,1.0,1.0,1.0,98.90969922737307,90.8722636129507,12.937591979396615,11.27187431575509,11.333493035868711,8.367376139400612,59.0,54.0,33.0,0.6674823927183781,0.7372797865384789,0.10433490198741947,11.519913027492724,0.7370607489614935,-0.6741053368192912,0.04820214945489218,11.11812239615805,-0.10587118470703594,-0.04472707494935119,0.99337343482459,8.318362619261485,57.5689522139959,57.79528743308382,36.294334425733375,17.241241092856754,5.315618874646556,43488.0,120759.0227187722, 0.0, 0.0,0.0,NaN, 134.93805312667126,134.93805312667126,0.0, 127.05515059017927, 4.218528771340534, 6.35651038684319, 4.218528771340534, 128.44806439408458, 3.117488121908126, 6.35651038684319, 3.117488121908126, 70.01298345821068, 6.123382652471715, 3.8488140831841187, 13.0, 0.0
12, 0 ,1.0,1.0,1.0,154.62182412901262,9.851475734063593,39.8750950859577,10.237371386672852,6.255917669334801,9.697516727538732,47.0,24.0,48.0,-0.974524916794017,0.009628818516167379,0.22407247131586222,10.26695369270595,-0.2240937395341479,-0.0011758980522110522,-0.9745668849111242,9.666513624772735,-0.009120441284101149,-0.9999529504520472,0.003303699900072814,6.255420504568152,52.835577066756045,49.234834426191895,24.27974104135283,14.732487770452813,4.575577949126093,26292.0,63160.12593518422, 0.0, 0.0,0.0,NaN, 61.20664692360849,61.20664692360849,1.1680077279964342E-6, 104.80377290866802, -0.6076288139436267, -2.6119325102815716, -0.6076288139436267, 39.136505885495374, 0.2052428993863507, -2.6119325102815716, 0.2052428993863507, 94.04183068089351, 5.835975260738321, 3.874926260084188, 13.0, 0.0
13, 0 ,1.0,1.0,1.0,188.528548436542,59.13274064990803,92.90006131207848,6.996623549064359,9.505287071468876,9.592840262422571,28.0,46.0,54.0,0.1672566826163251,-0.6515229271150842,0.7399615378947582,9.831772601154764,0.04743990905652933,-0.7443462752078814,-0.6661066563343003,9.336718894149834,-0.9847713730348228,-0.1465144976701845,0.09358870029850494,6.89113455894738,51.61092637788734,45.4876419901898,29.90944173284541,14.547821512254638,4.436969342500138,26096.0,70217.1802939134, 0.0, 0.0,0.0,NaN, 110.71899841278366,110.71899841278366,0.0, 48.95274108732195, -6.760188986211686, 4.832098954724975, -6.760188986211686, 90.35048231103337, -4.030687169874347, 4.832098954724975, -4.030687169874347, 92.02258430035555, 6.136929196780085, 3.9438191276825045, 11.0, 0.0
14, 0 ,1.0,1.0,1.0,73.15673175745118,186.66071428571428,25.55087358684481,9.892713192721335,7.424004724514086,13.381501234550372,48.0,29.0,55.0,-0.21834276869767946,0.06446328598835825,0.9737406842260493,13.56964326632843,0.9611364116464034,0.18695172334938487,0.2031399796794573,9.73634476379879,0.16894742840572313,-0.9802517727075424,0.1027775682666938,7.287974205385106,57.79366643440958,47.637968160535024,33.03185104748562,17.304569418404874,5.7094722170231424,38920.0,90942.3952078487, 0.0, 0.0,0.0,NaN, 78.63009020629404,78.63009020629404,0.0, 97.86577431344273, 5.645520114520645, -19.718019755389207, 5.645520114520645, 55.11584614960748, 9.80720158567029, -19.718019755389207, 9.80720158567029, 179.06457529027313, 5.364298867109593, 3.6544450113794302, 12.0, 0.0
15, 0 ,1.0,1.0,1.0,185.52062383490428,149.01449313414025,34.1972326515609,8.471459732797085,11.676355614290594,9.121789090689434,36.0,59.0,49.0,-0.20315032412587974,0.9791398995982546,-0.003873347682704309,11.800119251399723,0.001691622561935089,-0.003604861065505463,-0.9999920716634739,9.121743679560447,-0.9791460995278786,-0.203155265724075,-9.240064515650643E-4,8.298248281893201,61.274914698198955,49.0515495730476,40.526676459571746,16.33455819126598,4.948954975239478,38087.0,121808.17494833888, 0.0, 0.0,0.0,NaN, 63.07634236006363,63.07634236006363,NaN, 71.76563000440244, -13.999931324516712, 0.031114914595514506, -13.999931324516712, 136.3372804313755, -0.21521444124405045, 0.031114914595514506, -0.21521444124405045, 83.20703621502078, 5.964305906968303, 3.909574866943725, 16.0, 0.0
16, 0 ,1.0,1.0,1.0,152.5596858862191,109.98630020058896,10.19845503819726,10.219047454294197,9.530394296570272,5.821895217059313,51.0,49.0,24.0,0.908820399955545,0.41421822080668425,0.049686478808503305,10.402967446227267,0.414057163160683,-0.9101435695803382,0.013976708728725409,9.339702714637498,-0.051011236604994944,-0.00787072444598987,0.9986670643596518,5.805172844503646,48.248455104822995,42.56867921981934,25.37300894082141,14.47670405688626,4.424573413219431,23431.0,52112.938200600365, 0.0, 0.0,0.0,NaN, 102.25975767602239,102.25975767602239,0.0, 104.42893087311668, 7.880827073939487, 3.6748948243387476, 7.880827073939487, 90.82841544809915, 0.8527892137450889, 3.6748948243387476, 0.8527892137450889, 33.89446391841811, 6.08015934741582, 3.9405091271689434, 17.0, 0.0
17, 0 ,1.0,1.0,1.0,11.453066856211063,46.70686122841494,14.439896308065393,7.057266892695682,9.291576552275307,8.794682592388638,27.0,46.0,38.0,-0.1816170312666893,-0.8607665052882203,0.47549582261864165,9.560638451965852,0.03938634678298082,-0.48951665406591605,-0.8711039898193564,8.586836090524415,-0.9825802611700305,0.13947927719204317,-0.12280700954351097,6.9530778125700525,48.791338943547075,40.97360442497319,30.67610665159215,13.99660562843843,4.192837178373793,23917.0,61326.353996766564, 0.0, 0.0,1.7763568394002505E-15,61.60836210260354, 50.21169417188521,50.21169417188521,0.0, 49.80501599473857, 6.242147916916656, -4.589694208897313, 6.242147916916656, 86.3333948267923, -6.798130492292184, -4.589694208897313, -6.798130492292184, 77.34644190086374, 7.231009520754475, 4.150493508902395, 10.0, 0.0
18, 0 ,1.0,1.0,1.0,62.15493384785005,12.05826901874311,104.90410694597574,10.549095224533044,7.335218129552537,11.916691466319726,50.0,28.0,56.0,0.3452846213909279,0.15032172406498523,0.9263810822253733,12.270040838577234,-0.9306223714261136,0.18245104964177558,0.3172595408901856,10.340483250423276,-0.12132819965762506,-0.971655800043794,0.20289030092415605,7.043924654282024,60.28578220182274,51.05524839339219,34.91416393185982,16.66087410931036,5.432462101251676,36280.0,107462.5001581252, 0.0, 0.0,0.0,NaN, 114.24476587179569,114.24476587179569,0.0, 111.2834100562659, -4.491607777132268, 15.365904488882924, -4.491607777132268, 53.80542500811622, 17.373283294272493, 15.365904488882924, 17.373283294272493, 142.00753550345738, 5.594448139223598, 3.6936767767437573, 18.0, 0.0
19, 0 ,1.0,1.0,1.0,191.68453484567564,134.686934234922,118.66310393717963,4.886150854784876,9.747934752907156,9.725619158620647,19.0,47.0,46.0,0.03389994214473463,0.709741552736684,0.7036460205540166,10.86046988410331,0.01141266421058711,-0.7042796882282923,0.7098308755222433,8.471988623827624,-0.9993600677524594,0.016032749857051613,0.03197508270233535,4.8744202522350655,49.131722876029954,45.28732748076233,20.139758017686717,13.879986782359708,4.56402640907045,18338.0,44811.85626952115, 0.0, 0.0,0.0,NaN, 104.64527787482926,104.64527787482926,0.0, 23.874470175714983, 1.880298535774019, 2.635732155992148, 1.880298535774019, 95.02223194693511, 23.035602557713393, 2.635732155992148, 23.035602557713393, 94.587668018529, 6.138672384247874, 3.8508489024273884, 7.0, 0.0
20, 0 ,1.0,1.0,1.0,11.653757442471706,153.38164458509897,188.09075792522663,7.310721976067754,9.987960350843284,6.082001631842632,29.0,56.0,23.0,0.1016356644498083,0.9943967003156504,0.02907566187025712,10.014790000364648,0.9928445107173023,-0.10323209698270029,0.060024259188059155,7.281604389395834,-0.06268946682152395,-0.022767005817671382,0.997773368153175,6.072805809182572,56.67349620030423,31.310935407559022,24.40154750238935,13.122015020440363,4.24375699521576,18643.0,43300.55040716439, 0.0, 0.0,0.0,NaN, 49.50667804360892,49.50667804360892,0.0, 53.446655811359996, 4.754788166969623, 1.149431014715336, 4.754788166969623, 99.75935197001752, 1.7335330881302793, 1.149431014715336, 1.7335330881302793, 36.99074384973644, 6.179682038816741, 4.068591255345395, 8.0, 0.0
21, 0 ,1.0,1.0,1.0,8.513028846153846,19.16173076923077,55.21033653846154,5.364244467835691,10.353144119458568,9.616334204913404,21.0,42.0,45.0,0.004799631468263725,0.948191310462432,0.3176636622298885,10.442050504095796,-0.05888845449192581,0.3173840245174824,-0.9464668673063199,9.531154661991211,-0.9982530307819361,-0.014164029956970779,0.0573608471874047,5.343900026075407,44.68498300506647,44.359877866947016,21.831754694987698,14.362925780467936,4.7056305033808234,20800.0,43275.349275129585, 0.0, 0.0,7.105427357601002E-15,71.4783082264494, 59.05780936419936,59.05780936419936,0.0, 28.77511871070582, -0.7978763960798668, 3.5942547499075763, -0.7978763960798668, 107.18759315827953, 5.530597494452648, 3.5942547499075763, 5.530597494452648, 92.4738835405875, 5.510582305992452, 3.77714792498154, 11.0, 0.0
22, 0 ,1.0,1.0,1.0,123.09649902256976,10.606850897458681,145.85254131864227,8.91953645800557,6.5206130469646,9.335038989415578,42.0,26.0,45.0,-0.632582759249463,-0.0725970775202081,0.7710828211261492,10.097512364593936,-0.7605796550644797,-0.12963377070490711,-0.6361711041809629,8.090478250301834,-0.14614253659470194,0.9889007785558431,-0.02678822818541319,6.465592300486486,47.69290587317421,42.76293219390513,27.71591892152886,13.845120556784426,4.187136830335722,22508.0,56526.297906970576, 0.0, 0.0,0.0,NaN, 94.64988658311154,94.64988658311154,0.0, 79.55813062569057, 5.094585029799193, -17.898245945623472, 5.094585029799193, 42.51839450824497, -1.4168678634856104, -17.898245945623472, -1.4168678634856104, 87.142952933909, 5.85749779943915, 3.7920692550686717, 9.0, 0.0
23, 0 ,1.0,1.0,1.0,57.07560437540215,151.80705947237797,19.34212703373472,8.6442827875129,11.440028618296083,11.705550401861425,41.0,52.0,46.0,0.17808442332437063,0.5812864043715482,-0.7939723258791985,12.408652294367965,0.2563508062690088,-0.8064146663868456,-0.5328974103534586,10.95448802593232,0.9500369478575327,0.10863471788056642,0.29262312925767553,8.285066700734848,61.03320576479081,57.94761322594968,43.330417533898675,17.6475301880049,5.584126446627143,43516.0,153247.9270113186, 0.0, 0.0,0.0,NaN, 77.16412385108426,77.16412385108426,0.0, 74.7236249104918, -1.7836479838247712, -19.08150100976616, -1.7836479838247712, 130.8742547874334, -17.312425347567967, -19.08150100976616, -17.312425347567967, 137.01991021051816, 5.374079523689415, 3.612103735883813, 12.0, 0.0
24, 0 ,1.0,1.0,1.0,139.67427487123882,36.33968555164001,35.309785849823804,8.742433644285791,8.987778817749199,11.179013281994829,39.0,45.0,57.0,0.21607054861908107,0.40919746528969714,0.8864936279635275,11.790204204072555,-0.8210764723290357,-0.41515966230650897,0.39175997930014783,8.710951416350703,-0.5283435857537744,0.8125268544448444,-0.24627863528696764,8.20311296452668,58.477268514531254,41.74631840309378,41.47445292818752,16.085993106222027,4.839574139025068,36890.0,101247.8770518445, 0.0, 0.0,0.0,NaN, 78.78164021561965,78.78164021561965,0.0, 76.43014602474014, 9.268979712347747, 10.974231140457814, 9.268979712347747, 80.7801680767812, 24.618679141118545, 10.974231140457814, 24.618679141118545, 124.97033795901677, 5.476547769876992, 3.526499767685224, 16.0, 0.0
25, 0 ,1.0,1.0,1.0,71.07823803967328,63.868173862310385,46.77838389731622,9.09731224104232,9.254141079554376,9.587938781806226,42.0,39.0,51.0,0.4640177763160639,0.5775066735654439,0.6716945326933,10.023524767993813,-0.4845420547064194,-0.4693018416540252,0.7382240707542806,9.21829228132969,-0.7415568086691512,0.6680133407406738,-0.062061873230735386,8.653370780012265,54.43073581908878,48.09089496094749,44.45972640012686,15.51271675253798,4.436711188538327,34280.0,116378.79345884555, 0.0, 0.0,0.0,NaN, 106.39302963716871,106.39302963716871,0.0, 82.76109001101844, 9.15331265172937, 4.36453834268953, 9.15331265172937, 85.63912712029583, 6.42886571855228, 4.36453834268953, 6.42886571855228, 91.92857008366387, 5.630047099127966, 3.6122748726358873, 23.0, 0.0
26, 0 ,1.0,1.0,1.0,92.17761055869092,126.70664994475798,77.17098151631879,8.96890220352613,8.18420561612434,10.291666041716931,43.0,39.0,48.0,-0.1048967369009377,-0.10399498080659199,0.9890306964672896,10.325192078128385,0.9879797411609353,0.10265243952769564,0.11557901070083558,8.962794509394094,-0.11354605075962172,0.9892661525727287,0.09197702827795716,8.148591372119254,46.84138774074125,42.662580606629334,39.44661031145006,15.339388840938675,4.247819229223688,33489.0,78829.09937741735, 0.0, 0.0,0.0,NaN, 140.79768264720107,140.79768264720107,0.0, 80.44120673641586, 1.8516183262736843, -2.5807279422813383, 1.8516183262736843, 66.98122156700117, -3.970476203639535, -2.5807279422813383, -3.970476203639535, 105.91838991422944, 5.75794902937699, 3.6249822414254025, 19.0, 0.0
27, 0 ,1.0,1.0,1.0,67.54073489068085,190.3606284811705,72.62885526643944,10.133186104517122,5.6050461929910265,10.185087873545843,51.0,23.0,46.0,-0.6887936088514337,0.040851636466067216,0.7238055734819003,10.723736683934828,0.7248322290539061,0.020247862021904775,0.6886278122529529,9.56992384542217,-0.013476057664033736,-0.9989600431857056,0.04355718067379302,5.590353081214393,46.329656100973665,48.074806633404634,23.64604376872387,14.686751425201487,4.704609550274664,24058.0,52666.57929083316, 0.0, 0.0,0.0,NaN, 99.64747347607296,99.64747347607296,0.0, 102.6814606287789, -1.471045636027402, -11.638240010022066, -1.471045636027402, 31.4165428255632, 3.3174848993420514, -11.638240010022066, 3.3174848993420514, 103.73601499185058, 5.371504296873145, 3.663181726730431, 15.0, 0.0
28, 0 ,1.0,1.0,1.0,100.76203374090699,19.410153227054636,102.29840581953258,9.924091195746538,9.654297089667473,10.406339719027788,45.0,41.0,51.0,-0.5830584045876084,0.33625392683276967,0.7395783890361416,11.951591758342493,-0.4994349688191823,-0.8663513652316821,1.5453731856448103E-4,9.516625387672647,0.6407867108175188,-0.3692812053851948,0.6730704142873333,8.159549030277066,59.60817136789808,47.5069997634779,43.29823804557688,16.542222348622385,5.132233867782742,38766.0,122612.18357517432, 0.0, 0.0,-1.4210854715202004E-14,42.30448683800226, 140.60771494104927,140.60771494104927,0.0, 98.48758606149396, -4.572417491627225, -32.887484040520384, -4.572417491627225, 93.20545229556183, 18.96216652400126, -32.887484040520384, 18.96216652400126, 108.29190634781533, 5.4089789669583075, 3.4115893373336137, 19.0, 0.0
29, 0 ,1.0,1.0,1.0,125.97335602570497,74.80149065406849,165.65133953461077,9.013114863333184,9.04834102235037,9.3677146503699,41.0,43.0,44.0,-0.4891075828128756,-0.3559993450481666,0.7962651811803791,9.750322252083603,0.49861851350983427,-0.863156392251811,-0.07962801328729154,8.989656590568636,0.715648901641153,0.3580858958966608,0.5996842008421569,8.65910404899434,48.16764885766345,43.39658552815543,44.8291899523405,15.28929133972695,4.135258504146321,34079.0,93706.97099457784, 0.0, 0.0,0.0,NaN, 110.70247286277899,110.70247286277899,0.0, 81.23623953963758, 0.9870815902430865, -8.055359127397313, 0.9870815902430865, 81.87247525674853, -5.2935734043943565, -8.055359127397313, -5.2935734043943565, 87.75407777075485, 5.601068165189011, 3.636675122517323, 17.0, 0.0
30, 0 ,1.0,1.0,1.0,44.53533384581595,56.682050296507796,171.5935921370525,9.049666089384212,11.48328939027652,8.026550605140061,44.0,53.0,40.0,0.23451846492113393,-0.968556802072999,0.08305907999226142,11.633151201793769,0.947260841776959,0.2468833568704151,0.2043171694606274,8.922598907159744,-0.21839868874845014,0.030762465091751956,0.9753746375082947,7.952667981578139,50.68880028059186,45.85487936639646,37.58460494058028,16.002239266950674,4.702791151042529,36424.0,87358.98053040364, 0.0, 0.0,0.0,NaN, 77.48015742272497,77.48015742272497,0.0, 81.89645632935053, -12.54593945562285, 4.572000519427116, -12.54593945562285, 131.8659352208373, -4.973440848363575, 4.572000519427116, -4.973440848363575, 64.42551461687428, 5.469561714655275, 3.5278841371848597, 21.0, 0.0
31, 0 ,1.0,1.0,1.0,188.71902326348788,180.12346697464665,188.1310014849035,6.517472739307129,11.197211276705575,7.056079737253815,26.0,48.0,28.0,-0.042633795337514185,-0.9704802790144831,0.2373823656868581,11.412087322570459,0.6057387192735836,-0.21405685052077023,-0.7663290864360606,6.995557208839782,-0.7945205871894808,-0.1111201727369917,-0.5969835372461987,6.202394281336389,52.365497759854776,39.670341973917544,32.966945273176066,13.797277309836474,5.222871947190426,18183.0,68484.12124945283, 0.0, 2.8421709430404007E-14,0.0,13.956224217283813, 25.752866383939732,25.752866383939732,0.0, 42.47745090761157, 2.439520033738684, -5.787973019503238, 2.439520033738684, 125.3775403751825, -19.42342288586085, -5.787973019503238, -19.42342288586085, 49.788261258483864, 6.0999922789127226, 3.8932142422680873, 8.0, 0.0
32, 0 ,1.0,1.0,1.0,87.8236777295649,75.72270435088542,97.50829717368359,10.506211755624086,8.617058897929727,9.325585087903809,48.0,43.0,45.0,0.8684490019827897,0.21289503693594747,0.4477410347546204,10.993202308325216,-0.47599027706919445,0.10543899619589404,0.8731070233463905,8.876274774510279,-0.13867078672412722,0.9713693022374362,-0.19290435863418934,8.483040485095135,50.05413128020356,47.774092187826355,42.531628536174395,15.81713652921998,4.6280577732079,34108.0,101705.48701572958, 0.0, 0.0,0.0,NaN, 151.50839693518466,151.50839693518466,0.0, 110.38048545401374, 8.696327664073669, 16.172889034904784, 8.696327664073669, 74.25370405038989, 5.288567921563843, 16.172889034904784, 5.288567921563843, 86.9665372317339, 5.854617712434486, 3.5918138730576326, 22.0, 0.0
33, 0 ,1.0,1.0,1.0,143.1984074109324,71.25969988261794,115.91653183591892,9.230178316090855,9.64723440096836,8.26039792578385,42.0,42.0,39.0,-0.47827275059863544,-0.8539630426197828,0.20494462148194562,10.04170577362858,0.8237894445943982,-0.3553740893439777,0.4416788512004986,9.110434545089586,-0.30434540740689553,0.38007417494812873,0.8734514837859229,7.9160359260091715,46.18375276589343,45.065766581527086,41.483360848994884,15.106418295941314,4.2773383656714685,31521.0,86339.57704476258, 0.0, 0.0,0.0,NaN, 123.99352953487225,123.99352953487225,0.0, 85.19619174683383, 9.637030453796148, 3.6577840137737816, 9.637030453796148, 93.06913158722736, -9.87274292087291, 3.6577840137737816, -9.87274292087291, 68.23417389229415, 5.5912593545961276, 3.5763883207135967, 19.0, 0.0
34, 0 ,1.0,1.0,1.0,146.46418560763743,106.94177559459385,84.73688008214693,9.31101065523091,9.685734070628127,9.898144105766034,43.0,50.0,45.0,0.3041066107063184,0.6841270025361266,0.6629399774682857,10.579617315600176,-0.7072290939336081,-0.3040986956255295,0.6382405440057063,9.568483054543847,-0.6382367726937737,0.662943608250194,-0.3913560964922475,8.660106820220008,53.02778664214159,49.474941488630286,43.42428113913092,15.995455729690642,4.756786378088951,36033.0,113925.6269374083, 0.0, 0.0,0.0,NaN, 136.77081340036173,136.77081340036173,0.0, 86.69491942182354, 11.244549757300868, -0.02875298348712549, 11.244549757300868, 93.81344448692651, 13.535647168216396, -0.02875298348712549, 13.535647168216396, 97.9732567385109, 5.231062861514212, 3.4141565860239407, 23.0, 0.0
35, 0 ,1.0,1.0,1.0,9.186075360521011,98.11687858582727,112.74988370289968,6.091687285786029,10.06024381531077,10.760643577933545,25.0,50.0,58.0,-0.005566603741787077,0.1563066842872914,0.987692884134484,10.777732573307478,0.07729506120532624,-0.9846858747242888,0.1562664443561958,10.061227549833553,-0.9969927213556007,-0.07721365530510915,0.006600378654062685,6.059768196174303,57.91141401694924,50.58522291710537,27.521689911103834,15.1085407266379,5.0833657092662285,25796.0,80623.73892178712, 0.0, 0.0,0.0,NaN, 131.62024402732533,131.62024402732533,0.0, 37.10865398780716, -4.978873360674939, 0.34240030338355276, -4.978873360674939, 101.20850562349858, 2.338002040461917, 0.34240030338355276, 2.338002040461917, 115.79145021132244, 5.479190031701667, 3.5224409280256594, 15.0, 0.0
36, 0 ,1.0,1.0,1.0,116.79812436789359,38.34683870176836,158.03257838119464,9.221406227283449,8.414260158644359,9.662020208137863,45.0,38.0,47.0,-0.6106645754313003,-0.13544544913631706,0.7802200373109952,10.130667843988915,0.5999059133121585,0.5640167894880546,0.5674486376304834,9.05625616300659,0.5169155361240501,-0.8145793954451883,0.2631705474207502,8.033836858759976,51.05407421542024,43.930374092330965,41.06651676056094,15.19198483056383,4.288628945981788,32629.0,92104.99317357886, -1.4210854715202004E-14, 0.0,0.0,52.362428378156324, 100.76852993097852,100.76852993097852,0.0, 85.03433280858196, 9.062509624216162, -12.198915265655497, 9.062509624216162, 70.79977401734979, 1.5672962842875717, -12.198915265655497, 1.5672962842875717, 93.35463450246444, 5.295045569608943, 3.4064682672779116, 14.0, 0.0
37, 0 ,1.0,1.0,1.0,180.9320756575707,160.24775884149344,8.10018717367747,10.23422215604083,9.322735455124056,5.424925867906757,44.0,48.0,21.0,-0.9832032275145944,0.17976927480386895,-0.0315344453158182,10.27029343733613,-0.1772766234767595,-0.9817205783380379,-0.06926546640504254,9.301900938013024,-0.043409816557600504,-0.06251171013594074,0.9970997311815483,5.3924235579293,46.63236413546613,44.5104100136694,22.592151189376914,14.090562771577723,4.747479432070803,20302.0,46892.848442592796, 0.0, -2.8421709430404007E-14,0.0,79.64367899204005, 44.82677155563715,44.82677155563715,0.0, 104.73930313919702, -3.5059275222924144, 3.0741876717811536, -3.5059275222924144, 86.91339636622715, 3.473256748911549, 3.0741876717811536, 3.473256748911549, 29.42982067228388, 5.808648281111329, 3.600254043753603, 12.0, 0.0
38, 0 ,1.0,1.0,1.0,55.449264812927645,82.39309943223176,71.90135390886591,10.35060985139145,8.666412432875509,9.174429114216235,52.0,42.0,46.0,0.8705198727186592,-0.15870036508305418,0.46584261862177795,10.915009044996417,-0.22427179871313344,0.714646254453498,0.66255783996385,8.976360194672136,0.43806085365376557,0.6812451285096226,-0.5865217501321179,8.166977012784566,53.50375862810662,40.68433766108325,42.16664659345723,15.658290702384278,4.60759271245208,34345.0,91786.87971987984, 0.0, 0.0,0.0,NaN, 122.60933282695814,122.60933282695814,0.0, 107.13512429572174, -9.468293033609974, 19.203089508987894, -9.468293033609974, 75.1067044566992, 2.6932834728898256, 19.203089508987894, 2.6932834728898256, 84.1701495717785, 5.231510798779962, 3.338440985546287, 21.0, 0.0
39, 0 ,1.0,1.0,1.0,154.5103700345668,179.53587011956708,136.78577095256983,9.417486957407878,11.117201587902084,8.715986134469208,47.0,49.0,43.0,0.06802018890552529,0.968616504472161,0.23907179081896973,11.262817996829497,-0.9975846454207207,0.06941263044361003,0.002600376071688854,9.408229657905487,-0.014075834684736884,-0.2386712257458603,0.970998412397722,8.537200449190635,53.641061797027476,47.50079050447961,40.460106659464984,16.186743498118346,5.122399922046254,35294.0,103092.06202776573, 0.0, 0.0,0.0,NaN, 80.52406969482001,80.52406969482001,0.0, 88.68906059294748, 2.473292104500433, 0.8370518453946646, 2.473292104500433, 123.59217114605262, 12.499963562476506, 0.8370518453946646, 12.499963562476506, 75.9684142962595, 5.266968425482152, 3.482091613998181, 17.0, 0.0
40, 0 ,1.0,1.0,1.0,133.77245005912005,137.37967515091168,18.301823386645093,9.266722336483886,8.293212447492925,9.677605878851383,47.0,39.0,38.0,-0.21451627565108405,0.04908244454002958,-0.9754863818212752,9.709358707935236,0.9211330996982052,0.34229012895159044,-0.18534098376419644,9.373718557094916,-0.32480237086752417,0.9383114521630218,0.11863826793474715,8.13433002773655,43.08764767699691,49.79954896402785,40.69793918770091,15.158233282822822,4.305059215694595,32138.0,87327.41662502757, 0.0, 0.0,0.0,NaN, 92.96424148377184,92.96424148377184,0.0, 85.87214286148937, 6.545757806292233, 2.1764650702139474, 6.545757806292233, 68.7773726992516, -2.722224437234667, 2.1764650702139474, -2.722224437234667, 93.65605554637885, 5.3640831253991, 3.397878227775213, 13.0, 0.0
41, 0 ,1.0,1.0,1.0,15.506342560769856,152.7405798912704,56.706430044366684,9.487011173464738,8.26196759666283,9.69034667817685,35.0,40.0,50.0,-0.2896306711722351,0.177846944216811,-0.9404703816437092,9.736335021894874,-0.9397361221988704,0.1336791128458472,0.31468383406742884,9.508387799375866,-0.1816868045592486,-0.9749360795567525,-0.12841162652797297,8.182948742055517,49.937490492967484,45.54787571956502,37.46330156494216,15.247589914788652,4.435911417898978,32006.0,85212.02560094453, 0.0, 0.0,-7.105427357601002E-15,19.86929851930411, 75.42889802325095,75.42889802325095,0.0, 90.00338100544481, -4.379517519150429, 0.6478346154155967, -4.379517519150429, 68.26010856830658, -3.66935922457112, 0.6478346154155967, -3.66935922457112, 93.9028187432531, 5.607879499538812, 3.6452682373781933, 16.0, 0.0
42, 0 ,1.0,1.0,1.0,117.82093348139126,89.43503958161693,63.21019450514024,8.334320395808499,8.731267605778209,8.681941016782188,39.0,42.0,39.0,-0.4059622703531655,-0.7165878409775992,0.5671829521528006,9.296906837859941,-0.5175023169041403,-0.3312824772169525,-0.7889507413570545,8.407558512472358,-0.7532502818111323,0.6138027260057276,0.23634768139202852,7.997031536144719,49.46228930047265,41.46528107788731,40.46911150450096,14.337254177714495,3.9389304292130927,27917.0,83000.84170084145, 0.0, 0.0,0.0,NaN, 136.92170743973713,136.92170743973713,0.0, 69.46089645998954, 7.694156351631704, -2.426522823684637, 7.694156351631704, 76.23503400371195, -7.376502212448181, -2.426522823684637, -7.376502212448181, 75.37609981888492, 5.293531525288552, 3.386752148212687, 15.0, 0.0
43, 0 ,1.0,1.0,1.0,186.03909750710002,22.418049857999367,176.70631113916062,8.241944455793881,11.03055464890384,9.16335678311167,33.0,48.0,49.0,0.1001184662550534,0.993475616360843,-0.054612200204513274,11.058641379056509,0.22315052012182363,-0.07591019067492871,-0.9718237948934243,9.209827995731459,0.9696288661565805,-0.08511076693426106,0.22929461238277404,8.15201882651803,50.772313575638506,54.09989113711657,39.09189016368467,15.751439765892552,5.045992183003104,31690.0,107376.6906064415, 0.0, 0.0,0.0,NaN, 35.21465176027726,35.21465176027726,0.0, 67.92964841239149, 5.242853778035361, -4.288107273632712, 5.242853778035361, 121.6731358624541, -1.674698957765924, -4.288107273632712, -1.674698957765924, 83.96710753459864, 5.446567946181534, 3.427467901829544, 7.0, 0.0
44, 0 ,1.0,1.0,1.0,182.0457874270901,94.18619572261828,79.95317563188594,9.436660461884466,8.494873066617766,9.506949633881586,38.0,43.0,43.0,0.6674336907250701,-0.23401568347580295,0.7069433699897499,10.620424838288217,0.5892992090044101,0.7463647855112918,-0.30929928744738405,8.46662446282533,-0.45525675256045134,0.6230379337055139,0.6360542605879438,8.192579989951952,54.525121535206466,50.68999116240491,47.47382538303594,15.204210710019655,4.519678873252043,30860.0,131211.85816944134, 0.0, 0.0,0.0,NaN, 124.84351608087539,124.84351608087539,0.0, 89.05056067289354, -5.125991398446513, 20.71909147220174, -5.125991398446513, 72.16286841794793, -8.610205676630493, 20.71909147220174, -8.610205676630493, 90.38209134116121, 5.506167867916865, 3.3847561111788695, 13.0, 0.0
45, 0 ,1.0,1.0,1.0,28.28236503515055,152.08694787107044,129.4541384799045,10.658817073556266,8.387343259296419,8.24832133218444,58.0,41.0,41.0,-0.9701675595449524,0.2409565409516191,-0.026736712199189314,10.787371889475718,-0.18712135171448202,-0.6741262941843565,0.7145203560583919,8.741461276207659,0.15414443272183628,0.698207479809474,0.6991035753012325,7.694944810099654,56.83184167210805,45.195589096713775,38.926936085954196,15.17230162612667,4.668401923742841,30156.0,99985.72577757193, 0.0, 0.0,0.0,NaN, 89.84581967962406,89.84581967962406,0.0, 113.61038140753456, -11.191284027131092, -0.8172499388641419, -11.191284027131092, 70.34752694926506, -8.653526697649214, -0.8172499388641419, -8.653526697649214, 68.0348047989689, 5.32196508763754, 3.4209030558879685, 20.0, 0.0
46, 0 ,1.0,1.0,1.0,17.19185548071035,134.64758113900797,12.220146968769136,9.780277205452279,10.64392460579146,8.01011138268173,41.0,52.0,32.0,-0.44719176854740705,0.871072756470767,-0.20310533000850337,11.181281346831355,-0.8707989661945245,-0.3721390385410906,0.3212813353873204,9.485505278675527,-0.2042759961865068,-0.32053827997313106,-0.9249467706056805,7.623186646242483,56.05937704239008,48.1260430127372,37.092368802871555,15.763034360394137,4.963424759706596,32660.0,100072.09493026383, 0.0, 0.0,0.0,NaN, 68.67190501064096,68.67190501064096,0.0, 95.65382221548946, -15.738050931323462, -2.836970021626187, -15.738050931323462, 113.29313101377288, -15.64678837689736, -2.836970021626187, -15.64678837689736, 64.16188436296741, 5.683353051670986, 3.5005361067061664, 11.0, 0.0
47, 0 ,1.0,1.0,1.0,181.08507200757683,84.21981113680047,18.17749798044514,10.583039712165025,9.862000070280532,8.824066305076862,45.0,47.0,42.0,-0.8383507205752738,-0.5275279437098903,0.13741301945643275,11.09821231647688,0.4968100231226322,-0.8431226359560491,-0.20572802838556817,9.3505119966885,0.22438331095651617,-0.10420407546607034,0.968913639299423,8.74765853643439,53.79679585083127,50.96727071394127,46.29633357978412,16.204732954849554,4.952832619207019,35899.0,126938.79934113726, 0.0, 0.0,0.0,NaN, 88.21095465817146,88.21095465817146,0.0, 112.00072954926198, 16.060466775904903, -6.489096599690331, 16.060466775904903, 97.2590453862132, -1.4890564239586455, -6.489096599690331, -1.4890564239586455, 77.86414615639282, 4.692511247579572, 3.218099052218447, 16.0, 0.0
48, 0 ,1.0,1.0,1.0,150.295,112.73295454545455,35.88064393939394,9.606923284798372,8.781107754256933,7.374882919083705,44.0,42.0,35.0,0.9834871989125429,-0.18087677901933855,0.00604320997064342,9.634651208938674,0.18081039033440072,0.9834655361502485,0.010155882621704485,8.750886662220793,0.007780252070559735,0.008895505398439932,-0.9999301663923456,7.3746325446850385,45.255535442899046,41.73810245697027,35.187680675858374,14.376997125518725,4.1342085233923465,26400.0,66465.31243499783, 0.0, 0.0,0.0,NaN, 106.64682300411611,106.64682300411611,0.0, 92.29297500000115, -2.891979166666665, 0.26922518939394213, -2.891979166666665, 77.10785339187125, 0.17964165805785945, 0.26922518939394213, 0.17964165805785945, 54.38889807019258, 5.724447232699304, 3.633891968528358, 11.0, 0.0
49, 0 ,1.0,1.0,1.0,32.28855323020928,180.76021838034578,43.53343039126479,9.894972298938198,8.08071726897208,8.372258111454814,43.0,38.0,38.0,0.8921110803841473,0.09575384996942916,0.44155296451486026,10.29395552464376,0.35901565941916014,-0.7435677128844275,-0.5641053205276896,8.62945367144606,0.2743092717128882,0.6617690356701905,-0.6977221272687939,7.2711885721428695,46.17364438580268,43.30818787015572,35.4440470763122,14.673787281282598,4.240653379647613,27475.0,70877.34984658287, 0.0, 0.0,0.0,NaN, 57.51416719472811,57.51416719472811,0.0, 97.91047679675428, -1.2298821226344336, 16.5410723879182, -1.2298821226344336, 65.2979915810636, 11.3038849651556, 16.5410723879182, 11.3038849651556, 70.09470588482093, 5.173709058051114, 3.430439435703168, 14.0, 0.0
