// Sample: , Map: , Neighbors:(1.0):
//LACUNA_NUMBER, TRIANGLES, SCALE_X, SCALE_Y, SCALE_Z, POS_X, POS_Y, POS_Z , STD_X, STD_Y, STD_Z,PROJ_X, PROJ_Y, PROJ_Z, PCA1_X, PCA1_Y, PCA1_Z, PCA1_S, PCA2_X, PCA2_Y, PCA2_Z, PCA2_S, PCA3_X, PCA3_Y, PCA3_Z, PCA3_S,PROJ_PCA1, PROJ_PCA2, PROJ_PCA3,OBJ_RADIUS, OBJ_RADIUS_STD, VOLUME, VOLUME_BOX, Gilberto_Grad_X,Gilberto_Grad_Y,Gilberto_Grad_Z,Gilberto_Angle, Gilberto_Distance_Mean,Gilberto_Distance_COV, Gilberto_Distance_STD, SHAPET_XX, SHAPET_XY, SHAPET_XZ, SHAPET_YX, SHAPET_YY, SHAPET_YZ, SHAPET_ZX, SHAPET_ZY, SHAPET_ZZ, Neighbors, Neighbors_STD
7148, 0 ,1.0,1.0,1.0,47.37085582112567,73.26175790285274,8.365073245952198,4.206561159060679,39.09403519282266,3.4387063670556675,16.0,99.0,15.0,-0.0010956347469531572,0.9999787606795457,0.006424778151932361,39.094859149926535,0.9965119744390235,5.556897790090487E-4,0.08344804376681463,4.211320932210291,0.08344270120352039,0.006493796937831117,-0.9964914180348924,3.4234792207251963,99.08689759698493,16.445435543404272,15.634394270965043,33.22565857173788,21.30537627913919,2594.0,25476.67052661915, 0.0, 0.0,0.0,NaN, 55.03549783623003,55.03549783623003,NaN, 17.695156784917923, -1.6583697388374523, 0.48951408534849056, -1.6583697388374523, 1528.3435876576568, 9.744454612952369, 0.48951408534849056, 9.744454612952369, 11.824701478829185, 23.0, 0.0
7168, 0 ,1.0,1.0,1.0,27.92156862745098,36.76470588235294,64.19607843137256,0.7629441748370083,1.112993407554382,1.298862365621898,2.0,4.0,5.0,-0.07389590553954273,0.005433671179386831,0.997251157112392,1.3012325934777345,-0.09006164381592485,-0.9959354121787635,-0.0012470290654482347,1.1154311527334095,0.9931909662585858,-0.0899062288489006,0.07408491450021823,0.7553070006223804,5.139481267820429,4.075050321596436,2.3301855335640944,1.795301374092437,0.5336427271011551,51.0,48.80257811738388, -3.552713678800501E-15, 0.0,0.0,85.76221369258215, 58.42241344660282,58.42241344660282,6.743495761743046E-7, 0.5820838139177235, 0.05997693194925029, -0.08266051518646675, 0.05997693194925029, 1.2387543252595146, 0.00692041522491354, -0.08266051518646675, 0.00692041522491354, 1.687043444828913, 9.0, 0.0
7170, 0 ,1.0,1.0,1.0,40.6125,26.365625,51.4375,2.3129729246145527,1.514742010830559,2.159824935035245,9.0,5.0,8.0,0.7751281826936158,-0.20990384178978178,0.5959166700101473,2.5658046349113444,0.602768515468906,-0.03696091998224109,-0.7970596007535935,1.9055727205189974,-0.18933150068993768,-0.9770231663558221,-0.0978739763703282,1.4472629483463926,10.61614084876895,7.8701220218305785,6.125395264339787,3.3553640781140146,1.0250184206525663,320.0,511.7787582332117, 0.0, 0.0,0.0,NaN, 68.57723925721,68.57723925721,0.0, 5.349843749999997, -0.7645703124999979, 1.3351562500000027, -0.7645703124999979, 2.294443359375005, -0.5162109375000005, 1.3351562500000027, -0.5162109375000005, 4.66484375, 12.0, 0.0
7171, 0 ,1.0,1.0,1.0,43.38821138211382,23.95731707317073,91.45121951219512,2.4356981044724355,2.0383037636225736,2.3485981237615636,9.0,8.0,9.0,-0.7447541806126128,-0.17168283553439487,0.6448768986736194,2.7746500745743834,-0.29361621988611614,-0.7834812721450309,-0.5476738186345878,2.076047810543833,-0.5992751670808854,0.5972286833206133,-0.5330920876727614,1.8959333025888385,11.803779976427435,9.436761498870254,8.778299365427273,3.795066147478082,1.095761640198617,492.0,977.8099946305539, 0.0, 0.0,0.0,NaN, 50.29484641702471,50.29484641702471,0.0, 5.932625256130615, 0.6893342256593304, -1.8560628594090862, 0.6893342256593304, 4.154682232797949, -0.14740729724370524, -1.8560628594090862, -0.14740729724370524, 5.515913146936336, 13.0, 0.0
7179, 0 ,1.0,1.0,1.0,11.973684210526315,48.05263157894737,75.52631578947368,0.9028271999162335,0.856780031373669,1.1638602309208408,3.0,3.0,4.0,0.41297306089282326,-0.10570398346463641,0.9045882592961952,1.2244834274426,0.4472861626388216,-0.8416637136343311,-0.30255128798784575,0.8694100244814118,-0.7933399899719228,-0.529555342746133,0.30030451092245575,0.8052988000972177,4.655707125899696,3.419563466180634,3.24639968728102,1.6279802766624767,0.5034082150564594,38.0,51.684260761903964, 0.0, 0.0,0.0,NaN, 55.23934950804564,55.23934950804564,0.0, 0.8150969529085867, -0.07756232686980603, 0.3033240997229923, -0.07756232686980603, 0.7340720221606652, -0.05401662049861491, 0.3033240997229923, -0.05401662049861491, 1.354570637119113, 7.0, 0.0
7204, 0 ,1.0,1.0,1.0,43.054716210698246,82.18456512862393,83.15149040424663,4.120315275520567,4.39776923674274,3.085867697209565,15.0,18.0,11.0,0.5101395066594893,0.8552369151681561,0.0912551515196243,4.548376086949146,0.8555462553148402,-0.5154727754686204,0.04825373319683298,3.9671469619964537,-0.08830792015423693,-0.05345686751329194,0.9946577675530914,3.0682196185413306,20.09669838205167,18.69640929266476,12.25196958473272,6.499870116077473,1.8951623012644527,2449.0,4603.5072492632835, 0.0, 0.0,0.0,NaN, 49.54765971504808,49.54765971504808,0.0, 16.976997969688124, 2.1295501317943613, 0.785912734108177, 2.1295501317943613, 19.34037425964082, 0.7225505664681571, 0.785912734108177, 0.7225505664681571, 9.522579444681464, 22.0, 0.0
7214, 0 ,1.0,1.0,1.0,79.15914489311164,42.63182897862233,26.622327790973873,2.3354834358743606,2.413311014252365,1.752466953930824,9.0,9.0,7.0,-0.6508185768465637,0.7095622667263684,0.27010473833228393,2.656271755028104,0.6925712536697216,0.7006080714544212,-0.17173639335698865,2.14401352670126,0.3110952243634787,-0.07529754213156503,0.9473911766145926,1.6422909961808871,11.042542386733746,9.0460215241728,7.3292262271606745,3.6364563391177898,1.0610742900781818,421.0,732.124294899256, 0.0, 0.0,0.0,NaN, 54.41105053809269,54.41105053809269,0.0, 5.454482879243508, -1.0910511676192298, -0.9921519287298094, -1.0910511676192298, 5.824070051511777, 0.606795267460689, -0.9921519287298094, 0.606795267460689, 3.0711404246195806, 12.0, 0.0
7230, 0 ,1.0,1.0,1.0,35.53360768175583,57.617283950617285,86.08504801097394,2.843765980958006,2.8425104879497893,2.355487718368514,11.0,13.0,10.0,0.6315346238518946,-0.6236603969627323,0.46066444201450274,3.4357523047897365,0.6953385058201257,0.7184214418416455,0.019364767646570018,2.459422109393576,-0.34302825131478726,0.30808820354317057,0.8873631036038521,1.9652079299406398,15.6057311204104,11.35252728496225,9.360342396947871,4.447199678787057,1.391979970021056,729.0,1658.3202715009206, 0.0, 0.0,0.0,NaN, 57.031200087850515,57.031200087850515,0.0, 8.087004954454049, -2.0358346458026357, 2.3400772616339407, -2.0358346458026357, 8.079865874104549, -2.251401378516149, 2.3400772616339407, -2.251401378516149, 5.548322391384908, 14.0, 0.0
7231, 0 ,1.0,1.0,1.0,66.94666666666667,87.01333333333334,64.98666666666666,1.0442647599574018,1.6451409936199648,1.4741626625157604,4.0,6.0,6.0,-0.25069345157568174,-0.7480957391886781,0.6144148096724363,2.043613518149354,-0.6470284739254322,-0.34261096582255074,-0.6811548135540592,1.0109960573616465,-0.7200742651052026,0.5683049279267984,0.39814891890763554,0.8784441324123896,7.811341935069933,4.022743320158156,3.5432122328984406,2.2908945798638287,0.8496677923070075,75.0,111.33844158148622, 0.0, 0.0,0.0,NaN, 49.87093208139053,49.87093208139053,0.0, 1.0904888888888897, 0.6940444444444452, -0.41404444444444455, 0.6940444444444452, 2.706488888888885, -1.5064888888888899, -0.41404444444444455, -1.5064888888888899, 2.1731555555555557, 8.0, 0.0
7232, 0 ,1.0,1.0,1.0,7.679765886287625,33.2566889632107,52.32357859531773,14.242769401094455,3.9662240883037807,3.989616024517518,99.0,16.0,15.0,-0.9998770064377248,-0.015605748211093479,0.001559685835774262,14.244386758719184,-0.00848864398317938,0.6221195419312117,0.7828762472259755,4.038943909182491,0.013187680632363034,-0.7827667188697232,0.6221754968732434,3.9100930578419653,99.16416592516411,17.155996948526223,16.637439619829497,8.492935737130905,12.742625016826068,2392.0,28304.612657477348, 8.881784197001252E-16, 0.0,0.0,0.8986348805269716, 58.634693849467425,58.634693849467425,0.0, 202.85648021275247, 2.922083505777339, -0.29938912875695006, 2.922083505777339, 15.730933518641157, 0.4942820829744632, -0.29938912875695006, 0.4942820829744632, 15.917036023086965, 22.0, 0.0
7246, 0 ,1.0,1.0,1.0,56.46099290780142,54.333333333333336,57.92198581560284,1.0142091947570993,2.401733022840457,1.3582995313332304,3.0,10.0,5.0,0.02373827179835909,-0.9817925416028102,0.1884672377500186,2.4333908836290807,0.032528375023392266,-0.18766200682616874,-0.9816948996568702,1.3020661104859517,-0.9991888706697872,-0.029434273340273095,-0.027481344264160542,1.0124979367619193,10.030130925576472,5.6591225255890265,3.2036065253912795,2.7553555589855994,1.0246634394372816,141.0,181.84228019376036, 0.0, 0.0,-7.105427357601002E-15,79.13665255376739, 75.83962592682859,75.83962592682859,0.0, 1.0286202907298438, -0.11820330969267151, 5.029928072028687E-4, -0.11820330969267151, 5.768321513002361, -0.782505910165484, 5.029928072028687E-4, -0.782505910165484, 1.8449776168200733, 8.0, 0.0
7250, 0 ,1.0,1.0,1.0,51.11206896551724,25.120689655172413,61.98275862068966,1.2160673736733203,1.2328490441879152,1.7219814099515667,4.0,5.0,7.0,0.27864422209188255,0.07927653298597634,0.9571168313286171,1.7635330362787296,0.2637096572607567,0.9519656484582179,-0.15562332994425665,1.2359511852926197,-0.9234796230357354,0.2957644932598369,0.2443537402302818,1.1516650975061549,7.336382796470062,5.598494216701116,4.774154959123173,2.342203118354053,0.6914052007752823,116.0,196.08741843217166, 0.0, 0.0,0.0,NaN, 66.83105185223837,66.83105185223837,0.0, 1.478819857312727, 0.08992271105826423, 0.46744946492271205, 0.08992271105826423, 1.5199167657550563, 0.10552913198573116, 0.46744946492271205, 0.10552913198573116, 2.965219976218785, 9.0, 0.0
7256, 0 ,1.0,1.0,1.0,9.114369501466276,60.274193548387096,52.67008797653959,22.518649136067612,2.3247128938398767,2.8010182989980086,99.0,8.0,11.0,-0.9998124522723882,-0.0019150080488240916,0.019271560010723957,22.52280829108028,-0.018924571999888257,0.3079702558929651,-0.9512077491588483,2.815045111649224,0.004113496772216557,0.9513940583319799,0.30794873747900053,2.266755427047833,99.12590873528562,12.348955920104899,10.091196353576706,11.609169977163415,19.635853047544362,682.0,12352.64836628082, 0.0, 0.0,7.105427357601002E-15,88.89575258792738, 62.460643622914816,62.460643622914816,6.743495761743046E-7, 507.0895589133186, 0.9451802100085144, -9.625024724589572, 0.9451802100085144, 5.404290038785374, -0.8347601929807983, -9.625024724589572, -0.8347601929807983, 7.845703511321697, 14.0, 0.0
7263, 0 ,1.0,1.0,1.0,37.522624434389144,71.30429864253394,21.56447963800905,2.342927045277655,3.05920901577768,2.9230950908615534,8.0,12.0,11.0,-0.10408865970327737,-0.7786477790189259,0.6187674742179562,3.3560758914368063,-0.4765267235950044,-0.5070411971926072,-0.7182141087790586,2.6917136643091117,-0.8729764215721898,0.36961718111903574,0.3182692363402921,2.2099737582641357,14.23812149687307,12.038951744533435,10.474591404652905,4.642243750153721,1.3572489882429077,884.0,1795.4712655433937, 0.0, 0.0,0.0,NaN, 51.927039227161835,51.927039227161835,NaN, 5.489307139493484, 1.087572428901949, 0.39729684076902566, 1.087572428901949, 9.358759802215442, -2.2136255912041225, 0.39729684076902566, -2.2136255912041225, 8.544484910218914, 13.0, 0.0
7264, 0 ,1.0,1.0,1.0,78.5,65.79299363057325,8.71656050955414,2.102849143969437,2.338779001214085,1.5677622956830348,8.0,9.0,6.0,-0.46532261969647637,0.8574574591703041,0.2196396260059057,2.5235410536147738,-0.8483150345989915,-0.36118456425135365,-0.3871786572370323,2.0144498653962764,0.2526587850681625,0.36648658401060935,-0.8954614017745905,1.3868931628298,11.167971728729306,8.831706315035873,5.878085980783872,3.357654022505397,1.037255908506486,314.0,579.7688250684117, 0.0, 0.0,0.0,NaN, 41.33216316471618,41.33216316471618,NaN, 4.421974522292993, -1.1194267515923566, 0.24681528662420374, -1.1194267515923566, 5.469887216519954, 1.1355937360542014, 0.24681528662420374, 1.1355937360542014, 2.457878615765339, 13.0, 0.0
7265, 0 ,1.0,1.0,1.0,86.12226640159045,60.56709741550696,57.32157057654076,3.049127442994585,3.988174732664527,3.7768879547522225,12.0,15.0,15.0,0.1580184768348295,0.9746685358635998,0.1582763601309697,4.016166141366483,0.0170673205726739,0.15757032442698063,-0.9873602683055698,3.770586927154549,-0.9872886444942381,0.15872251906230575,0.008264042306638632,3.0200467271801563,16.518828592933374,14.94310334783951,13.22638215165179,6.04406478769135,1.7137325715608074,2012.0,3264.8340675399472, 0.0, 0.0,0.0,NaN, 59.741054846058205,59.741054846058205,0.0, 9.297178163622695, 1.093187890549347, 0.08941035694382368, 1.093187890549347, 15.905537698263771, 0.2883141014746527, 0.08941035694382368, 0.2883141014746527, 14.264882622752427, 22.0, 0.0
7269, 0 ,1.0,1.0,1.0,89.78012422360248,25.706832298136646,21.72422360248447,2.3967063288614536,2.9048711332981028,2.685312626178281,8.0,12.0,11.0,0.4019684660368858,-0.7592626654304014,-0.5118022637654857,3.053953114523786,-0.31518612859338785,-0.6395228392430171,0.7011905892329576,2.7050279229135756,-0.859697072610036,-0.12054353143189649,-0.4963770747885745,2.1793521373871605,14.500824026686091,12.038969110115048,9.962179611982648,4.448842259895596,1.2653789846337358,805.0,1739.1472320857338, -1.4210854715202004E-14, -3.552713678800501E-15,0.0,72.35199996064716, 35.174265860430715,35.174265860430715,0.0, 5.744201226804545, -0.8793673083600195, -1.509083754484775, -0.8793673083600195, 8.438276301068605, 0.6272258014737092, -1.509083754484775, 0.6272258014737092, 7.210903900312497, 12.0, 0.0
7275, 0 ,1.0,1.0,1.0,63.29135053110774,26.98482549317147,7.68133535660091,2.1021200000785774,2.792209043542447,2.610554166741311,8.0,13.0,11.0,-0.2205762932107292,-0.8182528441112816,0.5308562724290009,2.953614409957007,0.006288226110042091,-0.5454432621138944,-0.8381241590760543,2.4714022534517377,-0.9753494538296538,0.18153217598638785,-0.12545721181280778,2.0490645948795754,13.59908036507002,9.783673690280619,9.08682814600759,4.187055211163731,1.2242963504510131,659.0,1208.9930779577805, 0.0, 0.0,0.0,NaN, 46.20290754473671,46.20290754473671,0.0, 4.418908494730357, 0.8101874132186286, -0.5399338216500372, 0.8101874132186286, 7.7964313428402265, -1.092847718412735, -0.5399338216500372, -1.092847718412735, 6.814993057490422, 13.0, 0.0
7286, 0 ,1.0,1.0,1.0,72.84938271604938,94.26172839506172,80.42222222222222,2.7549337764795054,2.2334476422506992,1.7489326551067494,10.0,9.0,7.0,-0.9957498571070346,-0.08186855904036792,-0.04218721502984565,2.7618678544682806,0.048746178510420846,-0.8571307743934564,0.5127871348506167,2.453602219864936,-0.07814110411269364,0.5085512507391245,0.8574786255176985,1.410190064030455,10.366841366272183,9.469728047911175,6.246798694167467,3.7722109087169473,1.1862288041177147,405.0,613.2555269060496, 0.0, 0.0,1.4210854715202004E-14,87.58213306312827, 33.961348068468205,33.961348068468205,0.0, 7.589660112787628, 0.2912726718488016, 0.33766803840878107, 0.2912726718488016, 4.988288370675207, -1.7524828532236005, 0.33766803840878107, -1.7524828532236005, 3.0587654320987445, 10.0, 0.0
7290, 0 ,1.0,1.0,1.0,31.42105263157895,59.89473684210526,79.05263157894737,0.7480352843974684,0.7177990366834661,0.7590634264134715,3.0,2.0,2.0,0.4520082313701136,0.458878366918963,0.7649308486049227,0.8317175511133025,-0.8066075557864972,0.5764241079463579,0.13084150230862543,0.742977315617195,0.38088424714313734,0.6761404381872378,-0.6306831994957331,0.6381223650164838,2.8996266624178872,2.4198226673594903,2.3638483230133502,1.2431670689315097,0.3248155904665158,19.0,16.586136361287867, 0.0, 0.0,0.0,NaN, 55.08635879424013,55.08635879424013,0.0, 0.5595567867036013, -0.008310249307479214, 0.08310249307479223, -0.008310249307479214, 0.515235457063712, 0.11080332409972296, 0.08310249307479223, 0.11080332409972296, 0.5761772853185596, 6.0, 0.0
7291, 0 ,1.0,1.0,1.0,25.190283400809715,36.51012145748988,95.51821862348179,1.569002210284711,2.3184916711027417,1.6017045780800687,6.0,9.0,5.0,-0.28526257262231625,-0.9534843821339554,0.09743098935927526,2.385536291693777,0.01383520490876216,-0.10574064600471628,-0.994297492145906,1.59254178144859,-0.9583495457118087,0.2822878828592093,-0.04335550051417871,1.4750106425535383,9.91727170841342,5.619766541666593,6.050965761538414,3.0832219888069696,0.9467688672695801,247.0,337.2369725239808, 0.0, 0.0,0.0,NaN, 44.58279613214808,44.58279613214808,0.0, 2.4617679358783087, 0.9555639331901854, -0.10265698503499453, 0.9555639331901854, 5.3754036289727845, -0.28864593748463246, -0.10265698503499453, -0.28864593748463246, 2.565457555442651, 9.0, 0.0
7293, 0 ,1.0,1.0,1.0,56.14337788578372,18.314702308626973,41.52126366950182,46.818164857706215,2.7383891864841368,2.166624636538268,99.0,11.0,7.0,0.9999899511763032,-0.0044704457376737675,3.356505957071558E-4,46.81863372682024,0.0044829848006633895,0.9975047883257984,-0.07045637028957116,2.7329402100812534,-1.984169616924195E-5,0.07045716700244666,0.9975148055163378,2.1633705317481455,99.04538787680929,10.977035656384443,7.546300658026276,46.39378513832018,7.193768055410134,823.0,8204.524878978886, 7.105427357601002E-15, 0.0,0.0,0.2568594849043867, 63.10980082867544,63.10980082867544,NaN, 2191.9405606433575, -9.765655981066804, 0.7332817582002253, -9.765655981066804, 7.498775336653252, -0.199279818227181, 0.7332817582002253, -0.199279818227181, 4.694262315654582, 12.0, 0.0
7304, 0 ,1.0,1.0,1.0,15.917077175697866,72.29638752052546,84.26108374384236,3.1002177997997085,3.129656347708797,28.897886232570023,14.0,12.0,98.0,0.012032914175869915,0.0028770705590205623,0.9999234627917454,28.900072447310237,-0.5853580416486238,-0.8107206911435043,0.009376781382060353,3.1797067174494758,-0.8106856185067821,0.5854260699839027,0.008071216109018536,3.0280696330724544,98.12381214564604,13.40355963041884,13.64130644399092,18.625828869469583,22.529368098034606,1218.0,17941.160375469834, 0.0, 0.0,0.0,NaN, 35.6168074811368,35.6168074811368,0.0, 9.611350406194946, 0.4753162065460364, 9.933800868742276, 0.4753162065460364, 9.794748854753966, 2.369251862457237, 9.933800868742276, 2.369251862457237, 835.0878287105601, 18.0, 0.0
7316, 0 ,1.0,1.0,1.0,89.65217391304348,44.66403162055336,39.65217391304348,1.8664833501096307,1.7199626429289927,1.8473261355746522,7.0,6.0,7.0,-0.4547628376837846,0.46521869418844125,0.7594487000709091,2.070946844359213,-0.8316208429328065,-0.5269988908911811,-0.175154053904539,1.8555154153391629,-0.3187436823868367,0.7112269227026402,-0.6265450736869713,1.4570130925157423,9.006522884489922,7.7526506810122555,6.710744564121459,3.020243429265589,0.8560228200597022,253.0,468.57388570572755, -1.4210854715202004E-14, 0.0,0.0,62.950324172239796, 60.61557655716832,60.61557655716832,0.0, 3.48376009623647, 0.12029558343357924, -0.5557655954631388, 0.12029558343357924, 2.9582714930712855, 0.8870940024059101, -0.5557655954631388, 0.8870940024059101, 3.412613851177178, 10.0, 0.0
7317, 0 ,1.0,1.0,1.0,38.421867199201195,80.23315027458811,29.9236145781328,3.1136343763827847,3.6028583830191634,4.057580630667189,12.0,15.0,16.0,-0.11143153305262349,0.3193565967912046,0.9410602411787896,4.136776485980719,-0.3423022306127857,-0.9013437462171727,0.2653462531725373,3.58665614937509,0.9329588395846053,-0.2925590799157204,0.20975459089091175,3.026920234072327,17.849617701662176,16.82374486535676,13.276429260270458,6.021752199673993,1.696398708432472,2003.0,3986.8773760964905, 0.0, 0.0,0.0,NaN, 52.558452570073925,52.558452570073925,0.0, 9.694719029792614, 0.8592052011847445, -1.1699722009596727, 0.8592052011847445, 12.980588528091461, 1.5040798761917007, -1.1699722009596727, 1.5040798761917007, 16.463960574365544, 16.0, 0.0
7324, 0 ,1.0,1.0,1.0,59.49523809523809,31.152380952380952,45.27619047619048,1.5251779569786312,1.446051783179701,1.2459094065914682,6.0,5.0,5.0,0.8329056851073426,-0.2862619822169876,-0.47362664330997,1.710759165524846,0.09705432055756964,0.9181185362042691,-0.3842379631676689,1.4537315852444375,-0.544838121442486,-0.2740664718920056,-0.7924891105924999,0.9641013251516859,7.563361969441921,5.840360891081922,4.011981696104954,2.3332471541333155,0.7249010465246932,105.0,177.22031843349072, 0.0, 0.0,7.105427357601002E-15,61.730031480665666, 68.27180970210179,68.27180970210179,0.0, 2.326167800453512, -0.37070294784580515, -0.8320181405895711, -0.37070294784580515, 2.091065759637193, -0.14684807256235824, -0.8320181405895711, -0.14684807256235824, 1.5522902494331043, 7.0, 0.0
7328, 0 ,1.0,1.0,1.0,20.858695652173914,85.25,13.608695652173912,1.5363814187545162,0.9849409604906143,1.5176964935397441,5.0,3.0,5.0,-0.6916376297331367,-0.19554598801594633,0.6952691246618073,1.8151327506314157,-0.7204491238572908,0.25463145958121325,-0.6450704455521142,1.227633644045305,0.05089645439901352,0.9470610256801872,0.316993634900136,0.9122433554937106,7.325625748006615,5.147017969971893,3.526066801239864,2.262895958505188,0.716436380308842,92.0,132.9507978427565, 0.0, 0.0,0.0,NaN, 28.945539926964848,28.945539926964848,0.0, 2.3604678638941397, 0.20923913043478176, -0.8705103969754246, 0.20923913043478176, 0.970108695652174, -0.44565217391304396, -0.8705103969754246, -0.44565217391304396, 2.3034026465028345, 9.0, 0.0
7341, 0 ,1.0,1.0,1.0,88.57058823529412,64.74117647058823,51.86470588235294,1.6081647215463644,1.4765057413204477,47.91928803822076,7.0,6.0,98.0,0.0035987160454391703,0.012779354956069685,0.999911864780957,47.92350825715873,0.9893765369928467,0.1452746329253899,-0.0054174787896032655,1.6040726725439545,-0.14533106099821497,0.9893088340428888,-0.012120791798934709,1.337436448203267,98.07883502640651,7.2161850248007084,6.371846187251968,47.875485292099285,2.9937162710799905,170.0,4509.706129311169, 0.0, 0.0,0.0,NaN, 60.75214094793521,60.75214094793521,NaN, 2.5861937716262955, 0.21826989619377166, 8.253667820069206, 0.21826989619377166, 2.1800692041522445, 29.32380622837372, 8.253667820069206, 29.32380622837372, 2296.2581660899673, 12.0, 0.0
7345, 0 ,1.0,1.0,1.0,32.28436018957346,60.27014218009479,44.57582938388626,2.902800077050621,2.1645593180590326,1.5585519008881805,10.0,8.0,5.0,-0.9430315697406685,0.3307307323817818,-0.03617514520580449,2.994748694554832,-0.3201031227386912,-0.9315776429108068,-0.17232842493820955,2.050937714046836,-0.09069426269279246,-0.15093136813451308,0.984375067150553,1.5381105636611105,11.781605969284966,8.958647511622416,5.88837785906199,3.758676752462993,1.1886961037109922,422.0,621.5021194247123, 0.0, 0.0,7.105427357601002E-15,87.92686452360815, 67.8803806743991,67.8803806743991,0.0, 8.426248287325091, -1.5104669706430673, 0.3267783742503557, -1.5104669706430673, 4.685317041396185, 0.21648210956627215, 0.3267783742503557, 0.21648210956627215, 2.429084027762161, 10.0, 0.0
7351, 0 ,1.0,1.0,1.0,64.26687598116169,68.52590266875981,58.857142857142854,3.576179495669551,3.0883948994406167,2.7055962702136447,14.0,12.0,11.0,-0.9333764274602849,0.35226004703864294,-0.06871174515181756,3.6466843648043743,-0.3487999499669723,-0.8452354234365955,0.40486500697269,3.0807225984583035,0.08454016539203632,0.40185810708295017,0.9117911066725728,2.6188423840261508,15.16681049002785,14.188938996922012,11.44451954383139,5.232674553584309,1.5055268293203534,1274.0,2462.8714646316425, 0.0, 0.0,0.0,NaN, 62.93019663754127,62.93019663754127,9.5367431640625E-7, 12.789059785247325, -1.341292705948457, 0.04126485759138857, -1.341292705948457, 9.538183054890817, -1.0567391791881573, 0.04126485759138857, -1.0567391791881573, 7.320251177393985, 15.0, 0.0
7361, 0 ,1.0,1.0,1.0,73.11920529801324,30.364238410596027,56.95143487858719,3.1210185812235745,2.62938928197035,2.5875109995730394,13.0,11.0,10.0,-0.8575504524149613,-0.4832951606601256,0.17616188363377097,3.3415696717308863,-0.21272080310899474,0.021373971966953946,-0.9768792214224952,2.562498778869822,-0.46835572110048956,0.8751965156494044,0.12113619404447869,2.370057022658704,14.202157204501724,10.896518145670782,10.947258069672635,4.644177496208263,1.3346435992831964,906.0,1694.1326725069116, 0.0, 0.0,0.0,NaN, 59.14172010584739,59.14172010584739,0.0, 9.740756984342813, 2.295432948847274, -0.6410098972267325, 2.295432948847274, 6.9136879961405535, -0.4922444922006349, -0.6410098972267325, -0.4922444922006349, 6.695213172911469, 14.0, 0.0
7362, 0 ,1.0,1.0,1.0,23.90506838294449,81.1781979082864,61.757039420756236,4.236074442781297,3.930104242773011,3.3387008694446334,17.0,17.0,15.0,0.8665203507648832,0.4025110999109771,0.29517333239769294,4.410373919331949,-0.4164966758919755,0.9089811705086545,-0.016844899276959178,3.8383086280978156,0.2750872601216536,0.1083422637255265,-0.9552952178303784,3.2176013281051548,19.25796550582308,16.583884087427577,14.192724041441188,6.4326082517962355,1.7772227261658615,2486.0,4532.756784982834, 3.552713678800501E-15, 1.4210854715202004E-14,0.0,53.08316414067507, 48.86958729351496,48.86958729351496,0.0, 17.94432668478488, 1.515307605130971, 2.3578685853976116, 1.515307605130971, 15.445719359062421, 1.0139306261484216, 2.3578685853976116, 1.0139306261484216, 11.146923495630352, 23.0, 0.0
7394, 0 ,1.0,1.0,1.0,66.78179322964318,63.31244281793229,12.931838975297346,3.9025711942434826,3.8682323101850047,26.934375570589097,17.0,16.0,98.0,-0.007389273251972243,-0.0186785034093931,0.9997982357211845,26.939703507393645,0.8244210271505357,-0.565959271387093,-0.004480303901180013,3.951671279924158,0.565928766394556,0.8242215822467744,0.019580978672172983,3.780282997129996,98.27867251466745,17.829923036929266,16.988658758218918,17.009739156107855,21.594504957289875,2186.0,29769.24656962819, 0.0, 0.0,0.0,NaN, 51.15328505881794,51.15328505881794,0.0, 15.230061926139001, -0.520111974312122, -5.2609848164607325, -0.520111974312122, 14.963221205559218, -13.282912177551756, -5.2609848164607325, -13.282912177551756, 725.4605873775467, 20.0, 0.0
7396, 0 ,1.0,1.0,1.0,16.055555555555557,9.037037037037036,23.87037037037037,1.1453071182271284,0.881139055805209,1.4278486315704613,4.0,3.0,5.0,-0.4370785678333923,-0.2667099867284254,0.8589692127893956,1.5323429712397256,-0.8058701247858979,-0.3079820670423506,-0.5056880346200437,1.0875010727023473,-0.3994191626828541,0.913243028640046,0.08032124950524298,0.7721091767153891,5.702423173070617,4.242656545260175,2.8662881311615283,1.931473424688436,0.629520893320459,54.0,69.34532119440856, 0.0, 0.0,0.0,NaN, 30.153664523983906,30.153664523983906,0.0, 1.3117283950617293, 0.34979423868312753, -0.4187242798353914, 0.34979423868312753, 0.7764060356652952, -0.31001371742112477, -0.4187242798353914, -0.31001371742112477, 2.038751714677639, 9.0, 0.0
7404, 0 ,1.0,1.0,1.0,85.95690550363447,27.379543094496366,7.938213914849429,3.2691184737527985,40.473569661205104,3.517324535464603,14.0,99.0,13.0,-0.0044998918303601415,-0.9999445483409062,0.009521093257396102,40.47579913639949,-0.49198057833798237,-0.006075398248754868,-0.8705849757917622,3.6000846465188197,-0.8705945448437749,0.008601731187383235,0.49192595856372584,3.149225843183763,99.1362840654173,16.34689431696148,15.2961454074158,35.31489853395323,20.34764089864516,1926.0,24788.479847996423, 0.0, 0.0,0.0,NaN, 31.77834362038312,31.77834362038312,0.0, 10.687135595431826, 7.3361900710504715, 1.233578273589046, 7.3361900710504715, 1638.1098411204223, -15.486933734036807, 1.233578273589046, -15.486933734036807, 12.371571887781288, 15.0, 0.0
7411, 0 ,1.0,1.0,1.0,49.13879003558719,90.83985765124555,38.505338078291814,2.4923992561386235,23.095792594473252,1.5604566273059521,9.0,99.0,6.0,-0.011034978444177489,-0.9999178090197608,0.0065272088872928334,23.097672827024393,-0.9997204022575384,0.01089581073227001,-0.020985676508321883,2.479813097188219,0.02091283244235274,-0.006756960382329176,-0.999758469294274,1.5526594872611443,99.08868956872745,9.093128082039627,6.0889591059173895,11.66839940953564,20.14723727274232,281.0,5486.311354711739, 0.0, 0.0,0.0,NaN, 63.096671501233075,63.096671501233075,6.743495761743046E-7, 6.212054052000364, 5.819379187193679, 0.04018439482782477, 5.819379187193679, 533.4156355669255, -3.4671166778536215, 0.04018439482782477, -3.4671166778536215, 2.435024885703067, 10.0, 0.0
7412, 0 ,1.0,1.0,1.0,85.13401015228426,88.41218274111675,80.5482233502538,2.9490273127367788,2.7891475340335963,2.7163650298690345,12.0,11.0,10.0,-0.9134663391112192,0.35825437788102393,0.19295866925284333,3.0079691850408032,-0.1563887501823531,-0.7468686119644248,0.6463202265740537,2.8423821846190545,0.3756618241545833,0.5602152061408322,0.73826629117239,2.593786793815902,13.662335383754638,12.249864841235357,13.017484747587872,4.7091072365130815,1.295783187261159,985.0,2178.6291824281816, 0.0, 0.0,0.0,NaN, 27.085914749353975,27.085914749353975,NaN, 8.696762091267507, -0.6014295653070185, -0.545548712927411, -0.6014295653070185, 7.779343966605692, -0.4919580509675629, -0.545548712927411, -0.4919580509675629, 7.378638975495401, 13.0, 0.0
7415, 0 ,1.0,1.0,1.0,10.682631833575229,11.748427672955975,88.37880986937591,3.3003061301780034,4.078403265127537,3.474726767877898,13.0,17.0,15.0,-0.30564417196982835,0.9513666556928427,0.038511382430313296,4.157102232455874,-0.30807324679470244,-0.13708357000042937,0.9414345274342275,3.511270036398286,0.9009286957080721,0.27587964997758196,0.3349894087549613,3.1604752202323336,18.46678788028838,15.918836498437656,14.811348109647085,6.060260001909565,1.6948063507539812,2067.0,4354.088699642474, 0.0, 0.0,0.0,NaN, 19.67730255219214,19.67730255219214,0.0, 10.892020552890509, -2.0217858957623975, -0.7646350874162613, -2.0217858957623975, 16.633373193002953, -0.0348422196054831, -0.7646350874162613, -0.0348422196054831, 12.073726111407185, 20.0, 0.0
7438, 0 ,1.0,1.0,1.0,24.37725870427501,46.73821066549141,24.16130453944469,3.8213214176932215,3.4332068493956465,3.7884193267641555,15.0,15.0,16.0,-0.8760871334453656,0.037914778315311363,0.4806597592859043,3.8384345189951747,-0.4728318414397763,0.12751244346643648,-0.871877644214995,3.7770878104294137,-0.09434714798102259,-0.9911120251245671,-0.093784696626515,3.4265953597047476,17.70413633364131,17.226848252766537,15.241819163374565,6.167156327743529,1.6455122219633405,2269.0,4648.548624020845, 0.0, 0.0,0.0,NaN, 57.98689261544196,57.98689261544196,0.0, 14.602497377320931, -0.2516123092378333, -0.2190730214916947, -0.2516123092378333, 11.78690927073718, -0.22617236825467685, -0.2190730214916947, -0.22617236825467685, 14.352120995400178, 19.0, 0.0
7441, 0 ,1.0,1.0,1.0,27.89311010946555,87.79201545396008,84.41210560206052,3.968668038537654,2.8576239788773745,3.268441897450997,17.0,13.0,14.0,-0.9943721671373237,-0.06969723525072503,-0.07978902569293397,3.9804179991033326,-0.035707344930075754,-0.48858053761942355,0.8717878433297637,3.4320089352864755,-0.0997445674744604,0.869730621317843,0.4833421847939746,2.641333084316771,17.163877499297723,15.001508338252286,12.351964723207317,5.639502026892003,1.671846323816647,1553.0,3180.4339199586702, 0.0, 0.0,1.4210854715202004E-14,85.42356096675624, 34.205890282470826,34.205890282470826,0.0, 15.750326000110311, 0.6983094432436404, 0.5540306052427867, 0.6983094432436404, 8.166014804654958, -1.9960656088438187, 0.5540306052427867, -1.9960656088438187, 10.682712437013071, 15.0, 0.0
7460, 0 ,1.0,1.0,1.0,52.94444444444444,15.098765432098766,80.01234567901234,1.648980231072869,1.6968011899781394,1.4401116825731939,6.0,7.0,5.0,-0.6835674044755675,0.6311657077806978,0.36655893504350245,1.9267378577038676,0.42154712807602956,0.7513804952339269,-0.5076665935364174,1.5415132431200573,-0.5958469789714368,-0.19250246934444512,-0.7796853063556498,1.258415626111006,8.092302998150206,6.544543641006978,5.475125428409996,2.6549178245067204,0.7896854336890565,162.0,289.9649976914035, 0.0, 0.0,0.0,NaN, 53.30763877223238,53.30763877223238,0.0, 2.719135802469132, -0.667352537722908, -0.7030178326474642, -0.667352537722908, 2.8791342783112297, 0.19013869836915162, -0.7030178326474642, 0.19013869836915162, 2.073921658283796, 10.0, 0.0
7463, 0 ,1.0,1.0,1.0,72.74843554443054,87.22903629536921,10.53566958698373,3.059778952732967,2.7569655458875095,2.3633447736444637,12.0,12.0,9.0,-0.8283278979168693,0.5528805868107358,0.09053148767382885,3.250793931823061,-0.5005712835352779,-0.6578055875423668,-0.5627789966744373,2.687993186492259,-0.25159746348575246,-0.5114830062923486,0.8216348645485275,2.180719198362006,13.810098882677579,13.020365269821127,10.958518666341497,4.545004409101203,1.3752962230594807,799.0,1970.4789868826533, 0.0, 1.4210854715202004E-14,0.0,56.435141412594675, 31.88644873401784,31.88644873401784,0.0, 9.362247239587651, -1.8485152748820899, 0.2599118735716303, -1.8485152748820899, 7.600859021210814, 1.2052221096144882, 0.2599118735716303, 1.2052221096144882, 5.5853985191126005, 17.0, 0.0
7466, 0 ,1.0,1.0,1.0,18.58724340175953,83.95527859237536,94.30351906158357,4.125471450459482,3.1023914711516993,2.409710181479831,17.0,12.0,8.0,-0.9968206783891199,-0.0521281770453921,-0.06025934196271022,4.132353524728892,0.06205691568346015,-0.9822854716988236,-0.17681682981344093,3.120536554583708,-0.04997473713498152,-0.17999418114856844,0.9823973841582366,2.3742275892858666,17.411763938482082,13.220668133367312,10.008944044696449,5.452250977422483,1.6504575022563124,1364.0,2304.010402206224, 0.0, 0.0,0.0,NaN, 25.206518946619408,25.206518946619408,0.0, 17.019514688556267, 0.3444441697267814, 0.6421416654483509, 0.3444441697267814, 9.624832840274804, 0.7481779052467755, 0.6421416654483509, 0.7481779052467755, 5.8067031587275615, 16.0, 0.0
7471, 0 ,1.0,1.0,1.0,66.16172506738545,44.107816711590296,55.95687331536388,45.19136598165953,1.830916971989472,2.391195650493188,99.0,7.0,10.0,0.9999552381022473,0.004955262375565157,0.008060221254221405,45.193383993391905,-0.0081039252696735,0.00886382868478247,0.999927876867262,2.3634019742240775,-0.0048834605661605655,0.9999484376285788,-0.008903588998972386,1.817142597489383,99.08793161291274,10.024350447896751,7.492005248448919,42.39136128439154,15.94685302314343,371.0,7441.750013367942, 0.0, 0.0,0.0,NaN, 70.92478659564202,70.92478659564202,0.0, 2042.2595592882942, 10.103857135591864, 16.416678170022017, 10.103857135591864, 3.352256958319097, 0.10168481775052522, 16.416678170022017, 0.10168481775052522, 5.71781663893754, 9.0, 0.0
7489, 0 ,1.0,1.0,1.0,94.72558139534884,24.134883720930233,27.558139534883722,1.945548649019184,2.3753466058887285,2.12408476138625,7.0,9.0,8.0,0.060751615044622925,-0.9029322528226472,-0.42546749356688607,2.4311237940896415,-0.6033886836268171,-0.37277633466983157,0.7049538288293937,2.212552964873933,-0.7951297615738994,0.2138951872360484,-0.5674658678164611,1.7701450767661702,10.253727743238258,9.77490305277874,7.909991496174825,3.595565582631395,1.0055223808336062,430.0,792.8120771106085, 0.0, -3.552713678800501E-15,0.0,25.453783641504067, 37.01031151536062,37.01031151536062,0.0, 3.785159545700372, 0.24399134667387895, -0.8212547322877274, 0.24399134667387895, 5.642271498107102, 0.6037858301784761, -0.8212547322877274, 0.6037858301784761, 4.511736073553282, 9.0, 0.0
7511, 0 ,1.0,1.0,1.0,19.122605363984675,55.91954022988506,43.10727969348659,36.091628635736164,2.59258472842298,2.0491996088019526,99.0,10.0,8.0,0.9999721058472839,0.006643163867498568,0.0034140739854652625,36.09263067569296,-0.006606259526054638,0.9999208299289787,-0.010709398172534534,2.5815855023762735,-0.003484947979967598,0.010686545184157273,0.9999368244492269,2.04543379081449,99.06081099588091,10.051155272385564,8.365877535978925,27.409310932148493,23.711938900382368,522.0,8329.700074325996, 0.0, 0.0,0.0,NaN, 64.55229300360986,64.55229300360986,0.0, 1302.605657579891, 8.609481657638616, 4.433207087388603, 8.609481657638616, 6.721495574052058, 0.002884573039154412, 4.433207087388603, 0.002884573039154412, 4.1992190367140765, 12.0, 0.0
7522, 0 ,1.0,1.0,1.0,77.48559670781893,59.452674897119344,41.57201646090535,2.194924549897389,1.4882333566809156,1.715926020178293,8.0,5.0,6.0,-0.9118266054633354,0.1607844745885783,0.37778379306223,2.2954171967437036,0.40683776172185676,0.22995279758608703,0.8840841286435825,1.6127685552233622,-0.055274562018716514,-0.9598281427493192,0.2750902746009612,1.4515412121538067,9.505100758194985,7.214876449785322,5.790235223605627,3.026339414451558,0.9045463829687889,243.0,397.0834900745111, 0.0, 0.0,0.0,NaN, 62.28335637413461,62.28335637413461,0.0, 4.817693779742254, -0.41734830395095623, -0.9115141662009509, -0.41734830395095623, 2.214838523937745, 0.29250283662720844, -0.9115141662009509, 0.29250283662720844, 2.944402106724916, 9.0, 0.0
7526, 0 ,1.0,1.0,1.0,6.762870514820593,48.751170046801874,6.249609984399376,11.397166651092778,2.875419422018174,3.2984803390039845,99.0,11.0,14.0,-0.9999979038643654,-8.689003045304169E-4,-0.0018539900584611526,11.397188500096354,-0.0020281394963187604,0.2961216779068467,0.9551480715176144,3.340251281186431,2.8092180327908317E-4,-0.9551498295481686,0.2961228194466712,2.8266999741572088,99.01080023347353,15.14880306868768,12.28422780711972,6.468446002101753,10.353869971657453,1282.0,18425.053272199155, 0.0, 0.0,0.0,NaN, 49.613210171178466,49.613210171178466,0.0, 129.89540767278137, 0.10402160236175377, 0.21987631455335974, 0.10402160236175377, 8.26803685251933, 0.8959637948700478, 0.21987631455335974, 0.8959637948700478, 10.879972546795841, 16.0, 0.0
7532, 0 ,1.0,1.0,1.0,49.794378698224854,43.00295857988166,87.70118343195266,1.9778427369461424,2.812691566872447,2.7151882292391645,7.0,11.0,12.0,0.1854363784954491,-0.7585411670886276,-0.6246828374161686,2.912525224308795,-0.21675865698728594,-0.6516248355570002,0.7269117954101312,2.67146379875959,-0.9584513728674816,6.09522054856493E-4,-0.28525531429108203,1.8909840962649267,12.699937046781258,11.243702840129203,8.13848379180206,4.213225038478916,1.2016978146685668,676.0,1162.1292445768436, 0.0, 0.0,0.0,NaN, 66.93276839889205,66.93276839889205,0.0, 3.9118618920906076, -0.18726147543853744, -1.1294903889919816, -0.18726147543853744, 7.91123385035538, 0.638458037183574, -1.1294903889919816, 0.638458037183574, 7.372247120198908, 12.0, 0.0
7561, 0 ,1.0,1.0,1.0,94.66829268292683,81.83414634146341,71.10731707317073,1.6131228650513079,35.04257765435515,1.7413745963549774,6.0,99.0,7.0,-0.010748255698186186,-0.9999401164457518,0.002058767083030034,35.04467239649747,-0.5363829322494426,0.0040278945015354084,-0.843965121351217,1.8469447944398147,-0.8439062892234754,0.010175440449447912,0.5363941045730494,1.441017374132539,99.04987157370338,7.52496043520992,5.640533601711695,25.593725090744847,24.05364910992655,205.0,4204.151215030755, 0.0, 0.0,0.0,NaN, 34.542907647860076,34.542907647860076,0.0, 2.60216537775134, 13.174253420582984, 0.5770612730517548, 13.174253420582984, 1227.9822486615108, -2.5285425342058243, 0.5770612730517548, -2.5285425342058243, 3.0323854848304603, 11.0, 0.0
7610, 0 ,1.0,1.0,1.0,5.186440677966102,45.76271186440678,44.259887005649716,2.0347926470619537,1.7531793529275737,1.1596931157963728,7.0,7.0,4.0,0.9054650793616158,-0.4053524748316138,0.12578696754652033,2.1188991547750518,-0.3874871636421353,-0.9104522946333422,-0.14467313921200337,1.67562785186302,-0.17316664825894335,-0.08225564020034425,0.9814516399629661,1.123140577509749,8.4908048972359,7.535627553359802,4.354395496570092,2.7948992113676767,0.8645492936731715,177.0,278.6096529473535, 0.0, 0.0,0.0,NaN, 63.87536741063538,63.87536741063538,NaN, 4.140381116537393, -0.6393756583357276, 0.454371349229148, -0.6393756583357276, 3.073637843531546, 0.03906923297902889, 0.454371349229148, 0.03906923297902889, 1.3448881228254992, 9.0, 0.0
