// Sample: .//bubblelabels.tif, Map: .//bubblelabels.tif, Thickness:(8.191250068658265):/gpfs/home/mader/Foam/NewValid/InSilicoTest/LatticeData_Phi_6.65/out_Step_03000.vtk/distmap.tif, Neighbors:(1.0):
//LACUNA_NUMBER, TRIANGLES, SCALE_X, SCALE_Y, SCALE_Z, POS_X, POS_Y, POS_Z , STD_X, STD_Y, STD_Z,PROJ_X, PROJ_Y, PROJ_Z, PCA1_X, PCA1_Y, PCA1_Z, PCA1_S, PCA2_X, PCA2_Y, PCA2_Z, PCA2_S, PCA3_X, PCA3_Y, PCA3_Z, PCA3_S,PROJ_PCA1, PROJ_PCA2, PROJ_PCA3,OBJ_RADIUS, OBJ_RADIUS_STD, VOLUME, VOLUME_BOX, Mask_Grad_X,Mask_Grad_Y,Mask_Grad_Z,Mask_Angle, Mask_Distance_Mean,Mask_Distance_COV, Mask_Distance_STD, SHAPET_XX, SHAPET_XY, SHAPET_XZ, SHAPET_YX, SHAPET_YY, SHAPET_YZ, SHAPET_ZX, SHAPET_ZY, SHAPET_ZZ, Thickness, Thickness_STD, Neighbors, Neighbors_STD
1, 0 ,1.0,1.0,1.0,155.47342668863263,182.7042504118616,182.63537067545306,16.634568390043825,11.56909669803475,9.894341866675344,73.0,53.0,42.0,-0.9759851152315782,-0.2148462654572797,-0.03597411660434476,16.875851235865785,0.15931670477419463,-0.8166188580903869,0.5547538446834278,12.196910187075085,-0.14856393380055272,0.5357002173139498,0.8312364493593217,8.654010160585642,76.29257099863835,71.12955090763779,48.06263586969919,21.137873665323745,7.851188560654118,60700.0,260819.4063483724, 0.0, 0.0,0.0,NaN, 50.82606650378404,50.82606650378404,6.743495761743046E-7, 276.7088655230452, 34.40284935608453, 13.898704331128593, 34.40284935608453, 133.84399840847857, -31.843687407483504, 13.898704331128593, -31.843687407483504, 97.89800097464453, 9.533739638632959, 6.328689853145707, 11.0, 0.0
2, 0 ,1.0,1.0,1.0,184.199393649274,35.83459390457954,15.721876495931067,9.730442555084421,16.12973046548991,10.330337928592767,43.0,72.0,47.0,0.016336283456616855,0.9987169510832755,0.04793305187186703,16.141006732702568,-0.6092033551766544,0.047955664667581055,-0.7915627115193071,11.106118416543753,-0.7928457592018339,-0.016269783195130314,0.6092051348030902,8.814058900338237,72.50560817490275,64.02261535468212,42.97730768832734,20.341534841906924,6.912854634777829,62670.0,199500.60483883074, 0.0, 0.0,-1.7763568394002505E-15,87.25258567667147, 42.20135876852832,42.20135876852832,0.0, 94.68151231779785, 1.6492726115904686, 22.16061004159642, 1.6492726115904686, 260.1682048893534, 7.019865513911395, 22.16061004159642, 7.019865513911395, 106.71588171892232, 8.300563310590565, 5.8500554180968685, 12.0, 0.0
3, 0 ,1.0,1.0,1.0,170.8551320575676,186.9112103959091,79.09195265960251,16.30155767040667,7.634307842519304,15.705836551605088,64.0,33.0,66.0,-0.8658963243777654,-0.021831514185996388,0.49974687634583803,16.601616687801197,0.4988496456957124,0.03630621829785889,0.8659277622886162,15.399362348459215,0.03704843341273738,-0.9991022187450369,0.02054677785948757,7.612010451507429,73.94904149634235,77.7062843547761,33.95790322115482,22.737924586872616,7.326904256465217,75876.0,195132.4774323197, 0.0, 0.0,0.0,NaN, 85.30109446068548,85.30109446068548,0.0, 265.7407824815945, 7.360325065525729, -16.78492878335222, 7.360325065525729, 58.28265623435175, 3.2588761277313, -16.78492878335222, 3.2588761277313, 246.6733017857344, 8.345858417767566, 5.583789812020824, 12.0, 0.0
4, 0 ,1.0,1.0,1.0,55.70296818278881,80.26571559979632,28.826155160235878,13.176563281040336,14.202990258003528,15.794713705750157,67.0,69.0,66.0,0.06629649824853776,0.4074921640408934,0.9107990505952731,16.184553325859657,0.102729600606047,-0.9107440308265768,0.39998992421444973,13.777729019080123,-0.9924975584248575,-0.06704809138990321,0.10224064730657513,13.15500474853651,76.4265652997451,78.89610431293076,67.73089822303123,23.991141542345286,7.0174682550060075,121758.0,408400.94357074786, 0.0, 0.0,0.0,NaN, 101.8643852700352,101.8643852700352,0.0, 173.62181989926046, 0.8321085298890616, 6.056322603238185, 0.8321085298890616, 201.7249322689431, 26.879592323304404, 6.056322603238185, 26.879592323304404, 249.47298104661184, 8.167999353464856, 5.237265002749389, 24.0, 0.0
5, 0 ,1.0,1.0,1.0,13.936332660272589,107.33982205956588,138.60950908632003,8.11433262635344,14.782005651600203,12.58755291251576,33.0,73.0,64.0,-0.04005717880731056,0.9972054608534644,-0.06306101228198656,14.798583650059442,0.006558527294186841,-0.0628479038684196,-0.9980015664812745,12.578006067042224,-0.9991758644731821,-0.0403907145687669,-0.004022689509997668,8.098904784603324,73.01413600076556,63.76990118716802,33.825031223069104,20.063637129094694,6.344055369591902,63392.0,157492.87122940726, 0.0, 0.0,0.0,NaN, 112.02197248126511,112.02197248126511,0.0, 65.84239397110392, -6.16600640723738, -0.21868723699591072, -6.16600640723738, 218.50769108394036, -3.8379297819520457, -0.21868723699591072, -3.8379297819520457, 158.44648832538397, 9.113179355286672, 5.469411739628726, 18.0, 0.0
6, 0 ,1.0,1.0,1.0,51.6784659369126,185.35358321881566,121.4747666208596,14.454294973209711,8.597077695147897,12.235649323611757,65.0,34.0,55.0,-0.9599877174275848,0.014108667945268714,0.2796864813983421,14.64466943731282,-0.2791736191752957,0.030380624924078888,-0.9597599220564428,12.011013010887469,0.022037984135169598,0.9994388240998209,0.025226258882866944,8.591666076116647,65.42242559513826,58.24874559691392,34.938957978745464,19.889812752427666,6.078063105361527,63309.0,133144.48050762038, 7.105427357601002E-15, 0.0,-1.4210854715202004E-14,53.86815743987235, 95.13881249715735,95.13881249715735,0.0, 208.92664317255554, -2.5024792683155272, -18.888067267936197, -2.5024792683155272, 73.90974489640946, -1.4991178317133846, -18.888067267936197, -1.4991178317133846, 149.71111437040082, 9.27664465648782, 5.460545102541847, 11.0, 0.0
7, 0 ,1.0,1.0,1.0,56.378968649449014,148.95375722543352,11.593410974116575,13.22078385430994,17.898515052248165,8.355939768466873,62.0,90.0,34.0,0.27581535047880423,-0.9602070648038535,0.04391224363457119,18.262149155252686,0.9452494383788528,0.2792429364803036,0.1688990280324945,12.843818079412248,-0.17444022381526159,-0.005076920978778137,0.9846546771272949,8.154627004740872,99.13771230933503,59.863939221972146,35.75023638800218,22.097679922377775,8.755583262147287,70238.0,212169.5728477828, 7.105427357601002E-15, 0.0,0.0,73.98939038790516, 76.93318000310596,76.93318000310596,0.0, 174.78912572238238, -44.723954409672956, 18.954135748326664, -44.723954409672956, 320.3568410755541, -6.614334137590409, 18.954135748326664, -6.614334137590409, 69.82172941424622, 8.180566897991884, 5.268897339943797, 16.0, 0.0
8, 0 ,1.0,1.0,1.0,26.353693005983082,50.91929028264906,50.425025789147924,13.757409215162406,13.257946427016671,12.914317501445838,63.0,66.0,63.0,0.8183795875907226,-0.23089695696406745,0.526252264488783,14.857915046645193,-0.08054987787694547,0.8606059790419508,0.5028608813690469,13.67079433124157,0.5690048925877944,0.45392063634734564,-0.6857036445208479,11.143194834642252,75.45703987632268,67.46964332304975,61.46796872940652,22.153333510238216,6.40693863614608,96940.0,312937.0902435335, -3.552713678800501E-15, 0.0,7.105427357601002E-15,83.98989524078465, 76.35426958447388,76.35426958447388,0.0, 189.26630831343547, -22.599027294421486, 39.05696452204971, -22.599027294421486, 175.77314346164414, 15.40667837605029, 39.05696452204971, 15.40667837605029, 166.77959652815028, 7.940719509622179, 5.143247932708793, 21.0, 0.0
9, 0 ,1.0,1.0,1.0,88.71165011780545,178.38690676539886,81.49663412992258,12.910519622268215,12.161676979974983,15.333656209034608,62.0,56.0,73.0,0.40282304847504585,0.2830030028264657,0.8704268447195747,15.927202756600451,-0.6668486601769088,-0.5606549652422036,0.4908959913968798,13.321070277607324,-0.6269341720129257,0.7781871949219334,0.037124568980664685,10.88954616264045,76.71555469665478,76.20983658935822,59.163595687186735,22.403475423721417,6.913263018113539,95072.0,345898.77224513324, 0.0, 0.0,0.0,NaN, 122.38702562076568,122.38702562076568,NaN, 166.6815169169726, 37.41004356768336, 28.096723830756023, 37.41004356768336, 147.9063869652534, 17.07602459362295, 28.096723830756023, 17.07602459362295, 235.1210127368656, 8.403593382382159, 5.0282510455344696, 21.0, 0.0
10, 0 ,1.0,1.0,1.0,186.2766625973142,20.46764864810775,110.905197430304,8.445442744887389,11.071558674928196,13.362510460882769,34.0,44.0,66.0,0.02479962112528612,-0.36940460251599017,0.928937682749519,13.749257855603902,0.1044694184056078,-0.9231780735098094,-0.3699032105953013,10.612408902388987,-0.9942188488507128,-0.10621903892768567,-0.0156970175269854,8.414052898298158,73.8309025104094,56.71220484830566,35.942461974522786,18.383142420073856,5.875514890630847,49967.0,150495.1593931522, 0.0, 0.0,0.0,NaN, 92.43991819329703,92.43991819329703,1.3486991523486091E-6, 71.32550315717104, -5.117212858715584, 1.1077221110627324, -5.117212858715584, 122.5794114923778, -26.293168458260922, 1.1077221110627324, -26.293168458260922, 178.55668581720144, 8.702228061140154, 5.398285236548405, 9.0, 0.0
11, 0 ,1.0,1.0,1.0,77.3459076929202,101.0188316794235,159.67406861818074,11.715074356716249,14.994499242033633,13.919222950650857,58.0,80.0,76.0,0.17457663328824066,0.9081994325292952,0.38039031252544936,15.31094231287817,0.008311855387667967,-0.38766835449021053,0.9217614441854612,13.682599156581876,-0.9846085070573775,0.1577562603522229,0.07522665850563882,11.58379333658389,77.45360985769605,75.02185936696974,60.45158387518453,22.58456170071964,6.764637095886046,100469.0,351266.85423972027, 0.0, -1.4210854715202004E-14,0.0,24.74229957896531, 131.9312012404921,131.9312012404921,0.0, 137.24296718339062, 15.722327709492408, 7.062995484302334, 15.722327709492408, 224.83500751934722, 15.680823559251031, 7.062995484302334, 15.680823559251031, 193.74476754992557, 7.458403816971868, 4.821866095564831, 30.0, 0.0
12, 0 ,1.0,1.0,1.0,20.206309535037253,176.98540507403564,48.427508723946055,12.559354311871061,12.430577726245309,13.88768858103278,52.0,51.0,80.0,0.2808421169635219,-0.49392989435741746,0.8228979066685718,14.704680121572462,0.9111086516267979,-0.13229799701198833,-0.39035658687591535,12.44059269282598,-0.30167653251495324,-0.8593779724002045,-0.41286895049527306,11.58138909788135,90.52830617820857,62.394967569421674,59.179320543301145,21.466607855578438,6.6565219625437,84824.0,334275.0269707419, 0.0, 0.0,0.0,NaN, 57.29912849110213,57.29912849110213,6.743495761743046E-7, 157.73738073111423, -13.87635090063693, 11.632764280521238, -13.87635090063693, 154.519262608226, -32.30356672875317, 11.632764280521238, -32.30356672875317, 192.86789412374827, 7.748828295145388, 4.848575636088919, 11.0, 0.0
13, 0 ,1.0,1.0,1.0,167.53002877856233,187.2763685543097,25.350548050763496,15.34737848280903,7.36717832485767,14.365869040695245,74.0,31.0,51.0,0.781546642563729,0.02963917326503102,0.6231423311776596,16.93205830279139,-0.6233166119604341,-0.004073068736182909,0.7819589575963919,12.467223413398427,-0.025714718577654706,0.999552364570879,-0.015291295865172375,7.353181491744318,88.16023187195402,61.89322109154309,32.31080221580146,21.02510781250243,7.358014510174818,63589.0,176304.5618586336, 0.0, 0.0,0.0,NaN, 43.11426811115804,43.11426811115804,0.0, 235.5420262945896, 5.6459650921628715, 63.887136588043575, 5.6459650921628715, 54.275316470252655, 3.97361915670765, 63.887136588043575, 3.97361915670765, 206.3781932944061, 8.532048276500628, 5.03634865432004, 12.0, 0.0
14, 0 ,1.0,1.0,1.0,175.4223694203021,61.17557590076787,109.64247742806515,13.260233675794389,13.06424080660218,13.032428986471738,55.0,65.0,64.0,-0.6822549012534964,-0.5000171293133401,0.5333958381060249,14.495015877048246,0.07843792454105009,-0.7754141974198653,-0.6265622989243758,12.665909996059574,-0.7268945877562131,0.38563673688194294,-0.5682504425495614,12.075662672202608,75.32249267764247,63.49001639270375,67.02266511318851,21.844591901618042,6.258290096253177,94808.0,320517.5514547352, 0.0, 0.0,-1.4210854715202004E-14,57.764813623846685, 111.85254980124695,111.85254980124695,0.0, 175.8337971366716, 21.041518000903334, -24.111376319819836, 21.041518000903334, 170.6743878528896, -10.049844731115359, -24.111376319819836, -10.049844731115359, 169.84420528742876, 7.201869101906809, 4.504938033079524, 18.0, 0.0
15, 0 ,1.0,1.0,1.0,189.6640524739769,24.4300584628547,175.81550929226674,6.33709911366334,13.114059462599938,12.810980542455018,27.0,56.0,54.0,-0.02259040755125421,0.8000528592227812,0.5995040416345175,13.49878972053877,0.011944629985082174,-0.5993982787136329,0.8003618114888128,12.408515077265553,-0.999673446331945,-0.02524135346187799,-0.003984316029738071,6.330089484526343,75.9997606890219,61.894416851936654,27.687279345448104,18.38196744171742,6.193696488830644,42078.0,130239.87860268807, 2.8421709430404007E-14, -3.552713678800501E-15,0.0,87.27475373866406, 35.8963669269139,35.8963669269139,0.0, 40.158825176392696, -3.3845879929912557, -0.8362080099937125, -3.3845879929912557, 171.97855558860698, 13.536350203126313, -0.8362080099937125, 13.536350203126313, 164.12122245916106, 7.883720086026319, 4.937229166384201, 9.0, 0.0
17, 0 ,1.0,1.0,1.0,21.251594122539508,9.743138342112559,20.38630440809537,12.170849410079965,6.391395433724188,12.111822160662285,57.0,25.0,47.0,-0.7120242553637993,0.0457921899709605,0.700660071012535,13.609583212065443,0.7021132831828555,0.03557288065301966,0.7111761439617034,10.487926760688783,-0.007641816002644185,-0.9983174071905736,0.057480058702755715,6.360690533336678,73.60799027326763,55.26964204202872,27.819976074849386,17.292963649466042,6.052202510064155,36070.0,113179.65462374939, 0.0, 0.0,0.0,NaN, 31.018710561888746,31.018710561888746,NaN, 148.12957536284384, -2.983198792754962, -37.497801843733306, -2.983198792754962, 40.8499355902304, 6.403884400914952, -37.497801843733306, 6.403884400914952, 146.69623605151003, 7.969325224398774, 4.678927528346895, 4.0, 0.0
18, 0 ,1.0,1.0,1.0,25.090956370991044,39.11744197245498,144.77520947702976,14.644163239323165,13.33919712841484,15.70458874252873,58.0,67.0,84.0,-0.6357433087346768,-0.37183704856646804,0.6764374728771778,19.00947410807963,-0.20868182160083884,-0.7609016115537127,-0.6143945270494503,12.921871937442353,-0.7431570108210245,0.5317574135339721,-0.40614247551717547,10.520690298131788,91.85483533288115,63.80408202070463,61.81093337785846,23.966059348185624,8.040385805536346,103830.0,362256.16845492995, 0.0, 0.0,0.0,NaN, 72.17692045512403,72.17692045512403,0.0, 214.45151697994393, 68.195895964673, -100.58341595204433, 68.195895964673, 177.93418003071073, -36.73579798095841, -100.58341595204433, -36.73579798095841, 246.63410757196007, 8.446787962774131, 4.9040724372708855, 21.0, 0.0
19, 0 ,1.0,1.0,1.0,121.86996718873749,78.95015274208409,179.4830205757326,11.474460258753203,11.184090268785015,11.65537219479087,55.0,55.0,48.0,-0.31207818453200925,0.6552421819169755,-0.6879425047021634,12.542060046314319,-0.8603094751966871,0.11231361013022655,0.49724567355213484,11.62865357873921,-0.40308164635220745,-0.7470229822543589,-0.5286604301040485,10.00329746181049,60.34642998550811,60.85002552854084,50.31586244878676,19.040444483564745,5.482361556613748,61869.0,184763.96300985126, 0.0, -1.4210854715202004E-14,0.0,49.06198397886582, 112.95297733917054,112.95297733917054,NaN, 131.66323822970662, -15.101553624431071, -2.752381636493733, -15.101553624431071, 125.08387514033168, -23.83722647116359, -2.752381636493733, -23.83722647116359, 135.84770099910412, 7.733755438135475, 4.817826879829703, 17.0, 0.0
20, 0 ,1.0,1.0,1.0,15.631411414511605,101.55575629312273,22.258504103649408,9.815123827356372,11.823516457426809,12.603545724375552,41.0,52.0,54.0,-0.055028155132531974,-0.4321069813139943,0.9001419103910325,12.787490323257193,-0.3630556173583734,-0.8311430411092691,-0.42117913519091477,11.932059147383217,-0.9301411295320944,0.3499782877770331,0.11114259866233003,9.438623720000646,56.97861572478381,65.74908306773574,46.926225071359184,19.011898300522567,5.790447737642995,58119.0,175799.3292978838, 1.7763568394002505E-15, 0.0,0.0,86.84552557896335, 102.13251757770857,102.13251757770857,NaN, 96.33665574633879, 17.849092574051124, 4.461237717585965, 17.849092574051124, 139.7955414190426, -10.297556436756654, 4.461237717585965, -10.297556436756654, 158.84936482642527, 7.826877190739014, 4.863386187828446, 8.0, 0.0
21, 0 ,1.0,1.0,1.0,80.44379463889277,22.997919494589418,42.43291004351301,11.904564095474422,11.687044222620218,13.92251507108339,61.0,49.0,70.0,-0.39246895573065926,-0.12254058867862676,0.9115656437766736,14.472114256031904,0.618875980902843,-0.7683553601834419,0.163164214026596,12.33338478751127,0.6804121097167726,0.6281829706412524,0.3773930528601471,10.516064069452376,70.53260677097292,61.330055516925746,61.38777398490247,20.825901915518493,6.198700208458554,78827.0,265549.3105923595, -1.4210854715202004E-14, 0.0,0.0,66.89178747558685, 93.81183428408612,93.81183428408612,0.0, 141.71864630325874, -14.991477763700523, -31.173195631602233, -14.991477763700523, 136.5870026614806, -16.248303281272932, -31.173195631602233, -16.248303281272932, 193.83642590454414, 6.793470025239877, 4.511593283318936, 20.0, 0.0
22, 0 ,1.0,1.0,1.0,171.47907433992884,91.29267835965295,11.312308844641407,13.64583121271212,16.53942737324345,7.8717101162639285,58.0,79.0,33.0,0.4028430830023566,0.909990927742577,0.09815274781360428,17.226576532093684,0.9126357702478302,-0.4074965481945322,0.032287986522721565,12.860863375224215,-0.06937868074060331,-0.07657071656805806,0.994647437046388,7.718059451886226,88.39969768083591,70.68124215239807,36.45771628359243,21.51310548471419,7.67538141584787,64084.0,227795.1188508179, 0.0, 0.0,1.7763568394002505E-15,84.36719261664634, 96.31077122514856,96.31077122514856,0.0, 186.2087094858283, 47.58967108295922, 12.497000907569225, 47.58967108295922, 273.55265783479473, 19.792574360370047, 12.497000907569225, 19.792574360370047, 61.96382015449188, 7.039895969412853, 4.738769299454133, 11.0, 0.0
23, 0 ,1.0,1.0,1.0,153.91366712744377,81.97994722007792,69.95829668060966,10.958295000103668,10.316643315230625,11.890665861880342,47.0,51.0,58.0,0.02866204914517431,-0.2792290081414396,0.9597966701083867,12.029527118438752,0.9773904246281762,0.20906275832940716,0.031634173370792766,10.994512719558351,-0.2094909181419402,0.9371893747221248,0.2789079258895293,10.115159939817692,56.99113106060743,47.101681542820444,49.12993061895864,18.44180233785526,5.273065500570559,55703.0,131883.31010194105, 0.0, 0.0,0.0,NaN, 117.21273436917603,117.21273436917603,1.3486991523486091E-6, 120.08422930929703, 3.453773875399086, 1.7401656775587502, 3.453773875399086, 106.43312929369273, -11.238704963964633, 1.7401656775587502, -11.238704963964633, 141.38793463888655, 6.793477698448195, 4.487751959221265, 16.0, 0.0
24, 0 ,1.0,1.0,1.0,136.1446466707041,117.01394511203901,122.17951741943709,10.116271097475504,11.95958461395666,12.595711990035229,49.0,60.0,64.0,0.20095676048762365,0.5149687466407789,0.8333208088110753,12.735336776100054,-0.37898411095100387,-0.7435636074887092,0.5508940054720631,12.289295630108093,-0.9033202223248391,0.4265212205759539,-0.04574083883578642,9.529269421474226,59.54305750443777,61.09370758384949,46.72536260261864,19.318894038181103,5.550035921817543,62746.0,169973.1386119713, 0.0, 0.0,0.0,NaN, 130.46156124985086,130.46156124985086,0.0, 102.33894091761823, 24.356922101219485, -0.6189924473083988, 24.356922101219485, 143.03166413838883, 5.96485707866627, -0.6189924473083988, 5.96485707866627, 158.6519605359172, 7.326714317969337, 4.617891654748969, 23.0, 0.0
25, 0 ,1.0,1.0,1.0,118.69333250423617,56.730470875371154,14.469927091268053,14.463457034336988,11.772053002508557,9.40828829937551,70.0,58.0,40.0,-0.9169025659559197,0.34927013531376605,0.19313222703980243,15.027329336082005,0.37047805279392093,0.924816554704493,0.08637333235748128,11.296859857944412,-0.14844425533335748,0.15074718147419744,-0.9773635916771761,9.102144822899845,75.25604822519067,52.91748393749249,45.359140430918984,19.907535570610698,6.322874149229054,64327.0,180636.45928819492, -1.4210854715202004E-14, 0.0,0.0,23.522621928657014, 100.19231155649942,100.19231155649942,0.0, 209.1915893841121, -30.446888569987387, -23.885285312088865, -30.446888569987387, 138.58123189387072, 13.220398835768602, -23.885285312088865, 13.220398835768602, 88.51588872416613, 7.165223256920787, 4.659536047473757, 15.0, 0.0
26, 0 ,1.0,1.0,1.0,151.0873501537689,151.70995732128287,54.47964915584008,10.195354371675585,14.281688789307678,10.683779298619793,47.0,63.0,50.0,-0.04369793439690817,0.9906556644329002,-0.12919692355645349,14.34820121523622,-0.587323759372512,0.07913938412957638,0.8054736243702403,11.052294547468504,0.8081715734953704,0.11107795643870985,0.5783773814624988,9.696954813929457,64.91923073941356,57.147361777365994,51.97233902591503,19.665440867523554,5.943522610894365,63732.0,192815.44261551625, 0.0, 0.0,0.0,NaN, 87.70637211192673,87.70637211192673,0.0, 103.94525076404446, -6.148643262530283, -12.672506854493156, -6.148643262530283, 203.96663467463662, -12.521710998466867, -12.672506854493156, -12.521710998466867, 114.14314010161684, 6.700391114330453, 4.548456448182475, 19.0, 0.0
27, 0 ,1.0,1.0,1.0,52.290362565850636,67.91373061532451,97.04768192290592,12.419037269983543,10.555900899018672,13.537569601988002,60.0,52.0,63.0,-0.5411594920148827,0.006455100333134794,0.8408951991074053,14.272555573720963,-0.8128083894219387,0.2523784674551143,-0.5250215531293179,11.637415866413129,0.21561290844359804,0.9676070694474573,0.13133024353817194,10.478073800991078,66.12302179027999,56.511833940099294,53.18849513831732,20.341745947052942,5.927789896529075,74221.0,198751.21707906705, 0.0, 0.0,0.0,NaN, 129.47899207967484,129.47899207967484,0.0, 154.23248671324026, -5.587620868633635, -31.795766604068078, -5.587620868633635, 111.42704378990322, -2.8875478994845594, -31.795766604068078, -2.8875478994845594, 183.26579072866957, 7.533407004282351, 4.550702609627849, 18.0, 0.0
28, 0 ,1.0,1.0,1.0,11.797598627787307,84.46855885303731,104.66985986601509,7.483898985898797,10.608955054175645,10.128021651184424,29.0,49.0,44.0,0.1588088542223939,-0.75299720726642,0.6385725907596905,11.823091374294314,-0.02052832021612923,-0.6491591813404921,-0.7603755291633513,8.804489618357172,-0.9870959101777671,-0.10764554394081995,0.11854999358924678,7.336958965051163,58.15267500314683,43.932351709358244,32.05987252876791,15.697926027857584,4.970977002906821,30899.0,81906.04203933376, 0.0, 0.0,0.0,NaN, 127.91386315038959,127.91386315038959,0.0, 56.00874403113705, -9.962996632030336, 9.086485116090174, -9.962996632030336, 112.54992734151895, -29.638118746242935, 9.086485116090174, -29.638118746242935, 102.57682256686047, 8.551721536258443, 4.750511859067587, 9.0, 0.0
29, 0 ,1.0,1.0,1.0,99.17240599958907,187.47207725498254,140.4919046640641,12.215581454451636,7.715633191201633,12.950937360567137,58.0,32.0,59.0,0.5939808091172154,0.0048890173257204635,0.804464353411664,13.77751865378049,0.8013334994877735,0.0847497473628084,-0.5921841798972837,11.297032672053135,0.07107334942955873,-0.9963902738543411,-0.04642199014836461,7.6834391310235155,63.36566645436562,55.648249387700474,34.14443230301467,18.46969878608346,5.945454657146617,48670.0,120399.70143483649, 0.0, 0.0,0.0,NaN, 116.33283444738761,116.33283444738761,0.0, 149.22043027034275, 5.037780968839951, 29.94632068962066, 5.037780968839951, 59.53099554117229, -2.9278611374880215, 29.94632068962066, -2.9278611374880215, 167.72677851733368, 7.196963353888906, 4.670128559387139, 11.0, 0.0
30, 0 ,1.0,1.0,1.0,49.684232561280304,122.39910865014518,143.1749071510568,12.902324791663698,10.545391784154765,13.543753562097693,58.0,53.0,61.0,-0.5900513573431028,-0.025863417039747632,0.8069513488163899,14.14130829380174,-0.6829247654314721,-0.5171301295974341,-0.5159362303840559,13.128139774802625,-0.4306427294845822,0.8555159336456392,-0.28747056687685474,9.422519793273553,68.80720058932638,64.87607349402447,50.847062731483135,20.568168517414545,6.169195839082708,74045.0,226978.2881761923, 0.0, 0.0,0.0,NaN, 108.25669716366914,108.25669716366914,0.0, 166.4699850295797, 31.208488883098763, -23.500134997652292, 31.208488883098763, 111.20528788131882, 19.974787546383585, -23.500134997652292, 19.974787546383585, 183.43326055083395, 7.004151909333961, 4.338950267868606, 18.0, 0.0
31, 0 ,1.0,1.0,1.0,17.45114080538133,140.11535314971366,23.05483137896555,10.155795694159217,10.272044595772412,12.566438022648077,39.0,46.0,52.0,0.16647354055072172,-0.26985706981329005,0.9484006126992395,12.797673619177525,0.6984925686016057,-0.6466130572149349,-0.30659368200843184,10.297933025092503,-0.6959846922920349,-0.7134905157820538,-0.08084919284829112,9.83578041051203,59.851856520384885,55.86267271587097,50.26678366711944,18.377799505960517,5.369072196834871,55005.0,168066.22071359307, 0.0, 0.0,0.0,NaN, 66.49991348644967,66.49991348644967,0.0, 103.14018618150288, -7.214189408419444, 8.591516395436418, -7.214189408419444, 105.51490017753721, -15.31251531859912, 8.591516395436418, -15.31251531859912, 157.9153645770553, 7.522039642204817, 4.628755979464169, 7.0, 0.0
32, 0 ,1.0,1.0,1.0,113.19745247944704,71.02976907367649,68.30469445462639,9.491347570092113,11.69238959584394,15.76215918270724,46.0,59.0,75.0,-0.0034710024888432614,-0.2063600090871884,0.978469978482354,15.9262268138663,-0.06402598817055452,-0.9764223817867792,-0.2061552938554284,11.4754587133906,-0.9979421952099763,0.06336307280561439,0.009823238983347667,9.482218202975984,74.98059241905257,61.205741167820335,46.73348456503743,20.821553956829483,6.458034227308933,76388.0,214471.3043909632, 0.0, 0.0,0.0,NaN, 131.32190082106465,131.32190082106465,0.0, 90.08567869629347, 2.728818571787965, -0.0046958482894211544, 2.728818571787965, 136.7119744609996, -24.651514311014928, -0.0046958482894211544, -24.651514311014928, 248.44566210100217, 7.389823203815611, 4.44888259456087, 23.0, 0.0
33, 0 ,1.0,1.0,1.0,179.87325592584276,155.33675465888314,90.22678577156238,12.667868439885547,8.788572325639656,14.571276429215404,51.0,40.0,71.0,0.3108527670687753,0.041504394322058054,0.9495514427652904,14.786505317082172,-0.9476852745932127,-0.06272179893945631,0.3129833801609679,12.438155490503334,-0.07254776030224672,0.9971676695469812,-0.019835858574063194,8.757142205755152,75.31398479602115,57.66060545375237,40.16362508143452,20.147439989769552,6.642036808721646,62354.0,174416.56495268247, 0.0, 0.0,0.0,NaN, 102.6682238187397,102.6682238187397,0.0, 160.47489081024827, 6.469005550071416, 18.7588813540861, 6.469005550071416, 77.23900352299923, 4.062850055629601, 18.7588813540861, 4.062850055629601, 212.32209677660842, 7.550783324830764, 4.622774250204509, 14.0, 0.0
34, 0 ,1.0,1.0,1.0,122.14233052831956,152.04434137571573,163.29664153736914,11.684572204420775,11.61273298340825,11.448392039059446,63.0,58.0,60.0,0.21126324013166187,0.762277964629937,-0.6118007420792428,12.289469678751367,-0.913163712305667,-0.06928983223386573,-0.4016602465730649,11.803022788824048,0.3485683260097,-0.6435302819515515,-0.6814461815243759,10.588109523697376,59.736452152695264,66.26949587588709,50.456064511083554,19.297889766370858,5.481051522222213,66191.0,199740.6531427049, 0.0, 0.0,0.0,NaN, 98.53272761923678,98.53272761923678,0.0, 136.52922760032254, 7.9894435784228035, 4.946825702534315, 7.9894435784228035, 134.85556734393788, -17.3951238523692, 4.946825702534315, -17.3951238523692, 131.0656802799997, 7.327630053892452, 4.427220333204128, 18.0, 0.0
35, 0 ,1.0,1.0,1.0,145.32598257669417,42.87667117104166,83.06207412092809,12.670559740676593,10.244416048569844,12.818172251259012,63.0,48.0,57.0,0.684913366157233,-0.09754605439639734,-0.7220654043304268,13.107269412403653,0.6821828410437178,-0.2622926131435593,0.6825167810946808,12.556826283576587,0.25596924081750416,0.9600454949438689,0.11310347206559274,10.016101358110554,64.6354720963108,63.194962611914164,46.88682868662538,19.904671877712595,5.796612943935803,69562.0,191515.6397506751, 0.0, 0.0,0.0,NaN, 108.29111352823064,108.29111352823064,0.0, 160.54308414205448, -15.037511794867317, -8.646740932781762, -15.037511794867317, 104.94806017619537, -5.232489953085718, -8.646740932781762, -5.232489953085718, 164.30553986294655, 7.338943362787838, 4.514925519503176, 17.0, 0.0
36, 0 ,1.0,1.0,1.0,84.2755396930902,33.55846313903419,107.01192093171112,12.022892082073124,12.381788501795105,11.396342269865501,62.0,62.0,57.0,-0.5668421728503823,-0.8222131416079668,-0.051531551940675276,12.785751428236335,0.6424334071430955,-0.4020095183012726,-0.6524321149220755,12.17096773737103,0.5157220845230219,-0.4029316281484188,0.7560931388214638,10.776239715388263,64.99367934362851,62.77931598001425,56.61473188293343,19.820475309093826,5.906267533212138,69206.0,231002.75413748482, 0.0, 0.0,0.0,NaN, 129.90504180987696,129.90504180987696,0.0, 144.54993401717664, 13.801515279047553, -12.031707080987287, 13.801515279047553, 153.30868650318547, 10.400561626308349, -12.031707080987287, 10.400561626308349, 129.87661713192318, 6.532164025708654, 4.107192366423506, 14.0, 0.0
37, 0 ,1.0,1.0,1.0,15.784406841339155,71.3141193595342,171.611826783115,10.42509362482196,12.122046634850072,11.275773253137748,41.0,68.0,56.0,-0.2478856371760271,-0.7959118624307677,0.5523377753909485,12.895227426065773,0.42427251574064007,-0.6017380002701475,-0.6766861986312357,10.66038766926838,-0.8709452010711943,-0.06660094798777906,-0.48684573579131407,10.14095155944016,69.84358050909782,55.12765291430776,58.80168506419311,18.689157026650776,5.7866280157915,54960.0,226404.87270236903, -1.7763568394002505E-15, 0.0,0.0,75.64756971441781, 78.36287065920106,78.36287065920106,NaN, 108.68257708630348, 9.75946143178892, -11.789182395321557, 9.75946143178892, 146.94401461747995, -23.492859854142928, -11.789182395321557, -23.492859854142928, 127.14306245617665, 7.3614248976089725, 4.5133151121252855, 9.0, 0.0
38, 0 ,1.0,1.0,1.0,184.46327480545622,114.17385834696188,57.309023596858545,8.930505358473178,10.812001575898579,14.015871155104758,38.0,50.0,66.0,0.03178498057817886,0.16104471786607646,0.9864351544106083,14.098928378517043,0.09635351678916103,-0.9828308514172858,0.15735157229826344,10.724575741790117,-0.9948395422438766,-0.09004507954247534,0.046756484450648075,8.905146939130374,63.687102710883636,50.4158998744365,40.05335567104319,18.915093168304715,5.942827500929656,55643.0,128605.02040378822, 0.0, 0.0,0.0,NaN, 104.3639813654281,104.3639813654281,0.0, 79.75392595771815, -2.770586065955884, 4.28758315907092, -2.770586065955884, 116.89937807723335, 13.457011766511465, 4.28758315907092, 13.457011766511465, 196.4446442364976, 7.747037229143999, 4.585528009717518, 12.0, 0.0
39, 0 ,1.0,1.0,1.0,48.2011900979231,152.5877119500852,187.85952800485282,17.33826585688585,15.081812202844281,6.817248741500538,87.0,77.0,29.0,-0.9134813812354831,0.39012327049211026,0.11556643092461621,17.870148690089568,0.3986233800807216,0.9150161229202661,0.062007222554999956,14.597747842611842,0.08155468710708635,-0.10270992462515312,0.9913624485496516,6.489602943710684,81.67374133172629,71.44835702574053,31.715833770208633,22.618872029062153,7.933349278980235,69238.0,185076.30902809903, 0.0, 0.0,0.0,NaN, 68.69258217048743,68.69258217048743,0.0, 300.61546292405365, -36.43142244814516, -25.040082398503348, -36.43142244814516, 227.46105932186265, 22.199790381387917, -25.040082398503348, 22.199790381387917, 46.474880403490666, 8.471289455103824, 5.241567439471948, 12.0, 0.0
40, 0 ,1.0,1.0,1.0,80.8217967148931,106.62019392530512,74.45141161716576,12.65843862827589,11.371877950053488,10.682522926167133,63.0,60.0,52.0,0.9004805054299699,-0.359723915744923,0.24440450851349982,13.009241859143922,0.39508173159376736,0.9115471331529572,-0.11398354881953639,11.13574700332553,-0.18178362055327202,0.19919972008455505,0.9629507707130093,10.508412706638929,63.74917411872633,56.21363268898209,50.776020982347084,19.319612075308836,5.515846439524735,65386.0,181959.56048128117, 0.0, 0.0,0.0,NaN, 144.20458972778837,144.20458972778837,0.0, 160.2360685058272, -14.161204239169592, 12.332331816645866, -14.161204239169592, 129.31960811091272, -6.581571649883822, 12.332331816645866, -6.581571649883822, 114.11629606808638, 6.23168062358421, 3.9788833888306705, 21.0, 0.0
41, 0 ,1.0,1.0,1.0,48.348098251343814,184.3241137647139,166.70650472885623,11.732232376771533,9.874636338469584,13.049110131971092,54.0,42.0,57.0,-0.44069796714011117,0.25731026037647986,0.8599864717910162,13.76650207342301,0.8968598652488415,0.0858865062695918,0.43389617438579986,11.189463301010402,-0.03778470410632545,-0.9625045132080118,0.2686212541661699,9.524301879596328,70.21678597796213,57.39245116011517,47.06102317525615,19.224105136521118,5.988887734452414,58788.0,189651.8507287694, 0.0, 0.0,0.0,NaN, 60.75959875733956,60.75959875733956,6.743495761743046E-7, 137.6452765425662, -8.547180786573893, -24.02398300284588, -8.547180786573893, 97.50844281702399, 23.149099457310403, -24.02398300284588, 23.149099457310403, 170.27927523631064, 7.292784454151831, 4.5018628052612675, 9.0, 0.0
42, 0 ,1.0,1.0,1.0,172.5899912429815,103.55806675938804,123.9335883171071,11.992321276665445,11.792594315961484,14.061036614311458,52.0,59.0,66.0,-0.34472713472005484,-0.014554236942550513,0.9385901005096535,14.351974251903094,-0.6115978909424178,-0.7550449529321657,-0.23633691807766774,12.236217787368043,0.7121174217658828,-0.6555114745286188,0.25138314259080385,11.175402019857083,70.94946774328841,68.4764107144085,61.79049494702366,20.991073788382526,6.322074199447462,77652.0,300200.77138148237, 0.0, 0.0,-1.4210854715202004E-14,20.183885603353545, 125.85091995515103,125.85091995515103,0.0, 143.8157696027627, 11.87544080623041, -22.64734218255734, 11.87544080623041, 139.0652807008471, 3.3240347998527566, -22.64734218255734, 3.3240347998527566, 197.71275066900742, 7.55958943865007, 4.671667384312429, 17.0, 0.0
43, 0 ,1.0,1.0,1.0,114.78973218601953,152.64722034226045,63.050991008411486,9.64113655254231,12.293690779706221,10.660686997254258,45.0,54.0,49.0,0.03487079136313012,-0.886077128118625,0.4622243513000559,12.836773228741162,-0.5608874783785565,-0.400149254527162,-0.7247660385941798,10.307290569973063,-0.8271573396324624,0.23398268552695214,0.5109430872080978,9.312014199154001,61.1112854433122,51.89792524601725,47.49402569877864,18.121094555684216,5.418719993611953,51715.0,150629.62608358133, -1.4210854715202004E-14, 0.0,0.0,88.00164569648467, 116.0969549531231,116.0969549531231,0.0, 92.95151402476742, 1.9703349898818794, 9.196141858754013, 1.9703349898818794, 151.13483298703375, -26.311490284105844, 9.196141858754013, -26.311490284105844, 113.65024725342602, 6.342739420106906, 3.9725084028520645, 15.0, 0.0
44, 0 ,1.0,1.0,1.0,98.74389404526019,159.21975179893627,16.196266555428096,11.694683963947524,10.923047984265898,10.600829270510658,51.0,55.0,45.0,-0.7860101382986935,-0.009700212078077433,0.6181374995721489,13.295042453589302,-0.13086236543499674,-0.974608453737684,-0.18169590863802532,11.041599274349355,0.6042045215027987,-0.2237057616349669,0.7647827328116744,8.353509629350306,62.738261804886726,53.16863411130993,49.68880294880966,18.249785943754105,5.949916345031373,47945.0,165747.32193845077, 0.0, 0.0,0.0,NaN, 108.05417301009902,108.05417301009902,0.0, 136.7656330166114, 7.465018924583309, -50.736469766730615, 7.465018924583309, 119.31297726657527, 8.590888217165686, -50.736469766730615, 8.590888217165686, 112.37758122251554, 7.24417216425482, 4.34520882228234, 12.0, 0.0
45, 0 ,1.0,1.0,1.0,117.66209523809523,112.96615238095238,54.607752380952384,10.273697873255312,10.72131375459147,11.050360429184275,49.0,48.0,53.0,0.08234263259615139,0.6456975537204912,0.7591405403326237,11.74384456654279,-0.8433048827565558,-0.3607809377043641,0.39833903864435893,10.452300500228873,0.5310899787946367,-0.672987209468748,0.5148122476353683,9.76920832411732,58.67476116946091,51.378461988154214,49.653274798678495,17.82310342339212,4.994285393254186,52500.0,149685.70494548837, -1.4210854715202004E-14, -1.4210854715202004E-14,-7.105427357601002E-15,44.14535348490795, 131.66786932298825,131.66786932298825,0.0, 105.5488679909307, 6.461248442630407, -1.9846947192743865, 6.461248442630407, 114.94656862439226, 18.837732875827587, -1.9846947192743865, 18.837732875827587, 122.11046561488166, 6.577434344234921, 4.022332658330267, 12.0, 0.0
46, 0 ,1.0,1.0,1.0,108.77016275209402,53.13867317929442,129.4454408425712,10.780475155071278,10.967694520152913,11.099705569979244,51.0,52.0,49.0,-0.43408756878279964,-0.5229008492450559,0.7335820911711499,12.33186338955614,0.720853408823279,-0.690006050252959,-0.06528409915262647,10.878522931666037,0.540313192154418,0.5004661351910935,0.6764579084546155,9.449619863426818,56.484233639946495,51.660574092130666,46.710748946987565,18.20367039149119,5.323421425613072,52411.0,136302.33617022866, 0.0, 0.0,0.0,NaN, 126.98246969339665,126.98246969339665,0.0, 116.21864456910909, -0.19775510641314228, -21.358402236370125, -0.19775510641314228, 120.29032308739222, -22.77318624036548, -21.358402236370125, -22.77318624036548, 123.20346374022826, 7.105023362492658, 4.159564950843629, 17.0, 0.0
47, 0 ,1.0,1.0,1.0,17.788539311860962,49.50749735570442,93.69234917145405,9.657955520444627,10.638487557084616,10.996314627552973,39.0,56.0,47.0,0.38085268211116546,-0.4804197240660962,0.790030457170473,11.613690163658358,-0.14258200338379237,-0.8747179454531873,-0.46318342825841474,10.333313523523609,-0.9135762731374951,-0.0637605256440827,0.4016378823390475,9.258363253425294,57.83483491735845,58.19486693860367,46.104646493189286,17.397894437417243,4.968473293653701,48217.0,155173.971742195, 0.0, 0.0,0.0,NaN, 107.45082930596844,107.45082930596844,1.3486991523486091E-6, 93.27610483488684, -6.368263412515013, 16.18251222913379, -6.368263412515013, 113.1774175022442, -10.126092129860087, 16.18251222913379, -10.126092129860087, 120.9189353881355, 7.234915065558198, 4.17392104886001, 9.0, 0.0
48, 0 ,1.0,1.0,1.0,126.49385611762646,9.381725888324873,49.595238928758974,11.145883003175816,6.233059410405346,10.535585888575591,53.0,26.0,53.0,-0.9933888081302149,0.11463433798622533,0.00613550618047622,11.196718823520287,0.02391030956506543,0.15433433720269657,0.9877293199337089,10.62422380190013,0.11228077742041842,0.9813459537363282,-0.1560549457953905,5.986623734948156,52.036934073812716,52.28879550760368,27.56275082018911,15.721446693758375,5.188103835217203,28565.0,74996.82838390964, 1.4210854715202004E-14, 0.0,0.0,6.591998023889573, 89.16758207723564,89.16758207723564,0.0, 124.23070792048357, -9.910730163017544, 1.2736553275686018, -9.910730163017544, 38.85102961364264, 11.806144397717869, 1.2736553275686018, 11.806144397717869, 110.99857001555311, 6.618380885517119, 4.20748192197644, 12.0, 0.0
49, 0 ,1.0,1.0,1.0,149.0990803915752,52.243208882485064,159.4313683942874,10.518896014857212,9.101170343181364,11.039101701379685,49.0,43.0,51.0,0.503477971365834,-0.08702666007084536,0.8596140371040126,11.268548462450918,-0.8205814828130361,0.26328958526349,0.507271746065301,10.380908650356368,0.2704735891241585,0.9607835108538721,-0.06114804050501338,8.97757163729358,50.92409745169272,48.21784980461774,42.035711795745314,17.126463026823807,4.693027333319446,47194.0,103216.60880526916, 0.0, 0.0,0.0,NaN, 83.46298797480422,83.46298797480422,0.0, 110.64717337137894, -7.90166641383435, 8.76632456219724, -7.90166641383435, 82.83130161560399, 0.15842593487241916, 8.76632456219724, 0.15842593487241916, 121.86176637340387, 6.597227342772515, 4.051524572538533, 14.0, 0.0
