// Sample: .//bubblelabels.tif, Map: .//bubblelabels.tif, Thickness:(8.191250068658265):/gpfs/home/mader/Foam/NewValid/InSilicoTest/LatticeData_OldFoam/out_Step_03500.vtk/distmap.tif, Neighbors:(1.0):
//LACUNA_NUMBER, TRIANGLES, SCALE_X, SCALE_Y, SCALE_Z, POS_X, POS_Y, POS_Z , STD_X, STD_Y, STD_Z,PROJ_X, PROJ_Y, PROJ_Z, PCA1_X, PCA1_Y, PCA1_Z, PCA1_S, PCA2_X, PCA2_Y, PCA2_Z, PCA2_S, PCA3_X, PCA3_Y, PCA3_Z, PCA3_S,PROJ_PCA1, PROJ_PCA2, PROJ_PCA3,OBJ_RADIUS, OBJ_RADIUS_STD, VOLUME, VOLUME_BOX, Mask_Grad_X,Mask_Grad_Y,Mask_Grad_Z,Mask_Angle, Mask_Distance_Mean,Mask_Distance_COV, Mask_Distance_STD, SHAPET_XX, SHAPET_XY, SHAPET_XZ, SHAPET_YX, SHAPET_YY, SHAPET_YZ, SHAPET_ZX, SHAPET_ZY, SHAPET_ZZ, Thickness, Thickness_STD, Neighbors, Neighbors_STD
1, 0 ,1.0,1.0,1.0,79.28874093104884,138.2606007972837,39.69197831291877,15.443918595824274,15.510405615350914,16.094884987010875,87.0,81.0,79.0,0.10551441037675127,-0.46817717405270337,0.8773122835677561,16.33140220211459,0.9944081170105137,0.04578818266829801,-0.0951626983199754,15.433639358306163,0.004382468077533878,0.8824474919358997,0.4703904951735205,15.271565242723941,90.22887426013725,84.94870115711018,90.51843571123821,26.150987949290435,7.366033937504393,165813.0,693808.0301244921, 0.0, 0.0,0.0,NaN, 164.2502703609648,164.2502703609648,1.9073486328125E-6, 238.51462159444682, -1.4279928857903184, 2.6295776224566043, -1.4279928857903184, 240.57268235270914, -13.778926108807031, 2.6295776224566043, -13.778926108807031, 259.045322745108, 7.038255900544127, 5.519046331123906, 53.0, 0.0
2, 0 ,1.0,1.0,1.0,58.911362344047895,261.8635426073965,12.85487953083364,14.601982994715765,18.664815048671137,8.161644958475293,83.0,89.0,34.0,-0.2767270025199488,-0.960559446396423,-0.027344396408060676,19.001795506892893,0.9566543603977373,-0.27269169339826677,-0.10223343427461148,14.219023225811977,0.09074470126855838,-0.05444988788034891,0.9943845377425664,8.059579556361403,93.04016994810505,75.81905202839947,38.12852513074985,23.658170547856724,8.27626986847159,89691.0,268966.9086937366, 0.0, 0.0,1.7763568394002505E-15,88.43308618334237, 71.34553891759326,71.34553891759326,0.0, 213.21790737796837, 42.91237876407658, -11.180115147895348, 42.91237876407658, 348.37532080110054, 11.603191742514687, -11.180115147895348, 11.603191742514687, 66.61244842820516, 7.730422906319324, 5.513468406865171, 21.0, 0.0
3, 0 ,1.0,1.0,1.0,77.85430840218908,14.757667131666487,258.25757055478056,15.366624791271848,9.177293204278381,16.498967549072326,69.0,39.0,83.0,-0.5809146970643859,0.10462766881332222,0.8072119707073739,17.587961843893897,0.8002391414668548,-0.10793756326134372,0.589887106912496,14.246023070997353,-0.14884700601283032,-0.9886367044348969,0.021024639001019915,8.96025797936141,95.64523573540964,73.08228081413935,40.40272039610662,23.092861012439702,7.70010184859072,93190.0,282413.88334516087, 0.0, 0.0,0.0,NaN, 89.56289684875853,89.56289684875853,0.0, 236.13315747573054, -24.516730908395438, -49.50336908013455, -24.516730908395438, 84.22271055729418, 11.534753898901052, -49.50336908013455, 11.534753898901052, 272.2159301853416, 7.048704006574941, 5.25865510223665, 31.0, 0.0
4, 0 ,1.0,1.0,1.0,154.08832947874043,176.61072318092866,14.21984522326988,15.835094050750552,15.321641045831266,8.858694231536637,78.0,67.0,38.0,-0.7620593170056709,-0.6461382824011437,0.04208226919440066,17.168492704116986,0.6409088497544785,-0.7619534861273901,-0.09307379483349718,13.861014052311694,0.0922032736470972,-0.043956853777499125,0.9947694965843807,8.780347324085575,81.07871040842014,67.43287177399904,40.96295076361688,22.62960608669086,7.202796663974105,89936.0,223959.619691467, 0.0, 0.0,0.0,NaN, 191.6176746190491,191.6176746190491,0.0, 250.75020359611554, 51.00051608978305, -13.842203905595627, 51.00051608978305, 234.75268433730142, 2.239456738866229, -13.842203905595627, 2.239456738866229, 78.47646348786047, 8.10886541062698, 5.549907416892087, 23.0, 0.0
5, 0 ,1.0,1.0,1.0,17.54365881481778,163.97214161346488,12.842576100226148,10.58615199830593,14.460229225493759,8.21572290306527,45.0,73.0,35.0,-0.059908480283221544,0.9978941250271824,0.024865422304642323,14.475326959036913,-0.9980673314540992,-0.060293701707204064,0.015042320915858325,10.570130714900408,-0.01650987202396829,0.023916203099072025,-0.9995776304795319,8.209762012623123,73.14465619464002,48.56061224165465,35.999880856187204,18.67961085912004,6.303577108028113,49967.0,127869.75113983314, 0.0, 2.8421709430404007E-14,-1.7763568394002505E-15,16.196317446026896, 137.75445540064425,137.75445540064425,0.0, 112.06661413123663, -5.829652108987395, -0.877230567427333, -5.829652108987395, 209.09822925382383, 3.486598473622969, -0.877230567427333, 3.486598473622969, 67.49810281995124, 7.451871934693144, 5.207432283339242, 16.0, 0.0
6, 0 ,1.0,1.0,1.0,171.69955726395992,98.79316676390843,10.863592682843121,13.232731770569783,15.660799196796988,6.988989986023958,64.0,74.0,28.0,0.11389574229815391,0.9889195490425502,0.09521494319607078,15.754305115939118,0.9922913958698729,-0.10852276796474254,-0.059838069118998166,13.208090519889359,0.048842047141493275,-0.10129627019169624,0.9936566409360319,6.823490144441522,76.56499014294612,65.90388142202332,30.352425706529974,20.503994506257502,6.985557379790478,58274.0,153156.21640021092, 0.0, 0.0,0.0,NaN, 162.2932871423955,162.2932871423955,0.0, 175.1051901118469, 8.938870915030897, -5.407235118729406, 8.938870915030897, 245.26063148239717, 19.81674301757726, -5.407235118729406, 19.81674301757726, 48.84598102474316, 6.40228517505937, 4.800976315908555, 24.0, 0.0
7, 0 ,1.0,1.0,1.0,280.5131314919736,206.16657813975448,209.09523528485994,12.737123138500792,14.236176884499717,15.015269983060335,51.0,77.0,75.0,0.4251531704061304,0.1035604501291793,-0.8991774101158554,15.591286958795074,-0.0794965980619919,-0.9853213714819838,-0.1510698043866895,14.259606122981658,0.9016235758841854,-0.13570935144603816,0.41067980147544353,11.99736533503167,83.29971437474845,73.82138842178722,60.74245662878889,23.17750977207445,7.291392978140104,101664.0,373523.6231877556, 0.0, 0.0,0.0,NaN, 132.0913522913854,132.0913522913854,0.0, 162.23430584533224, 9.018296724341202, -37.191062117419165, 9.018296724341202, 202.66873228676405, -0.39113953365099124, -37.191062117419165, -0.39113953365099124, 225.4583326641927, 7.0322510980709865, 5.0307591415188595, 32.0, 0.0
8, 0 ,1.0,1.0,1.0,189.92574988508446,113.9516865690618,234.30940155893944,13.188707563274534,13.157158172387781,13.57719075061734,64.0,69.0,69.0,0.6091289168958092,-0.25083333352843334,0.7523593565526729,14.10451202736338,0.1769725513452378,-0.8817536311244878,-0.43725421675398163,13.19229191321467,0.7730735273385679,0.39949114231706623,-0.4927110192988483,12.58646501556124,68.00224657124755,67.45775406277852,61.78869990215057,22.20931871222344,6.175685336893347,102249.0,283441.9946804496, 0.0, 0.0,0.0,NaN, 171.51262966277253,171.51262966277253,0.0, 173.9420071895749, -8.627808541576831, 17.36030647375983, -8.627808541576831, 173.1108111732306, -1.6251362487539633, 17.36030647375983, -1.6251362487539633, 184.34010867864907, 6.460005434170929, 4.81093106595371, 36.0, 0.0
9, 0 ,1.0,1.0,1.0,121.75327012110063,186.5291429957746,114.7654812688272,12.546899187690014,12.714450586332747,14.619446386861421,63.0,67.0,76.0,-0.014040420381302727,-0.22858094117754235,0.973423659012819,14.723341343780891,-0.2154454272209688,-0.9499612277858472,-0.22617898574620016,12.596911580543383,-0.9764149397080581,0.21289532412430875,0.03590886354251496,12.543970021614106,76.06550739633474,64.98378331579488,66.30044920870844,22.177219803856232,6.401645676551652,98926.0,327724.741514425, 0.0, 0.0,0.0,NaN, 202.16480867183733,202.16480867183733,0.0, 157.42467922605633, 0.4631272086294036, -0.7473276306576574, 0.4631272086294036, 161.65725371229712, -12.936577669146882, -0.7473276306576574, -12.936577669146882, 213.72821265831547, 6.305337462202867, 4.666198328857168, 35.0, 0.0
10, 0 ,1.0,1.0,1.0,260.2528106702583,141.12250968067792,126.3129711730924,14.253328620844409,13.26609283380152,13.40913550157464,74.0,67.0,64.0,-0.8922891681675216,-0.2836995603033748,0.35119026161695377,14.465810387117667,-0.4510729683787085,0.5278442407719701,-0.7196621670491529,13.391624886337823,-0.01879408334910799,0.8005591901711795,0.5989589013142159,13.052058209186313,78.79468558411676,70.21604893839769,66.26156917618061,22.716545683148862,6.550577300817504,106914.0,366602.1700326637, 0.0, 0.0,0.0,NaN, 193.52097685977566,193.52097685977566,0.0, 203.15737677378235, 7.710137922451219, -9.276019023116973, 7.710137922451219, 175.98921907504004, -7.287046564763342, -9.276019023116973, -7.287046564763342, 179.80491489958936, 6.116428269515501, 4.620939038122827, 38.0, 0.0
11, 0 ,1.0,1.0,1.0,22.845242403250655,133.07944664440285,191.69928349135122,13.124902556398792,13.198060849303094,13.164108579584934,58.0,65.0,63.0,0.47355405604561224,-0.6412259576248319,0.6038011487823344,13.89162366082054,-0.8739198222822994,-0.25678189755862746,0.41270716168763566,12.898348029923746,-0.10959334023937352,-0.7231129430139579,-0.6819801840382668,12.664953302601061,83.9405401381382,69.23789321620185,66.1975285458106,21.92310822265489,6.254834757980162,96719.0,384731.17567321437, 0.0, 0.0,0.0,NaN, 173.09271913032754,173.09271913032754,NaN, 172.26306711496358, -8.553033453887592, 7.162686496950408, -8.553033453887592, 174.18881018190712, -13.244898048444588, 7.162686496950408, -13.244898048444588, 173.29375469510165, 6.399058505577996, 4.683628426799583, 35.0, 0.0
12, 0 ,1.0,1.0,1.0,47.15146992849491,248.534099960631,213.69340706627725,13.294730577322797,14.565291722397026,13.218642926877873,62.0,71.0,65.0,0.03996975193796323,-0.8712138238662702,-0.4892738415594369,15.089825623311143,-0.8080458211618047,-0.316219775665567,0.49705835108261004,14.008168402962959,-0.587762171148299,0.3754883840844206,-0.7166199157047675,11.819411388166513,71.3944465580164,67.70352575312397,64.48526690508416,22.83920577179076,6.480801233195817,109223.0,311699.5812415374, 0.0, 0.0,0.0,NaN, 110.99922507435538,110.99922507435538,0.0, 176.74986112360173, 11.380120031964976, -24.426189781497605, 11.380120031964976, 212.1477229585273, 28.62750890729637, -24.426189781497605, 28.62750890729637, 174.73252082829842, 6.993411733268928, 4.916669739841578, 42.0, 0.0
13, 0 ,1.0,1.0,1.0,263.40920958936624,281.161229734053,26.44687767675621,15.269327928038392,11.068887694805495,13.897647545567803,74.0,51.0,63.0,0.9368669635442294,0.016436050732009995,0.34929951167407935,15.484040130102361,0.3449595982641577,0.12023742310505986,-0.9308844383974231,13.694067586687641,0.05729893703068572,-0.9926090964329257,-0.1069766960312567,11.024258326782213,79.41301627925523,70.10814971700995,53.51905588895329,22.419009925784366,6.79744447734322,96899.0,297967.32411580544, 0.0, 0.0,0.0,NaN, 48.920573860670956,48.920573860670956,0.0, 233.1523753739732, 4.5576210134813895, 17.49598454433225, 4.5576210134813895, 122.52027480021651, -6.70771184370984, 17.49598454433225, -6.70771184370984, 193.14460730082678, 6.372485120497204, 4.760432272079746, 23.0, 0.0
14, 0 ,1.0,1.0,1.0,135.60486064872063,21.227832207742793,249.47053172262912,15.053831720980746,12.721371083737532,13.67356211232904,73.0,55.0,71.0,0.8990507461752614,0.17353900364249694,0.40198503705545435,15.514748920926287,0.30775230971744977,0.402589308014838,-0.8620964939817986,13.391310558375062,0.31144224450976554,-0.8987803198150833,-0.3085411885758789,12.46526373661018,80.92779822769944,72.42053355144165,62.19334644692832,22.951871199263373,6.9734525900634425,105130.0,364504.8997543123, 0.0, 0.0,0.0,NaN, 146.26184142213188,146.26184142213188,0.0, 226.6178494836061, 16.279039072973788, 24.484004169026353, 16.279039072973788, 161.83328225015342, -2.3581487284338647, 24.484004169026353, -2.3581487284338647, 186.96630083972022, 6.846851962742996, 4.686933591870045, 30.0, 0.0
15, 0 ,1.0,1.0,1.0,237.1117356115108,241.53581384892087,9.824482913669065,14.124480854095914,11.607730605689678,6.709659528070234,68.0,54.0,28.0,-0.9950501480186337,0.022559606154110623,-0.09677947663769595,14.177445976066576,0.024847909391702533,0.999437902572556,-0.02250467285324864,11.608695914458867,-0.09621738058665219,0.02479804572020584,0.9950513919398843,6.595309314653123,68.86334194520637,53.37939893060124,30.66364222050636,18.459771110556986,6.2045749846755,44480.0,112715.9857299035, 0.0, 0.0,0.0,NaN, 86.42635781187084,86.42635781187084,0.0, 199.50095939772203, -1.2691545600075769, 15.116464026957388, -1.2691545600075769, 134.73940981426486, -2.3965805144216414, 15.116464026957388, -2.3965805144216414, 45.01953098262367, 6.139609243858123, 4.591492814083822, 15.0, 0.0
16, 0 ,1.0,1.0,1.0,144.41841897043662,151.8730309060829,58.793260124199776,12.274314253106873,11.702643199103239,13.519090795622773,61.0,59.0,67.0,0.3562717239756472,0.12175085565431332,0.9264163145383737,13.69720791461703,-0.7444039142894738,-0.5622644030855573,0.360168784618201,12.485019626417897,-0.5647417738098806,0.8179458846221337,0.1096870947002661,11.264423839750739,69.82472983358981,65.50710359488306,60.14873912298455,20.866611869518565,5.9127805013119685,83414.0,275121.2837418214, 0.0, 0.0,0.0,NaN, 215.0695844300227,215.0695844300227,0.0, 150.65879038402252, 14.76726299321234, 12.27093335825129, 14.76726299321234, 136.95185784551728, 0.9789773656149268, 12.27093335825129, 0.9789773656149268, 182.7658159402924, 5.709750069529093, 4.491570615663739, 31.0, 0.0
17, 0 ,1.0,1.0,1.0,34.21120497235672,10.948301912709042,72.15461350915147,15.108153168207899,7.488458591147862,13.394498906792329,75.0,31.0,63.0,0.9750109690662663,0.0010280879673754337,0.22215434552488866,15.196345183862709,0.22204940556671865,-0.0355888735298357,-0.9743857006177504,13.300127352174927,0.006904468692601396,0.9993659865714908,-0.03492782839032791,7.4782090541952995,78.0142463694849,65.7831822123351,31.962390852846752,20.34092072366503,7.070562163154333,58242.0,164031.80119275436, 0.0, 0.0,0.0,NaN, 80.60124137435761,80.60124137435761,0.0, 228.25629215403035, -0.7805374442538661, 11.733424319630286, -0.7805374442538661, 56.07701207133622, 4.234874167714766, 11.733424319630286, 4.234874167714766, 179.41260096406089, 6.296794726978492, 4.537242044104527, 26.0, 0.0
18, 0 ,1.0,1.0,1.0,218.7000593165206,29.659073514216832,269.74527381271287,12.527863231950024,13.916262968258394,14.24070242230824,68.0,65.0,64.0,-0.2931439882183132,-0.5965513159088834,0.747123235924864,14.960238426349093,-0.03509409150892337,-0.7742131365910307,-0.6319512828304411,13.378162485990138,-0.9554239932682375,0.21147233061858522,-0.2060205001210297,12.272871398582128,76.07156609673643,75.88535905018574,60.756914301683565,22.598017415847103,6.537350114071188,104524.0,350732.53930024174, 0.0, 0.0,0.0,NaN, 91.67709339593347,91.67709339593347,NaN, 156.94735715844527, 13.568650393634176, -15.399888262003413, 13.568650393634176, 193.66237500171994, -18.74694967360587, -15.399888262003413, -18.74694967360587, 202.79760548073577, 6.288095992362885, 4.629038132837563, 35.0, 0.0
19, 0 ,1.0,1.0,1.0,161.66091223202702,256.5522202098827,281.5773316378303,14.9378279113505,12.695229656567573,10.01217431311272,71.0,67.0,43.0,-0.957378172032343,0.28860153607295086,0.011670008240896064,15.145902228587369,0.2855998881810221,0.951906604871034,-0.11093475322858826,12.474656530683019,-0.04312469810905267,-0.10287355821217334,-0.9937591717482507,9.976762167247882,75.16554859963833,64.48818175808296,45.174109246152,21.053992461612918,6.424997637715286,77853.0,218971.98813295618, 0.0, 0.0,0.0,NaN, 146.1670533422219,146.1670533422219,0.0, 223.13870270912201, -20.63463114689603, -3.2277243278090206, -20.63463114689603, 161.1688560329928, -5.484780827631776, -3.2277243278090206, -5.484780827631776, 100.24363447615417, 6.695076591256248, 4.881402115981761, 31.0, 0.0
20, 0 ,1.0,1.0,1.0,40.72517872109648,85.53174579697283,38.175427698072276,12.429418124249345,12.399751555071061,15.640409602083235,59.0,60.0,78.0,0.0918973727495256,-0.010825688828297604,0.9957096350558874,15.665592105915682,0.7015330378156944,0.7103518145709893,-0.05702364762786182,12.464063655010381,-0.7066868257826935,0.7037635284647081,0.07287404385709514,12.333005604100094,79.55189360678605,61.07982664055581,62.517522931254135,22.543298965616643,6.683289444786544,101415.0,303773.6361029623, 0.0, 0.0,0.0,NaN, 102.13512128975994,102.13512128975994,0.0, 154.4904349074181, 1.526690204678107, 8.407941087343742, 1.526690204678107, 153.7538386274872, -1.137428284513418, 8.407941087343742, -1.137428284513418, 244.62241252093747, 5.9567917670417465, 4.406259501194784, 34.0, 0.0
21, 0 ,1.0,1.0,1.0,190.72922778675283,281.89926978998386,59.90891114701131,14.19650053644275,10.231506289547896,12.864668026605164,67.0,44.0,68.0,0.9781976173875923,0.15955030577583273,-0.13294029210166464,14.311629428412829,-0.13533905685458608,0.004214220875210506,-0.9907903814794158,12.838787878401307,-0.1575206685706631,0.9871808042447205,0.025715728723837965,10.102812518612733,68.9960172884195,66.94665766566047,47.872249835470086,20.795249482439495,6.267505949909329,77375.0,221124.44723694018, 0.0, 0.0,-7.105427357601002E-15,82.36046622085442, 125.9238489287698,125.9238489287698,NaN, 201.54062748121927, 16.00149404032233, -4.945892117078738, 16.00149404032233, 104.68372095305817, -2.441601893637405, -4.945892117078738, -2.441601893637405, 165.49968343475723, 6.1207437681362205, 4.681280020424841, 34.0, 0.0
22, 0 ,1.0,1.0,1.0,281.21317548865136,105.42622322531193,168.98164629732148,10.688870980866357,12.111135169759903,12.888822733701778,45.0,62.0,66.0,0.12403803985183502,-0.46277997587796077,0.8777523902537142,13.139264936071154,0.31317894392735257,-0.8211117016032229,-0.47717347219937645,12.021789955025072,-0.9415590867015535,-0.3340812287702724,-0.04308385814991684,10.482823695149095,67.28782166399074,59.23255159083281,52.16155768123332,19.85388008149397,5.733825521960421,70449.0,207896.6361826219, 0.0, 0.0,0.0,NaN, 169.21419067481807,169.21419067481807,0.0, 114.25196284560693, -12.508297071608407, 1.6562568085680975, -12.508297071608407, 146.67959510019523, -11.919741846863186, 1.6562568085680975, -11.919741846863186, 166.12175146078778, 6.219697366593469, 4.628033899754924, 22.0, 0.0
23, 0 ,1.0,1.0,1.0,277.8046085997795,207.3407717750827,11.306945975744211,12.787386664302957,12.215728752404608,7.148966682747446,49.0,66.0,28.0,-0.91617057940398,0.3999419105921787,-0.02603723461610987,12.918649254761037,0.4005625887034778,0.9159009795447016,-0.02598091992645518,12.082736585302117,-0.013456669935201355,0.034232496562977624,0.9993232981439597,7.138976770407284,64.68291763858082,61.389041111864174,29.759008178398695,18.125252068287534,5.943420626775094,45350.0,118167.73300754651, 0.0, 0.0,0.0,NaN, 95.94902293376776,95.94902293376776,0.0, 163.5172577023931, -7.61392329219395, 1.776424438612357, -7.61392329219395, 149.22402895232466, -3.468457400422439, 1.776424438612357, -3.468457400422439, 51.10772463103302, 6.499817647705267, 4.68501558408843, 14.0, 0.0
24, 0 ,1.0,1.0,1.0,52.03708607797757,188.8798290902617,49.32024434751647,14.356990228402156,11.003971677150142,13.563015207323293,73.0,56.0,75.0,-0.8120619021220019,0.07094138386005838,0.5792432884186196,15.080209770071,0.5783500870400885,0.2303135464573412,0.7826026112523294,12.874355720736544,0.07788866376256967,-0.9705271713735081,0.22805781215082155,10.862972920459386,77.69416079283616,66.02643706622786,58.02696978722088,21.671085173132507,6.444378171932953,89872.0,297670.73130919045, 0.0, -2.8421709430404007E-14,0.0,85.93194102735366, 132.24234273860634,132.24234273860634,0.0, 206.123168418435, 0.0568089020179657, -29.853551433263853, 0.0568089020179657, 121.08739267152251, 13.101573782192217, -29.853551433263853, 13.101573782192217, 183.9553815140829, 5.961437728531222, 4.289891915582447, 32.0, 0.0
25, 0 ,1.0,1.0,1.0,91.17921770304298,268.32806965131664,39.37756604498314,11.340053943505659,14.673780637187814,13.557866215404037,62.0,61.0,67.0,-0.0535581700131576,-0.8519790076465859,0.5208294278882291,15.268344880751505,0.28462673140166145,-0.5129663425422104,-0.8098476123262165,13.038479777251853,-0.9571411318068239,-0.10486802157190657,-0.2699695387541822,11.162799274614951,76.09360382455958,68.88385197821492,58.53738161973888,22.033136884615264,6.5017902894902555,93724.0,306830.74199281284, 0.0, 0.0,0.0,NaN, 104.24660004325209,104.24660004325209,0.0, 128.59682344161826, -1.6761297632747514, -13.490450438069784, -1.6761297632747514, 215.319838188308, -29.29393112491099, -13.490450438069784, -29.29393112491099, 183.81573631479418, 5.834882678636162, 4.261831954828897, 34.0, 0.0
26, 0 ,1.0,1.0,1.0,68.71078040172199,62.321051625883754,161.4242134724111,13.521127944867171,12.749644218666136,11.999268788693502,65.0,62.0,58.0,-0.9390402195211085,0.23891054810822251,-0.24723514338454594,13.73013001137426,-0.12787069667018314,-0.9102172850954179,-0.3938953907404974,12.820557852876618,-0.3191434646907725,-0.338269484163375,0.8852802974363623,11.682191843962858,67.15175443835253,63.26905748666766,65.17170108009707,21.293996780986994,5.9935366152886465,88967.0,276890.3278258091, 0.0, 0.0,0.0,NaN, 166.75830843142305,166.75830843142305,0.0, 182.82090090146795, -8.429159358125446, 13.487376632443532, -8.429159358125446, 162.5534277025668, 6.926502979616287, 13.487376632443532, 6.926502979616287, 143.98245146331402, 6.260190854211441, 4.388709288633786, 37.0, 0.0
27, 0 ,1.0,1.0,1.0,124.03756376937145,169.08392289922034,274.40299836365386,13.065271808753566,11.614408094257044,13.151445197787597,68.0,57.0,61.0,-0.7624019640116798,0.32083189835417286,0.56196987309783,13.294060979264392,0.5677614835698862,-0.08500999446508915,0.8187919141122287,13.117595385603474,0.3104676199632666,0.9433134123076501,-0.11734420784530206,11.390915133831827,75.12630349360604,70.17045911533552,61.230229236854456,20.99072522677041,6.160013641310975,83112.0,322784.16698846075, 0.0, 0.0,0.0,NaN, 182.15252664201307,182.15252664201307,0.0, 170.70132743661068, -13.533737694813864, -0.4551588325552351, -13.533737694813864, 134.89447537994354, 5.524642487408773, -0.4551588325552351, 5.524642487408773, 172.96051079041044, 5.675615574762946, 4.220822847451976, 30.0, 0.0
28, 0 ,1.0,1.0,1.0,276.836872648428,207.9613970197479,287.1621920370725,13.427730192186544,12.438646827091024,7.535088190668437,55.0,61.0,34.0,0.9777748031554558,0.12317113560666845,-0.1696623283692437,13.568129258393792,0.13939750973769852,-0.9863840073520621,0.08726353372981702,12.470497009328637,0.1566038588069837,0.10897459058629348,0.9816311781994869,7.224541494950002,60.51278384499608,61.84551980548558,39.66056541356579,18.759764819666714,6.314479468268176,47043.0,148427.46774535894, 0.0, 0.0,0.0,NaN, 95.77287831403324,95.77287831403324,0.0, 180.3039381141581, 1.6788631832482181, -20.624308362721255, 1.6788631832482181, 154.7199348891016, -11.649628196770696, -20.624308362721255, -11.649628196770696, 56.77755404115093, 5.682824124137406, 4.384827286874868, 20.0, 0.0
29, 0 ,1.0,1.0,1.0,13.001729279525684,250.03237987683295,81.28829560092464,8.275944270027729,11.896296251241106,13.674774218281676,33.0,57.0,59.0,-0.06587919876882409,0.03812768277785537,0.9970988972893152,13.694613335468866,-0.11226774074443509,0.9926414639900532,-0.045374864802262965,11.935357475341839,-0.9914917475994026,-0.11493130023485586,-0.06111391550708689,8.186414081066225,58.343551230744374,58.525134534800884,36.45540152453022,19.032342284626115,5.897670314596227,56671.0,124479.30839608824, 1.7763568394002505E-15, -2.8421709430404007E-14,0.0,87.18762276358639, 96.29950688728634,96.29950688728634,0.0, 68.4912535606048, -8.709378222158204, -7.532781369110988, -8.709378222158204, 141.5218644972932, 1.1843266851177094, -7.532781369110988, 1.1843266851177094, 186.99944992098122, 7.829910417899159, 4.961315847041044, 26.0, 0.0
30, 0 ,1.0,1.0,1.0,32.61033355413577,288.89234812709674,207.0607277933289,13.156922024709283,6.803040941515669,13.414099411709378,77.0,27.0,86.0,0.6290435335390444,-0.0524715831433652,0.7755971672686421,13.99414781438396,0.7767097075781915,0.08353955569634425,-0.6242941396392069,12.586204206408402,0.032035340898971115,-0.9951220405540651,-0.09330520530495814,6.71381537333286,70.39665531198156,78.60863101211328,32.06135125113849,18.87220214113717,6.569932464458303,46799.0,177420.61507600045, 0.0, 0.0,0.0,NaN, 99.11872730693888,99.11872730693888,0.0, 173.10459716428022, 2.377846972066409, 18.597180111522395, 2.377846972066409, 46.2813660519384, -12.04639102068784, 18.597180111522395, -12.04639102068784, 179.9380630272219, 5.789940037230818, 4.446086047254266, 23.0, 0.0
31, 0 ,1.0,1.0,1.0,60.30324423233847,44.38763878242378,34.71883731856285,11.972236810672067,12.029671904220004,14.333599663685753,62.0,60.0,68.0,-0.3753423313085433,-0.4299971854356321,0.8211093440250832,15.418883412326634,-0.6546650468167821,-0.504133052549639,-0.5632615216783083,11.799112201129441,-0.6561492290662607,0.7489674798310121,0.09228165230062871,10.795301073848773,80.91027012102927,59.65580032954198,54.33707018856226,21.24982241041785,6.476464098446031,80882.0,262272.3728587855, 0.0, 0.0,0.0,NaN, 82.53569776997604,82.53569776997604,NaN, 143.33445425081126, 27.047209312127418, -28.99115900833766, 27.047209312127418, 144.71300612318015, -36.353536095161246, -28.99115900833766, -36.353536095161246, 205.45207931881234, 6.302729657169519, 4.346095126717035, 27.0, 0.0
32, 0 ,1.0,1.0,1.0,135.39390059204186,142.7666528982514,174.94708798017348,12.346608559261734,11.461680155322343,11.834957599579438,58.0,52.0,55.0,-0.865470818290048,0.45550333899508644,0.20851132068231226,12.645644658571879,-0.31443587929394384,-0.16991376758432258,-0.9339482798302834,11.861716663174958,-0.3899876158302972,-0.873868422446782,0.29028200038819596,11.102361246783412,66.19330547691979,54.749253225084146,59.73821233922433,19.829528156669497,5.537588768248915,72630.0,216493.31520689093, 0.0, 0.0,0.0,NaN, 233.13527468389677,233.13527468389677,NaN, 152.43874291563512, -13.516648392758796, -1.4929263393196723, -13.516648392758796, 131.37011198291, 6.248151550158166, -1.4929263393196723, 6.248151550158166, 140.06622138384307, 5.602459517697009, 4.103269396515916, 31.0, 0.0
33, 0 ,1.0,1.0,1.0,238.88113548387096,95.2830064516129,185.38090322580646,13.318843803388056,11.37642373620835,11.944373077581012,67.0,56.0,59.0,0.9172538059537659,-0.367734591613602,0.1530252449568661,13.685415368484312,0.1835621135826003,0.049322139778392754,-0.9817699715232535,11.91128753086921,-0.35348324701521583,-0.9286218803466018,-0.11274305930354146,10.968741999439516,72.70544508532942,60.0276185850055,56.20659238091946,20.381217109412,5.8385490184019435,77500.0,245304.38299387717, 0.0, 0.0,0.0,NaN, 161.09594738394566,161.09594738394566,0.0, 177.39160025904843, -22.39659283313224, 5.514695232466168, -22.39659283313224, 129.42301702576475, -4.813256134859529, 5.514695232466168, -4.813256134859529, 142.66804821644212, 5.805647401655874, 4.272548604439948, 31.0, 0.0
34, 0 ,1.0,1.0,1.0,273.5903133448162,65.50765966669329,239.4846863700138,13.712303189629395,13.053833319118791,11.900550351722543,58.0,71.0,57.0,-0.9484501608511174,0.3105502179860641,-0.06325230818157791,13.816363224858588,-0.26890829206533334,-0.8941793212003477,-0.3579548463091266,13.12604964947443,-0.1677218615446259,-0.32249326139703,0.9315940497413623,11.699053363407115,65.0312993270567,62.60847357641882,60.27577149623863,21.442478983956853,6.346102487685939,87667.0,245413.42964446926, 0.0, 0.0,0.0,NaN, 93.00982855573868,93.00982855573868,0.0, 188.02725876432046, -7.394217840362477, 6.650929034476121, -7.394217840362477, 170.4025643233359, 10.277596280271363, 6.650929034476121, 10.277596280271363, 141.62309867388356, 5.521916432849303, 4.201626957721171, 33.0, 0.0
35, 0 ,1.0,1.0,1.0,131.47301790441776,276.1320058719464,59.018004792913516,12.829803084670472,12.135503713735186,12.188673907998579,63.0,53.0,69.0,-0.8804871750161405,0.03398169802868534,0.472850482532463,13.117750205175405,-0.28297525132220647,0.7625741387262301,-0.5817264735982728,12.759269958338557,-0.3803516028245838,-0.6460076835030951,-0.6618207696074024,11.205522250117824,63.59199176495523,67.8434123285089,60.794933963945,20.621216340693106,5.933254237208351,79701.0,262287.4448727489, 0.0, 0.0,0.0,NaN, 146.07518772991023,146.07518772991023,0.0, 164.60384719141993, -9.426627286638539, -13.23515113603157, -9.426627286638539, 147.27045038608048, -15.770547777647058, -13.23515113603157, -15.770547777647058, 148.56377163552534, 6.2542741222708615, 4.2891778231399895, 23.0, 0.0
36, 0 ,1.0,1.0,1.0,36.078105472171934,176.45869298604217,209.18341412135723,12.240092031158309,13.155292697475879,12.843873940478568,66.0,63.0,67.0,0.23778782686636887,0.8138479405298864,0.5301966419069737,13.555139165784405,-0.40573114846304814,-0.4127269049396253,0.8154990724126007,12.593826791041746,-0.8825186596106765,0.40903304467269996,-0.2320620257706015,12.06235489611579,60.10870385719082,65.58671209316796,74.29826235336805,21.208957246307175,6.166588133700967,85615.0,292908.4361048441, 0.0, -2.8421709430404007E-14,0.0,35.52639237814251, 157.5174165095119,157.5174165095119,0.0, 149.8198529312251, 9.594950884802294, 0.48546995001442883, 9.594950884802294, 173.0617259562622, 12.090593284356546, 0.48546995001442883, 12.090593284356546, 164.96509779890448, 5.570010150268396, 4.214694737380255, 41.0, 0.0
37, 0 ,1.0,1.0,1.0,200.6213576428455,175.46013940479185,193.59736877155078,12.481962512666179,10.689066194568246,11.744559894319096,63.0,53.0,56.0,0.9204182944311646,0.2762119782636811,0.2766534047144355,12.711577480283102,-0.28206751732202856,-0.020771908411116216,0.9591696635594493,11.66494448172077,-0.27068076944661673,0.9608722448299893,-0.05879158245160271,10.504050627821899,64.26330113469865,56.50359633127778,50.97084445906724,19.43422000925812,5.5046620261790205,67573.0,185080.6220307204, 0.0, 0.0,0.0,NaN, 191.592827021688,191.592827021688,0.0, 155.79938816760378, 13.179881414337142, 6.087065505289143, 13.179881414337142, 114.25613611186168, 3.4034453522290047, 6.087065505289143, 3.4034453522290047, 137.9346871112486, 5.941341256134931, 4.198828868246604, 34.0, 0.0
38, 0 ,1.0,1.0,1.0,162.9547144226498,9.656559044256891,224.05760643396536,14.035134381990503,6.525357655285954,12.313819141893235,71.0,27.0,66.0,0.906704887772622,-0.019782673977404033,0.4213014268899885,14.467239707290155,0.4209914643339714,0.10294529476001724,-0.9012038910505831,11.850256457349465,0.0255427768101843,-0.9944902775276774,-0.10166933881828978,6.43939660651846,74.13671378341877,61.36010297090054,29.445561822592243,18.600731075635924,6.7237069359902675,42773.0,133948.932304281, -2.8421709430404007E-14, 0.0,0.0,24.94610935911245, 156.9774078397627,156.9774078397627,0.0, 196.98499712053192, 1.2784877111431239, 26.566001535141186, 1.2784877111431239, 42.580292529399, -10.580056612466876, 26.566001535141186, -10.580056612466876, 151.63014185925627, 6.536010500713648, 4.296872001370891, 16.0, 0.0
39, 0 ,1.0,1.0,1.0,104.0209126313469,229.4220589315894,156.78630318171798,12.087918094206204,10.927005748095015,11.997378675268685,59.0,52.0,59.0,-0.8248734915943112,0.5398352664217354,0.16781420676564585,12.853559366314878,-0.19079275526658618,0.013589044526462257,-0.9815362766635995,11.987268277851584,-0.5321483321432041,-0.8416609905396776,0.09178741526470141,10.027249094360984,59.917706928271954,59.77725461034274,54.022769369111046,19.472745667654536,5.501498860468665,68045.0,193494.21864100956, 0.0, 0.0,0.0,NaN, 190.55644567023478,190.55644567023478,0.0, 146.11776385223774, -28.908378130055873, -0.8712456378511927, -28.908378130055873, 119.39945461890149, 5.2829033569587285, -0.8712456378511927, 5.2829033569587285, 143.93709507779178, 5.9375541560470655, 4.14462033563229, 23.0, 0.0
40, 0 ,1.0,1.0,1.0,51.92893020976546,20.371316172767244,165.60531151736248,12.40951346573244,11.485139673776358,12.2450260967101,61.0,49.0,59.0,0.5909841052294428,0.23666714148382634,-0.7711850954913679,12.664211748428128,-0.7452986530728132,0.5259756166557877,-0.40973109280528625,12.485321795656828,-0.3086546696455533,-0.8169077762057588,-0.487230930956314,10.935245874754235,64.55585535894838,61.78113219855602,59.70023988835695,20.064818485161396,5.766123572119976,73463.0,238104.48665193687, 0.0, 0.0,0.0,NaN, 145.51129374617878,145.51129374617878,0.0, 153.99602445619476, -8.524432139471426, -7.510020943438905, -8.524432139471426, 131.90843332615168, -15.270812348673378, -7.510020943438905, -15.270812348673378, 149.9406641091114, 5.5675526749936335, 4.064974659596977, 24.0, 0.0
41, 0 ,1.0,1.0,1.0,186.82293657688967,65.79708948740226,63.00726904141327,11.725550916141762,11.112433592612605,12.54953137682473,58.0,57.0,61.0,-0.5513877555679401,-0.14381412237570326,0.8217597223124624,13.038110380287995,0.5695349693180446,0.654875775942514,0.4967571205403941,11.755457388681691,0.6095912251120772,-0.7419266919911939,0.2791833124980085,10.501540920716439,65.98844903838457,57.18329092030166,55.28162111280364,19.663907109270852,5.638813670721692,69060.0,208601.69676734073, 0.0, 0.0,0.0,NaN, 145.28668425615953,145.28668425615953,0.0, 137.4885442870329, 15.14397350495158, -19.159211036223123, 15.14397350495158, 123.48618035022511, 2.0224422397526483, -19.159211036223123, 2.0224422397526483, 157.49073777790838, 5.33809704760555, 3.9346243625231763, 32.0, 0.0
42, 0 ,1.0,1.0,1.0,92.19190107351542,158.62174208452237,106.50721565430085,11.302145668502506,11.571307611525434,13.221423105081758,57.0,56.0,61.0,-0.06409083166242341,0.16986933358760584,0.9833802798527749,13.253998138426125,0.6661827156564135,-0.7264116930417166,0.1688983172589737,12.511877471497074,-0.7430295785885412,-0.6659357789747967,0.06660768441978371,10.20902252720734,61.472328770085,57.95265095781516,53.34793778653153,20.092125582140625,5.722427375482488,73590.0,190051.19681830477, 0.0, 0.0,0.0,NaN, 199.5769160529241,199.5769160529241,0.0, 127.73849671204995, -26.09808726345468, 1.3844014204370325, -26.09808726345468, 133.89515984054646, 5.515013656109939, 1.3844014204370325, 5.515013656109939, 174.80602892358976, 6.1904770569307095, 4.294559170911208, 28.0, 0.0
43, 0 ,1.0,1.0,1.0,84.22511137376125,207.98742742846753,190.7192472042913,13.865492124486515,12.311662124656282,10.38757534526162,64.0,60.0,52.0,-0.9718625665251758,0.23554634381049852,-0.0010352316673934272,13.95651952044951,0.22860201572395022,0.9421326200338179,-0.24520857382065941,12.323007635726345,-0.05678265751129968,-0.23854568993323153,-0.9694697951046402,10.251324956537216,64.53810398903792,59.0558475293079,55.12239586918207,20.43145265386446,5.855455587080627,76993.0,210090.87738870582, 1.4210854715202004E-14, 0.0,2.8421709430404007E-14,71.97557259473773, 165.83867410453695,165.83867410453695,0.0, 192.25187185419756, -10.460471629761159, -2.5312819677733875, -10.460471629761159, 151.57702427169605, -10.82590324712962, -2.5312819677733875, -10.82590324712962, 107.90172155348705, 5.65906754942331, 4.100001790185068, 21.0, 0.0
44, 0 ,1.0,1.0,1.0,24.700836547239767,11.787099659046447,265.53958228532036,13.00653819498546,7.513191732071463,14.00473831774019,50.0,33.0,71.0,-0.44038605045043694,0.0648477602318189,0.8954635082244176,14.379528153384864,-0.8909099961409768,-0.15496823641234095,-0.4269241437062718,12.719495251440375,-0.11108332613290683,0.9857888281453414,-0.12601936739678127,7.293448553562349,77.24342491906947,70.08377903767895,35.40613573368027,19.46634021511272,6.543116978808731,53673.0,191671.50965714589, 0.0, 0.0,0.0,NaN, 44.00667487524994,44.00667487524994,0.0, 169.17003581761563, 10.60655188316858, -19.26005491112125, 10.60655188316858, 56.448050002866985, 16.102356990933284, -19.26005491112125, 16.102356990933284, 196.1326953483803, 5.826343752175462, 4.203818800285826, 23.0, 0.0
45, 0 ,1.0,1.0,1.0,287.3674604941019,78.75335707396691,284.97395949254394,8.03573501191674,10.326578215541483,8.54059429170719,36.0,51.0,36.0,0.0927678299475222,0.9703196218834402,-0.22332478840201642,10.412320463091456,-0.5796916712835795,0.2349928341678107,0.7802153126760784,8.90399246788408,0.8095379521500389,0.05708063837902975,0.5842859785678278,7.513687935011178,49.747414632964436,49.51115630470585,38.41582489197742,14.891479002664527,4.732531964200917,26958.0,94620.17516344953, 0.0, 0.0,0.0,NaN, 81.16313324483919,81.16313324483919,0.0, 64.57303718174454, 1.567855361127813, -11.400142545186702, 1.567855361127813, 106.63821764169592, -7.07478831271149, -11.400142545186702, -7.07478831271149, 72.94175085554146, 6.714241845602761, 4.484137430700401, 9.0, 0.0
46, 0 ,1.0,1.0,1.0,121.54263106720163,236.93009376711333,78.29120332599439,11.772994621984099,12.518234288752607,14.179683658643492,61.0,62.0,66.0,0.13718419322090483,0.32796474234836326,0.9346762139407961,14.451595511913077,0.14096460456606089,-0.9404574565118133,0.30930365783621766,12.269596278698504,-0.9804639092745147,-0.08932469013493065,0.17524731764690452,11.703905974262218,67.48651593103745,59.23010063798128,59.76488495344344,21.423397619150208,6.116457732082522,89477.0,238894.1781645961, 0.0, 0.0,0.0,NaN, 157.73375275189264,157.73375275189264,NaN, 138.60340236926652, 1.4355438528934812, 9.806310056360804, 1.4355438528934812, 156.7061897081015, 18.08534569558771, 9.806310056360804, 18.08534569558771, 201.0634286592013, 6.0390626184242375, 4.220690006564593, 38.0, 0.0
47, 0 ,1.0,1.0,1.0,23.628249940148432,188.19677998563563,121.77869284175246,12.568268415405273,12.560829312267225,12.474880901171835,52.0,61.0,63.0,-0.5781619272669668,-0.5212891880472043,0.6276833344004229,13.802382742258041,0.6204464332568896,-0.7804893446420376,-0.07669815094933188,12.167853429917637,0.529882071142014,0.3450999352728555,0.7746812411288403,11.523716024627909,70.96509778015245,63.79221284937405,58.972324944548774,20.886222125685688,5.926565851197194,83540.0,266968.93117886386, 0.0, 0.0,-1.4210854715202004E-14,51.120590786506625, 166.99791684646962,166.99791684646962,0.0, 157.96137096167377, 10.003126636747673, -21.669223307475725, 10.003126636747673, 157.77443301191155, -17.969355178663918, -21.669223307475725, -17.969355178663918, 155.6226534984218, 5.970499383297682, 4.2867434060678455, 22.0, 0.0
48, 0 ,1.0,1.0,1.0,216.7156592483023,135.66446581052915,206.219296712163,12.589963555993059,12.823067482097748,11.097952482645509,69.0,61.0,59.0,0.583844692615748,0.7203528914393572,0.37445572061243804,14.184694878704848,-0.8116069507804645,0.5295058460408105,0.24681514632097204,11.68088234781511,-0.020482488844370053,-0.4480125788452409,0.8937925916269263,10.41413510922868,63.806759541228985,58.688628022076855,54.882576186310786,20.278543957953527,5.906220978260592,74365.0,205520.4940645831, 2.8421709430404007E-14, 0.0,0.0,54.27858529268249, 184.7591648802907,184.7591648802907,0.0, 158.5071823412334, 26.980624346986414, 14.671041874251266, 26.980624346986414, 164.43105965043267, 28.676634055831176, 14.671041874251266, 28.676634055831176, 123.1645493070576, 5.713116516654897, 3.8855653689389964, 30.0, 0.0
49, 0 ,1.0,1.0,1.0,125.54500394445023,91.82712888677194,213.12829138323684,12.689780289734601,10.364238804855038,12.13425170946156,62.0,51.0,65.0,0.7563630959432966,0.12842266589523493,0.6414222368919189,13.586090764570963,-0.6075327170522627,0.5014402972827976,0.616004566518817,11.612453017305327,0.2425260085148955,0.855608115404068,-0.45729190682597065,9.811070635363231,67.21779651719504,57.90494286463368,52.81306761017092,19.589457553458985,5.651653485100239,67183.0,205561.27511767944, 0.0, 1.4210854715202004E-14,0.0,82.6215462884022, 178.1585343815885,178.1585343815885,0.0, 161.0305238017368, -3.1773562387680463, 28.407820594536997, -3.1773562387680463, 107.41744600406298, 19.1962397648945, 28.407820594536997, 19.1962397648945, 147.2400645485708, 6.185664386659519, 4.207991195029829, 37.0, 0.0
