// Sample: .//bubblelabels.tif, Map: .//bubblelabels.tif, Thickness:(8.191250068658265):/afs/psi.ch/project/tipl/test/LabelValidation/Step4900//distmap.tif, Neighbors:(1.0):
//LACUNA_NUMBER, TRIANGLES, SCALE_X, SCALE_Y, SCALE_Z, POS_X, POS_Y, POS_Z , STD_X, STD_Y, STD_Z,PROJ_X, PROJ_Y, PROJ_Z, PCA1_X, PCA1_Y, PCA1_Z, PCA1_S, PCA2_X, PCA2_Y, PCA2_Z, PCA2_S, PCA3_X, PCA3_Y, PCA3_Z, PCA3_S,PROJ_PCA1, PROJ_PCA2, PROJ_PCA3,OBJ_RADIUS, OBJ_RADIUS_STD, VOLUME, VOLUME_BOX, Mask_Grad_X,Mask_Grad_Y,Mask_Grad_Z,Mask_Angle, Mask_Distance_Mean,Mask_Distance_COV, Mask_Distance_STD, SHAPET_XX, SHAPET_XY, SHAPET_XZ, SHAPET_YX, SHAPET_YY, SHAPET_YZ, SHAPET_ZX, SHAPET_ZY, SHAPET_ZZ, Thickness, Thickness_STD, Neighbors, Neighbors_STD
1, 0 ,1.0,1.0,1.0,90.99625635881637,277.18112774951635,16.655271548327004,19.718388976388646,13.734535511608675,10.713397531237622,84.0,57.0,53.0,-0.9893408751390087,-0.14214153292945642,0.03162937551778229,19.83986577467775,0.12045335614564656,-0.9208862710022967,-0.37075526277146026,14.047303972541767,0.08182677906670062,-0.3629934716988017,0.9281918539459504,10.063905472127418,84.36039726453784,71.66650132777866,53.548478003475736,24.929590188748577,8.410989788796252,111656.0,323744.16597498395, 0.0, 0.0,0.0,NaN, 95.28073085599118,95.28073085599118,0.0, 388.81486382416523, 30.456829112625098, -13.437138142981935, 30.456829112625098, 188.63746571963975, 31.477554168219125, -13.437138142981935, 31.477554168219125, 114.77688666232835, 8.187935536729578, 6.133553783242835, 15.0, 0.0
2, 0 ,1.0,1.0,1.0,29.42331659904848,167.0426286448148,17.37919938122063,16.481607272600865,18.205636685159014,11.210002677068777,66.0,85.0,48.0,0.11989001584476112,0.9846002498559828,0.12723494836042532,18.323511792984554,-0.9924403786288329,0.12224700800899178,-0.01085190766216838,16.456375568822516,0.026238882746825613,0.12497206494407732,-0.9918132404922875,11.053929804841545,83.09157115853475,70.91397651820228,53.013295567762,25.766005485001457,8.05392492931075,137044.0,312373.0896660756, 0.0, 0.0,0.0,NaN, 137.27866086359046,137.27866086359046,0.0, 271.6433782882498, 7.17826380161378, 4.8583630534519395, 7.17826380161378, 331.4452071120077, 26.556899369655827, 4.8583630534519395, 26.556899369655827, 125.66416001988915, 7.901639796021241, 5.72193335394811, 16.0, 0.0
3, 0 ,1.0,1.0,1.0,134.44784860868887,188.79795403076764,18.677382408829423,17.45510376379645,13.963263913955982,11.548005650390259,77.0,65.0,48.0,-0.9598433529182189,0.27617275581864703,0.049288404338599094,17.772366921153854,-0.23565292574929014,-0.8890610917438644,0.39247684483674594,13.989568387831927,0.1522118144051596,0.36510133400296085,0.918440297169472,11.020198336653552,74.9433266441354,72.78025188533692,54.95785403892387,24.047463607903083,7.397926402965089,115251.0,299761.7997804514, 0.0, 0.0,0.0,NaN, 175.4735411305472,175.4735411305472,0.0, 304.6806474049011, -35.976420137768415, -16.065961189332114, -35.976420137768415, 194.97273913078536, -23.266752333845027, -16.065961189332114, -23.266752333845027, 133.35643450144534, 6.948270384016078, 5.09653212527284, 18.0, 0.0
4, 0 ,1.0,1.0,1.0,207.81108237514417,54.74817973182353,103.57522221833898,15.22488486745046,19.758400671736123,14.866073073094208,80.0,94.0,88.0,0.2344615434891089,-0.9679197042474111,0.09032846037827119,20.055192823080926,0.7360566497556922,0.11606052578015319,-0.666896215843261,15.165688898860044,0.635018419398313,0.22284838003727683,0.7396554647534421,14.525245815427624,100.85304234583003,81.61169215753912,79.68977677834553,27.650826961814996,8.866984452122567,171678.0,655909.6142083656, 0.0, 0.0,0.0,NaN, 149.07711552873835,149.07711552873835,0.0, 231.797119227122, -41.77284385161695, -5.2841995933817065, -41.77284385161695, 390.3943971048625, -18.190991233919167, -5.2841995933817065, -18.190991233919167, 221.00012861457665, 6.106772359846969, 4.656665220573059, 39.0, 0.0
5, 0 ,1.0,1.0,1.0,147.82174055215583,65.78147334983883,174.2734886452362,17.817830221395276,15.764211618281273,14.53586297782892,100.0,85.0,75.0,-0.951174562038648,0.14554267210128718,0.27218428155976165,18.220926497115236,-0.00589333224631569,0.8731196709639464,-0.4874703158253288,16.303132261108725,-0.30859718269229397,-0.46527343656545517,-0.82963148931375,13.397106789085418,103.95734637341721,85.60348473442978,65.10830131611621,26.50368179470404,8.650526318068023,149849.0,579406.0078108979, 0.0, 0.0,0.0,NaN, 204.9039405999406,204.9039405999406,0.0, 317.4750737984669, -21.558404019240044, -39.23859733003527, -21.558404019240044, 248.51036794595427, -30.693126686351377, -39.23859733003527, -30.693126686351377, 211.2913125102174, 6.94478440189186, 4.815289190622059, 45.0, 0.0
6, 0 ,1.0,1.0,1.0,135.64703882584638,101.16064897308449,285.0217692019132,16.582973270355353,16.41596331251727,8.8208689879794,96.0,76.0,38.0,0.7126998118599945,0.6970219587435099,0.07886296471785526,19.260489073419727,0.7014624149269999,-0.7086675190767825,-0.07576825093889601,13.2637798604849,-0.0030754868736433405,-0.10931942386840171,0.9940019139546822,8.682873264743916,93.55456085128301,72.74778092381598,40.45109766684513,23.403547066942313,8.634846168388998,85304.0,275305.587499252, 0.0, 0.0,0.0,NaN, 169.8762592027416,169.8762592027416,NaN, 274.99500248532013, 96.8550124253327, 11.269605750028173, 96.8550124253327, 269.48385147791294, 21.64568689460033, 11.269605750028173, 21.64568689460033, 77.80772970309673, 6.833871384974474, 5.053648801980416, 16.0, 0.0
7, 0 ,1.0,1.0,1.0,136.85064227362068,15.70171304015724,163.01333917077307,20.04728632578339,10.895949470162241,13.670624809308334,101.0,46.0,71.0,-0.9847078345322338,0.17247555895611238,0.02454917867497158,20.274679153513883,-0.006329707891416035,0.10540060578270674,-0.9944096978100364,13.69604252715345,0.17409886676497494,0.979358409298361,0.10269708237207381,10.433464950706492,99.92255699081137,70.12302245983325,49.693427367096085,24.925948239225104,9.284314241589371,107353.0,348195.47029755625, 0.0, 0.0,0.0,NaN, 194.26782370799236,194.26782370799236,0.0, 401.8936890279417, -51.37849648462669, -6.809927246894143, -51.37849648462669, 118.72171485632882, -6.971634263350982, -6.809927246894143, -6.971634263350982, 186.88598267687652, 6.596129240344729, 4.889145996103463, 25.0, 0.0
8, 0 ,1.0,1.0,1.0,25.145476054856942,141.04513867589714,87.25580335626341,14.78566847384608,13.666689230397465,14.177107180211479,58.0,69.0,66.0,-0.7140833299764578,0.5096481443507096,0.47994142018543384,15.918165827723298,0.5951691438018781,0.08100426233671963,0.7995073481522378,13.777755649477394,-0.3685901356735864,-0.8565611936360191,0.36117064310511937,12.773809168855927,87.06843760456167,74.80933097510848,63.281561526320885,23.593955277540235,7.050533958458773,114115.0,412186.4485629811, 0.0, 0.0,0.0,NaN, 167.74862541754356,167.74862541754356,1.9073486328125E-6, 218.61599221848587, -31.54794152529108, -18.23506630607081, -31.54794152529108, 186.77839452026203, 23.79374628148763, -18.23506630607081, 23.79374628148763, 200.99036799920387, 6.30746475641532, 4.449956321054459, 24.0, 0.0
9, 0 ,1.0,1.0,1.0,120.86953715744353,110.71792130231663,89.9870249963878,16.118950808593894,12.727875747785491,12.236556274963709,83.0,65.0,64.0,-0.9746684519424927,-0.18655120243116477,0.12336959779261628,16.298192587099393,0.11818898329687468,-0.8979088462702698,-0.4240177685154763,12.6832989013417,0.18987567778753672,-0.39869581470223603,0.8972117221278625,12.043901073337167,86.3407118715244,71.8144546167659,63.03067800674286,22.871670852078577,6.959840380750863,103815.0,390822.4207818281, 0.0, -1.4210854715202004E-14,0.0,79.24841567020658, 186.99082271026333,186.99082271026333,0.0, 259.8205751698697, 20.245855860122056, -15.290870620323918, 20.245855860122056, 161.9988210510661, 3.244512257325237, -15.290870620323918, 3.244512257325237, 149.73330947035373, 5.780051344931082, 4.463700094322782, 29.0, 0.0
10, 0 ,1.0,1.0,1.0,26.282982491995366,195.42323046529054,141.36420737107431,13.71493924473203,18.94404012716914,14.742481608809964,70.0,96.0,74.0,0.08381866665484312,-0.9470579283970325,0.3099285585107092,19.368965894323328,-0.6178825426164007,-0.29340862455889016,-0.7294741548295949,15.111510454430531,-0.7817899939562386,0.13035589474504794,0.609763680498537,12.6807882555763,102.04186278206316,83.66978518782389,72.22147277225935,26.303743243031178,8.510585774041685,146790.0,616613.9880462759, -3.552713678800501E-15, 0.0,0.0,85.19190297264568, 177.7946428344858,177.7946428344858,0.0, 188.0995584866908, -4.768448602068909, 36.017638735697425, -4.768448602068909, 358.87665633979447, -48.4582379394737, 36.017638735697425, -48.4582379394737, 217.3407639861, 5.8312178425776615, 4.4429849007879, 27.0, 0.0
11, 0 ,1.0,1.0,1.0,265.3810158501441,74.6567363112392,285.2284101825168,18.87693186163728,13.95211040442915,8.377831135386861,74.0,66.0,35.0,-0.9859908134634235,-0.16388593958290595,0.03104053112890702,19.006252081037708,-0.16333979288034514,0.9863791427541393,0.019398422652780935,13.787251671600062,0.0337968612084418,-0.014056512605831212,0.9993298687749802,8.358353244230933,80.89192635853061,70.03405093425363,36.62061162479995,23.47047971389562,8.3859750642889,83280.0,207462.696798016, 0.0, 0.0,0.0,NaN, 83.60802716216817,83.60802716216817,9.5367431640625E-7, 356.3385565088967, 27.713137609366854, -9.298687361929012, 27.713137609366854, 194.66138473738016, 0.8181743742507559, -9.298687361929012, 0.8181743742507559, 70.18805453305751, 5.706023972966385, 4.655575438788739, 13.0, 0.0
12, 0 ,1.0,1.0,1.0,228.54449972976437,53.62468449293208,25.462091790965772,18.484171923166937,16.704369033557846,15.273382968288958,84.0,90.0,64.0,0.8295149927414012,0.5309162319462094,0.17329983114034425,19.57689082250956,-0.5272974485878984,0.6422895393896109,0.5562567287713239,15.935762095426027,0.18401705771456728,-0.5528038551301171,0.8127395771237883,14.723233882269957,100.03476095707,84.05774839734217,72.37079118151132,27.8803361896245,8.755777392307875,179473.0,608544.0378706697, 0.0, 0.0,0.0,NaN, 92.89678909525195,92.89678909525195,0.0, 341.66461168519294, 60.728438022973705, 13.028578136606209, 60.728438022973705, 279.0359448092863, 28.599304858935575, 13.028578136606209, 28.599304858935575, 233.27622729601921, 6.431639418371678, 4.457304163047687, 25.0, 0.0
13, 0 ,1.0,1.0,1.0,285.3587908751843,162.82387891404284,63.8628024980484,9.140239916736867,18.82327993407043,13.801890904684905,37.0,83.0,67.0,0.0032884866773749306,-0.977869914479921,0.2091879925100993,19.03036229936461,-0.13781695299279018,-0.20763614437366062,-0.968449130836217,13.587247396888195,-0.9904522569630279,0.025644919665950245,0.13544986073145723,9.032389755064235,82.56104792638996,70.13579838778645,40.20781232859929,23.68772939963003,8.200214731748616,92232.0,232822.73465605977, 0.0, 2.8421709430404007E-14,7.105427357601002E-15,32.85265136243134, 152.0200998017384,152.0200998017384,0.0, 83.54398573550996, 2.046027398045087, 13.94418574610294, 2.046027398045087, 354.31586747637857, -36.6755099772335, 13.94418574610294, -36.6755099772335, 190.49219254482392, 6.178596383554416, 4.542772033133582, 18.0, 0.0
14, 0 ,1.0,1.0,1.0,196.27086891323364,51.7300891406673,284.4409130670221,11.924661899897036,24.934568262294967,8.872708296884129,63.0,111.0,39.0,-0.12182271262243914,0.9922173512319501,0.025767316576701844,25.087597390719505,0.9830485501273176,0.12419949125095198,-0.13487043584708736,11.660908134464378,-0.13702107422542426,0.008900240853935523,-0.9905281474702539,8.79152358901723,112.88880190837673,67.23740956180107,44.417566370807094,26.739655934007548,11.298053323751732,96028.0,337144.90194649337, -2.8421709430404007E-14, 0.0,0.0,83.00269180363567, 116.95221222663943,116.95221222663943,0.0, 142.19756142685597, -59.569264679446704, -9.513877096121083, -59.569264679446704, 621.7326944270474, 13.132295015872037, -9.513877096121083, 13.132295015872037, 78.72495252159645, 6.1577072313691845, 4.335702277112333, 21.0, 0.0
15, 0 ,1.0,1.0,1.0,126.40456894037251,136.35045210217092,14.703050127088629,16.95521265502459,16.399250437659155,9.424887521954242,75.0,71.0,42.0,0.7287152778964188,0.6780201981266839,0.09624268643692768,19.61246020995639,0.6815095246490935,-0.7042033566952179,-0.19910399351031013,13.35588223215517,-0.06722210628142478,0.21068042944573467,-0.9752409676975478,9.06724711306237,90.38244071083287,76.4556537501685,43.22352070359132,24.00557684743795,8.305145159324725,95996.0,298685.2730868437, -1.4210854715202004E-14, 0.0,0.0,43.221200877780035, 186.50935772906269,186.50935772906269,NaN, 287.4792361771059, 103.27606870815495, 8.16203427449326, 103.27606870815495, 268.935414917064, 33.218363136219224, 8.16203427449326, 33.218363136219224, 88.82850480148876, 6.568659620070895, 4.521030313258516, 19.0, 0.0
16, 0 ,1.0,1.0,1.0,117.11471455373895,237.88769766818547,237.42471349788423,17.062307558441425,16.940315207925657,12.345632150119899,85.0,89.0,63.0,-0.8390222351964564,0.39680885913265573,-0.3722692817837418,17.723788379317366,0.44582614281792127,0.8935897413071188,-0.05231084601467894,17.044180596650833,-0.31189860407837183,0.20985734093549707,0.9266494252032135,11.219379885837046,90.8218232123826,85.33469865891053,64.021764482538,25.64042731714666,8.5486688287088,123123.0,496184.866835061, 0.0, 0.0,0.0,NaN, 146.5928407078066,146.5928407078066,0.0, 291.12233921884734, 2.909002851900452, 54.961561581149674, 2.909002851900452, 286.97427934387736, -35.50497052918337, 54.961561581149674, -35.50497052918337, 152.41463318607407, 6.534605436929606, 4.596133681875278, 30.0, 0.0
17, 0 ,1.0,1.0,1.0,86.05193188693923,164.83561241248162,13.807658397441438,12.195172832384301,12.880659186452485,8.801617818710632,52.0,63.0,36.0,-0.32896466611750963,0.9426126587950866,0.05712813602291938,13.001716406118806,-0.937514588258345,-0.31872669677111554,-0.13956965847976915,12.136165069959407,-0.11335186477946137,-0.09947194702342615,0.9885629400834262,8.704651952000717,66.49567444371888,55.48337788401582,38.852335131558014,18.959506218012308,5.713074626239378,57845.0,143341.98522998695, 0.0, 0.0,0.0,NaN, 160.82598696667077,160.82598696667077,0.0, 148.72224041172416, -7.553257493077993, 7.6048023886953295, -7.553257493077993, 165.91138107754279, 8.204097565930814, 7.6048023886953295, 8.204097565930814, 77.4684762266445, 6.943054622695609, 4.82067832271547, 8.0, 0.0
18, 0 ,1.0,1.0,1.0,32.779316122802534,269.03336315355995,230.19743830053108,18.83893357060537,15.37575201910412,15.011619621612093,84.0,69.0,70.0,-0.7581439635735007,0.4819243137755823,0.439279735805098,21.979254389463453,-0.6501100260634743,-0.5061871701025092,-0.5666846590788935,13.484022653617554,-0.05074134910318512,-0.7152087140237791,0.6970665756408355,12.319147756830246,102.2188588808014,71.18755539801901,72.60602181745895,26.93288739271025,9.55444758142683,140844.0,528333.0143405444, 0.0, 0.0,0.0,NaN, 83.10122612131597,83.10122612131597,0.0, 354.90541807768193, -111.16477099813203, -99.27059173797207, -111.16477099813203, 236.4137501529844, 78.76356278880039, -99.27059173797207, 78.76356278880039, 225.3487236639692, 6.982438089645802, 5.067443907441982, 21.0, 0.0
19, 0 ,1.0,1.0,1.0,262.83735716410837,256.1623893951582,221.3847671100043,13.618082266730129,12.643495702366504,12.736928143874154,68.0,64.0,67.0,-0.5597190651440506,-0.6511762442423639,0.5125271378655762,14.035281794602897,-0.7970352651777266,0.2537390771148676,-0.548043124952741,13.58602172084878,0.22682450083123856,-0.7152523887966434,-0.6610330295403966,11.22365205662207,67.23798467771735,63.81289474769471,51.471052729894694,21.623549405257105,6.321518635574252,90751.0,220844.29500605032, 0.0, 0.0,0.0,NaN, 97.38148165045575,97.38148165045575,NaN, 185.45216462342958, 14.03146926725358, 5.2280102978883, 14.03146926725358, 159.85798357576027, -31.852445845226587, 5.2280102978883, -31.852445845226587, 162.2293385422135, 5.708054505628738, 4.2613123090736265, 21.0, 0.0
20, 0 ,1.0,1.0,1.0,190.61664033218196,219.93597045638273,29.574097890791503,14.66501360993731,13.133593196367121,15.056813577237602,72.0,58.0,66.0,-0.8089339346900899,-0.48996178022469505,-0.3249051295776304,16.031198527223196,0.15257010063864473,0.35875950666898865,-0.9208767456971306,15.109168795097707,0.5677572136907844,-0.794499257579056,-0.21545922121924932,11.356725832254481,81.27493643727951,77.49917215652388,57.83307292152079,23.679970482021062,7.315772515439458,108856.0,364275.5065609993, 0.0, 0.0,0.0,NaN, 138.74291140463566,138.74291140463566,0.0, 215.06262417964652, 56.17785866755574, 19.695034532598793, 56.17785866755574, 172.49127024766074, -12.429655119618406, 19.695034532598793, -12.429655119618406, 226.70763509968657, 5.918397419778857, 4.283940673451608, 22.0, 0.0
21, 0 ,1.0,1.0,1.0,285.81103636303186,76.3785589998781,34.03347039200257,8.611613319337684,13.759737523326981,19.74642273149229,36.0,77.0,78.0,0.09542411359392552,-0.05667071963625135,0.9938222517536638,19.84362389241974,0.188822204328195,0.9812825326154468,0.03782547205860842,13.891115800670432,-0.9773640128925636,0.18404624614407294,0.10433870606261339,8.16571882885978,82.16140616420695,79.33550425391816,40.53988772872438,24.118397971551932,8.46843259695818,90229.0,264251.8226678694, 0.0, 0.0,0.0,NaN, 84.81325409929971,84.81325409929971,9.5367431640625E-7, 74.1598839617942, 21.630101529972645, 31.921451752580108, 21.630101529972645, 189.33037671085253, -13.734589191719067, 31.921451752580108, -13.734589191719067, 389.92121069079553, 6.430828338477067, 4.823963293745004, 17.0, 0.0
22, 0 ,1.0,1.0,1.0,58.50525958998574,237.45099230931064,59.16595759601674,12.547990176595981,12.111258317204776,14.389991811223329,67.0,62.0,68.0,0.2943738863833543,-0.4054038522628225,0.8654430839668334,15.005466464200346,0.819409250126491,-0.35898431358061017,-0.44687665346289945,12.650946883099405,-0.4918460082410979,-0.8407008856742819,-0.22651605904168523,11.224794830100098,73.5139425911533,68.59182893149608,63.76023911913791,21.59583257814656,6.695260643299253,85558.0,321508.18591654906, 0.0, 0.0,0.0,NaN, 104.09540960597246,104.09540960597246,1.9073486328125E-6, 157.45205747194922, -21.850849091133497, 12.796007609829598, -21.850849091133497, 146.68257802606186, -29.331057759646935, 12.796007609829598, -29.331057759646935, 207.07186432707445, 5.7969501094393685, 4.196100050238745, 24.0, 0.0
23, 0 ,1.0,1.0,1.0,125.23472041612484,63.46302015604682,248.8933138274816,15.443616291589047,12.634063111724757,14.016377403405867,78.0,60.0,67.0,-0.8530403899242063,-0.13060041773482106,0.5052381854585501,16.350812391705958,0.3468760970369072,0.5814178566498663,0.7359553310311147,13.505985952489855,0.38987057655380947,-0.8030546723954515,0.4506707519702537,12.034240647833458,76.04397988958273,70.67555931874045,66.68760670332995,23.367946647291262,6.965826575284737,110736.0,358409.2619649922, 0.0, 0.0,0.0,NaN, 149.409449154222,149.409449154222,0.0, 238.50528416183462, 21.231209183138404, -43.21151218216184, 21.231209183138404, 159.61955071104424, 7.999314767767761, -43.21151218216184, 7.999314767767761, 196.4588355147066, 5.93735341325412, 4.292518660409725, 26.0, 0.0
24, 0 ,1.0,1.0,1.0,65.89526485161159,261.7806814118609,133.66794708075804,15.708732833282351,13.004356293671567,12.471649326393099,75.0,63.0,63.0,0.8898416927116728,-0.2825747622057735,0.3582363265728017,16.28131123622399,0.4351680779180395,0.7616144379068104,-0.48017933309651395,13.50459453976675,-0.13715139763467055,0.5831766042428694,0.8006837967578788,11.133931808055427,83.40411467680707,65.12137966150516,57.43565308846354,22.813152810779183,7.14000459333007,97885.0,311955.4902517002, 0.0, 0.0,0.0,NaN, 153.85064939736213,153.85064939736213,0.0, 246.76428722744294, -16.124610044088506, 32.77906516291496, -16.124610044088506, 169.11328261275528, -35.646110354705385, 32.77906516291496, -35.646110354705385, 155.5420369205214, 5.831097541554393, 4.200397169680699, 24.0, 0.0
25, 0 ,1.0,1.0,1.0,139.98842311459353,205.98892588965066,191.85460006529547,14.456248396097424,15.23783056631304,16.776930632992556,77.0,83.0,85.0,0.24251155724195386,-0.4269022224793034,0.8711731383865748,17.070625369622405,0.5642276590380518,-0.6684267457973138,-0.4846161721189811,15.875857525611877,-0.7891991468447763,-0.6090650030538988,-0.07876883060216074,13.386220408989757,79.42643446254426,79.02451728346132,72.96538168045782,25.79892878768588,7.553494087479952,153150.0,457977.1153569423, 0.0, 0.0,0.0,NaN, 200.32540574906932,200.32540574906932,0.0, 208.9831176896693, -39.093252591561715, 3.7874972635706, -39.093252591561715, 232.19148036766396, -18.13457132412136, 3.7874972635706, -18.13457132412136, 281.46540146424405, 6.845963184949506, 4.84839307397249, 31.0, 0.0
26, 0 ,1.0,1.0,1.0,106.54113900692768,173.03074749306705,169.05305945991543,15.546829252576583,11.214004508244951,13.641939866727288,70.0,52.0,67.0,-0.9525529773459422,0.28517645148768345,-0.10638240863166286,15.962669292717136,0.051324957678509225,-0.19401437487270512,-0.9796551286356098,13.694977886790024,-0.30001428977413813,-0.9386334821748297,0.17017230112939402,10.545192742609768,71.98115131113809,64.58055960623477,53.173789226102514,22.479829115720037,6.943889628666728,94837.0,247182.7743847801, 0.0, 0.0,0.0,NaN, 211.23282562109333,211.23282562109333,3.814697265625E-6, 241.70389980877093, -39.77016313616207, 10.71326579833957, -39.77016313616207, 125.75389711093808, 10.155206075844713, 10.71326579833957, 10.155206075844713, 186.10252332740333, 5.755506841126856, 4.153316959761117, 22.0, 0.0
27, 0 ,1.0,1.0,1.0,69.95012395786479,45.29798006213584,172.61667207129932,13.294501499047524,12.795612857552399,14.453048577334146,63.0,59.0,64.0,0.5465714727102158,0.1719799773637859,0.8195623909168464,15.364800312312907,-0.056976839086123686,-0.968778926699369,0.2412903458304374,12.722653327848487,0.8354718816496097,-0.17857849413960752,-0.5197080492004045,12.305246659431601,76.57354136116422,56.67446146181262,62.83261914568945,22.41042261631351,6.865497057428216,95597.0,272678.752346212, 0.0, 0.0,0.0,NaN, 152.2216774103518,152.2216774103518,0.0, 176.74377010817685, 8.534439040307353, 37.77887687308128, 8.534439040307353, 163.72770840036026, 9.490386511888182, 37.77887687308128, 9.490386511888182, 208.89061317878057, 5.692952105127953, 4.117065925564356, 28.0, 0.0
28, 0 ,1.0,1.0,1.0,222.62784169533072,191.64821294429288,233.033428221247,12.203361372091255,13.103725128885438,15.851416824676678,63.0,63.0,77.0,-0.11901569179589533,-0.40050983517548683,0.9085302070014236,16.504769321371278,0.23504960335657213,-0.9003891135150806,-0.3661299335283117,12.355958975931697,-0.9646693470139199,-0.1699744574670916,-0.2013001111288944,12.1169271605589,82.67061328208477,64.8655578686305,62.03998756062833,22.851519049809323,7.050186770370323,101172.0,332687.91020499327, 0.0, 0.0,2.8421709430404007E-14,24.696979258838223, 149.03382963168795,149.03382963168795,0.0, 148.92202877784894, 4.748344539778926, -14.083119446226728, 4.748344539778926, 171.70761225338367, -43.769741194971054, -14.083119446226728, -43.769741194971054, 251.26741534964285, 5.445486949927225, 4.044449834048301, 34.0, 0.0
29, 0 ,1.0,1.0,1.0,188.17443306774345,242.17784006922162,87.38122363629809,14.26633366640274,14.17979068630302,14.49108247735932,68.0,66.0,75.0,-0.6843980986280368,-0.503341287220354,0.5274910342116585,16.79898246009513,-0.06776278779620794,-0.6764311109454977,-0.7333819991894581,14.097463134777257,-0.72595278578184,0.5376695088289806,-0.4288403573489659,11.560360419257904,83.31726380787461,79.83164717592481,60.13181164848467,23.674873794421885,7.354356693306306,110948.0,399957.99046759255, 0.0, 0.0,0.0,NaN, 153.24437295691428,153.24437295691428,0.0, 203.52827628113624, 54.161970122403055, -50.3985815069524, 54.161970122403055, 201.0664639073659, -7.151655943034329, -50.3985815069524, -7.151655943034329, 209.99147136563033, 5.946654131092145, 4.280437630868065, 29.0, 0.0
30, 0 ,1.0,1.0,1.0,25.10864317875876,258.92650745021587,15.123334725897044,15.624135080758006,15.271431115470405,9.73396963061314,62.0,74.0,37.0,-0.7288490705962408,0.6808964207426702,-0.07182685090421909,17.590502725425587,0.6837200526325096,0.718279991490994,-0.12884387238784994,13.050631817623973,0.03613754168720512,0.14301719492256512,0.989060240853552,9.609141123620027,82.98317338958147,60.727802377933784,42.41359853076186,22.645132455124024,7.699243222285241,86172.0,213738.4842243645, 0.0, 0.0,0.0,NaN, 50.459795934455826,50.459795934455826,6.743495761743046E-7, 244.11359702177296, -69.437670737002, 4.495071952561701, -69.437670737002, 233.21660831455762, -17.83420277097997, 4.495071952561701, -17.83420277097997, 94.75016476969891, 7.351372025900814, 4.84714466117659, 9.0, 0.0
31, 0 ,1.0,1.0,1.0,242.86125616594632,96.17555473432202,117.11653035975384,14.94976938471904,13.851418724478906,14.859431739722782,82.0,66.0,78.0,0.6990915500493758,-0.33374358848353525,0.6323655760679051,16.616208873331956,0.2530866491220469,-0.7116402068151741,-0.6553742168259523,13.752432642083713,-0.6687437122588408,-0.6182098617704097,0.4130356087846132,13.074108614638444,79.63084791740917,65.20677170154865,60.902188942753355,24.19743597444116,7.116474494264222,124474.0,316232.8207222885, 0.0, 0.0,0.0,NaN, 161.95942411263175,161.95942411263175,0.0, 223.49560465628272, -27.814484709564127, 43.473685101411284, -27.814484709564127, 191.86180068084485, -13.708135204310654, 43.473685101411284, -13.708135204310654, 220.80271162748082, 6.332091810975284, 4.198329451247125, 28.0, 0.0
32, 0 ,1.0,1.0,1.0,112.7286742630609,210.915357776258,151.41177016077617,14.026687551852387,12.936165415013077,11.34129293297432,78.0,63.0,56.0,-0.9607181026726594,-0.1843914337995339,0.20741390102497476,14.23003667036023,0.11087860071852601,-0.9401497409346884,-0.32221793948062566,13.054042956228786,0.2544143531716471,-0.2865628443497003,0.9236639395031409,10.946016790163497,82.19571024033758,67.09993412447403,54.30488936312733,21.28939942747692,6.283210702377405,86269.0,299509.2085497563, 0.0, 0.0,0.0,NaN, 206.69370945433587,206.69370945433587,0.0, 196.7479636772907, 9.372460321423379, -18.282600886142646, 9.372460321423379, 167.34437564458045, 12.164146399216905, -18.282600886142646, 12.164146399216905, 128.62492539153325, 6.3072836543894395, 4.283819811955446, 14.0, 0.0
33, 0 ,1.0,1.0,1.0,142.9224333838339,151.56541306478923,93.63339942964085,13.338826092345698,11.73464326223192,14.264423678610068,67.0,55.0,70.0,-0.5186276426172537,0.28001120354374426,0.8078484351679179,15.259660672198315,0.8548912175907843,0.18491464279775535,0.48473454690698947,12.55864658363553,0.013651900945143616,-0.9420192677270258,0.335280964016184,11.336801535410357,73.05838133049892,66.29947947613474,58.50722124197907,21.817933509966732,6.563359981836488,89768.0,283393.33800006413, 0.0, 0.0,0.0,NaN, 226.33351950547174,226.33351950547174,2.6973983046972182E-6, 177.92428152184243, -10.536126780477124, -31.614246053955085, -10.536126780477124, 137.701852491845, 26.218097524163703, -31.614246053955085, 26.218097524163703, 203.47378288289158, 5.472148224011246, 3.9701177205380995, 25.0, 0.0
34, 0 ,1.0,1.0,1.0,177.13179390185604,127.68559433001475,9.268576060524182,13.950370398754027,14.756346982395081,6.2578954102247994,64.0,73.0,25.0,0.5985441471765932,0.7977692552662852,0.07286370312111144,15.714542076418274,0.7964576812026741,-0.6023836504414786,0.0528119279524819,12.918478678932601,-0.08602363590260748,-0.026422585654610482,0.9959426595107874,6.139213422176248,79.39063883115438,63.08783114198932,27.729388733415966,19.9293890163105,7.371792111090791,48113.0,138884.95102326764, 0.0, -1.4210854715202004E-14,0.0,37.08239316958143, 177.44326859978318,177.44326859978318,0.0, 194.61283426243259, 37.93487511386467, 14.560492158049016, 37.93487511386467, 217.74977626484042, 8.053618566032947, 14.560492158049016, 8.053618566032947, 39.161254965312615, 6.473406888382735, 4.449365255010428, 15.0, 0.0
35, 0 ,1.0,1.0,1.0,170.5587795809153,285.7314000764499,71.15891163081628,14.384995523103656,8.445268596086123,12.088206152324737,68.0,34.0,58.0,-0.9161058381182842,0.07356413237348258,0.39412994277742086,14.91895327116557,-0.3734993548832721,0.20081162501944658,-0.905633989622093,11.575117420259607,0.14576805297243997,0.9768638644587004,0.1564885460582913,8.23510023259176,69.85723003718783,59.24581542705019,39.02246133370977,19.56595927633995,6.445822169239046,57554.0,161504.1555365807, 0.0, 0.0,0.0,NaN, 148.3988315043037,148.3988315043037,0.0, 206.92809619971223, -15.392237315540692, -33.49670914353564, -15.392237315540692, 71.32256166003847, -7.546119906508877, -33.49670914353564, -7.546119906508877, 146.1247279811016, 5.727419279197028, 4.112175810848417, 16.0, 0.0
36, 0 ,1.0,1.0,1.0,63.986501412642866,50.440256252252674,128.3099094280831,13.05585194939501,13.933125189488885,11.329417954832872,60.0,61.0,54.0,0.16585990599392958,0.9303825330136565,0.32692328434477946,14.244543755846403,0.9657240994714741,-0.22036223069398087,0.13717671443646326,13.10447195474653,-0.1996683632519059,-0.2929655774091309,0.9350420927261185,10.876982432679549,61.341042141525435,56.58005320500156,57.51876208425868,21.314635794467925,6.21524414765536,86009.0,199629.1842908841, 0.0, 0.0,0.0,NaN, 151.99317310743254,151.99317310743254,0.0, 170.45527012452146, 1.686697177142706, 11.66381198300195, 1.686697177142706, 194.1319775459697, 24.116964150219218, 11.66381198300195, 24.116964150219218, 128.35571119528944, 6.004882233403409, 4.156254657314582, 22.0, 0.0
37, 0 ,1.0,1.0,1.0,57.25715856507995,10.714756952398405,181.77472854721216,12.896721217654829,7.228931611483995,17.460742748037088,65.0,30.0,76.0,-0.219640755300754,0.04270209272974715,0.9746458176627112,17.68688090324745,0.9754274914055915,0.02732418805740113,0.21861975609994325,12.606879571503443,0.017295884513640974,-0.9987141332851476,0.047654300492053624,7.1903573698739445,79.78374178018565,60.29133035522335,31.295744412331928,21.617747287667104,7.492223296799058,65481.0,150540.9157748945, 0.0, 0.0,0.0,NaN, 131.7968248235937,131.7968248235937,0.0, 166.32541816590825, 0.40891568055716865, -33.032416334608506, 0.40891568055716865, 52.25745224351259, 11.508412819059403, -33.032416334608506, 11.508412819059403, 304.8775373131298, 8.299619033100937, 5.276628031995024, 11.0, 0.0
38, 0 ,1.0,1.0,1.0,199.47119726968734,228.55716304884916,168.66619169644807,12.17344062323837,13.201326590804436,13.866459903514704,62.0,57.0,64.0,0.5136314929633082,0.20510675267288023,0.833134988728879,14.753850137970039,0.04177881404313018,0.963877039338902,-0.26305053456022875,13.187034842043277,0.856993127238155,-0.16991843055789604,-0.48650848586978346,11.098306573591735,79.16746752281227,66.82957905320231,62.34273134186742,21.68108224403723,6.68409031564523,87023.0,329838.46730226045, 0.0, 0.0,0.0,NaN, 180.16294939174637,180.16294939174637,0.0, 148.1926566075102, 11.998592661502531, 39.88295978634593, 11.998592661502531, 174.27502375708028, 3.287579483654146, 39.88295978634593, 3.287579483654146, 192.278710255781, 6.125863711919816, 4.321326727930703, 23.0, 0.0
39, 0 ,1.0,1.0,1.0,87.77724099722991,19.479202216066483,219.02048753462603,14.688925729661001,11.999948043542922,12.899229773029083,70.0,48.0,59.0,-0.8520019271900103,-0.0023208919567042252,0.5235335037273493,15.674780255751468,0.20924730153687127,-0.9181558315781169,0.336460154756302,12.071619273034823,0.4799044518068643,0.39621267319410963,0.782756178344401,11.607355122396521,71.76395525370681,58.703335466905486,59.55705391378265,21.942361736982544,6.684772417969079,90250.0,250900.97640043404, 0.0, 0.0,2.8421709430404007E-14,58.43042818729724, 121.00398669130635,121.00398669130635,1.9073486328125E-6, 215.76453909149697, -1.8926218132764754, -48.72350269921174, -1.8926218132764754, 143.9987530477296, -3.5309146249030356, -48.72350269921174, -3.5309146249030356, 166.39012873739992, 5.961053080423387, 4.375013443339472, 13.0, 0.0
40, 0 ,1.0,1.0,1.0,234.98559119333737,158.7836085415406,16.374124664995247,12.680899647151083,13.222182795573612,10.435757252746917,61.0,61.0,43.0,0.5852225037032333,-0.7826374907866599,-0.21211595690678314,13.473488332464791,0.7167010160416547,0.6216027677101217,-0.31614815004990243,12.82208477889494,0.3792812607606374,0.03299329007960994,0.9246930128672669,9.92953257997098,66.15389645930068,69.53938898738144,51.921033668871246,20.1633753508289,6.162358123357548,69402.0,238852.41108892785, 2.8421709430404007E-14, 0.0,0.0,54.18128956723563, 156.32355717413006,156.32355717413006,0.0, 160.80521586111647, -8.668920080955345, -25.207196843534753, -8.668920080955345, 174.82611787956284, 0.8358059453457422, -25.207196843534753, 0.8358059453457422, 108.90502943825989, 5.784974213969652, 4.266875622952655, 16.0, 0.0
41, 0 ,1.0,1.0,1.0,136.55684087309785,93.10499208152585,52.850416580596296,13.097829527162897,11.4064272766677,12.126409195267001,61.0,56.0,66.0,0.8334340442100661,0.44713486852242607,0.3247431343432616,13.908032928979498,-0.2978036758110894,-0.13161241432330117,0.9455110486236501,11.899529464922995,-0.4655111863586705,0.884730796201547,-0.023468140691566903,10.661957609718609,71.65817740699907,64.43944314223015,63.53114949926896,20.281035201942455,6.1146653750779585,72615.0,293362.26492636366, 0.0, 0.0,0.0,NaN, 173.52082547199956,173.52082547199956,0.0, 171.55313832262024, 30.816052402169145, 13.724098403409549, 30.816052402169145, 130.1065832179089, 8.1063199612964, 13.724098403409549, 8.1063199612964, 147.0497999710561, 5.385129363143, 4.0622916761030226, 21.0, 0.0
42, 0 ,1.0,1.0,1.0,86.97017975868013,61.157178034966755,94.42165722728392,11.47571538198745,14.236582076103296,11.66543505796424,58.0,65.0,58.0,0.08885670798244795,0.9951240781935258,0.042808345518213164,14.259542886259352,-0.5322641296529902,0.08376645167528789,-0.8424239300129573,11.800213438910074,-0.841902240008462,0.0520696703774515,0.5371120625116483,11.30818673796496,64.39057482306367,59.1966515211882,59.977517425608085,20.8421949493822,6.004797875159732,81220.0,228616.68816986727, 0.0, 0.0,0.0,NaN, 142.19515443925806,142.19515443925806,0.0, 131.69204352838338, 6.165447983263836, 5.385228438863356, 6.165447983263836, 202.68026920962566, 2.4122029529240336, 5.385228438863356, 2.4122029529240336, 136.08237509158116, 6.307168292765531, 4.27503809548934, 21.0, 0.0
43, 0 ,1.0,1.0,1.0,77.07057282362749,86.93436941764917,43.61797070382279,11.75886489934041,14.674163901893191,12.175716134265715,63.0,73.0,62.0,-0.13178057980326194,-0.9068506421033158,0.4003196119396603,15.281036868435946,0.9411387523088764,0.012352677264628862,0.33779470135999323,11.712457783756927,-0.3112743607963997,0.4212710817053551,0.8518444388675627,11.45243634393996,70.47459802525084,61.74951358764619,53.11228736886456,21.441768178021647,6.488499882313406,83970.0,231132.57290667453, 0.0, 0.0,0.0,NaN, 124.0966766264347,124.0966766264347,NaN, 138.2709037209399, 12.301606845671307, -3.484602767546199, 12.301606845671307, 215.33108621962523, -37.131646581532515, -3.484602767546199, -37.131646581532515, 148.24806338221845, 6.008626380042475, 4.110484857093587, 16.0, 0.0
44, 0 ,1.0,1.0,1.0,142.271679805943,27.65260157671316,64.44975136446331,13.485762486432819,12.826971123318124,12.004550542033991,71.0,62.0,63.0,-0.8010368121570807,0.4178289443748754,-0.42867120128578484,13.798649966299639,-0.5641592908711253,-0.7663816143684992,0.3072190028004793,13.089662000367612,0.20016073564265766,-0.4879325715716351,-0.8496219662335013,11.347432290119,68.37201831590919,65.2101522166146,55.315771172983126,21.19906607155687,6.411381243453716,82450.0,246628.11617100466, 0.0, 0.0,0.0,NaN, 158.61799298852054,158.61799298852054,0.0, 181.8657898404787, -2.222392666080946, 13.786398659017804, -2.222392666080946, 164.531188198437, -21.064314999001855, 13.786398659017804, -21.064314999001855, 144.10923371624858, 5.716453477414975, 4.10855249815345, 20.0, 0.0
45, 0 ,1.0,1.0,1.0,75.05018358230717,99.54240950121283,134.49193430802063,11.913645299751238,14.674210838234192,10.855688570448722,56.0,64.0,52.0,-0.23824892712910337,0.9711871174285694,-0.005747317862911327,14.83482327742301,0.8762360456013432,0.21239604566512565,-0.43254862405831174,11.957679186034083,-0.4188649437596229,-0.10809025269007412,-0.901592289320757,10.58561803596377,72.34320620335077,59.14806024767021,53.81553381639026,20.842363392676923,6.3803816969998355,75443.0,230274.53374750458, 0.0, 0.0,0.0,NaN, 183.38293742591782,183.38293742591782,0.0, 141.93494432828476, -19.236861768111062, -11.575314651990993, -19.236861768111062, 215.3324637249498, -3.4445799321142156, -11.575314651990993, -3.4445799321142156, 117.84597433857103, 5.932620181321305, 4.203372399767065, 21.0, 0.0
46, 0 ,1.0,1.0,1.0,66.74432984465675,106.9124198575809,173.24286003902589,12.9387462257268,14.403728025588867,11.234879829885797,63.0,66.0,58.0,-0.33012431620111243,0.8900973118116128,-0.3142367123021879,15.000643969574925,0.9402529158135612,0.339464588703401,-0.02623446817695211,12.677475166851137,-0.08332100669605877,0.30412262086561515,0.9489821080088838,10.740733848894896,79.52134175553064,63.151331067187925,54.9894423401164,21.328841297285624,6.795703689545832,78922.0,276150.30262005253, 0.0, 0.0,0.0,NaN, 178.7524646467902,178.7524646467902,1.9073486328125E-6, 167.41115389375952, -17.74507985243319, 10.256625907446164, -17.74507985243319, 207.46738103513414, -31.074825161681794, 10.256625907446164, -31.074825161681794, 126.22252479197469, 5.644950136806274, 4.122343574981747, 19.0, 0.0
47, 0 ,1.0,1.0,1.0,161.26617174658085,26.558407374380902,216.38554346307976,12.087462695847442,14.263479916078989,13.975260423401961,64.0,59.0,70.0,0.2707942876592053,0.5920522985024601,-0.7590418497086295,14.426957844297032,-0.28996575786300605,0.8020475069950909,0.52214907429765,14.196776872657757,-0.9179271828626036,-0.07870115857415534,-0.3888647767553773,11.626518456900314,72.28745722035215,79.30443532589129,54.46274715311455,22.312380268401853,6.857055082170944,93079.0,312219.4607017561, 0.0, 0.0,0.0,NaN, 164.14567142047122,164.14567142047122,0.0, 146.10675442350353, -3.7385612511982886, -25.04590551357285, -3.7385612511982886, 203.4468593163887, -4.992157275400804, -25.04590551357285, -4.992157275400804, 195.30790390190515, 5.644043396771083, 3.9621326164578763, 16.0, 0.0
48, 0 ,1.0,1.0,1.0,111.73708355870745,11.292725925035558,82.03706152212673,13.957715690104335,8.073535523894748,12.129323506897638,76.0,34.0,63.0,0.8833437235259926,-0.02234734439245086,0.46819276191098874,14.612264263312273,0.4683804809393348,0.0037498678422448243,-0.8835189095691178,11.335566047588669,-0.017988640367522152,-0.9997432343805936,-0.01377948213675201,8.068888855117331,75.6146345026692,61.49897515120689,34.807670830145334,19.050775467434587,6.647424009775914,49917.0,161863.41505363706, 0.0, 0.0,0.0,NaN, 139.07832672350048,139.07832672350048,0.0, 194.81782728578472, -2.8183637830765766, 35.14777321185938, -2.8183637830765766, 65.18197585559045, -1.7628171356716227, 35.14777321185938, -1.7628171356716227, 147.1204887349796, 5.797871633410958, 4.070165536622972, 13.0, 0.0
49, 0 ,1.0,1.0,1.0,268.73323469387753,214.99188775510203,108.63126530612244,16.481843738067905,14.582179700021719,10.04535500490087,67.0,74.0,54.0,-0.9138106254288342,0.4052975175735908,0.026154600016985274,16.92521658996638,-0.40208628229715243,-0.9118872213788136,0.08239124391876453,14.093416305530422,0.05724301216583843,0.06477358824946716,0.9962568041541648,10.00564616634212,75.11210316087359,72.35438287807204,53.35498447916545,23.066899837235436,7.288238942524363,98000.0,289967.7937098317, 0.0, 0.0,0.0,NaN, 141.43811919761404,141.43811919761404,0.0, 271.6511730060882, -32.897613045086075, -7.717355419408645, -32.897613045086075, 212.63996480372552, -5.425930041649317, -7.717355419408645, -5.425930041649317, 100.90915717448694, 5.246322406874019, 3.9840819519505777, 24.0, 0.0
