// Sample: .//bubblelabels.tif, Map: .//bubblelabels.tif, Thickness:(8.191250068658265):/gpfs/home/mader/Foam/NewValid/InSilicoTest/LatticeData_Phi_6.65/out_Step_06000.vtk/distmap.tif, Neighbors:(1.0):
//LACUNA_NUMBER, TRIANGLES, SCALE_X, SCALE_Y, SCALE_Z, POS_X, POS_Y, POS_Z , STD_X, STD_Y, STD_Z,PROJ_X, PROJ_Y, PROJ_Z, PCA1_X, PCA1_Y, PCA1_Z, PCA1_S, PCA2_X, PCA2_Y, PCA2_Z, PCA2_S, PCA3_X, PCA3_Y, PCA3_Z, PCA3_S,PROJ_PCA1, PROJ_PCA2, PROJ_PCA3,OBJ_RADIUS, OBJ_RADIUS_STD, VOLUME, VOLUME_BOX, Mask_Grad_X,Mask_Grad_Y,Mask_Grad_Z,Mask_Angle, Mask_Distance_Mean,Mask_Distance_COV, Mask_Distance_STD, SHAPET_XX, SHAPET_XY, SHAPET_XZ, SHAPET_YX, SHAPET_YY, SHAPET_YZ, SHAPET_ZX, SHAPET_ZY, SHAPET_ZZ, Thickness, Thickness_STD, Neighbors, Neighbors_STD
1, 0 ,1.0,1.0,1.0,181.86035025600273,35.699475923671955,19.58153360224518,11.740362875698978,18.164790069494142,13.127937986227746,50.0,82.0,64.0,0.23700960699633958,0.9450929756168375,0.22500158584141627,18.649104683712114,0.47787120770571756,-0.3150572117226715,0.8199866231758997,13.658102177778593,-0.8458519699316895,0.08682292773943641,0.5263043075839615,10.286185585017975,97.41213737722387,76.64547835929244,56.28710063305846,23.932016613882038,8.209570956207779,99413.0,420250.74327602895, 0.0, 0.0,0.0,NaN, 44.57505953193546,44.57505953193546,8.259061849445711E-7, 137.83612045309076, 42.0476881720535, 44.54146269602537, 42.0476881720535, 329.95959826879294, 30.599055434407017, 44.54146269602537, 30.599055434407017, 172.34275577024138, 10.366769530142228, 7.085726202778747, 9.0, 0.0
2, 0 ,1.0,1.0,1.0,60.80124922166874,87.94065224159402,31.82800825031133,16.05487391699088,21.433504332716474,18.661596683749956,79.0,114.0,77.0,-0.001980816200610566,-0.9643596898513863,0.26458734844454984,21.64376728642794,-0.09723647815309443,-0.2631483179333981,-0.9598427111174029,18.43863662020244,-0.9952593348889336,0.02762881391883293,0.09324969146263332,16.030386536109415,119.67894967298541,92.95116071557234,79.32194427465156,31.168860653129368,9.690789485065014,256960.0,882400.8893611724, 0.0, 0.0,0.0,NaN, 111.54986478151524,111.54986478151524,0.0, 257.758976490474, 2.5280006640350616, 7.636632975372434, 2.5280006640350616, 459.39510798057586, -32.993765076985504, 7.636632975372434, -32.993765076985504, 348.2551907869473, 10.53782407898087, 6.738084809697455, 22.0, 0.0
3, 0 ,1.0,1.0,1.0,166.18949742583968,185.11583231184113,80.01077715126256,19.1576891792124,8.596853868292708,16.379701846057998,76.0,35.0,69.0,-0.9964689252404101,-0.014964162077685065,-0.08261812684595952,19.177818168131008,-0.08184792362450526,-0.04631466863476047,0.9955681136253859,16.370897510732284,-0.018724273779761123,0.9988148103239988,0.04492634248250654,8.568698191035251,80.65100028841584,74.29660627308866,35.91692714331856,25.1482943569361,8.762469664595683,101975.0,215217.661602371, 0.0, 0.0,0.0,NaN, 88.12725453817075,88.12725453817075,NaN, 367.01705468731194, 5.12700815303722, 8.378413751694065, 5.12700815303722, 73.90589643277931, -8.60821083315235, 8.378413751694065, -8.60821083315235, 268.29463256575576, 10.781979661203827, 6.796083372415187, 12.0, 0.0
4, 0 ,1.0,1.0,1.0,14.212853680798162,113.94349762376861,142.37398892141127,9.130486369371642,18.288883675879976,19.795675779467285,37.0,93.0,107.0,-0.036641247498752735,0.19773318106324517,0.9795708285205031,19.861968081187698,0.05865660722087659,-0.9781135076085337,0.19963308509129218,18.25205444176551,-0.9976055439957574,-0.06477310661332542,-0.0242409415779962,9.059942583352676,103.1916478053513,97.59255185130213,39.015551624736084,26.851285412089076,9.419463824204302,127092.0,392915.32963434316, 0.0, 0.0,0.0,NaN, 104.53938953242329,104.53938953242329,0.0, 83.36578134128135, -16.66723710161311, -8.273621851115927, -16.66723710161311, 334.483266109869, 11.490901193188206, -8.273621851115927, 11.490901193188206, 391.8687795657877, 11.204998488535182, 6.915926374193745, 16.0, 0.0
5, 0 ,1.0,1.0,1.0,58.18931431253467,148.56472144391188,184.90516861283763,18.990167401782227,22.236668136672005,8.748507195823326,95.0,96.0,39.0,0.12685022961922474,0.9906773923396025,0.049672160741758585,22.3139773367584,0.9911180391416006,-0.12457278814306104,-0.0465473193897581,18.943106971538327,0.03992557743675302,-0.055135512707048334,0.997680321297796,8.653170494278786,100.8797887552851,92.66134026073533,42.25568209943941,28.60562923882853,10.646606115294336,140618.0,394991.5985351413, 0.0, 0.0,0.0,NaN, 79.11661086593759,79.11661086593759,0.0, 360.6264579477123, 18.10198232403721, -10.434841155782117, 18.10198232403721, 494.46940982048403, 22.463799516812042, -10.434841155782117, 22.463799516812042, 76.5363781553725, 9.16377243264573, 6.4088628207988725, 15.0, 0.0
6, 0 ,1.0,1.0,1.0,185.72029862743426,175.13897380311536,137.7165596950395,9.119141003365982,14.894477620590756,16.298797859048932,37.0,60.0,78.0,0.04291637023719789,0.4834764922274277,0.874304676087876,16.927068528677097,0.1437203571969532,-0.8689965516639124,0.47348648568191376,14.279541256105185,-0.9886873338385821,-0.10533505902448138,0.10677959190531262,8.95678851041749,78.13865865277816,74.55412239900542,43.2839885830881,22.648277925096913,7.596743704196589,82109.0,252153.4344961651, 0.0, 0.0,0.0,NaN, 68.56535153467397,68.56535153467397,0.0, 83.15873263927072, -11.166295139846541, 16.157309307826008, -11.166295139846541, 221.84546359027885, 36.31521924904594, 16.157309307826008, 36.31521924904594, 265.650811650138, 10.972972737238939, 6.86009173904469, 7.0, 0.0
7, 0 ,1.0,1.0,1.0,81.40601037045758,21.927706459328864,43.01753559828122,17.349845886736862,13.648681853607446,19.695756491192117,94.0,56.0,86.0,-0.33023068642154313,0.06434733073728217,0.9417043669711548,20.041008071841652,0.9395677556629837,0.1178887207965864,0.3214260133022346,17.019671811768163,0.09033341720526353,-0.9909397915796556,0.09938915031374632,13.56153602210795,95.68719443303571,90.19052883537825,62.09714308695125,28.229570361912025,8.849737260317568,186877.0,535903.229941236, 0.0, 0.0,0.0,NaN, 94.64814421820923,94.64814421820923,0.0, 301.01715229352004, 7.087202813106282, -35.77073420476634, 7.087202813106282, 186.2865163409932, 17.200687649806387, -35.77073420476634, 17.200687649806387, 387.9228237603364, 9.571744753299047, 6.184804084210416, 14.0, 0.0
8, 0 ,1.0,1.0,1.0,51.8046759225955,183.23982447305949,121.80641680454643,14.675238023276885,9.684300457929757,12.597217283609908,62.0,36.0,58.0,-0.9707651210461017,0.02521681321246155,0.2387031463800926,14.804843712504985,-0.2344370524603927,0.11384428821092352,-0.96544225434535,12.480556167284645,0.05152036678859431,0.9931785289529557,0.10460430886351069,9.637971264396112,63.253609767119116,62.33736817574406,41.170397473914136,20.670695122300256,6.3687151648263685,69505.0,162337.49405059923, 0.0, 0.0,0.0,NaN, 95.28307501378889,95.28307501378889,0.0, 215.36261103983165, -4.769658915959221, -15.034617444234096, -4.769658915959221, 93.78567535945848, -6.150264897704991, -15.034617444234096, -6.150264897704991, 158.6898832904802, 10.911893020972581, 6.5633837360724065, 9.0, 0.0
9, 0 ,1.0,1.0,1.0,169.7387072982065,95.32492939250571,16.575446581158143,16.115152954096132,15.823309808539875,10.413275480382858,68.0,76.0,41.0,0.8063540603211592,0.5776575610028252,0.12690497082402621,16.521742719293673,0.5807559423326473,-0.8139422061549997,0.01485329878684226,15.48646225022571,-0.11187343227459728,-0.061723798131670844,0.9918036639856203,10.281687543934156,80.1380117629864,71.48164176814741,44.49466345633707,23.78340498885369,7.270573663576986,111178.0,254883.0810351401, 0.0, 0.0,0.0,NaN, 101.37718396678146,101.37718396678146,NaN, 259.69815473391327, 14.509203249314515, 18.272164665515067, 14.509203249314515, 250.37713329703422, 10.639613882743642, 18.272164665515067, 10.639613882743642, 108.43630623034285, 9.620421640807473, 6.0856888764267545, 12.0, 0.0
10, 0 ,1.0,1.0,1.0,89.25830592373075,180.2112287100661,77.8489334679389,16.802626860697607,11.928432236928455,19.4378193697429,83.0,53.0,88.0,0.42271786069038964,-0.14752306150965705,0.8941736724910647,20.389535774313366,0.8985983466911553,0.1962661327840801,-0.39242912283099496,15.981021991419265,0.11760366311158202,-0.9693897830309539,-0.2155291789478578,11.459422058697031,94.58591123465968,82.8545791070591,60.74380393177495,27.00870218637368,8.54251679011086,153535.0,476041.6509693972, 0.0, 0.0,0.0,NaN, 120.07954483439381,120.07954483439381,1.3486991523486091E-6, 282.3282694198367, 4.146076663871337, 63.75078742693865, 4.146076663871337, 142.287495630994, -47.073812233684336, 63.75078742693865, -47.073812233684336, 377.82882185075226, 10.036120891350732, 6.1886819555580015, 15.0, 0.0
11, 0 ,1.0,1.0,1.0,157.71132524657068,181.1966330348033,182.69705248838,19.811498365248443,11.793644037283913,10.651167981185154,79.0,54.0,43.0,-0.9922806978876318,-0.01862688900080838,-0.12260528375965868,19.92738742140497,-0.05485739964912102,-0.8207359062499969,0.5686679504735018,12.930889493787546,-0.11121907346930862,0.571004037812473,0.8133785751410473,8.984665490407187,81.7299886333893,69.04674780610603,50.19171665573694,23.918824961232605,8.53947884778329,88210.0,283241.38916615606, 0.0, 0.0,0.0,NaN, 49.409418274444974,49.409418274444974,0.0, 392.4954674762417, 9.741413259247588, 35.79209550577159, 9.741413259247588, 139.09003967816238, -39.641677535550826, 35.79209550577159, -39.641677535550826, 113.4473793634238, 9.979361037873327, 6.5507230177694655, 8.0, 0.0
12, 0 ,1.0,1.0,1.0,21.637788176140365,45.15097369477515,57.33543274957716,12.489814720892262,16.782497193320843,17.080143793141744,54.0,86.0,83.0,0.25997495985270663,-0.5443933214321014,-0.7975267593189008,17.28104288660039,-0.12425667758200143,0.8001985649618708,-0.5867218546374809,16.955127525003824,-0.9575872275285765,-0.2516310159997919,-0.14038708438117228,11.969469627463585,80.70264271090386,77.40212107780619,63.668926687878326,25.892598270868362,7.678043408578154,151947.0,397711.4983417617, 0.0, 0.0,0.0,NaN, 76.11935464336966,76.11935464336966,0.0, 155.99547176221705, -36.32738955530986, -21.699801824066963, -36.32738955530986, 281.652212043822, -0.24977016509262082, -21.699801824066963, -0.24977016509262082, 291.7313119943984, 10.99977132588535, 6.257280260360233, 13.0, 0.0
13, 0 ,1.0,1.0,1.0,139.2725148481428,115.51313388119375,118.3727015707911,16.590337802158245,15.865637020069217,16.764554886665852,83.0,83.0,86.0,0.6669560859352175,0.02812359333213222,0.7445660769415053,17.400892123294277,0.5460246454453547,0.6614856438238766,-0.5140951561541754,16.127663266063244,0.5069779738807686,-0.7494303213194672,-0.4258257008292835,15.656164213506859,90.03606905149275,77.50899353368759,73.65043510585022,27.36916113443703,7.6770479865369845,189586.0,513977.3015984332, 0.0, 0.0,0.0,NaN, 132.2455059663551,132.2455059663551,0.0, 275.23930838972086, 6.494603705063394, 24.434564647944047, 6.494603705063394, 251.7184380525908, -3.8885335779607586, 24.434564647944047, -3.8885335779607586, 281.0503005480319, 9.918728450378506, 6.14742231823354, 27.0, 0.0
14, 0 ,1.0,1.0,1.0,78.00615999287733,91.60873194292964,159.28580252409463,14.224585743244278,17.218532960803817,18.29530443713994,76.0,83.0,84.0,0.07979276301330918,0.067160908095996,0.994546392781364,18.31657094116042,-0.2233348506679291,-0.9711587566286002,0.08349978383639878,17.374039677585777,-0.9714703595312806,0.22877954857747396,0.06249206913562405,14.00645763838741,85.4230293747115,83.95552273207619,76.8649837220944,27.644980020120347,8.324059167497545,179708.0,551255.3005301424, 0.0, 0.0,0.0,NaN, 127.02270128261691,127.02270128261691,2.3360154559928683E-6, 202.33883956690838, 23.6671218517773, 9.085080333685017, 23.6671218517773, 296.47787732228744, 0.7360936557031859, 9.085080333685017, 0.7360936557031859, 334.71816444763243, 9.967413999596813, 6.314281098598872, 21.0, 0.0
15, 0 ,1.0,1.0,1.0,119.38947755828683,50.50551199972611,14.15161422849122,16.883724953392043,18.52664984590964,9.315935854059333,79.0,93.0,39.0,-0.5536214427631183,0.8322191064397579,0.030243296604276618,19.760106054863407,-0.8317589579820565,-0.550797938678276,-0.06927240839154727,15.454720072559855,-0.040991876384072166,-0.0635058235469197,0.9971392462671099,9.261394054409466,98.17639525293748,71.46607348113,42.3402590231138,25.369643189473752,8.453684882379479,116836.0,297071.175126217, 0.0, 0.0,-1.7763568394002505E-15,88.26692248226931, 96.17240381706415,96.17240381706415,0.0, 285.0601683017931, -70.25199701759317, 3.7183641560179166, -70.25199701759317, 343.23675451294366, 13.509306724270642, 3.7183641560179166, 13.509306724270642, 86.78666083694819, 9.505921966041745, 5.886436513994621, 8.0, 0.0
16, 0 ,1.0,1.0,1.0,15.239280137214244,99.6000947187876,25.591224432327266,9.595612878446271,13.774038901133178,16.634817895507375,38.0,60.0,71.0,-0.11327140179948668,0.3665375657648653,0.9234824321109453,17.307081976810377,-0.3560369353716332,-0.8827127333384289,0.30668539426157165,13.54488531039343,0.927581419706947,-0.2940551704788867,0.23048702030500146,8.690114841351646,84.83340350321654,71.7684980541033,44.61967826122254,22.384976710518472,7.578252981339642,78126.0,271660.9300149287, 0.0, -1.4210854715202004E-14,0.0,68.49776219866789, 103.95828632214797,103.95828632214797,0.0, 92.07578651300393, 24.62424582503892, -35.21985445994844, 24.62424582503892, 189.7241476499301, 46.60517145302709, -35.21985445994844, 46.60517145302709, 276.71716641669246, 10.691002806128818, 6.443059982878913, 7.0, 0.0
17, 0 ,1.0,1.0,1.0,186.59557670119398,28.002657609188844,172.09226441266836,7.930108778272413,15.517860805613568,15.069492308336104,32.0,72.0,59.0,0.01179838326173817,0.7882434476281769,0.6152504087147399,16.20289303480218,-0.04751001254106378,-0.6141564211985552,0.7877529365282815,14.342624418842414,-0.998801079725466,0.038524765694652296,-0.03020340324226798,7.907945986880298,80.65970952742741,73.62821288265621,33.6474781020778,21.89203625780777,7.177672055443949,77137.0,199826.66126456176, 0.0, 3.552713678800501E-15,0.0,37.97833937541394, 41.74528838999023,41.74528838999023,NaN, 62.88662523523319, 6.037633130355844, -3.9067207615333754, 6.037633130355844, 240.80400398239775, 27.723817179762804, -3.9067207615333754, 27.723817179762804, 227.08959843100098, 8.835471452311367, 5.64056395352746, 9.0, 0.0
18, 0 ,1.0,1.0,1.0,26.959377343366175,175.20194106137788,42.59708323636646,16.46045406238225,12.084179313319913,16.067610399708904,68.0,55.0,76.0,-0.734040106763518,0.0914269064246873,0.6729236527602627,18.133796901661434,0.6772008545817425,0.17271855576258516,0.7152393327055253,14.270817395633303,0.0508342819007122,-0.9807188288581485,0.1886967262745719,11.943668714548439,90.32585369825253,81.47286054785022,60.167341799755576,24.647217245184542,8.225370729741764,116019.0,442777.8269228497, 0.0, 0.0,0.0,NaN, 56.18063059552922,56.18063059552922,0.0, 270.9465479397963, -5.359495011831844, -62.417396691118064, -5.359495011831844, 146.02738967646894, 18.990880259743474, -62.417396691118064, 18.990880259743474, 258.16810395683376, 10.236980902381264, 6.099687917519899, 8.0, 0.0
19, 0 ,1.0,1.0,1.0,108.7587790345527,73.09547420168185,62.81207302128379,13.373710328166666,15.952693840662388,15.857175663815308,62.0,79.0,70.0,-0.32231281363144454,0.673432986961085,0.6652837456616938,17.74097411346091,-0.06380063261557438,-0.7166450905023786,0.694513710114271,14.392720705912922,-0.9444807724071644,-0.1814051441704691,-0.2739493460872958,12.763307445008586,91.29736807313397,70.78184734326229,62.36818986762381,25.124671315588802,7.317477709730179,141986.0,403035.49015319376, 0.0, 0.0,0.0,NaN, 132.71497756193685,132.71497756193685,0.0, 178.85612794171178, -30.93468376172539, -34.51966742510569, -30.93468376172539, 254.48844077390768, 46.00472960801398, -34.51966742510569, 46.00472960801398, 251.45002003309648, 9.196876248590698, 5.659272423245771, 12.0, 0.0
20, 0 ,1.0,1.0,1.0,141.34869097799606,40.2613094087165,86.2443172589814,15.303242750684559,12.570675530479258,16.629509539069446,88.0,65.0,86.0,-0.3886755426341211,-0.016634970435574593,0.921224511352514,16.891099506154305,0.871019435207564,0.3193770435836268,0.3732605625062451,15.300475494755458,0.300427139334595,-0.9474817052536636,0.10964466316625879,12.220389379907362,77.02962627391408,77.55844823642951,62.61841440039594,24.770904269862644,7.426574657419694,129295.0,374101.0855761586, 0.0, 0.0,0.0,NaN, 111.79906683316655,111.79906683316655,0.0, 234.1892386863795, 24.459825411790188, -21.126453453760092, 24.459825411790188, 158.02188329259, 8.02140451748378, -21.126453453760092, 8.02140451748378, 276.54058751000167, 8.914893638601786, 5.682303107477992, 16.0, 0.0
21, 0 ,1.0,1.0,1.0,57.47829322409967,80.0841918416112,92.28610343061956,14.900115231740367,16.59446763254467,13.945139448624886,70.0,76.0,63.0,0.3744551553478806,0.9130408708599678,0.16167778070182223,17.03857053159877,-0.8700981376486947,0.2857284391816442,0.40160738277961827,14.630330720873163,0.32048801458661125,-0.2910594907954271,0.9014276484134705,13.692963207644901,85.27744771120797,70.1411544433403,73.34058780126682,25.286059022539863,7.243750636024605,146475.0,438683.6918658492, 0.0, 0.0,0.0,NaN, 135.03316948545117,135.03316948545117,0.0, 222.01343391914128, 28.551457163068214, -3.0527723785106393, 28.551457163068214, 275.3763560075727, 18.224036678570343, -3.0527723785106393, 18.224036678570343, 194.46691424159397, 8.776097520995128, 5.509194974105207, 11.0, 0.0
22, 0 ,1.0,1.0,1.0,117.53366111951588,150.90175142557896,159.6313787385081,16.43592559379311,12.915572729355999,15.593649721200519,77.0,68.0,77.0,0.931695570485003,0.3492983018591465,-0.0996697559791429,16.948579233256787,-0.10313439003292563,-0.008716329773185996,-0.9946292390573596,15.581797776971266,-0.34829105864371784,0.9369710357922499,0.027903701461215867,12.250176353468337,84.49649911867337,80.20340982109698,63.96437654208043,25.00907017159607,7.393239468022794,137488.0,433480.65335111687, 0.0, 0.0,0.0,NaN, 104.11993394149009,104.11993394149009,0.0, 270.13965012470345, 44.72961781684646, -3.227652746434832, 44.72961781684646, 166.81201892728436, -3.972225474224786, -3.227652746434832, -3.972225474224786, 243.161911627497, 9.107797768689457, 5.779739336547891, 15.0, 0.0
23, 0 ,1.0,1.0,1.0,174.37653801798365,63.92841225385209,114.39423552160379,13.822375009515003,14.135199697430563,14.484577139595046,62.0,69.0,74.0,0.6270211650360948,-0.31713113484907535,-0.7115281455473957,15.349591548930245,-0.14411065140562984,0.8503971692164931,-0.5060205279828286,14.295266523397597,-0.7655563850874886,-0.41982436553624763,-0.48751504936141554,12.676761834507365,87.93208019790261,69.78194529530687,63.678675085880315,23.516356347517046,6.902599542156637,115327.0,390736.91036150604, 0.0, -7.105427357601002E-15,0.0,71.51048349737054, 109.87151864415522,109.87151864415522,0.0, 191.0580509036649, -20.245530553326663, -30.2370362319806, -20.245530553326663, 199.8038704862411, -1.8820761099621712, -30.2370362319806, -1.8820761099621712, 209.8029749128794, 9.50436784445475, 5.5171319689451375, 11.0, 0.0
24, 0 ,1.0,1.0,1.0,183.8125759105609,20.11753515665013,114.78834306451849,10.287552091152962,11.373698564339824,15.89490218249798,42.0,43.0,80.0,-0.23234568553412616,-0.31698485313783065,0.9195303612686558,16.67600003151863,-0.2696363776487053,-0.8873564526394585,-0.3740250657477401,10.74063479078414,-0.9345114800055493,0.33484194605859113,-0.12070279573205395,9.715577681827181,91.67041296189427,53.17767108797602,47.35944397148094,20.837337081979065,7.324482629086636,68337.0,230868.72056877532, 2.8421709430404007E-14, 0.0,1.4210854715202004E-14,84.31857417433149, 89.03805027694959,89.03805027694959,NaN, 105.83372802818569, 18.54632761587975, -37.13184515020558, 18.54632761587975, 129.36101903246578, -46.58394385902584, -37.13184515020558, -46.58394385902584, 252.64791539117903, 9.247055074683379, 5.838732288653077, 8.0, 0.0
25, 0 ,1.0,1.0,1.0,98.34198129309756,184.74370178193487,141.7754352427118,13.107507777429905,9.233824329187266,14.991640012585357,62.0,37.0,63.0,-0.3138108940603106,0.04845305339916356,0.9482483980399686,15.246826072626488,-0.9190084811790918,-0.2665022319306409,-0.290516732559221,13.078134946711197,0.23863389174626393,-0.9626156356471076,0.12816007068407748,8.849645369805206,69.92922475271399,65.91775720834204,42.28981484117671,20.964762046174723,6.503713899912516,73235.0,194938.185695853, 0.0, 0.0,0.0,NaN, 115.29960911098587,115.29960911098587,0.0, 171.80676013538545, 20.36526235913754, -21.114928321891306, 20.36526235913754, 85.26351174229066, 14.261281074700754, -21.114928321891306, 14.261281074700754, 224.74927026695028, 9.475807264073843, 5.603636383395487, 7.0, 0.0
26, 0 ,1.0,1.0,1.0,175.65928612755351,150.02831679202455,92.75326004717611,14.414180504763577,11.24654566604156,13.851589457388386,63.0,54.0,66.0,-0.7760863708054819,-0.11240387269010084,0.6205282543561119,15.173861434081923,-0.6246556676514108,0.2721069103985678,-0.7319584183437716,13.218780153771435,0.08657506523789747,0.95567944349432,0.28139218070415606,11.006257309541576,75.49718012568214,66.97270488820016,53.3217941229598,21.950062095656115,6.656928235644499,89876.0,269608.3409672687, 0.0, 0.0,0.0,NaN, 108.13328222077438,108.13328222077438,0.0, 207.76859962390637, 0.40778535766358964, -28.038404811469444, 0.40778535766358964, 126.48478941835822, -18.28553837309106, -28.038404811469444, -18.28553837309106, 191.86653049603308, 9.370334240427571, 5.551022749023677, 8.0, 0.0
27, 0 ,1.0,1.0,1.0,20.25775058164829,75.29608262242986,175.49321883216373,11.73231655790575,15.789396363466226,14.214703393106676,48.0,75.0,58.0,-0.003589956803385765,0.8559137496438584,0.5171061451778932,16.627514574505337,0.034940352079349375,-0.516686363629826,0.8554614973425501,13.226335844548789,-0.9993829516290142,-0.02113894059733021,0.028051046035782973,11.730297570537797,83.56562609418187,68.48873413577964,48.96189876485734,23.171003072329636,7.219051081247527,105734.0,280223.8285247322, 0.0, 0.0,0.0,NaN, 81.73407392342725,81.73407392342725,0.0, 137.64725181490942, -1.1007541539053383, 0.8581752999701519, -1.1007541539053383, 249.30503752264048, 44.96280563716657, 0.8581752999701519, 44.96280563716657, 202.05779255399847, 8.441033055311577, 5.1582340853324204, 7.0, 0.0
28, 0 ,1.0,1.0,1.0,88.84822170267793,33.739716876910826,104.66269300927472,13.26332504656388,14.971305474989594,13.92309015061709,67.0,68.0,61.0,-0.41485583485314986,0.7377449709509724,0.5325664222656605,16.570502933143906,-0.23257097196980675,-0.6518446016868925,0.7218097798233797,12.828168053555729,-0.8796620824414992,-0.17558750834898937,-0.44199960138723876,12.440448351682285,82.72439759021614,62.88750426482168,62.83320559204232,23.417719002432225,6.7467514391503896,116769.0,326879.1273908404, 0.0, 0.0,0.0,NaN, 134.61640724260215,134.61640724260215,0.0, 175.91579129080873, -35.18562287756623, -28.116786919444582, -35.18562287756623, 224.1399876254534, 42.46617876860238, -28.116786919444582, 42.46617876860238, 193.85243934221066, 8.259884478216511, 5.2192453845571345, 11.0, 0.0
29, 0 ,1.0,1.0,1.0,48.977925884484875,13.008610729357965,119.0718776984542,15.715780910288412,8.349617495660691,15.770545580649333,69.0,34.0,74.0,-0.7107314621676628,0.09063040724077673,0.6976008299653802,16.816008331213094,0.689210709639531,-0.10889677543885726,0.7163309919424075,14.71324910925412,-0.14088785044563082,-0.9899129363648046,-0.014932917143667228,8.133520413017461,82.990206523519,79.28293040627807,38.17863570940023,22.53394949911618,7.591647372392072,82223.0,251204.2277780426, 0.0, 0.0,0.0,NaN, 95.48519338781283,95.48519338781283,0.0, 246.9857696201857, -25.235948232564834, -33.187484547843056, -25.235948232564834, 69.71611232384312, 1.9694867687812663, -33.187484547843056, 1.9694867687812663, 248.71010791133824, 8.6560798200797, 5.6967257077687785, 8.0, 0.0
30, 0 ,1.0,1.0,1.0,95.82395761414463,161.6693332933089,17.559023504337645,17.595087840749468,18.11340137482455,10.937873855211048,80.0,84.0,45.0,0.5947108852381506,0.7934898527675147,0.1292006831802485,18.939394826226497,0.8025675287621271,-0.5953643266066266,-0.03777142280732967,16.83103730218128,-0.046950237016517196,-0.1261553493088021,0.990898835948891,10.73941417911529,85.17693619861231,84.19534954613307,50.696093376102795,26.160655589252798,8.540468904119326,133252.0,363567.1308063336, 0.0, 0.0,0.0,NaN, 104.68901646993683,104.68901646993683,0.0, 309.5871161236898, 34.594229132729446, 13.608280351249826, 34.594229132729446, 328.09530936549595, 28.726500867890852, 13.608280351249826, 28.726500867890852, 119.6370844725094, 9.039920196546614, 6.105697938291974, 14.0, 0.0
31, 0 ,1.0,1.0,1.0,153.7151224528576,89.53477974134559,69.1815275588791,10.794253954474918,12.667559771023141,15.245379771513136,52.0,62.0,68.0,-0.050819811961802984,-0.2097662037170411,0.9764299700901791,15.377658939174838,0.2513145167516738,-0.948918127382491,-0.1907757877582487,12.635857797199671,-0.9665704114972897,-0.23569583641432598,-0.1009411329187057,10.64271096305672,68.36709215877234,65.93103111779425,48.24613371498353,21.67290262275193,6.299990894325746,89463.0,217470.06915717668, 0.0, 0.0,0.0,NaN, 122.24913262786441,122.24913262786441,0.0, 116.5159184336974, -9.751356465936368, -8.338202258301264, -9.751356465936368, 160.46707055244386, -16.835728994103178, -8.338202258301264, -16.835728994103178, 232.42160437766194, 7.987350894487644, 5.071777284548019, 8.0, 0.0
32, 0 ,1.0,1.0,1.0,152.97023157565326,49.62844886037657,157.58500234705053,12.294239344481797,11.450351152707633,12.559848314144352,55.0,56.0,57.0,0.6714677809822237,-0.17155413821220622,0.7209023489801342,12.931536647321757,0.5492085555857602,-0.5379045583944448,-0.6395534758953937,12.336311137080477,-0.49749470507153243,-0.8253652910807093,0.2669665797530554,10.98177762123011,59.72947928350959,59.71601419705188,55.717251308248,20.214731920570078,5.601184306330057,76692.0,198732.6503884597, 0.0, 0.0,0.0,NaN, 80.46001541283971,80.46001541283971,0.0, 151.14832105940422, -14.701836583369419, 11.475298080090472, -14.701836583369419, 131.110541520313, 5.099562429969295, 11.475298080090472, 5.099562429969295, 157.74978967431474, 8.203927912548592, 5.03435683264387, 13.0, 0.0
33, 0 ,1.0,1.0,1.0,120.56846721945237,79.21742608046497,178.75472578452022,12.58460363082938,11.995187589070085,12.696137739709476,59.0,55.0,52.0,0.4849748085583492,0.40579100375319693,-0.7746825777934891,13.923850262261508,0.7582482914174404,-0.6364714653885013,0.1412926123643623,12.646932235120998,0.4357280845049179,0.6559250986348872,0.6163629623480702,10.470443460623704,69.10573589257152,59.45956432279367,58.04752922691597,20.62374266907821,6.173323713147547,75014.0,238517.12045430063, 0.0, 0.0,0.0,NaN, 114.17587604731602,114.17587604731602,0.0, 158.372248545084, -7.703078096745537, -26.259921769660064, -7.703078096745537, 143.884525296981, -31.00743297978384, -26.259921769660064, -31.00743297978384, 161.19191350567525, 8.493598138915846, 5.081201963238934, 10.0, 0.0
34, 0 ,1.0,1.0,1.0,48.59031316864423,31.312779614860922,11.019626531803151,12.629854726847954,13.565666944953438,7.48482377772843,59.0,59.0,31.0,-0.5489022915738937,0.8330020320386102,0.06938219457811101,14.217515335817133,0.8271339802235494,0.5532607712290442,-0.0987516975985363,11.957302873965427,0.12064681124869236,-0.0031833376493889884,0.9926903914599619,7.378909317941076,70.62984672128897,59.518006249905284,33.66892560522743,18.988789512589353,6.244118025222934,51410.0,141535.66718013253, 0.0, 0.0,0.0,NaN, 58.84675751420965,58.84675751420965,0.0, 159.5132304212836, -27.016421625205222, -12.855721182399499, -27.016421625205222, 184.02731966140234, 3.698976957179578, -12.855721182399499, 3.698976957179578, 56.022586983648885, 8.046566386212753, 4.871099762096032, 2.0, 0.0
35, 0 ,1.0,1.0,1.0,46.145859914646486,24.0778740815698,171.3539311012363,11.678010862175773,12.972619057626003,14.282798793702508,52.0,52.0,58.0,0.05071042839624786,0.4208518124690501,0.9057108834464698,14.646107322036817,0.3082795377784747,-0.8691882706306272,0.3866205850510688,12.670713346329965,-0.9499432504307609,-0.2596064370150641,0.17381691178186484,11.558879180062481,66.16791195297418,63.573472804139215,53.941890813537206,21.661094721286673,6.281727450963541,90916.0,226907.85567201872, 0.0, 0.0,0.0,NaN, 59.41196572158528,59.41196572158528,9.5367431640625E-7, 136.37593769709534, -5.491912184826628, 6.9265093016246295, -5.491912184826628, 168.28884521428137, 21.78411025345654, 6.9265093016246295, 21.78411025345654, 203.99834138138982, 7.915910822514524, 4.748517470335287, 7.0, 0.0
36, 0 ,1.0,1.0,1.0,114.80385573024117,156.69451518816248,60.666486448033005,9.877083341990822,13.892758875497186,14.018961492843344,51.0,67.0,62.0,0.024061618746593814,-0.6906665776156597,0.7227729360372904,15.73210853508844,-0.41876562157792263,-0.6634589741275749,-0.620046404581174,12.417738974525962,-0.9077755188854507,0.2877531376271275,0.3051913155677826,9.241067343975969,73.56292222623965,60.853857166934546,48.25983949087047,21.070400187534446,6.567727292779085,70285.0,216039.3972059503, 0.0, 0.0,0.0,NaN, 113.19969342348601,113.19969342348601,0.0, 97.5567753446326, 16.42187645136247, 20.68408881230113, 16.42187645136247, 193.00874917270585, -52.616658881330274, 20.68408881230113, -52.616658881330274, 196.53128133782448, 7.842687813106265, 4.953863559733272, 9.0, 0.0
37, 0 ,1.0,1.0,1.0,18.98572349249047,143.74386348352388,20.448946424568483,12.29013039588747,11.64566510794949,14.631768748245822,52.0,53.0,60.0,-0.36236750249550825,-0.40246903017247015,0.8406595463605935,16.246490519162254,0.8324500641224549,-0.545417279326887,0.09770814783925288,12.02349511010445,0.4191857391153574,0.7352133507790014,0.5326768673019543,9.604404656439543,82.03993354048735,59.62917508597891,51.16940135608748,21.18130635894466,7.218707542566634,71376.0,250319.35857271662, 0.0, 0.0,0.0,NaN, 62.79625786755589,62.79625786755589,NaN, 151.0473051479171, 1.2866649418531355, -48.05020628213059, 1.2866649418531355, 135.6215158065122, -60.88240250877114, -48.05020628213059, -60.88240250877114, 214.08865670214308, 9.781905825295153, 5.513624503096289, 3.0, 0.0
38, 0 ,1.0,1.0,1.0,35.01839527483726,54.34483081338519,128.0244057151176,14.268381078890169,13.075958088116792,12.36010615960141,70.0,63.0,61.0,-0.9036392289245025,-0.2658951400770488,-0.33576169887605894,14.494432375547099,-0.39736184812038317,0.813002287560871,0.42559469225913144,13.447135980965097,0.15981146894727002,0.5180029487408331,-0.8403173445126062,11.680135565624253,71.24316023894158,64.72017838220498,53.99361484108135,22.06624490551377,6.35770702227589,96166.0,248957.5409775675, 0.0, 0.0,0.0,NaN, 96.74778972370478,96.74778972370478,1.9073486328125E-6, 203.58669861243098, 3.355593393622682, 14.8412102644381, 3.355593393622682, 170.98067992218694, 21.93922677537814, 14.8412102644381, 21.93922677537814, 152.7722242766167, 8.377134083069578, 4.934822445583099, 7.0, 0.0
39, 0 ,1.0,1.0,1.0,59.90527447475454,141.9096655527059,86.27102924794694,12.144871023686653,13.918820216651643,10.766484619291672,62.0,59.0,52.0,-0.4827883351619379,0.8757160681384839,-0.006065594417575807,14.625078771856709,0.8425613517784009,0.46637598887202525,0.26941381830372985,11.327513534363435,0.2387588572617118,0.12495921337666649,-0.9630054013718546,10.721154205993772,65.85996213307268,55.68479960084983,55.927657932033576,20.539442323438458,5.939692627151621,77202.0,205109.0252008334, 7.105427357601002E-15, 0.0,0.0,61.13232851070476, 120.02424485742155,120.02424485742155,NaN, 147.4978921819837, -36.58101624068085, 3.3245905143679733, -36.58101624068085, 193.7335562234705, 1.15424675494395, 3.3245905143679733, 1.15424675494395, 115.91719105744414, 7.27456994470534, 4.590708805681804, 10.0, 0.0
40, 0 ,1.0,1.0,1.0,170.14837559972585,151.16912954078137,167.43758738862235,12.206711702565956,11.477667489087965,13.42555302760583,53.0,60.0,62.0,0.5186089544299549,-0.20995098166511997,0.8288337213717368,14.316637328925864,0.6454374876907252,0.7319061484475944,-0.21845786629941613,11.441532192711755,-0.5607630532306445,0.6482545604640675,0.5150833165313986,11.185319501553389,67.61342330133877,56.553397731176005,53.817562176962966,20.528551032798415,6.290049933862582,72950.0,205785.91621675226, 0.0, 0.0,0.0,NaN, 65.84743050578086,65.84743050578086,0.0, 149.00381058956066, -5.956143360512988, 33.50738251001442, -5.956143360512988, 131.73685099006684, -14.822809502410216, 33.50738251001442, -14.822809502410216, 180.24547409705605, 7.411524484864729, 4.759240454845602, 9.0, 0.0
41, 0 ,1.0,1.0,1.0,130.64271412680756,120.06100795755968,183.62532728672883,15.31465953609219,10.370736605793374,9.39816865041133,71.0,50.0,38.0,-0.9830804486731453,-0.0833324202807149,0.16312124069772643,15.494450612536927,-0.0033629366126309433,-0.8821635883122785,-0.4709310927443047,10.740724031530979,0.18314344676768227,-0.4635117163418459,0.8669575345539651,8.6588334046154,71.2986954208462,54.64775924751763,43.69107441287433,19.694756468479103,6.521741798176411,58435.0,170234.14237673697, 0.0, -1.4210854715202004E-14,0.0,85.21986064945796, 107.09250888331928,107.09250888331928,1.3486991523486091E-6, 234.53879670641948, 13.645430377991419, -26.41210604787665, 13.645430377991419, 107.55217774674266, 14.534332304659866, -26.41210604787665, 14.534332304659866, 88.32557398157432, 7.703067188459497, 4.955562159672478, 4.0, 0.0
42, 0 ,1.0,1.0,1.0,125.24593200715714,10.420882012419746,42.98086517208715,9.491358226751922,7.102445333375033,18.685671310213056,44.0,29.0,84.0,-0.1420651969171046,0.013605315482457758,0.9897637976888863,18.83399115921479,0.9283064229797109,0.3489246246824025,0.12844762101673188,9.491094062765285,0.34360539122592026,-0.9370520272006603,0.06219994726376314,6.699614430830485,87.57139074126161,48.713128281923204,33.169794626543975,20.45170234527245,8.450609102056188,47505.0,141498.243791875, -1.4210854715202004E-14, 0.0,0.0,81.83263203750552, 86.85689514561571,86.85689514561571,9.5367431640625E-7, 90.0858809885314, 14.040539636857169, -38.177001322081786, 14.040539636857169, 50.444729713580784, 6.197865103658371, -38.177001322081786, 6.197865103658371, 349.1543123133193, 8.333849565642293, 4.582280801406008, 4.0, 0.0
43, 0 ,1.0,1.0,1.0,48.50751117253262,183.3495701491466,164.44801407110936,15.121294742462277,9.88925197537372,9.21698385037682,62.0,43.0,42.0,-0.9949371311343486,0.033259619661085926,0.09483618924309216,15.164256058210212,-0.08392340613628022,-0.7941112436415791,-0.6019503257117725,10.821216613257002,0.05528984529401977,-0.606861706175323,0.7928820231190384,8.021861369343343,63.34774404486383,52.94094865736875,40.82021662066241,19.321542873148044,6.17103164957504,55717.0,136898.3386053799, 0.0, 0.0,0.0,NaN, 62.40319829832126,62.40319829832126,0.0, 228.6535546884173, -1.9646570186373746, -12.961044095854964, -1.9646570186373746, 97.79730463243301, 25.736938994149554, -12.961044095854964, 25.736938994149554, 84.95279129810713, 8.613899965420575, 5.188239929289675, 6.0, 0.0
44, 0 ,1.0,1.0,1.0,117.13620013375991,115.91484554344486,52.23559821412432,13.1687765331105,8.661029227461135,11.520599175189037,61.0,39.0,58.0,-0.9381867905420124,-0.0889575840151165,0.33450275678785113,13.424334688347484,-0.3351506647200719,-0.007996617494736506,-0.9421306098659236,11.25924684653977,-0.08648455347732806,0.9960033144296442,0.022311872511978963,8.612253284548641,66.58988458036342,60.21004444302153,39.7507861248277,18.68258498158359,5.667038593417992,55323.0,159376.00329715532, 0.0, 0.0,0.0,NaN, 129.0940751895394,129.0940751895394,0.0, 173.41667537900176, 8.991100244566272, -16.670032943683832, 8.991100244566272, 75.01342727893602, -2.7591615930672635, -16.670032943683832, -2.7591615930672635, 132.72420535536634, 6.968575005383342, 4.265474290609358, 8.0, 0.0
45, 0 ,1.0,1.0,1.0,159.6429820537813,51.733616191732125,42.512542285419414,12.603013265911223,12.539193484769505,10.869647942551175,65.0,58.0,56.0,-0.8107712917073158,-0.38818572196415635,-0.43813440609750914,13.870644206159366,-0.20401144980286717,0.8889419782864724,-0.41007497800946663,12.484202967359051,0.5486613171097287,-0.24309258422111324,-0.7999229679188603,9.271810427319386,65.92935758599455,57.684196854124565,47.26034755439499,19.98549219235753,5.898869794581488,69764.0,179734.97905711128, 0.0, 7.105427357601002E-15,0.0,67.15834326593128, 78.18166149011185,78.18166149011185,0.0, 158.83594338073428, 20.821515086397937, 43.65308598565085, 20.821515086397937, 157.231373248486, -7.375722638721533, 43.65308598565085, -7.375722638721533, 118.14924639500698, 7.517921337410898, 4.400989174768806, 4.0, 0.0
46, 0 ,1.0,1.0,1.0,51.49737667562207,141.39947674173266,44.5548928867821,10.204793091704639,13.234168613472963,13.148031530666119,50.0,58.0,62.0,-0.3167101663784547,-0.723294751423917,0.6136280413044578,14.820543241573905,-0.2317870822880826,-0.5683012479235791,-0.7894988537628663,12.026351521943763,-0.919765958816105,0.39227336663494805,-0.012336402716126519,9.373906398135464,69.10428009509556,56.8204580295272,48.744933299722085,20.346609633883862,6.177963294813575,71093.0,191398.77669636544, 0.0, 0.0,0.0,NaN, 89.83952142997124,89.83952142997124,9.5367431640625E-7, 104.13780204450272, 37.66420748051621, -15.222722525095163, 37.66420748051621, 175.14321888983292, -33.01967785836373, -15.222722525095163, -33.01967785836373, 172.87073313139044, 7.653052956511431, 4.617335593662318, 3.0, 0.0
47, 0 ,1.0,1.0,1.0,141.40865319930037,147.48943817633153,17.47308128471755,8.686013912420457,13.845456861114188,10.254809097330003,37.0,60.0,40.0,-0.043780787345382786,-0.9790491310166448,0.19886186591443608,13.983101200963105,0.23236268920040734,-0.20357289970496398,-0.9510865655518788,10.156738405164191,-0.9716433622101136,-0.004568759269811779,-0.23640707077361547,8.580103074853167,63.98087587865234,47.61445414247993,41.127142356181295,18.45756076141426,5.623439671688391,52027.0,125290.32201626958, 0.0, 0.0,0.0,NaN, 80.59536954775695,80.59536954775695,0.0, 75.44683768676174, 3.8280710964117217, -7.589889503419027, 3.8280710964117217, 191.69667569297397, -18.01550237057768, -7.589889503419027, -18.01550237057768, 105.16110962268222, 7.9039169654551165, 4.45023979678472, 6.0, 0.0
48, 0 ,1.0,1.0,1.0,44.29172338383951,149.1327516568853,123.33671032959185,11.71487645687031,8.36761006681507,10.7665025423347,52.0,38.0,52.0,0.8573517335283117,-0.028656045781130176,0.5139327154951201,12.23172341520308,-0.5006665534643432,0.1853799823419249,0.8455573690702736,10.2395944421209,0.11950316840207256,0.9822489975495506,-0.1445887255451423,8.289056253817938,59.25560596615307,47.2693170877735,38.86349058721353,17.2581037623198,5.032957396313831,44813.0,108855.55003132309, 0.0, 0.0,0.0,NaN, 102.11020368895348,102.11020368895348,1.9073486328125E-6, 137.23833039973428, -5.342098551992913, 20.349210850897, -5.342098551992913, 70.01689823026489, 4.473521305185067, 20.349210850897, 4.473521305185067, 115.91757699409958, 6.791787695659124, 4.287558197746863, 9.0, 0.0
49, 0 ,1.0,1.0,1.0,188.05304346440127,108.92673052708756,135.5309606158652,7.152427929096725,14.764982921790901,14.260864710831118,28.0,66.0,68.0,0.010095059472009895,-0.831502326720486,0.5554295368745471,15.155797554316944,-0.03331936948496107,-0.5554291082215326,-0.8308960978108856,13.85111505916198,-0.9993937709388533,0.010118616439522022,0.03331222313158652,7.140211507563678,76.07937226929161,66.53662954640757,29.586218165417534,20.638087124448624,6.826680606707973,62741.0,149767.35971803358, 0.0, 1.4210854715202004E-14,0.0,33.74662602391832, 112.21999475165882,112.21999475165882,0.0, 51.157225280922866, 1.1068813185293764, 4.902073015578336, 1.1068813185293764, 218.00472068077698, -17.525767425588672, 4.902073015578336, -17.525767425588672, 203.37226230062834, 9.289599400512975, 5.238656974927093, 8.0, 0.0
