// Sample: .//bubblelabels.tif, Map: .//bubblelabels.tif, Thickness:(8.191250068658265):/gpfs/home/mader/Foam/NewValid/InSilicoTest/LatticeData_OldFoam/out_Step_07000.vtk/distmap.tif, Neighbors:(1.0):
//LACUNA_NUMBER, TRIANGLES, SCALE_X, SCALE_Y, SCALE_Z, POS_X, POS_Y, POS_Z , STD_X, STD_Y, STD_Z,PROJ_X, PROJ_Y, PROJ_Z, PCA1_X, PCA1_Y, PCA1_Z, PCA1_S, PCA2_X, PCA2_Y, PCA2_Z, PCA2_S, PCA3_X, PCA3_Y, PCA3_Z, PCA3_S,PROJ_PCA1, PROJ_PCA2, PROJ_PCA3,OBJ_RADIUS, OBJ_RADIUS_STD, VOLUME, VOLUME_BOX, Mask_Grad_X,Mask_Grad_Y,Mask_Grad_Z,Mask_Angle, Mask_Distance_Mean,Mask_Distance_COV, Mask_Distance_STD, SHAPET_XX, SHAPET_XY, SHAPET_XZ, SHAPET_YX, SHAPET_YY, SHAPET_YZ, SHAPET_ZX, SHAPET_ZY, SHAPET_ZZ, Thickness, Thickness_STD, Neighbors, Neighbors_STD
1, 0 ,1.0,1.0,1.0,79.06230896191833,135.94628187727696,39.645760411457964,18.398658423588678,17.645747805252395,19.290783254846364,99.0,93.0,88.0,0.42000586500550424,-0.3819372677100006,0.8232369020489774,19.790646390555157,0.804507990012351,-0.2630738854144174,-0.5325026054577091,18.332394488565004,-0.41995472061552647,-0.8859548827943675,-0.1967790087523404,17.154328717252653,98.01920103205605,93.31290242361769,90.93418805426435,30.74242057969479,8.770458533126929,265981.0,831725.5628053534, 0.0, 0.0,0.0,NaN, 162.18516138429126,162.18516138429126,0.0, 338.5106317878906, -24.472265799257066, 15.767324781472315, -24.472265799257066, 311.37241560656975, -24.768112666848587, 15.767324781472315, -24.768112666848587, 372.1343185854609, 7.659875919922288, 6.203252791300589, 45.0, 0.0
2, 0 ,1.0,1.0,1.0,57.99609535009712,262.1857384479182,13.460510841845162,21.691217818098075,21.231819563268612,9.046692639744377,117.0,95.0,38.0,0.7568594339987911,0.6514342903077921,-0.052888208309720436,23.045825712181646,0.6510125243379091,-0.7585789483596496,-0.027215294610781753,19.790918332114607,0.057848857570505896,0.013832733524193635,0.9982295152724326,8.963883585405002,115.77501848555193,111.45018054344979,41.34580417701229,29.66539801546233,11.095309851530079,151358.0,533490.9772479079, -7.105427357601002E-15, 0.0,1.7763568394002505E-15,68.91456985861986, 70.53120447511328,70.53120447511328,0.0, 470.5089304321754, 68.49584277951789, -23.55937471486448, 68.49584277951789, 450.7901619671958, -9.102705778992892, -23.55937471486448, -9.102705778992892, 81.84264771800507, 7.456231071336482, 5.878377484853961, 23.0, 0.0
3, 0 ,1.0,1.0,1.0,260.8110680073605,140.88220214310337,127.04650349820113,18.663802718959627,17.476859775978422,15.858287708772682,92.0,103.0,81.0,0.8652982785666526,0.40750057666644274,-0.2918941060146714,19.090880314211482,-0.4829200454053238,0.8337820277876984,-0.2675738400590655,17.472887147617318,-0.1343395654872665,-0.37249269812272945,-0.918260350330962,15.346007694861544,113.22755584399562,92.32237031363677,83.13718638006742,28.739434665191823,8.905523215454153,205963.0,869069.2853387961, 0.0, 0.0,0.0,NaN, 193.71210938537735,193.71210938537735,0.0, 348.33753193224476, 17.36743556849817, -23.55300908111884, 17.36743556849817, 305.4406276292125, -30.91228391568714, -23.55300908111884, -30.91228391568714, 251.4852890542107, 6.359265823560711, 5.49486082739891, 47.0, 0.0
4, 0 ,1.0,1.0,1.0,79.69867089432307,16.819361797622665,263.7423808075982,18.40898906818539,10.774833850829753,19.050249959664292,84.0,46.0,81.0,-0.38034094550742387,0.11946171641693945,0.9170985026054924,19.19063715518515,-0.9116925024728448,0.11821957761346204,-0.3934983003822207,18.451357857837998,0.15542697997876825,0.9857753444774388,-0.06394860526286845,10.44829102443423,105.32892840399131,95.00842533475799,49.33973428247829,26.997368819818778,9.436208102730689,138138.0,493749.4129060469, 0.0, 0.0,0.0,NaN, 89.15931820680423,89.15931820680423,0.0, 338.8908785125693, -36.70110371638488, -7.407841425847637, -36.70110371638488, 116.0970445129867, 17.628796046649466, -7.407841425847637, 17.628796046649466, 362.9120235256894, 7.064011683707659, 5.738515653216171, 19.0, 0.0
5, 0 ,1.0,1.0,1.0,188.62868459837878,113.32771048268239,236.656422715549,15.685474650651688,15.434223336450618,16.75927491997482,77.0,92.0,85.0,-0.19159706893502365,-0.13175538982968396,0.9725898829549565,16.799678757817055,-0.760999573929273,-0.6058554464633331,-0.23198884988331067,16.040523699574965,-0.6198146591159117,0.7845888701998925,-0.015814332217420003,15.019822034115279,86.49195140322843,85.6595444800412,79.23632966005106,26.611181764725238,7.5476927563223875,173696.0,587050.96515177, 0.0, 0.0,0.0,NaN, 171.05305796952385,171.05305796952385,0.0, 246.03411501623668, 16.046679343744692, -4.956495028889274, 16.046679343744692, 238.21524999943682, -2.8013649929442224, -4.956495028889274, -2.8013649929442224, 280.87329584329706, 6.8476373857702555, 5.667646808806883, 39.0, 0.0
6, 0 ,1.0,1.0,1.0,277.45069840016544,206.43203053033295,208.08871468050307,13.800766967310999,17.00641134772393,17.1537595978359,56.0,90.0,84.0,-0.19812970093940746,0.5900794117935808,0.78265631626085,17.811103925734585,0.17480812415373093,0.8069567985331252,-0.5641478928712077,16.563202317938725,0.9644618921116144,-0.025040229202459175,0.26303278424176246,13.503909436754771,91.1689242960964,98.41263611594229,64.506112049043,26.599142182112125,8.149619581924128,159579.0,578760.0724518293, 0.0, -2.8421709430404007E-14,2.8421709430404007E-14,78.39933084119303, 133.08313297483951,133.08313297483951,0.0, 190.46116888602242, -2.7935912607711946, -29.986730943615157, -2.7935912607711946, 289.21802692799326, 20.4163627030004, -29.986730943615157, 20.4163627030004, 294.2514683403473, 8.138293107631922, 6.006136309645067, 32.0, 0.0
7, 0 ,1.0,1.0,1.0,261.2780337194744,276.90110858545955,25.877441744563434,18.95884170925955,13.978485510465442,17.011816016719905,81.0,61.0,72.0,-0.8890142479739749,-0.2520275413730074,-0.38227710536827203,19.51443665010732,-0.4399750725116569,0.2390147889178464,0.8656176212664107,16.952759413420978,-0.12678959920920171,0.9377387957571306,-0.3233733886149811,13.26756687600988,98.88377696434242,93.59655353634588,64.12046613556467,27.61205855208601,9.044989929563615,164534.0,593446.5022250618, 0.0, 0.0,0.0,NaN, 51.986454470892355,51.986454470892355,9.5367431640625E-7, 359.4376789567595, 34.171811823997125, 27.18169223353874, 34.171811823997125, 195.39805716629232, 42.77134120987762, 27.18169223353874, 42.77134120987762, 289.4018841867279, 7.190295006682573, 5.793374323223721, 20.0, 0.0
8, 0 ,1.0,1.0,1.0,156.4641056734517,177.80795149415331,14.383152880034647,17.300245645199293,17.096345309984756,9.484948406510403,82.0,81.0,40.0,-0.7516683741729281,-0.659480618757256,-0.008942524910452478,17.922764458228322,-0.6553776120909955,0.7453333740627788,0.12230432158390396,16.527520712429688,-0.0739921674106914,0.09779302118117263,-0.9924523586400139,9.336130991567895,88.7226859754058,88.31354811862872,44.68396430950831,24.853707730978314,7.9900551086801945,115450.0,350117.41301752883, 0.0, 0.0,1.7763568394002505E-15,89.48762423527734, 189.0511168042857,189.0511168042857,0.0, 299.29849938423706, 25.172950636568004, -13.335250883197425, 25.172950636568004, 292.2850229582378, 18.335255657480566, -13.335250883197425, 18.335255657480566, 89.96424627416422, 8.657381518733041, 5.879479906836805, 17.0, 0.0
9, 0 ,1.0,1.0,1.0,44.46621614999363,257.6752163558134,214.83596651997922,16.740895187825306,21.185411612151487,15.161331525033885,84.0,88.0,92.0,-0.22088934672731106,0.9461315304473199,0.23673407780840058,21.68955545960839,-0.9112479200284748,-0.2867238597107405,0.29566307939334224,16.716534708170848,0.3476134703174778,-0.15041461154418376,0.9254946352561164,14.459109993118997,99.04059734871359,89.98649627186184,88.27005873329804,29.47872248906332,9.484204283505385,204062.0,786690.6871419372, 0.0, 0.0,2.8421709430404007E-14,76.3061372029081, 104.98354293798272,104.98354293798272,NaN, 280.2575716897525, -36.236242212871765, -32.62866847728312, -36.236242212871765, 448.8216651762831, 52.57619016317542, -32.62866847728312, 52.57619016317542, 229.8659736119863, 7.465221812204976, 5.442001597961072, 31.0, 0.0
10, 0 ,1.0,1.0,1.0,277.73282252227517,209.47469239024633,285.8190281278858,13.766608204731758,19.654312836631803,8.603166282627543,54.0,105.0,38.0,0.2537521563898856,0.9670481901497399,-0.020679483929613413,20.025531507503434,0.9668820095518449,-0.2529876754520196,0.03371076496269287,13.23044426298786,-0.0273682796768351,0.028548800281195635,0.9992176656114699,8.588330284477621,109.4063768138092,63.646483120352684,39.124028510527296,23.630073353528534,9.562720216345578,80134.0,272433.56507694215, 0.0, 0.0,5.6843418860808015E-14,88.81506838385486, 94.29612120285073,94.29612120285073,0.0, 189.51950146258775, 55.53182374616476, 1.5840266580731446, 55.53182374616476, 386.2920130801897, -7.408416040090823, 1.5840266580731446, -7.408416040090823, 74.0144700865394, 6.745694648151548, 5.4956525380471035, 16.0, 0.0
11, 0 ,1.0,1.0,1.0,14.27753129306927,168.87900013215776,12.44850567334378,9.131397121432792,17.875488701076353,8.167793197643826,35.0,87.0,33.0,0.030803881842954312,-0.9987019399011251,0.0405654545288774,17.893696602897478,0.9810530792234221,0.02244316978437718,-0.19243481981250432,9.155553492132787,0.1912746104678996,0.045724603527627486,0.9804709501166234,8.10060599876618,87.36409265305849,40.55543000959185,38.05574230783929,20.2152126573096,7.808555092391273,52967.0,134834.85702904483, 1.7763568394002505E-15, -2.8421709430404007E-14,0.0,18.269113458132693, 132.4821867258634,132.4821867258634,0.0, 83.38241338931108, -7.430575678115055, -3.118678297773184, -7.430575678115055, 319.53309630230837, -10.391744428409158, -3.118678297773184, -10.391744428409158, 66.71284571947675, 9.110509984389772, 5.7233311257849095, 11.0, 0.0
12, 0 ,1.0,1.0,1.0,22.79740066203331,131.5392604217495,188.98333047595185,14.611332126693894,16.456601092443385,16.21317484388057,65.0,76.0,77.0,-0.5008600435236908,-0.031036099007156145,-0.864971662749633,16.931284263582764,0.18742815691351536,0.9717550347365735,-0.14339748414851486,16.607042560554333,-0.8449910666968314,0.2339421146833949,0.48089623015782923,13.591009349135884,88.97538800368707,79.65025648061972,68.38883512482178,26.111961973348272,8.083515723556648,151654.0,484665.6887938311, 0.0, 0.0,0.0,NaN, 173.62891297666363,173.62891297666363,0.0, 213.4910265165571, 18.173314099583628, 41.72112063561527, 18.173314099583628, 270.81971951580886, -9.954552795533358, 41.72112063561527, -9.954552795533358, 262.86703851824177, 6.625842492060741, 5.1547292617417835, 26.0, 0.0
13, 0 ,1.0,1.0,1.0,123.23973514318821,234.8489124317166,78.01141532858799,14.569592603559107,15.222316205805512,16.350990906522497,78.0,77.0,78.0,-0.13748435154583327,0.5348013945962483,0.8337178907867633,17.12901133926264,0.9320025718090686,-0.21513862418225,0.29169603789947274,14.53365056379591,0.3353643678468297,0.8171308589955932,-0.46885808093262077,14.377649834283819,82.19043021349887,71.55078769154812,72.77519677559673,25.612742812096563,7.43869938696915,151025.0,427975.6510821706, 0.0, 0.0,0.0,NaN, 159.7450388934278,159.7450388934278,0.0, 212.27302863368422, -7.278097821570525, -8.710102985511277, -7.278097821570525, 231.71891066952915, 38.36804817061878, -8.710102985511277, 38.36804817061878, 267.3549036251814, 6.442467894746144, 5.098207184356013, 33.0, 0.0
14, 0 ,1.0,1.0,1.0,191.28765910088407,279.56329550442035,60.51978964198382,16.45213119680359,12.372894055811443,15.345843276955295,76.0,55.0,83.0,-0.8813899461574825,0.0999505138993869,0.46169433349756245,16.8052912286225,0.47155124109704555,0.24435418793507818,0.8473077704461494,15.168389114591735,-0.028128096848987854,0.9645210861405968,-0.2625031134249976,12.114379575676356,80.92094608315834,74.22518377674135,61.53425073489217,24.59001437503128,7.3883169362048395,127592.0,369597.60646449705, 0.0, 0.0,0.0,NaN, 126.08995555838383,126.08995555838383,0.0, 270.672620916838, -2.350183670596254, -21.913182952142222, -2.350183670596254, 153.08850731633413, 23.511448044166755, -21.913182952142222, 23.511448044166755, 235.494905880874, 6.94993402556877, 5.533949891569221, 28.0, 0.0
15, 0 ,1.0,1.0,1.0,175.0084537634674,100.42056547655777,11.080119463401992,15.138643639916033,18.797512615117682,7.500754107265446,82.0,87.0,30.0,0.01817966128253918,-0.9987216494286124,-0.04716531435539717,18.815445131574844,0.9946536928878942,0.02286144901256915,-0.1007044456492346,15.197653596945724,0.10165397749289536,-0.04508238138826521,0.9937977901707349,7.334621571524832,86.74334621002896,84.20712400251463,33.58574560959835,23.713048330406394,8.745150817986342,81029.0,245323.9792003913, 0.0, 0.0,0.0,NaN, 160.71697374127646,160.71697374127646,0.0, 229.17853125637018, -1.422244966017568, -18.004046475119342, -1.422244966017568, 353.34648051550846, 13.734177750264386, -18.004046475119342, 13.734177750264386, 56.26131217765946, 6.818414369899418, 5.105785085382114, 23.0, 0.0
16, 0 ,1.0,1.0,1.0,218.72845977571376,28.854252692873985,262.88446380533816,15.479308214623131,17.126314657545862,17.07631106864879,80.0,72.0,79.0,-0.470239887498235,-0.6130490693480042,0.6348584777548406,18.68284598853597,0.05584381806959208,-0.73858246356229,-0.6718462714800678,16.345286504443717,-0.8807700699893575,0.2804759937852164,-0.38154593527010305,14.432702834955132,94.44171305216261,89.72596275274387,72.98266101369177,27.500051911852122,8.262395603661684,180662.0,618445.8464377206, 0.0, 0.0,0.0,NaN, 93.88926549882714,93.88926549882714,1.3486991523486091E-6, 239.60898280329914, 38.14630123852474, -44.22620617009373, 38.14630123852474, 293.3106537492702, -25.568321968879285, -44.22620617009373, -25.568321968879285, 291.6003997132571, 7.5755333516890815, 5.514900368827834, 36.0, 0.0
17, 0 ,1.0,1.0,1.0,157.07693611876925,257.97061728759087,280.1847955889074,17.938797868215545,18.00514268985363,10.958271449299241,87.0,84.0,49.0,-0.702076299985502,0.7087381576847014,-0.06913098321566066,20.348376792404792,0.7076500302985986,0.7052300060521307,0.04338286737993256,15.282622103407833,-0.07950033721350322,0.01846245935426935,0.9966638520471843,10.883674423372078,96.97080050724853,72.0217550525058,51.541051175536126,26.249166700828106,8.777846712452302,135658.0,359963.074638202, 0.0, 0.0,0.0,NaN, 150.28677096217717,150.28677096217717,0.0, 321.8004689566946, -89.644689827585, 17.88079795101473, -89.644689827585, 324.1851632819897, -10.961649182374908, 17.88079795101473, -10.961649182374908, 120.0837131565269, 7.351000511213619, 5.422391392098997, 28.0, 0.0
18, 0 ,1.0,1.0,1.0,272.8219785442694,67.00579847908745,238.59289109179792,15.102909133975837,16.189352847722546,14.583578162311737,68.0,83.0,78.0,0.438089326707753,-0.8826077435231614,0.1705324394292792,16.543904464080697,-0.7471599243320977,-0.46299359139924484,-0.47685320780643115,14.886554516272227,0.49982976031525145,0.08148929620620333,-0.8622816855917884,14.407063603346607,86.59740059529952,78.69593112179672,73.69379008179418,25.44524888522335,7.443995642303483,147280.0,502213.08870646346, 0.0, 0.0,0.0,NaN, 94.86440272584875,94.86440272584875,0.0, 228.09786430913076, -20.71376948449793, 9.945410181530685, -20.71376948449793, 262.09514562806214, -6.853458235961204, 9.945410181530685, -6.853458235961204, 212.68075201625578, 5.982292994668647, 4.889468177865686, 30.0, 0.0
19, 0 ,1.0,1.0,1.0,276.983866215856,205.81057534477196,11.844414203341797,15.048794519941898,18.250488312205967,7.598190284205191,62.0,85.0,32.0,0.5312167089020396,-0.8469869698985518,0.020539742095654012,20.047256336554955,0.8411161372192217,0.5301331921651856,0.10715615835856696,12.608629733383903,-0.10164866891751068,-0.039646833250848154,0.9940300180178052,7.510592876416266,101.72623819257004,68.62537964935035,34.73862160494715,23.057230554004278,9.254358698033768,71279.0,242510.37704482905, 0.0, 0.0,0.0,NaN, 97.68152475812823,97.68152475812823,0.0, 226.4662165034333, -109.70895829561655, 13.014170742208002, -109.70895829561655, 333.0803236339666, -0.1837247916845279, 13.014170742208002, -0.1837247916845279, 57.732495594990155, 7.262881723514124, 5.383191028095022, 11.0, 0.0
20, 0 ,1.0,1.0,1.0,40.56929628324186,85.4588077888634,36.62193656982139,13.51906690993347,13.81883518576322,17.454185748280736,63.0,71.0,81.0,0.2687106336754338,0.032663232976654306,0.962666976976597,17.74917466300364,-0.11279684288784803,-0.9914814518816893,0.0651260532284252,13.824932009376807,0.9565936794607632,-0.12608585878713885,-0.26273729965429105,13.122958121564293,83.51604354704298,72.10459099048666,62.08102602041275,24.993721538081267,7.327199998562909,139019.0,373845.1197835157, 0.0, 0.0,0.0,NaN, 101.44082939199276,101.44082939199276,0.0, 182.7651701152581, 3.36910476385235, 36.805854408783496, 3.36910476385235, 190.96020589128761, 3.2693662000668953, 36.805854408783496, 3.2693662000668953, 304.6486001354864, 6.776252797994087, 4.929980853805809, 22.0, 0.0
21, 0 ,1.0,1.0,1.0,69.89825803907621,63.73616985085474,159.82038395818674,14.664342848758873,14.398322008389377,14.33630692935033,72.0,68.0,71.0,-0.6987598619355677,0.577946120692419,0.42156012254999986,14.83240054761195,0.7008133871935422,0.4348387979654117,0.5654872377996785,14.521392852806537,0.14351045842760185,0.6905747616012193,-0.708880276888361,14.036145048602684,78.31371285733314,76.83207584347161,79.4329162684345,24.110663996682565,6.823503927953862,129337.0,477948.264347469, 0.0, 0.0,0.0,NaN, 169.1105868294013,169.1105868294013,0.0, 215.04295118594547, -5.06015093076693, -1.2794526507821111, -5.06015093076693, 207.31167665726989, 9.00796339643866, -1.2794526507821111, 9.00796339643866, 205.5296963725383, 6.867415738487632, 5.0996268927380966, 31.0, 0.0
22, 0 ,1.0,1.0,1.0,66.09952148909083,42.20722302705708,34.69891127793143,14.737070640725605,13.39537593079158,16.473435116810023,77.0,68.0,75.0,-0.1041074776374786,0.0791359633930063,0.9914126952978877,16.519474269071917,0.9186132652417712,0.3897157506167837,0.06535520364170103,14.982811176185576,-0.3811971957160929,0.9175288186313594,-0.11326766952281284,13.061919884800858,78.66621592736102,80.49911360905367,63.64560840201316,24.81361256127101,7.230217396720649,136674.0,403039.67551117117, 0.0, 0.0,0.0,NaN, 85.75902786655335,85.75902786655335,0.0, 217.1812510697366, 18.44302758670996, -7.3223992215229945, 18.44302758670996, 179.43609632723042, 9.396552634637791, -7.3223992215229945, 9.396552634637791, 271.37406454774964, 6.4022510891989945, 4.925098099082429, 22.0, 0.0
23, 0 ,1.0,1.0,1.0,25.985252798870366,281.63625491693443,134.14262351771538,15.629305668731158,11.674187267179802,19.666970940948186,64.0,47.0,109.0,0.10206230513759222,-0.0726964492954585,0.9921181946370267,19.75139854441973,0.9643240262701814,0.2521148718256166,-0.08072957179633165,15.816480497926705,-0.24425899825404015,0.9649628581785855,0.09583435765813358,11.272656751010995,107.22232246919758,72.89052161341507,56.97174564496535,26.282068683701716,8.752397142119964,138806.0,445262.1661048894, 0.0, 0.0,0.0,NaN, 137.8648031250636,137.8648031250636,0.0, 244.27519568663192, 27.973592019185038, 17.053016082451357, 27.973592019185038, 136.28664834918303, -21.47694579910365, 17.053016082451357, -21.47694579910365, 386.78974599210034, 6.555057188630372, 4.892879362977778, 16.0, 0.0
24, 0 ,1.0,1.0,1.0,282.5150900776817,103.74085174370558,169.21597708115254,11.065007963648895,13.414409570863643,15.460033453418815,46.0,68.0,76.0,0.0072183134204552475,-0.06997888131480651,0.997522356702491,15.468766132525953,0.37449309199326336,-0.9247633485476426,-0.06758456356503324,13.814594123886996,-0.9272016069877622,-0.37405307825611994,-0.019531375948244917,10.54834978946021,76.59871323833406,71.21075950977281,55.053619631733795,22.221298244842416,6.89980608894817,90755.0,300298.36655533337, 0.0, 0.0,0.0,NaN, 167.84620057165043,167.84620057165043,0.0, 122.43440123561349, -27.622991531739554, -1.0922845089818212, -27.622991531739554, 179.94638413487812, -3.9627175916301622, -1.0922845089818212, -3.9627175916301622, 239.01263438082887, 6.8807066590272, 5.209216332945033, 14.0, 0.0
25, 0 ,1.0,1.0,1.0,33.50699589670722,181.70416418970842,207.39559077266597,15.565861499761827,15.322775898539039,14.486447425132413,69.0,73.0,75.0,-0.7082579093037034,0.6909524059664581,-0.1447601692383314,16.706359092674653,-0.5156989501231422,-0.3663523149035638,0.7744937534975279,14.956323741584663,0.4821050992788154,0.623193993916793,0.6157953549641313,13.570063023849965,95.235619964699,78.67151065647182,67.38388149769807,25.093359980539788,7.567294718380535,137938.0,504862.2829887647, 0.0, 0.0,0.0,NaN, 153.92270837151017,153.92270837151017,0.0, 242.2960442297675, -38.99762950342183, -6.05891230187127, -38.99762950342183, 234.78746123684883, -20.718113408486513, -6.05891230187127, -20.718113408486513, 209.85715900112552, 6.517411301372132, 4.925917190682125, 34.0, 0.0
26, 0 ,1.0,1.0,1.0,124.33921677681083,187.55129064974153,115.79156579205653,14.16745695984896,14.126496748782618,14.587665760268305,70.0,72.0,70.0,-0.5418545568744081,-0.6100098612271094,0.5781709162523847,15.043545450534188,-0.5170198211426,-0.3004300315663577,-0.8015187463052323,14.386358375700132,-0.6626342458250349,0.7332324088164143,0.15259780772070924,13.408921373454232,76.6673896386974,72.34970875288087,66.1961434647604,23.7979314606788,6.836168344082561,122264.0,367180.9595278358, 1.4210854715202004E-14, 0.0,0.0,57.19002397606369, 203.7465086125056,203.7465086125056,2.6973983046972182E-6, 200.71683670917275, 19.59293636387339, -3.312073870147911, 19.59293636387339, 199.5579103933659, -9.8611930664953, -3.312073870147911, -9.8611930664953, 212.79999233330426, 6.375791202389181, 4.784255951543598, 32.0, 0.0
27, 0 ,1.0,1.0,1.0,31.850827138240344,14.027901916656889,71.66793946052029,17.424279284506586,9.064628301955509,14.941767200927096,71.0,37.0,95.0,-0.960168147454409,-0.013227018547724703,0.27910961035820064,17.636292242062517,-0.27933477401525547,0.020359289914465374,-0.9599779077353942,14.694170607600757,-0.007015172115825902,0.999705229202347,0.02324310791758373,9.059356932535916,81.35242909938681,87.45330830364585,38.44554931236777,23.414430349810647,7.797041318194147,93757.0,273522.36239206593, 0.0, 0.0,0.0,NaN, 79.67151792259399,79.67151792259399,0.0, 303.6055085844854, 2.1467222309412266, -25.469631053736695, 2.1467222309412266, 82.16748625261279, -3.461259741978893, -25.469631053736695, -3.461259741978893, 223.25640708670073, 6.701880085124296, 5.171175980854271, 17.0, 0.0
28, 0 ,1.0,1.0,1.0,235.60631167063627,273.79293126913916,96.27794317795168,14.08815007060385,13.798894730988437,14.459076017064877,83.0,61.0,81.0,-0.5355405070148489,-0.5419140718959083,0.6477078847964369,15.643375405943114,-0.6926966808812305,-0.1568478914764619,-0.7039673623368591,13.640464852885104,-0.4830814358287898,0.825668140126882,0.29138367959961387,12.92953487106001,78.59975910276813,100.06360785342508,67.72006533590859,23.493643994122728,6.782259162954357,117560.0,532616.652844942, 0.0, 0.0,0.0,NaN, 118.75520995181722,118.75520995181722,1.9073486328125E-6, 198.47597241185528, 24.556392012574808, -17.68624731063325, 24.556392012574808, 190.40949579690044, -25.131822296862136, -17.68624731063325, -25.131822296862136, 209.0648792672607, 5.930083374549547, 4.702962150858048, 25.0, 0.0
29, 0 ,1.0,1.0,1.0,135.46482512356386,24.092398917137817,249.63422192868495,15.29834883615089,14.053863405343215,15.87036225972614,75.0,61.0,82.0,0.5921323578943432,-0.1284561693369366,0.7955364751497984,16.74366883106329,0.7182188995711837,0.5318075124698042,-0.44871191423834195,14.638124162198249,0.36543246028950926,-0.8370661755440602,-0.40716008488897487,13.74022660189022,84.90471115436651,69.73437588203231,67.1906457664545,25.03677405117289,7.521894514932725,137783.0,397820.8328773354, 0.0, 0.0,2.8421709430404007E-14,37.29404352702317, 146.5191937326615,146.5191937326615,0.0, 234.03947711255927, 2.768442488201861, 34.91712516476753, 2.768442488201861, 197.51107661604516, -15.436768537294656, 34.91712516476753, -15.436768537294656, 251.86839825493976, 7.483292299466697, 5.2464415215296665, 23.0, 0.0
30, 0 ,1.0,1.0,1.0,20.179336007724856,254.1795715216555,83.35418154983867,12.229996685644446,16.690680118320273,15.921436113278755,51.0,82.0,86.0,0.20924203864725657,-0.9607364706994173,-0.18221746110284703,16.865732048932927,0.12962407118067013,0.21194889951619478,-0.9686460985129823,15.993882248777977,0.9692344243955062,0.17906171523221173,0.16888319248761804,11.890608172755677,86.32621940278182,87.18001295018182,56.92703894426404,24.89310404491533,7.872554900491302,127381.0,428428.3936159531, 0.0, 2.8421709430404007E-14,0.0,16.108816448295286, 97.23495693162624,97.23495693162624,0.0, 149.57281893087412, -25.616647159629004, -19.821040212626077, -25.616647159629004, 278.5788028120917, 1.5552668861842134, -19.821040212626077, 1.5552668861842134, 253.4921279092169, 6.459463127942104, 5.164491724214305, 17.0, 0.0
31, 0 ,1.0,1.0,1.0,167.18149957973017,11.014517117091447,221.41401564258544,15.339387866846874,7.550031818125708,16.60612664353754,78.0,31.0,88.0,0.4863882796671476,0.03491164017066842,0.8730450267787033,17.153999834530023,-0.8735657427176237,-6.829148621613863E-4,0.48670568804719905,14.733979555607759,-0.017587909274244275,0.9993901695573578,-0.03016545109021456,7.530828561145416,83.31019193114668,73.0177072912833,32.90646726591241,22.333466520752424,8.323431735283476,70193.0,200173.96311931967, 0.0, 0.0,0.0,NaN, 154.71855279388998,154.71855279388998,0.0, 235.29682012956906, 4.1293583680460495, 32.68410583268229, 4.1293583680460495, 57.00298045471058, 7.18697189264276, 32.68410583268229, 7.18697189264276, 275.7634421012074, 6.703208197674756, 4.789908605873304, 16.0, 0.0
32, 0 ,1.0,1.0,1.0,59.565489963945545,112.59767888213241,158.88147769466718,13.865271253737694,12.840582541446855,14.494267583534835,71.0,65.0,70.0,0.5939123804504963,0.17016162268596927,0.78632887935806,15.226696144316769,-0.6652477563598357,-0.4457905749913504,0.5989291994109869,13.258850339787966,-0.45245276770711595,0.8788149892973827,0.15156090386511853,12.631734319652894,75.3426329885495,65.63701058682683,65.01068484149826,22.926637588827564,6.448208169493871,111498.0,321495.0773168934, 0.0, 0.0,0.0,NaN, 190.1071335377224,190.1071335377224,0.0, 192.24574693972482, 12.120950589272079, 27.291744693837767, 12.120950589272079, 164.88056000370977, 5.337757864961039, 27.291744693837767, 5.337757864961039, 210.08379278310878, 6.718030498974019, 4.933917289983858, 25.0, 0.0
33, 0 ,1.0,1.0,1.0,144.94412474309712,153.19770351175052,58.29378965239925,13.225194141981548,14.113663087437613,14.153366391587728,65.0,68.0,67.0,0.44051603341486417,0.617611143986474,0.6515382560741569,14.909526698056105,0.002707247787671868,-0.7266606104767528,0.6869912866921744,13.734248215338292,-0.8977406613904988,0.30086680110187003,0.3217776761692417,12.786534544307006,76.33510730652412,70.5041224306212,63.977854160889805,23.054262544942674,6.551336089851834,111910.0,344324.9565109692, 0.0, 0.0,0.0,NaN, 214.3778894004803,214.3778894004803,0.0, 174.90576009310308, 15.947727996237811, 16.922688470167177, 15.947727996237811, 199.19548574569905, 11.113179375754404, 16.922688470167177, 11.113179375754404, 200.31778021452502, 6.113132077359384, 4.7016500447975735, 19.0, 0.0
34, 0 ,1.0,1.0,1.0,24.512007004085717,14.428843908946886,264.03307137496876,13.775765020815305,9.109799880472407,19.568407715265348,50.0,41.0,79.0,0.08072733020650333,0.046858318566303285,0.9956341678241405,19.617103250199392,-0.9956872677247661,-0.04202395781093163,0.08270944239138957,13.737408557708187,-0.045716113663780686,0.9980171766813655,-0.04326374926467197,9.062869439170594,82.25116861710964,54.714275284524064,42.10399202487589,24.172651860801686,8.44781855263963,95944.0,189481.14612198685, 0.0, 0.0,0.0,NaN, 45.854661471165535,45.854661471165535,0.0, 189.77170190871848, 5.604649293514088, 15.551867774702448, 5.604649293514088, 82.98845386225508, 13.751409971202566, 15.551867774702448, 13.751409971202566, 382.92258051085645, 6.239226250538464, 4.8138782649494685, 10.0, 0.0
35, 0 ,1.0,1.0,1.0,53.76497318432802,18.952013597174886,164.3394978556269,15.439925607914443,11.992430486124775,15.527970434871746,88.0,48.0,81.0,-0.6686880418126847,0.18140368394843998,0.7210748963780751,16.44225425774699,0.7381275824379054,0.0451206472553519,0.6731506512183076,14.61585453123669,-0.0895766419391279,-0.9823730608283155,0.16407069993669407,11.804940864487506,89.41086519806245,74.55605291207584,52.77777188480279,23.82975921156631,7.447827434057897,113553.0,351823.0238717236, 0.0, 0.0,0.0,NaN, 147.15170064583853,147.15170064583853,0.0, 238.3913027779322, -13.416111076929736, -26.259609884624716, -13.416111076929736, 143.8183889645349, 19.39007268689885, -26.259609884624716, 19.39007268689885, 241.117865826251, 6.3517164376400705, 4.745145163104024, 20.0, 0.0
36, 0 ,1.0,1.0,1.0,129.39742671393728,93.11073834631462,209.80317716503305,13.939470042395177,12.877402357520415,14.432432501692208,66.0,67.0,69.0,0.45728029858750924,0.2048437955438875,0.8654095839259539,15.056378315794788,-0.7500530758901168,0.6116757347826325,0.2515416045625479,14.355161376830099,0.477823306120048,0.7641281403699909,-0.4333509815648353,11.647585085030991,69.5888420390134,71.16591267983513,58.337294502456544,22.941499937489326,6.489915644626001,110287.0,288906.90204522124, 0.0, 0.0,0.0,NaN, 183.16323453440933,183.16323453440933,2.6973983046972182E-6, 194.30882506283263, -23.7740782907988, 22.739887218615443, -23.7740782907988, 165.82749147747234, 26.96948685958843, 22.739887218615443, 26.96948685958843, 208.2951079159016, 6.737125498598807, 4.8250536957136925, 27.0, 0.0
37, 0 ,1.0,1.0,1.0,282.381828972546,255.9934613771015,247.06649134834794,11.029527916789363,14.570864652331775,16.44296115595025,44.0,77.0,92.0,0.21468776405084158,0.4208431190127087,0.8813627137260261,17.13132750247421,-0.10056216370770579,-0.8880834227220178,0.448547751657246,14.08590428742167,-0.9714918502989486,0.18492945537691086,0.14833974968539093,10.603606592497796,96.99923896665007,78.8697750084108,53.26389715238133,23.285919162238358,7.880198165628799,97727.0,407485.22666069056, 0.0, -2.8421709430404007E-14,-2.8421709430404007E-14,31.54718360978189, 71.0558352994024,71.0558352994024,0.0, 121.6504860672359, 24.03580370535886, 30.378983037813054, 24.03580370535886, 212.3100967165716, 32.904279144674284, 30.378983037813054, 32.904279144674284, 270.3709715760888, 6.276772623148643, 4.864802676851953, 15.0, 0.0
38, 0 ,1.0,1.0,1.0,133.76544238057363,278.2568380667197,54.41542132597202,13.877285532385777,12.641186398359237,14.990669686847761,63.0,54.0,75.0,-0.1843370583840483,0.014173566998883011,0.9827608859253835,15.02847770103061,-0.9487243689286264,0.25867582916359616,-0.18168348083275662,13.924961901140763,0.25679159002447216,0.9658601997209817,0.03423673301658901,12.543489108179054,73.91106867216493,68.69700335073873,60.239505842045105,23.019352641848688,6.870824471329451,106865.0,305864.21940577484, 0.0, 0.0,0.0,NaN, 146.03765522703543,146.03765522703543,0.0, 192.57905374736362, -9.152614017869196, -6.109615393657444, -9.152614017869196, 159.79959355806258, -0.7640955329990925, -6.109615393657444, -0.7640955329990925, 224.72017766017638, 6.109640141759508, 4.629080332573669, 15.0, 0.0
39, 0 ,1.0,1.0,1.0,200.19496675286294,175.1273180642778,190.74117103804952,14.265332601467994,12.491391492029354,14.305104623225569,73.0,66.0,67.0,0.8604815552864573,0.2900616784962373,-0.41885046935600434,14.526643484851565,-0.39540510501172704,-0.13823397350878405,-0.9080452474952104,14.257566670265618,-0.32128849332409126,0.9469718006550768,-0.004255916072582927,12.242100131351197,74.31112588059682,66.486506214618,64.37653884036236,22.841021725786423,6.516004944844398,108280.0,318064.3370947668, 0.0, 0.0,0.0,NaN, 193.62779516747827,193.62779516747827,0.0, 203.49971423050562, 18.182944111054983, -2.8644889340990702, 18.182944111054983, 156.03486140714332, -0.7257275944822267, -2.8644889340990702, -0.7257275944822267, 204.63601828142953, 6.625398903628271, 4.841065093654011, 33.0, 0.0
40, 0 ,1.0,1.0,1.0,104.91327671817717,216.58178105712562,275.88541463641,14.29801661453412,14.414282197377059,12.646529563536738,74.0,68.0,56.0,-0.6784396767831365,0.7199815378146535,-0.14610335441884714,14.7375402899551,0.6961253510586317,0.6935761890996254,0.18536872855888364,14.059784055669331,-0.23479587002306812,-0.024055251403526334,0.9717470063241888,12.540609988609818,75.16294568640814,64.57366865529181,57.37395765884037,22.960489376595735,6.704882397460848,107745.0,278467.208674111, 0.0, 2.8421709430404007E-14,0.0,43.9470438133718, 136.18703356268543,136.18703356268543,0.0, 204.43327910949375, -9.761871435354012, 11.154803604460755, -9.761871435354012, 207.7715312656212, -1.108462862023552, 11.154803604460755, -1.108462862023552, 159.93471000140872, 5.317194103403564, 4.358557473493897, 23.0, 0.0
41, 0 ,1.0,1.0,1.0,175.55433146229848,280.6276707111594,173.53701358909683,13.593102173624093,11.119677399924656,16.23324577472848,71.0,48.0,77.0,0.31264573382407895,-0.10135824294698798,0.9444464790067795,16.548501469730986,0.9214289147886671,-0.20912347239525686,-0.3274692783830724,13.364502008937688,-0.23069763785739755,-0.9726221670721114,-0.02801285431667459,10.930466857510309,78.75955851904055,70.33152515742682,53.59360354853527,22.864323509622302,7.011464255844695,100301.0,296869.96937057085, 0.0, 0.0,0.0,NaN, 178.47940635220363,178.47940635220363,0.0, 184.77242670258406, -16.28694122232543, 27.74092027443615, -16.28694122232543, 123.64722547839517, -10.728549341633341, 27.74092027443615, -10.728549341633341, 263.51826838274, 6.585702388653259, 4.920011221672138, 28.0, 0.0
42, 0 ,1.0,1.0,1.0,241.0322494778656,94.1278512633605,187.07307834063639,13.384837702418428,12.46519187872701,13.392904079087693,63.0,63.0,69.0,0.7281537966373145,-0.3987169840723725,0.5575094753050357,13.98650606730695,0.510646259026781,-0.2269922616669986,-0.829285783843697,13.118510746633435,-0.45720066336852405,-0.8885377199396389,-0.03831805918688187,12.09078543291776,65.11798386465136,66.56512116203429,61.85921271804068,21.843728679332568,6.062696260648647,97676.0,268134.10746848024, 0.0, 0.0,0.0,NaN, 158.39740408402545,158.39740408402545,NaN, 179.1538803200818, -17.35549911421009, 9.09697165349743, -17.35549911421009, 155.3810085734818, -6.111886259857866, 9.09697165349743, -6.111886259857866, 179.36987967164376, 6.80650417563324, 4.746085221076668, 19.0, 0.0
43, 0 ,1.0,1.0,1.0,118.51747126018627,169.2398864959255,271.941019717695,14.46474756275558,12.654624541267875,14.315553333252812,70.0,62.0,63.0,-0.9603338228493769,-0.2529503068729709,-0.11736733337846274,14.614827729271397,-0.06811445608665637,-0.19535606458774352,0.9783641596567241,14.364680477998084,-0.27040593477865893,0.9475506056573757,0.1703774637527523,12.424422593450732,76.72618541993299,68.34716271044354,57.310205920457946,23.020860857277885,6.659089799802034,109952.0,300535.69865062897, 1.4210854715202004E-14, 0.0,0.0,16.191755076731997, 178.69500455242252,178.69500455242252,0.0, 209.2289220542435, 15.078854209485096, 3.211736040474988, 15.078854209485096, 160.13952228045918, -8.176143554222907, 3.211736040474988, -8.176143554222907, 204.93506723720566, 6.058010729771092, 4.529710247676585, 18.0, 0.0
44, 0 ,1.0,1.0,1.0,91.94264361769667,268.16501296958046,42.30600954125778,12.356549505421405,15.379168878861472,14.102869912845998,62.0,64.0,64.0,0.19554429707883014,0.8254522583169949,-0.5295195908739541,15.957168921103897,0.4739406955067165,-0.552246194337741,-0.6858603050053936,14.166760427770758,-0.858570116544104,-0.11684481194668213,-0.4992040113005789,11.522402087613177,81.6600614276426,69.44732994782451,59.06957237158933,23.26174499412626,6.854583188715151,110258.0,334987.8705560165, 0.0, 0.0,0.0,NaN, 106.0976651861046,106.0976651861046,0.0, 152.68431567993, 1.8908064904100135, -34.70007433166737, 1.8908064904100135, 236.51883540454125, -27.536637138294143, -34.70007433166737, -27.536637138294143, 198.89093977865687, 6.8098280586487565, 4.674619574044601, 15.0, 0.0
45, 0 ,1.0,1.0,1.0,51.292916309625824,187.38015188937615,47.942310600332675,15.797818291797837,11.649997361396567,15.108786325263178,74.0,62.0,75.0,-0.977562290816383,-0.2075547535715176,-0.03595819577915728,15.962951849199511,0.05644202949966845,-0.09362798930496453,-0.9940060849535416,15.142881052723316,0.2029439944412846,-0.9737324190395302,0.10324200323337307,11.37744466947127,74.90218295482886,73.67198670472831,60.92506753775922,23.77392245467455,6.9548211078891455,119034.0,336196.25847435475, 0.0, 0.0,0.0,NaN, 132.7126919239642,132.7126919239642,0.0, 249.57106278066234, 24.909481694920174, -1.195637748053466, 24.909481694920174, 135.72243852054697, 10.2293756659805, -1.195637748053466, 10.2293756659805, 228.27542422245963, 6.662818193756141, 4.743047758599685, 27.0, 0.0
46, 0 ,1.0,1.0,1.0,280.2577949332934,235.07552278518963,51.51267613551192,12.049758378675484,13.464105515674797,16.72878537856165,49.0,62.0,79.0,0.29455687782374096,0.044385802216143806,0.9546026117125169,17.154089182510457,0.024096386827153073,-0.9989481444026861,0.03901242028260606,13.456067836063422,0.9553301051828134,0.011511097083243455,-0.29531658398290855,11.445633983026012,89.03585057192396,61.1969936408849,59.920215820038294,23.456213332351968,7.49247159960653,106736.0,326488.8607094839, 0.0, 0.0,0.0,NaN, 85.19682039345405,85.19682039345405,0.0, 145.19667698446003, 0.9294138345329853, 45.9533541022267, 0.9294138345329853, 181.2821373372245, 4.966434170960761, 45.9533541022267, 4.966434170960761, 279.852260241978, 6.195378186459845, 4.524236890984945, 14.0, 0.0
47, 0 ,1.0,1.0,1.0,187.2180589342521,67.12238158662366,61.88695278875472,12.280319109771803,13.04443185217022,13.5147759300194,62.0,66.0,73.0,0.05292025835646774,0.36469326689045134,0.9296226478202082,13.590288991451692,-0.31484372834538593,-0.8773534676265116,0.3621109216321874,13.052822206549015,-0.9476670686359538,0.311848863920498,-0.06839161567351076,12.187718646055917,70.66126978687085,67.00294118644078,59.772569999385325,21.562330276564595,6.219205838904459,90847.0,282994.0039487398, 0.0, 0.0,0.0,NaN, 145.10401533346933,145.10401533346933,0.0, 150.80623743782652, 6.729442037370341, -0.7107503246692881, 6.729442037370341, 170.157202345913, 5.320504352313253, -0.7107503246692881, 5.320504352313253, 182.64916843863173, 5.833682876302487, 4.523839571442931, 32.0, 0.0
48, 0 ,1.0,1.0,1.0,232.35694590244245,243.99396738750087,288.1018685702289,16.954325672576203,15.587997270261457,6.623456368660331,85.0,75.0,27.0,-0.8749550649501711,-0.48419364583585994,-0.003185537665739778,17.521853329501894,-0.48321834359800586,0.8727352766417206,0.06952099909738439,14.97659646244578,-0.03088149491915206,0.062367060514960555,-0.997575402179846,6.556767990213013,89.39392569233911,75.74520161196561,28.775874320738865,22.664373440613318,7.7866018725385215,71445.0,194846.07576750856, 0.0, 0.0,0.0,NaN, 88.62180311953442,88.62180311953442,NaN, 287.4491590117765, 35.3920196470566, -5.3549143016022525, 35.3920196470566, 242.98565889767866, 11.407766888568535, -5.3549143016022525, 11.407766888568535, 43.8701742675471, 7.761216350668865, 5.227148822961248, 17.0, 0.0
49, 0 ,1.0,1.0,1.0,81.08738956439467,280.3605027297252,121.34159282983647,12.128386848070042,11.537899665894324,13.395481525439815,62.0,48.0,63.0,-0.3953358831436879,0.2813458393508152,0.8743878190934417,13.809878563615092,0.7990892227201895,-0.36407855856985855,0.47843831088462935,11.971702444679545,-0.452952484960005,-0.8878577148787296,0.08088710959650629,11.208274451017884,70.90798474856197,60.44701315428103,55.68505541539818,20.582668341786498,6.001132015472206,78213.0,238675.94177882242, 0.0, 0.0,0.0,NaN, 147.2571110333177,147.2571110333177,0.0, 147.09776753643837, -12.387800444397561, -15.733647692735245, -12.387800444397561, 133.12312870024434, 12.929339733419363, -15.733647692735245, 12.929339733419363, 179.43892529839937, 6.856047874607712, 4.803045597539314, 18.0, 0.0
