// Sample: .//bubblelabels.tif, Map: .//bubblelabels.tif, Thickness:(8.191250068658265):/afs/psi.ch/project/tipl/test/LabelValidation/Step3500//distmap.tif, Neighbors:(1.0):
//LACUNA_NUMBER, TRIANGLES, SCALE_X, SCALE_Y, SCALE_Z, POS_X, POS_Y, POS_Z , STD_X, STD_Y, STD_Z,PROJ_X, PROJ_Y, PROJ_Z, PCA1_X, PCA1_Y, PCA1_Z, PCA1_S, PCA2_X, PCA2_Y, PCA2_Z, PCA2_S, PCA3_X, PCA3_Y, PCA3_Z, PCA3_S,PROJ_PCA1, PROJ_PCA2, PROJ_PCA3,OBJ_RADIUS, OBJ_RADIUS_STD, VOLUME, VOLUME_BOX, Mask_Grad_X,Mask_Grad_Y,Mask_Grad_Z,Mask_Angle, Mask_Distance_Mean,Mask_Distance_COV, Mask_Distance_STD, SHAPET_XX, SHAPET_XY, SHAPET_XZ, SHAPET_YX, SHAPET_YY, SHAPET_YZ, SHAPET_ZX, SHAPET_ZY, SHAPET_ZZ, Thickness, Thickness_STD, Neighbors, Neighbors_STD
1, 0 ,1.0,1.0,1.0,79.94192512689622,138.20846205817304,39.86484613652244,15.726521903990541,15.63693302092392,16.457956277434022,85.0,83.0,80.0,0.10254828845197236,-0.42738339594851493,0.8982356491495347,16.702749498279065,0.9932900208630441,0.09253293879573093,-0.06937283107758271,15.716768999487392,-0.05346758821439753,0.8993225717757451,0.4340047567771522,15.385149389654162,90.8640789260204,84.15205295697156,92.55789966344338,26.571989344738817,7.525348669053866,173173.0,707734.6112203869, 0.0, 0.0,0.0,NaN, 164.5645658547682,164.5645658547682,0.0, 247.32349119669428, -0.9049996077966468, 3.183716616302771, -0.9049996077966468, 244.51367430086083, -16.29674340415898, 3.183716616302771, -16.29674340415898, 270.86432482992996, 6.823565141875403, 5.501562039884433, 54.0, 0.0
2, 0 ,1.0,1.0,1.0,60.66627151894087,263.25260430326364,12.410771796943026,16.170634965229496,18.79019913049907,8.09631823430036,90.0,89.0,33.0,-0.48801810457264744,-0.8725986252306481,0.020247687643364688,19.85654390067834,0.8656913564354846,-0.4868560780918693,-0.11640289780711759,14.918883404002138,0.11143071839583217,-0.0392784733739267,0.9929956679297258,7.953362169032577,91.08281232184137,72.6054782654841,38.65462074846398,24.564083699550704,8.758834368520004,95323.0,255627.30348586506, 0.0, 0.0,0.0,NaN, 72.00551955994881,72.00551955994881,0.0, 261.4894351787027, 73.81864658157359, -19.325173647446842, 73.81864658157359, 353.071583363808, 3.180124690802877, -19.325173647446842, 3.180124690802877, 65.55036895106451, 7.451249655669226, 5.481762549298175, 21.0, 0.0
3, 0 ,1.0,1.0,1.0,76.76579552124474,14.993851908594396,260.1445895800794,15.228090813690649,9.51364378798935,17.250642334707077,78.0,40.0,78.0,-0.0668663699634362,0.015790538784957578,0.9976369817988875,17.259832012201738,0.9924789133150563,-0.10170472651805823,0.06813042806890696,15.268294594254886,-0.10254021256501435,-0.9946893019876955,0.008871150903567368,9.432189990048396,80.24236865260548,80.64316866923855,41.596767347715826,23.647469347405167,7.796539128247998,100519.0,269172.63448904845, 0.0, 0.0,0.0,NaN, 87.78528747350965,87.78528747350965,1.3486991523486091E-6, 231.89474983000952, -14.771543075118831, -4.1903030482373245, -14.771543075118831, 90.50941812474836, 2.2925353053700306, -4.1903030482373245, 2.2925353053700306, 297.58466095998807, 6.6949901642337, 5.2170180168679465, 33.0, 0.0
4, 0 ,1.0,1.0,1.0,157.42914950200762,174.63597017260258,13.03661678051833,16.752350478893508,16.66414417822821,8.654611127809732,76.0,86.0,38.0,-0.7392940685092851,0.6554857956659526,0.15421625059364388,17.300525436707293,-0.6622979838651314,-0.7491819318270345,0.009370890677773518,16.26380346477177,-0.12167851427088722,0.09520926795268334,-0.987992679355846,8.33173199324069,83.5609356778323,79.17704461603913,41.38409568558988,23.82748892079673,8.09246645117792,95885.0,273801.64373739157, 0.0, 0.0,0.0,NaN, 190.29592944508187,190.29592944508187,0.0, 280.6412465676835, -14.602310440970133, -27.420886936450177, -14.602310440970133, 277.69370119277716, 21.869177751722827, -27.420886936450177, 21.869177751722827, 74.90229377360802, 8.2124217863705, 5.393600241108111, 24.0, 0.0
5, 0 ,1.0,1.0,1.0,16.739868066185583,166.37021648808224,12.571944019243386,10.507457128502685,16.277721666261407,8.750632275441108,45.0,81.0,44.0,0.1098190972065921,-0.9931341675785037,0.04030249467317418,16.34689206363563,0.9881618439387724,0.10471947259217278,-0.11211602135084155,10.434366852885207,0.10712579555015816,0.05213786769872075,0.9928774882529952,8.709049971773403,80.24235510049293,51.98139198769276,46.68411848333332,19.952800891322212,7.336905326011436,54876.0,194724.56144478996, 0.0, 0.0,0.0,NaN, 135.2597353270303,135.2597353270303,0.0, 110.40665530732187, -17.45437276099948, -2.8121674160890056, -17.45437276099948, 264.964222644276, -8.047645868776042, -2.8121674160890056, -8.047645868776042, 76.57356521999161, 7.092132255078183, 5.147352655567606, 17.0, 0.0
6, 0 ,1.0,1.0,1.0,189.7199969269478,114.25395895554638,234.96990329488818,13.1758137536898,13.407628391946185,13.629946911619422,64.0,71.0,73.0,0.6057859281421069,-0.23094205729751519,0.7613732169154606,14.376236664171401,-0.09123604181422203,-0.9707976900680152,-0.22187345409642822,13.355012026354968,0.7903792722099177,0.06494313766517218,-0.6091658189123244,12.41408446618818,69.64608551858004,68.41544954921775,73.00830304826707,22.36514382587236,6.240381529204971,104131.0,347874.9451881418, 0.0, 0.0,0.0,NaN, 171.59417149858052,171.59417149858052,3.3036247397782844E-6, 173.6020680719213, -5.206569789333956, 24.736115761579214, -5.206569789333956, 179.76449909652143, -4.020331050631662, 24.736115761579214, -4.020331050631662, 185.77545281356385, 6.350630230443862, 4.82546357307256, 38.0, 0.0
7, 0 ,1.0,1.0,1.0,122.13493208376497,186.87286158254994,115.3477911491059,12.89649387904253,13.328090285930868,14.365925007463517,66.0,72.0,77.0,0.002333018432022386,-0.43126920300237476,0.9022202788491801,14.659023211264854,0.44560364683398224,-0.8072482842065052,-0.3870240271273985,13.040598075566596,-0.895227315799318,-0.4029355806916908,-0.190291804498771,12.860528242856082,74.00014109216659,70.4702406025136,68.1960573968048,22.53072764711472,6.53480359717889,103289.0,355629.32845396525, 0.0, 0.0,0.0,NaN, 202.533463913015,202.533463913015,NaN, 166.31955437218147, -1.7275031404698205, -0.7001729636757374, -1.7275031404698205, 177.63799066992476, -17.80086753313297, -0.7001729636757374, -17.80086753313297, 206.37980132006564, 6.120530580987895, 4.65675536272221, 38.0, 0.0
8, 0 ,1.0,1.0,1.0,261.1201356034637,141.26044175000237,126.8812997535341,13.9882996610565,13.430792835004846,13.43814272071329,69.0,72.0,64.0,-0.8150620915124769,-0.30337954362913755,0.493593597493609,14.381012548284923,0.30226734059964977,-0.9494748253091208,-0.08445123392248094,13.332201153674283,0.49427547156026475,0.08036422469974025,0.8655826648000108,13.117975981477784,78.49174491466445,67.81266876820241,65.08824268318463,22.65770011086907,6.578071833927247,105897.0,346447.4478225786, 0.0, 0.0,0.0,NaN, 193.81697677459792,193.81697677459792,0.0, 195.67252740751337, 6.962148692186404, -14.117745502369916, 6.962148692186404, 180.3861961768175, -4.746671267386877, -14.117745502369916, -4.746671267386877, 180.5836797822596, 6.1413374188999486, 4.632656082732151, 34.0, 0.0
9, 0 ,1.0,1.0,1.0,23.24371503539779,133.2479132630328,191.87994455171048,13.308932025083509,13.408221081527318,13.442648567591275,59.0,66.0,68.0,0.47440291759385345,-0.6261145626267061,0.6188072609829398,14.281168530318622,-0.852982304131562,-0.15316046029405198,0.49896198476529785,13.02637858856963,-0.21763055993322905,-0.7645406646276459,-0.6067244115031689,12.805254820075326,89.1342586144771,74.20247031345122,65.18423248902138,22.284215059319937,6.405202879002868,100995.0,431127.3520180289, 0.0, 0.0,0.0,NaN, 173.1624181736346,173.1624181736346,0.0, 177.12767164829341, -11.128225526573505, 9.3048175137798, -11.128225526573505, 179.78039257111357, -15.92546216828302, 9.3048175137798, -15.92546216828302, 180.70480051176375, 6.214242097822308, 4.672786622007605, 37.0, 0.0
10, 0 ,1.0,1.0,1.0,46.98600171040194,248.42794256650313,213.86049421614078,13.438422453005995,14.772460770359334,13.13115981697684,63.0,72.0,65.0,0.03389308925368478,-0.8891100403459188,-0.4564368462963084,15.279277963670701,-0.8395069401583837,-0.2731335589644428,0.4697085866719124,14.042620329030076,-0.5422908407181056,0.36726202515846285,-0.7556713895270581,11.857176416830708,72.78990225229711,67.28966184568212,64.18664195785902,22.98617854081706,6.548263087714991,111085.0,314386.67991921003, 0.0, -2.8421709430404007E-14,0.0,27.238372865770597, 110.84843671131004,110.84843671131004,1.3486991523486091E-6, 180.59119802545567, 10.180406451734326, -23.756330121023623, 10.180406451734326, 218.2255972118055, 30.424466183130885, -23.756330121023623, 30.424466183130885, 172.42735813898724, 6.908741823917419, 4.920339578332187, 41.0, 0.0
11, 0 ,1.0,1.0,1.0,263.67798118260623,279.83217633377967,25.116463457608006,16.570428864313907,13.129747733987292,14.654733931175677,74.0,59.0,67.0,0.8933289013877582,0.4045792334894561,0.19565049903955112,17.345218618457345,-0.2697684148712286,0.13456919620185548,0.9534758170879065,14.667299463598908,-0.3594279848359137,0.9045478291735997,-0.2293572507119045,12.072461738270933,89.72198546203202,77.09712191630732,62.73326456462972,24.406247795812895,8.128079934916364,113512.0,433945.24080489593, 0.0, 0.0,0.0,NaN, 48.54757356470272,48.54757356470272,0.0, 274.57911274728747, 53.54217652343942, 9.263426675293903, 53.54217652343942, 172.39027555814445, 21.180814617550915, 9.263426675293903, 21.180814617550915, 214.76122659355173, 6.20871676978537, 4.710373473819441, 24.0, 0.0
12, 0 ,1.0,1.0,1.0,137.29789831064795,22.674694593457993,251.46466925830572,14.597628460238823,12.571768243345923,12.942883672240955,71.0,56.0,66.0,-0.9500313510326077,0.22511193218957593,-0.2162522833198151,14.689786325741307,-0.3101369562191018,-0.602054654002685,0.7357616883073329,13.74027861676216,0.035433041674526426,0.766064495704886,0.6417863257955163,11.579001356703834,77.45822778766941,73.76209141140615,66.14565165481031,22.24608221576358,6.615903357074155,97493.0,377921.9159349139, 0.0, 0.0,2.8421709430404007E-14,77.51099361823702, 147.3788756424518,147.3788756424518,0.0, 213.0907566631745, -7.258522715249319, 4.301535604925729, -7.258522715249319, 158.04935676440104, -28.218169658055242, 4.301535604925729, -28.218169658055242, 167.51823775316151, 6.777700819933705, 4.74271329510101, 30.0, 0.0
13, 0 ,1.0,1.0,1.0,144.48447793470143,152.158341786403,58.92936206262331,12.444689026908348,12.05713018792068,14.147396453933807,63.0,67.0,69.0,0.290366193676271,0.14609461868415002,0.9456975393652499,14.309549121737794,-0.7316067533706441,-0.6031188084679469,0.3178038094401492,12.742568428745626,-0.6167973994695672,0.7841581889285715,0.06824150308897232,11.54371056207702,72.80265125178528,67.5709682744739,62.51358968495221,21.494230248609803,6.1960927841216495,89711.0,307525.95473439, 0.0, 0.0,0.0,NaN, 214.95485568024978,214.95485568024978,NaN, 154.87028497645306, 15.880571958149362, 12.865792786527907, 15.880571958149362, 145.37438836846817, 4.298630178021061, 12.865792786527907, 4.298630178021061, 200.14882642477886, 5.483429446877736, 4.42594504903293, 35.0, 0.0
14, 0 ,1.0,1.0,1.0,31.379390146277565,10.788516119641947,73.70802707226548,17.247782966767737,7.414000193410799,14.294197987560587,75.0,31.0,73.0,-0.9548930856677686,0.004324412998123896,0.29691832950511665,17.53463567246486,-0.29690886435836933,0.0027019658924537747,-0.9549019979273996,13.941033131400772,0.004931653810938902,0.9999869993317603,0.0012961319961247145,7.413613107473888,82.89555353327894,68.14564358228516,31.282724239896563,22.179305897120965,8.053316221662795,68705.0,176715.19720321707, 0.0, 0.0,0.0,NaN, 80.83273755664779,80.83273755664779,0.0, 297.48601726872323, -1.1544932854171928, -32.070728966826344, -1.1544932854171928, 54.96739886789536, -0.03543216126892121, -32.070728966826344, -0.03543216126892121, 204.3240961075811, 5.903457778103183, 4.376023158675385, 25.0, 0.0
15, 0 ,1.0,1.0,1.0,218.83560604692326,29.18349377788213,269.25719291274584,13.01599988918925,14.184576822831458,14.652006710581347,70.0,65.0,64.0,-0.40810421523602786,-0.5187294376223414,0.7512461115044755,15.527475962246827,-0.004648520138536146,-0.8216994271057723,-0.5699021343656877,13.751618239786133,-0.9129235130979525,0.23607164598497202,-0.33292767562165615,12.453523976534955,79.33095124316712,76.16935997539443,66.7294440374148,23.194039815454936,6.88013738556721,110734.0,403218.52326891315, 0.0, -3.552713678800501E-15,0.0,58.75293678557472, 91.56667157027195,91.56667157027195,0.0, 169.41625311537456, 18.33835426095479, -26.28009518500868, 18.33835426095479, 201.20221964280736, -17.58877041193926, -26.28009518500868, -17.58877041193926, 214.68130064692082, 6.098050494072985, 4.587038596123166, 36.0, 0.0
16, 0 ,1.0,1.0,1.0,160.6578429421261,259.56856631062163,282.7658064088105,15.445363682791642,16.36568169302945,9.821030452716066,75.0,81.0,43.0,-0.641136627059937,0.7670824739049519,0.022984857407995676,18.32529246813473,-0.7672886351423489,-0.6413018749399785,-2.3575381170696846E-4,13.065411598238049,-0.01455938953385897,0.017787170273176833,-0.9997357854703784,9.814586667322564,91.62540932629011,71.17690703714294,43.79558575141172,23.189417792124324,8.068354118824809,90438.0,285617.87197131326, 0.0, 0.0,0.0,NaN, 146.10939392269887,146.10939392269887,0.0, 238.559259293699, -81.18327787085211, -3.5157775104023905, -81.18327787085211, 267.83553727755935, 4.233764949014509, -3.5157775104023905, 4.233764949014509, 96.45263915317632, 6.642103377422282, 4.796228406599715, 28.0, 0.0
17, 0 ,1.0,1.0,1.0,41.016398726388374,85.89103002363605,38.32874611763327,12.546695336678125,12.52996066495764,15.516005529189302,59.0,60.0,78.0,0.02869761071852724,-0.020201230143945637,0.9993839889850745,15.519305950601424,0.8260549886488718,-0.5624960535241731,-0.03509053288342157,12.557231687703142,-0.5628584216900021,-0.826553144129524,-5.450341625056831E-4,12.515309859192879,78.49399727549304,64.34658712121123,61.900079735654366,22.59616293439699,6.6767751468143475,102386.0,312646.2123662234, 0.0, 0.0,0.0,NaN, 102.60948680289367,102.60948680289367,1.3486991523486091E-6, 157.4195638714206, -0.5372125037571548, 2.3848381152549303, -0.5372125037571548, 156.99991426538568, -1.6794696498113981, 2.3848381152549303, -1.6794696498113981, 240.74642758183302, 5.892294884291846, 4.4071082335208525, 34.0, 0.0
18, 0 ,1.0,1.0,1.0,190.6395507107434,283.15983145734947,60.12660819751684,14.115755885937697,9.94841863522129,15.043458951025514,67.0,42.0,74.0,0.24046276042853404,-0.0021849444585728475,0.9706559054911286,15.102488960902177,0.9668834750450133,0.08864612532262112,-0.2393286655421094,14.080557379914692,0.08552196520175534,-0.9960607865401591,-0.02342867868725649,9.908783267432515,76.40156917151742,70.65737753432407,44.19050345250852,21.835448549928742,6.90973526320238,84489.0,238555.12011865017, 0.0, 0.0,7.105427357601002E-15,13.91444039460623, 125.93056880134638,125.93056880134638,1.9073486328125E-6, 199.25456423138473, 8.509492445195503, 7.1614260560212, 8.509492445195503, 98.97103334161825, -2.398711277199027, 7.1614260560212, -2.398711277199027, 226.30565721118964, 6.009917829796972, 4.565043986517691, 32.0, 0.0
19, 0 ,1.0,1.0,1.0,280.86795160770964,208.24417866507198,208.73150558903353,12.20077214276917,15.351551828988478,15.035362967240141,50.0,84.0,76.0,0.22254247493694737,0.6518243233799527,-0.724982688275524,15.534154928138362,-0.26061627934694015,0.7563428687405483,0.600020516186468,15.231858132450824,-0.9394434532148788,-0.055412240124228386,-0.3381944438575522,11.716298583427886,88.0988242078567,77.98847195303699,58.62106350861632,23.56724252752937,7.428068634789725,108695.0,402767.3119911189, 0.0, 0.0,0.0,NaN, 130.82470751573186,130.82470751573186,0.0, 148.85884087977217, -3.5826238890494686, -31.600126043337998, -3.5826238890494686, 235.6701435581195, -6.1704392091498415, -31.600126043337998, -6.1704392091498415, 226.0621395566563, 6.825219468807438, 4.970870706711203, 32.0, 0.0
20, 0 ,1.0,1.0,1.0,282.6231196529214,104.0774439443701,167.50654827068888,10.526543400220195,13.292161754208863,13.487285831295077,43.0,65.0,65.0,-0.30989857318245284,0.6925265880040375,0.6514367192958701,14.422917341365801,0.17975812924358364,-0.6301333661657254,0.7553932458100874,12.775822819748011,-0.9336219198960182,-0.3511963350494109,-0.0707901471783666,9.907288518780543,76.57730229788532,68.05421304830368,51.03049653885296,20.663327712734258,6.5133284108785965,73989.0,265940.7402154072, 0.0, 0.0,0.0,NaN, 169.3770499794393,169.3770499794393,0.0, 110.80811595671933, -30.948985330403787, -13.344347152574487, -30.948985330403787, 176.68156410005284, 18.592797286203922, -13.344347152574487, 18.592797286203922, 181.90687909505294, 6.2262087067592615, 4.540766801564079, 27.0, 0.0
21, 0 ,1.0,1.0,1.0,275.99152272546365,208.81873358274296,10.950947225981055,13.773422365872797,14.428280337783734,7.22978299102177,56.0,79.0,29.0,-0.658727953849874,0.7497438167709742,-0.0629419735188746,16.501888785102498,0.7519288403854688,0.6589247245245343,-0.020523800983999686,11.246202820273407,-0.026086429677563416,0.06084748658703243,0.9978061342579121,7.166783652451955,93.24543562045376,61.37671545937695,31.84863281435249,19.76940355852253,7.702134912601412,50252.0,182272.8649150733, 0.0, 0.0,0.0,NaN, 94.92288223417448,94.92288223417448,0.0, 189.707163668725, -71.9054807668097, 8.001733334360198, -71.9054807668097, 208.17527350567673, -11.442506203107035, 8.001733334360198, -11.442506203107035, 52.26976209726769, 6.3819839915406416, 4.657860939876931, 16.0, 0.0
22, 0 ,1.0,1.0,1.0,53.05395562851891,188.8259939651086,48.93269130721297,14.027962801146824,11.485986344169719,12.876085064323771,82.0,59.0,68.0,-0.9724688102152198,-0.07202728178290822,0.22162239019909713,14.116336789564544,-0.18689276371191033,-0.32701146274802195,-0.9263555462691008,12.963428137335075,0.13919593395900404,-0.9422714969213308,0.3045470703502432,11.277577568088367,80.97798731765822,66.65355892987685,61.16721554016125,21.308877382212632,6.359004162783655,86497.0,330148.2750688019, 0.0, 0.0,0.0,NaN, 132.54731270095942,132.54731270095942,0.0, 196.78374035035904, 7.5469101375173295, -8.46107807589571, 7.5469101375173295, 131.92788229845328, 11.22898987091858, -8.46107807589571, 11.22898987091858, 165.7935665837017, 6.041024552670755, 4.3303873927287135, 32.0, 0.0
23, 0 ,1.0,1.0,1.0,91.66945955522208,268.3282373538423,39.832385001771605,11.693485052701712,14.829161331769175,13.463709510146805,63.0,62.0,66.0,-0.04242205129278579,-0.8712011477240259,0.4890898994749857,15.395569955377848,0.35007346868582284,-0.47145784248586037,-0.8094294714679314,12.994333472411018,-0.9357611533326168,-0.1368797390519032,-0.32498461648314114,11.490727375229964,75.77174005964122,73.02783623789702,58.501452882188005,22.23585372672023,6.593929124498867,95958.0,323714.6435808127, 0.0, 0.0,0.0,NaN, 104.8475524711493,104.8475524711493,NaN, 136.73759267775839, -2.1961583985788167, -12.610427609097822, -2.1961583985788167, 219.90402580363815, -30.685025015119383, -12.610427609097822, -30.685025015119383, 181.2714737736175, 5.748593093468534, 4.258286926551934, 30.0, 0.0
24, 0 ,1.0,1.0,1.0,69.13683255485735,62.520380389125975,161.7454663575165,13.434835398023793,12.87854839352323,11.979808900489132,64.0,62.0,59.0,-0.9101400505015249,0.3911921140160283,-0.1364324682938511,13.636460773475608,-0.3165474968689384,-0.8690617585835526,-0.38017014874089333,12.847730028449908,-0.26728780499508714,-0.30282072204413946,0.9147987973328204,11.783480083493126,70.0477191709994,63.11272658386309,64.9045481604295,21.30619325095014,5.992809136101943,89277.0,286936.6823303077, 0.0, 0.0,0.0,NaN, 166.74236310074292,166.74236310074292,1.9073486328125E-6, 180.49480217199314, -9.559023789257715, 9.003476628656486, -9.559023789257715, 165.85700872431977, 6.14687012290395, 9.003476628656486, 6.14687012290395, 143.51582129223866, 6.243395300308049, 4.3897080981412495, 39.0, 0.0
25, 0 ,1.0,1.0,1.0,124.21237316634777,169.17207630312518,274.5882182408535,13.352389089699708,11.824509473591062,13.106221213440856,68.0,58.0,61.0,-0.9319807829909698,0.30848353159504494,0.19039362087577366,13.514898977431004,-0.22561487672131517,-0.08250169568305434,-0.9707169503060339,13.122162503884434,-0.2837423964400891,-0.9476451767112363,0.14648846889214778,11.620443624961466,69.50582649334876,64.31531529194694,64.00750296257289,21.242984543954297,6.214013264781796,86235.0,286132.04572716245, 0.0, -2.8421709430404007E-14,0.0,72.03213519082259, 182.18237543359078,182.18237543359078,0.0, 178.28629440273178, -12.99853198139308, -0.31188761944708454, -12.99853198139308, 139.8190242910448, 5.772452363007733, -0.31188761944708454, 5.772452363007733, 171.7730344956471, 5.552457491551619, 4.203863149804052, 29.0, 0.0
26, 0 ,1.0,1.0,1.0,276.3409111638088,206.90879241152865,289.248449470996,14.054426601131366,14.363760353515,6.300575910806018,62.0,82.0,27.0,0.6573428098277723,0.7437749855595411,-0.12124026238685406,15.247073112995599,0.7431623661538979,-0.6664744908030993,-0.05934181191444587,13.218997729472779,0.12494049743885668,0.05109328688442083,0.9908477926175531,6.027158194604449,97.80074616623762,63.047480366085296,32.34604909122322,19.602825951953125,7.6987654909775305,43856.0,199448.6700152724, 0.0, 0.0,0.0,NaN, 96.65051088130046,96.65051088130046,0.0, 197.52690708658898, 27.342134363718433, -21.736377417932644, 27.342134363718433, 206.31761149320937, -12.213316356166098, -21.736377417932644, -12.213316356166098, 39.697256807829085, 6.049182844548379, 4.359315641849527, 16.0, 0.0
27, 0 ,1.0,1.0,1.0,12.580849797224392,250.72482047847603,82.41866651784053,8.169105942500572,11.994164553694528,13.294775967044394,32.0,65.0,57.0,-0.09560283389035779,0.18456580911198237,0.9781592714169671,13.36569272846203,-0.11980684000334427,0.9733833834064869,-0.1953742818196741,12.006445950687926,-0.9881833935259922,-0.13586850633969497,-0.07094596355307775,8.034230316361885,55.0066195746779,67.7580230687602,36.63829157151199,18.77004993091905,5.918662758219816,53754.0,136556.034649678, 0.0, 2.8421709430404007E-14,0.0,79.3641808175769, 96.84605148934955,96.84605148934955,0.0, 66.73429189979817, -11.29664898983254, -8.806024197018578, -11.29664898983254, 143.85998334110226, 5.458754978827509, -8.806024197018578, 5.458754978827509, 176.7510680139012, 8.083759498411236, 4.941026191906236, 24.0, 0.0
28, 0 ,1.0,1.0,1.0,60.39676545938005,43.53193866028824,34.62241837763019,11.800834894553887,12.724982746284654,14.444982503917148,58.0,69.0,68.0,-0.35767268438072214,-0.4336877584091164,0.8270339648732472,15.332577752392035,-0.3220803156573355,-0.7739898739612162,-0.5451641452549595,12.383587679722087,-0.8765469303545355,0.461361683727177,-0.13715274577807454,11.018222419506849,80.13115304313276,68.96690408600179,60.55310557842515,21.558816796752662,6.7126617644790265,82361.0,334640.534085001, 0.0, 7.105427357601002E-15,0.0,64.298176735728, 82.10670384197704,82.10670384197704,NaN, 139.25970420852065, 25.60010573522793, -28.019030703175, 25.60010573522793, 161.92518589324214, -27.29432342422235, -28.019030703175, -27.29432342422235, 208.6575195384725, 6.2396697900578975, 4.34062505147106, 26.0, 0.0
29, 0 ,1.0,1.0,1.0,135.41978936730405,143.20708225845058,175.23537937820802,12.549549499775411,11.76371502531877,11.820607847938971,60.0,55.0,54.0,-0.8402897549078759,0.516090045622218,0.16602467469180202,12.97581839641632,0.31546306595757756,0.2164055522093975,0.923932730770802,11.85866594722654,-0.440903823768299,-0.8287458607936463,0.3446507165289091,11.251805749936045,66.83755316394763,56.216307591725865,60.794438083573056,20.093331157243167,5.644554609917869,75202.0,228426.61707364884, 0.0, 0.0,0.0,NaN, 233.26593904846737,233.26593904846737,0.0, 157.49119264731328, -17.15619770507461, -1.739337937696633, -17.15619770507461, 138.3849911969106, 6.383080728480155, -1.739337937696633, 6.383080728480155, 139.7267698947564, 5.475845501472404, 4.096920082424345, 31.0, 0.0
30, 0 ,1.0,1.0,1.0,239.29034667882195,95.50317810023044,185.29287902960317,13.357232054548582,11.400017116844118,12.058134070812624,67.0,54.0,58.0,0.9371058877207108,-0.3057233194689388,0.1684215162384866,13.60205709379272,0.19954261975729137,0.07333759071914285,-0.9771409011436931,12.024805134691434,-0.28638313166032486,-0.9492917621681988,-0.12972992014188803,11.142833570640498,73.94609337570546,60.35974716508474,56.85161179696584,20.48488364284398,5.843301963124995,78978.0,253749.63641738318, 0.0, 1.4210854715202004E-14,0.0,72.19831417815325, 161.1342379351428,161.1342379351428,0.0, 178.41564815906014, -17.135131011375073, 5.620299209554136, -17.135131011375073, 129.96039026433888, -4.597622282615876, 5.620299209554136, -4.597622282615876, 145.39859726969223, 5.724193207877523, 4.275542701500979, 34.0, 0.0
31, 0 ,1.0,1.0,1.0,275.97047090921626,65.07662001241049,239.89741645079633,14.185235683652484,13.859692599534975,12.92983288715784,57.0,73.0,65.0,-0.8746533157909118,0.3909809202006619,-0.2865580171885034,14.45278947440822,0.3487424312590322,0.9181217146747155,0.18823186149613283,13.754754400567428,-0.3366902045137369,-0.06470268218400199,0.9393898387265498,12.74426053691256,68.86758725648633,74.00255804367038,72.59398030673464,22.68836511504938,6.7624446208749,101527.0,369966.3368197566, 0.0, 0.0,0.0,NaN, 91.78619335092557,91.78619335092557,0.0, 201.2209114007678, -7.3167265180966, 13.404192525332917, -7.3167265180966, 192.09107895360458, -0.578486536298227, 13.404192525332917, -0.578486536298227, 167.18057848982846, 5.3904988781623535, 4.065835913335797, 29.0, 0.0
32, 0 ,1.0,1.0,1.0,132.26373976565182,275.81791439917635,59.51903466196009,12.588515276502411,12.313538905706183,12.703486852518456,62.0,54.0,68.0,0.5501183801802855,0.30643384078711755,-0.7768320725924456,13.450612585679206,0.651290803966219,-0.7396687829333111,0.16944137695082245,12.697314105285397,0.5226758617507176,0.5991564009291822,0.606482935265894,11.37241271863066,72.27707338487511,69.41964183382946,63.04383380598779,20.845346018078075,6.078164595318074,81588.0,316319.19233822316, 0.0, 0.0,0.0,NaN, 147.04076172236472,147.04076172236472,0.0, 158.47071686673456, -6.666371059977911, -18.526530713537266, -6.666371059977911, 151.62324038233982, -16.27700422932202, -18.526530713537266, -16.27700422932202, 161.37857821210926, 6.167606530065334, 4.28199722142063, 25.0, 0.0
33, 0 ,1.0,1.0,1.0,35.94751923467431,177.00242548678955,209.80479907944314,12.8145871691692,13.102653367343894,12.973869355548885,67.0,62.0,67.0,0.1773534064261292,0.7755393676579282,0.6058749528093974,13.574216751184945,-0.8106748171913312,-0.23392582352731708,0.536735549278105,13.039086783695042,-0.5579893457771844,0.5863594446240357,-0.5872226934471639,12.244889181816788,62.02680002638408,77.359816070152,74.59939029329294,21.529747669404838,6.378434049795607,88642.0,357956.3597674116, 0.0, 0.0,2.8421709430404007E-14,52.708170866235335, 156.7029091764402,156.7029091764402,1.9073486328125E-6, 164.2136443162359, 8.528827004857092, -5.049334115683648, 8.528827004857092, 171.67952526476827, 13.606010335934897, -5.049334115683648, 13.606010335934897, 168.32128605485045, 5.467338240727809, 4.191662799347678, 43.0, 0.0
34, 0 ,1.0,1.0,1.0,52.070972572509454,20.356951450189154,166.40483133669608,12.691565696872829,11.712448940734832,12.445128884964829,67.0,51.0,60.0,0.5802591053605657,0.31492859000909784,-0.7510787933639431,13.100540461603773,-0.763475730331036,0.5314204100579639,-0.367011112868965,12.669262966163288,-0.2835563080618145,-0.7863919703104212,-0.5488018669698987,11.00018856651245,76.88619121857857,63.42629617903849,60.9710131001073,20.41556391521462,6.028539044785861,76128.0,297331.62881508627, -7.105427357601002E-15, 0.0,0.0,54.53123120691171, 144.82216939118476,144.82216939118476,0.0, 161.0758398380391, -6.778354990087426, -10.99146573812746, -6.778354990087426, 137.18146018932052, -19.678618730865928, -10.99146573812746, -19.678618730865928, 154.88123296338594, 5.464086334423459, 4.043337357203563, 26.0, 0.0
35, 0 ,1.0,1.0,1.0,104.0977169748095,229.57206754374462,157.07095298454186,12.173696883767843,11.028627230354084,11.948808338181365,60.0,53.0,58.0,-0.8349077148552546,0.544199633706369,0.08231565069311048,12.89972593108198,-0.17870737065125986,-0.12658347550084278,-0.9757255246251582,12.01571121695559,-0.5205696719461186,-0.8293511815895492,0.20293800591788907,10.090752695426533,60.23445917603617,57.902608442718815,53.76724451150284,19.54313655027254,5.5379914124145655,68637.0,187525.7556028988, 0.0, 2.8421709430404007E-14,0.0,57.03001364437377, 190.32903307214445,190.32903307214445,0.0, 148.1988958178589, -28.379545391201482, 2.9818191111601653, -28.379545391201482, 121.63061858610762, 8.148797748473177, 2.9818191111601653, 8.148797748473177, 142.77402070259254, 5.905695779582241, 4.141753688223118, 23.0, 0.0
36, 0 ,1.0,1.0,1.0,188.47232394788978,65.92893378159333,60.920618958996215,11.74688142571722,11.520431212257378,11.644598463480081,58.0,64.0,58.0,0.3178420867022956,0.6715890468756646,0.6692866053025165,12.666956618549627,-0.9324535925471871,0.09352196903554681,0.348975556527328,11.676721737866929,-0.17177516021408473,0.7349978186527839,-0.6559508372653204,10.464636228847358,64.00691609450544,63.43207753293842,53.56744578385634,19.382714943182865,5.533226305979022,66628.0,217488.74010760675, 0.0, 0.0,0.0,NaN, 143.16552884514263,143.16552884514263,0.0, 137.98922322986024, 8.533956503170687, 2.1040871909765793, 8.533956503170687, 132.720335316354, 23.774105943009893, 2.1040871909765793, 23.774105943009893, 135.59667337568266, 5.266863068520661, 3.9967332231081163, 30.0, 0.0
37, 0 ,1.0,1.0,1.0,92.30478261453173,159.15467321709016,106.48164404891341,11.42426248906993,11.652885975038782,13.214995694260356,57.0,56.0,62.0,-0.19383507182697507,0.30600097437874607,0.9320897857015111,13.314472202575631,0.6526457903337927,-0.6691382013689735,0.35539772062897945,12.617716979629419,-0.7324489315231544,-0.6772130175564799,0.0700077964417995,10.220454214689186,64.51550395331196,58.253122888783444,52.611324108000105,20.18877263373824,5.775213910233295,74499.0,197725.43450691976, 0.0, 0.0,0.0,NaN, 199.2383484409066,199.2383484409066,0.0, 130.51377341917026, -28.22856696153283, -0.4570693536104514, -28.22856696153283, 135.78975154725552, 7.749137782042246, -0.4570693536104514, 7.749137782042246, 174.63611119931974, 6.159673860402192, 4.281493015602517, 28.0, 0.0
38, 0 ,1.0,1.0,1.0,85.31716564091546,208.12507424585172,191.1912194012309,13.790361997191358,12.262590669571328,10.804622906052618,64.0,61.0,57.0,-0.9566409765077516,0.2884916100183681,-0.04013269259973578,13.92673257165334,-0.28489087098345706,-0.8980878516263846,0.3350752190052144,12.291588969642326,0.06062370573119276,0.33198012246234715,0.941336265419166,10.594718050238583,63.66910103507697,58.61016971038481,59.775680167193684,20.56837090899847,5.850402399399573,79129.0,223062.32438513584, 0.0, 0.0,2.8421709430404007E-14,87.69994838837003, 166.01015472169385,166.01015472169385,0.0, 190.17408401357963, -12.61317580593898, -0.5702970252713087, -12.61317580593898, 150.37112992945777, -12.632517767366831, -0.5702970252713087, -12.632517767366831, 116.7398761419969, 5.607872389309777, 4.069548930960041, 20.0, 0.0
39, 0 ,1.0,1.0,1.0,22.754741038428637,11.754127729627657,263.52504075275584,13.72076227358423,7.58598646130375,16.28859632383392,50.0,34.0,86.0,0.19439960233245449,0.13511635423886265,0.9715721102574846,16.50430246588287,0.9799172614334636,0.018077483139750376,-0.1985833964561813,13.60973072311005,-0.04439544298376151,0.9906648148695549,-0.128888592287081,7.314923644112707,87.94784173981941,57.52987135699667,36.353464173938214,21.153379960698942,7.97868375099918,61959.0,183935.00601004818, 0.0, 0.0,0.0,NaN, 44.56860341651365,44.56860341651365,0.0, 188.25931736821227, 8.082614712622647, 15.709864899026073, 8.082614712622647, 57.5471905910838, 28.261196449708184, 15.709864899026073, 28.261196449708184, 265.318370200816, 5.4859924274366785, 4.079796609017606, 19.0, 0.0
40, 0 ,1.0,1.0,1.0,288.6019880570929,77.18817360908827,284.93773667346346,7.604511007189594,12.087435005518936,8.15225135884989,34.0,63.0,34.0,0.1492831401165486,-0.9802985704657574,-0.12934162833262555,12.211940791186471,0.5475096292323501,0.1908741687791437,-0.8147393801644334,8.559034817842921,0.8233758254738821,0.050811066074852654,0.5652172021351967,6.928585713440412,63.37073401468599,46.72332753415398,35.73295812234102,15.522272892781473,5.427054369640816,27464.0,105801.41417001166, 0.0, 0.0,0.0,NaN, 79.46571963982538,79.46571963982538,0.0, 57.8285876584677, -12.160066788488756, -13.216851165976019, -12.160066788488756, 146.10608501264454, 8.895163736948058, -13.216851165976019, 8.895163736948058, 66.45920221786989, 6.916762672000104, 4.380060988377841, 9.0, 0.0
41, 0 ,1.0,1.0,1.0,120.95955840937253,236.35841688258046,77.22496338853216,11.980206355204082,12.071268208434972,12.823815690759803,63.0,60.0,66.0,-0.07315433683334022,-0.08480970233160613,0.9937080845967287,12.836703213278945,-0.6446993749081172,0.7642297957793811,0.017763311518074865,12.280542782445169,-0.7609278277179496,-0.6393435177065847,-0.11058348597784955,11.751528791036097,66.55905069321403,59.346415620053236,60.36841038546038,20.507682403587754,5.755525325927879,79893.0,238457.7013019132, 0.0, 0.0,0.0,NaN, 156.98777290808977,156.98777290808977,0.0, 143.52534431327229, -6.098280888843619, -2.0852533174577683, -6.098280888843619, 145.71551615997285, -2.076112132860472, -2.0852533174577683, -2.076112132860472, 164.4502488705773, 6.297245953396322, 4.3194784494971366, 36.0, 0.0
42, 0 ,1.0,1.0,1.0,24.04950237992211,189.15548000247264,121.83382580206467,12.645053681608386,12.254835022817678,12.222243699640485,53.0,59.0,57.0,-0.6624766059435409,-0.4479936760558258,0.6003552388307396,13.662409086759249,0.606984265641782,-0.7907013463795577,0.07975889979721032,12.024459518581033,0.4389702129311662,0.4172445889973199,0.7957462567374249,11.32309835392603,69.52950121719483,62.99899050757705,58.22224577086169,20.63032682300333,5.818180151620394,80885.0,255030.22702556523, 0.0, 0.0,-1.4210854715202004E-14,53.10465600818312, 166.45830495283784,166.45830495283784,0.0, 159.8973826107578, 9.487660976325515, -22.453602503696597, 9.487660976325515, 150.18098143647876, -16.75283666052747, -22.453602503696597, -16.75283666052747, 149.38324105340155, 6.078269544876262, 4.30521360051874, 22.0, 0.0
43, 0 ,1.0,1.0,1.0,216.17746894767498,135.62072141628403,206.0851585463313,12.052622103337061,12.49431735615541,11.693078089443564,62.0,59.0,61.0,0.4664675977544121,0.7057631531333424,0.5332038558792599,13.87581266377397,0.8816785600806045,-0.4194192801660369,-0.21617211688651133,11.499612634990863,0.07106966258130082,0.5709516959465891,-0.8179017446834883,10.64530286713389,68.24231750580702,58.791545737839186,54.61970512610256,20.119180657867354,5.772374782019251,73827.0,219138.15303858215, -2.8421709430404007E-14, 0.0,2.8421709430404007E-14,86.65682083952335, 185.0383588198918,185.0383588198918,0.0, 145.26569956584908, 19.083076760586827, 16.096932730924653, 19.083076760586827, 156.10796619632632, 31.525397543659953, 16.096932730924653, 31.525397543659953, 136.72807520582515, 5.679429206756817, 3.91765037500364, 31.0, 0.0
44, 0 ,1.0,1.0,1.0,125.48114219452094,91.98446151616176,212.95041310334832,12.665727561988398,10.57782904729983,12.313840257279415,61.0,53.0,65.0,0.7200888793795798,0.1537212820087877,0.6766400618138391,13.58771270426382,-0.6451039208146994,0.5074714400016954,0.5712387144899298,11.824696698015043,0.2555639590070612,0.8478458026316935,-0.4645907422844934,9.974587479016236,64.14279457453668,58.84880328715823,53.031340028398375,19.779733870347478,5.718733419950799,68990.0,200178.81515287256, 0.0, 0.0,0.0,NaN, 178.28148750147207,178.28148750147207,0.0, 160.42065467451255, -3.7795653800184823, 26.618219849941184, -3.7795653800184823, 111.89046735390001, 20.546540699330304, 26.618219849941184, 20.546540699330304, 151.63066188179516, 6.074726375572871, 4.2108769341115435, 36.0, 0.0
45, 0 ,1.0,1.0,1.0,107.38408651540038,211.09615244850792,279.21198598776107,11.892926629854077,12.313062515823924,11.55493510916129,60.0,60.0,47.0,-0.42268344807901226,-0.8999153604408022,-0.10719630013548749,12.39747135267621,0.7231729131970362,-0.40620649833632955,0.5585850144136066,12.041225921270103,-0.5462230682954985,0.15858317928468382,0.8224911761896375,11.308462322133563,61.306474227777386,66.86022544274519,59.506065157945955,19.797117859665473,5.885903683300208,68797.0,243913.25980240552, 0.0, 0.0,0.0,NaN, 140.95168559750883,140.95168559750883,0.0, 141.44170382309227, 4.79373036179812, 8.081289623957412, 4.79373036179812, 151.6115085185882, -1.3918235869156543, 8.081289623957412, -1.3918235869156543, 133.51652537692826, 5.190648574206136, 3.9738478961926984, 28.0, 0.0
46, 0 ,1.0,1.0,1.0,279.38521117818846,233.763461960223,47.946244502672194,11.855018555226797,12.245384920623886,15.635930354851737,53.0,63.0,73.0,0.43502118033856435,0.004068832951927713,0.9004110268401044,16.61801306175514,0.10377835187811375,-0.9935523086656757,-0.045649355160489805,12.26738033727253,0.8944197148645061,0.11330160874195688,-0.4326385548216663,10.407990026937163,87.83063966460395,62.5146483855267,59.21950497474529,21.99617859394227,7.151318908022365,86633.0,325156.6281168156, 0.0, 0.0,0.0,NaN, 84.3272841467857,84.3272841467857,0.0, 140.54146494477166, -4.050260899848368, 65.53973576416293, -4.050260899848368, 149.94945185424285, 2.5271483424189634, 65.53973576416293, 2.5271483424189634, 244.48231806177395, 5.639426916102894, 4.022295952229415, 20.0, 0.0
47, 0 ,1.0,1.0,1.0,225.569061775954,232.88628813890517,166.9546520391927,13.667745667002414,11.091678284042105,11.353260074228762,71.0,57.0,60.0,-0.9799515120800382,0.1728045666315284,0.09916458905948473,13.755496436536998,-0.1730925328815022,-0.49194618636125,-0.8532455243277219,11.501342581898786,-0.0986610816518489,-0.8533038916329361,0.5119945893184563,10.827490461129543,71.57950603657926,57.861254963952945,55.74502462569576,20.08521067952912,5.942509995494212,71646.0,230878.05632193788, 0.0, 0.0,0.0,NaN, 166.56914329700476,166.56914329700476,0.0, 186.80727161786328, -10.907724837552824, -4.77248022625027, -10.907724837552824, 123.0253271566912, 7.5491520833444214, -4.77248022625027, 7.5491520833444214, 128.89651431307686, 5.408108038381393, 3.9633636863118977, 35.0, 0.0
48, 0 ,1.0,1.0,1.0,201.18996461610607,175.7050773756235,193.80456438021344,12.78684301958577,10.73548401790655,11.970410135735378,66.0,55.0,59.0,0.978580997244243,0.1780925125754528,0.10325835945348338,12.85958893021485,0.10550211872246568,-0.0031489294117916233,-0.9944140924125273,11.96106262048667,-0.17677255097308953,0.9840087099249278,-0.02187061988936042,10.658735565659969,64.22917062143821,58.286177554233575,53.546420153173045,19.750362916581306,5.6540122910442605,70371.0,200460.27896742555, 0.0, 0.0,0.0,NaN, 191.02387659463503,191.02387659463503,0.0, 163.50335440752934, 9.010906845755628, 2.1396538824985987, 9.010906845755628, 115.25061709872696, 1.0440938617749165, 2.1396538824985987, 1.0440938617749165, 143.29071881771628, 5.7645115877863535, 4.206483515829645, 32.0, 0.0
49, 0 ,1.0,1.0,1.0,238.5016070634568,274.73313853776284,96.4595439242838,12.46411786774165,12.084277256852193,12.818964781351424,61.0,56.0,64.0,-0.7379747635003063,-0.6624073206511066,-0.12887897417534488,13.31645146887735,0.29494024198372965,-0.14482833758483446,-0.9444760485533726,12.986562113284084,0.6069625211619297,-0.73501108439277,0.30225023362194176,10.942174092099275,65.47055079110805,68.44129084612874,56.16638276874171,20.704036584463214,6.087094398496885,78715.0,251675.32719849327, -2.8421709430404007E-14, 0.0,0.0,42.44081893608066, 117.15336203460056,117.15336203460056,0.0, 155.35423422095667, 26.06593099123357, -8.149255317364863, 26.06593099123357, 146.02975682047517, 11.608615634551983, -8.149255317364863, 11.608615634551983, 164.32585806552817, 5.695619830996686, 4.068646315575254, 24.0, 0.0
