// Sample: .//bubblelabels.tif, Map: .//bubblelabels.tif, Thickness:(8.191250068658265):/gpfs/home/mader/Foam/NewValid/InSilicoTest/LatticeDataPhi_16.0/out_Step_05000.vtk/distmap.tif, Neighbors:(1.0):
//LACUNA_NUMBER, TRIANGLES, SCALE_X, SCALE_Y, SCALE_Z, POS_X, POS_Y, POS_Z , STD_X, STD_Y, STD_Z,PROJ_X, PROJ_Y, PROJ_Z, PCA1_X, PCA1_Y, PCA1_Z, PCA1_S, PCA2_X, PCA2_Y, PCA2_Z, PCA2_S, PCA3_X, PCA3_Y, PCA3_Z, PCA3_S,PROJ_PCA1, PROJ_PCA2, PROJ_PCA3,OBJ_RADIUS, OBJ_RADIUS_STD, VOLUME, VOLUME_BOX, Mask_Grad_X,Mask_Grad_Y,Mask_Grad_Z,Mask_Angle, Mask_Distance_Mean,Mask_Distance_COV, Mask_Distance_STD, SHAPET_XX, SHAPET_XY, SHAPET_XZ, SHAPET_YX, SHAPET_YY, SHAPET_YZ, SHAPET_ZX, SHAPET_ZY, SHAPET_ZZ, Thickness, Thickness_STD, Neighbors, Neighbors_STD
1, 0 ,1.0,1.0,1.0,129.50121688426924,15.141868424388388,183.03753327417922,22.16918044452018,9.421992413462844,9.801290955696468,90.0,39.0,43.0,-0.9899159061100192,-0.02650832452671224,0.13915389883566384,22.356724473441492,0.07868530203763714,0.713952779736069,0.695758615865004,10.008421905226449,0.11779270806643975,-0.6996918872174575,0.7046673973503014,8.736141528436352,90.92132828308998,56.896240569487844,46.61765027185936,24.155397321275615,9.63475932603189,78890.0,241156.91663670665, 0.0, 1.7763568394002505E-15,0.0,88.48100695003252, 74.07482620705169,74.07482620705169,0.0, 491.4725615816959, 12.452888587035774, -57.0322107135805, 12.452888587035774, 88.77394103935139, 10.28420493846298, -57.0322107135805, 10.28420493846298, 96.06530439821736, 11.805225763314576, 6.400499544919205, 12.0, 0.0
2, 0 ,1.0,1.0,1.0,170.10542490355485,62.88969290120093,167.7567475280254,15.532081301881954,15.094361409260355,14.408750092380801,61.0,79.0,69.0,-0.7671040161656703,-0.6334905241682975,0.10119873601717715,16.66079376776176,0.2543851969930079,-0.44518942498942715,-0.8585421057982026,14.647004787872543,0.5889308957198015,-0.6328476370079601,0.5026572076476314,13.586043460789927,77.93949464627909,77.20573569780028,74.32016462327795,24.927649649220317,7.437046329836379,137643.0,447212.37670984655, 0.0, 0.0,0.0,NaN, 76.73608292958312,76.73608292958312,0.0, 241.24554956827103, 41.80205797832594, -13.761703561962337, 41.80205797832594, 227.8397463533682, 5.486720702963517, -13.761703561962337, 5.486720702963517, 207.61207922468373, 8.132324024752238, 5.528076845340556, 18.0, 0.0
3, 0 ,1.0,1.0,1.0,180.16799937968267,162.07231543136285,91.84373818731645,11.385300491539201,13.849333990356428,15.748164305903511,51.0,72.0,79.0,0.025978780641068344,0.21544080385661235,0.976171277486702,15.841223563320355,-0.027686516419271306,-0.9759711992031453,0.21613346602166697,13.747433803669239,-0.9992790199763869,0.03264166600512734,0.019389736342741822,11.379696748835373,77.64605575399335,78.37156071633336,52.974041290321594,22.83147717237622,6.939556786428539,103173.0,322359.8913188456, 0.0, 0.0,0.0,NaN, 101.32664876310986,101.32664876310986,0.0, 129.62506728264276, 2.287338321345612, 2.723847188695072, 2.287338321345612, 191.80405197644188, 12.991382138586905, 2.723847188695072, 12.991382138586905, 248.00467900573344, 8.162243146205496, 5.670794612966712, 19.0, 0.0
4, 0 ,1.0,1.0,1.0,16.22966667322951,44.493630761355355,15.68012049378827,10.082856459066154,12.168979575138009,10.433072752623332,45.0,61.0,41.0,-0.15391356519461236,-0.9255455150590093,0.3459423564746534,12.404527253709034,0.6476836370388608,-0.35891016120374014,-0.6720784199011443,10.785828117323708,-0.7462013942369693,-0.12061921794995044,-0.6547018279338659,9.401631814282478,58.819434053294444,61.98187309816021,48.29774077836844,18.116440748648653,5.512861320267691,50791.0,176080.94254288252, 0.0, 0.0,0.0,NaN, 49.889392032291624,49.889392032291624,0.0, 101.66399437413206, 2.8323875719869545, -15.650186166053913, 2.8323875719869545, 148.084063900126, -14.22586641373977, -15.650186166053913, -14.22586641373977, 108.84900706153137, 9.472214494439847, 5.9095188995894175, 7.0, 0.0
5, 0 ,1.0,1.0,1.0,33.713023540465294,108.66208959340763,173.81816692956824,13.457019865542245,14.885885055805506,14.03349165937459,67.0,69.0,64.0,-0.20418428961453725,0.9646773929502418,-0.1664521054397684,15.029672326736023,-0.5659599642023138,0.022409280158427688,0.8241281108437548,14.496827100642099,0.7987478292895211,0.2624792405000936,0.5413931598309784,12.78948003145642,71.41205998675406,73.24635253193803,64.87068765645166,23.525363522729062,6.795374664684485,116013.0,339317.34927968384, 0.0, 0.0,0.0,NaN, 100.81998917184339,100.81998917184339,0.0, 181.0913836615986, -12.866196470798046, -19.61129156572015, -12.866196470798046, 221.58957389465368, -9.146545818374394, -19.61129156572015, -9.146545818374394, 196.93888815373617, 7.855148704834318, 5.32086345706029, 20.0, 0.0
6, 0 ,1.0,1.0,1.0,43.424648259238694,11.891139789023251,25.76374124879819,16.630451538110734,7.809886323354482,14.007993493808204,79.0,33.0,62.0,-0.9872107266404735,0.06836235310244299,-0.14401933857744592,16.71371034809311,0.14426417497001726,-0.0013677901680013115,-0.9895382645306224,13.945364383248833,-0.06784415248352939,-0.9976596202254321,-0.00851194134368867,7.743953969788435,81.52810389458764,68.0025701413674,35.4765663291122,21.87427754526055,7.436807536884679,73847.0,196686.36232965902, 0.0, 0.0,0.0,NaN, 51.87359294531004,51.87359294531004,0.0, 276.5719183614497, -14.832020970980299, 11.989625010886503, -14.832020970980299, 60.994324383719395, -1.9778499343360216, 11.989625010886503, -1.9778499343360216, 196.223881722573, 8.187538752275351, 5.202460318801041, 12.0, 0.0
7, 0 ,1.0,1.0,1.0,159.18071780436313,175.96038881069668,136.65051020408163,13.440510405608823,14.170119960963447,15.281263097364388,74.0,59.0,84.0,0.496445491147423,-0.30087511364881614,0.8142579691389007,15.786846478770464,-0.35750829545730306,0.783901735351539,0.5076277060918363,14.838060548957515,0.7910307787934727,0.5431134644801745,-0.2815991329918013,12.064993117422302,72.5154570074462,78.87460353592499,71.98877961955827,23.713471220931098,7.2545092305632055,113680.0,411749.03396032227, 0.0, 0.0,0.0,NaN, 79.10293649734554,79.10293649734554,0.0, 180.64731996327905, -36.391434093305286, 28.363941927932537, -36.391434093305286, 200.7922997080947, 4.291407876925292, 28.363941927932537, 4.291407876925292, 233.51700185087063, 7.630541915353191, 5.119048657831166, 22.0, 0.0
8, 0 ,1.0,1.0,1.0,89.58806900068734,123.14963082858473,78.96741757388972,13.505283557718839,12.061641599483462,12.425637990057714,70.0,58.0,65.0,0.8655651225927123,0.36384846532009424,0.3441094489189074,13.908728973459887,-0.45440005352008606,0.2817625921382621,0.8450623841069188,12.331059749604085,-0.21051748125038278,0.887819878103514,-0.4092166347208476,11.694639169434746,69.02440951837376,63.837084152213784,60.9803265085454,21.185661705130784,5.782741531880242,90202.0,268698.65173724614, 0.0, 0.0,0.0,NaN, 142.01357113791553,142.01357113791553,0.0, 182.3926839743908, 15.895377405133006, 11.013041116527559, 15.895377405133006, 145.48319807438997, 10.738329139101332, 11.013041116527559, 10.738329139101332, 154.39647945996552, 7.4818417419103564, 4.996440715836233, 21.0, 0.0
9, 0 ,1.0,1.0,1.0,10.156614953880377,29.383550348054538,136.47849348955836,6.336224016076545,14.98661173372998,13.37700511453079,24.0,61.0,67.0,0.029510628625175082,0.9353990305405158,0.35236029353775083,15.231717364183508,0.08972934354467292,-0.3535696750709887,0.93109458691222,13.14472079091444,-0.9955288884332735,-0.004139871261073251,0.09436680433686773,6.237117390284833,71.69586192645076,63.42025282952471,27.35114611277408,19.958398259740914,6.734454007497322,52147.0,124364.83236718494, 0.0, 0.0,0.0,NaN, 70.7215076743569,70.7215076743569,0.0, 40.147734781905186, 1.0829874068966152, 13.193340818661593, 1.0829874068966152, 224.5985312575731, 19.571569825980554, 13.193340818661593, 19.571569825980554, 178.94426583418291, 7.456417140473633, 5.163019901932582, 10.0, 0.0
10, 0 ,1.0,1.0,1.0,73.9314299203598,60.528818318486216,51.051946277038525,13.354979150470493,12.153088186679089,11.88784387903457,65.0,62.0,58.0,-0.8462260101061351,0.13378330799992025,-0.5157553357168981,13.866237543301832,-0.406199562258744,-0.7884104494795849,0.4619641531246814,13.14018099952608,0.34482380347165226,-0.6004256737115741,-0.721516150136188,10.121114186067697,65.21925768382184,65.09136429710189,50.89724860307373,20.813748064783283,5.844804887314569,80487.0,216069.5322101722, 0.0, 0.0,0.0,NaN, 108.33233771951481,108.33233771951481,0.0, 178.35546810950157, 12.32009577074215, 26.030199802489335, 12.32009577074215, 147.6975524731988, -31.77664702858291, 26.030199802489335, -31.77664702858291, 141.32083209229967, 7.552246299257798, 5.063087133387838, 16.0, 0.0
11, 0 ,1.0,1.0,1.0,172.09270945141012,39.66840447741829,16.744400278364257,15.270109557588302,13.210547667244363,11.02274325004315,71.0,69.0,52.0,0.9239613362214911,0.21202782632601286,0.31833889179813213,15.82097130802603,0.24345259879671832,-0.9679342157112546,-0.0619208058294023,13.12234137580872,-0.29500217169865184,-0.13471286100036867,0.9459525166593591,10.329409857925697,81.51344502468666,75.45329657622497,55.75122338058523,21.875829016515024,7.116444980880982,84781.0,342895.5657897419, 0.0, 0.0,0.0,NaN, 51.310565385986145,51.310565385986145,0.0, 233.1762459007496, 12.698674712582907, 41.25197879020128, 12.698674712582907, 174.5185696685355, 13.618668392984965, 41.25197879020128, 13.618668392984965, 121.50086875637186, 7.608252387014066, 5.079371873400913, 15.0, 0.0
12, 0 ,1.0,1.0,1.0,160.24301063065107,10.751749706805887,41.892672038739455,13.586458540802141,7.013525155761921,13.50013487642805,61.0,31.0,64.0,-0.7341219871894087,-0.12014605845390655,-0.6683036978523041,13.904417494867703,0.6754383658785008,-0.028288702104037517,-0.7368736412931657,13.25625931744093,0.06962701935638123,-0.9923530994415541,0.10191861559247474,6.853743175110016,68.99496746786555,69.57190000389963,31.896167142904716,19.387794395992394,6.336281317296559,52866.0,153105.14204113008, 0.0, 0.0,0.0,NaN, 58.747036487108915,58.747036487108915,1.1680077279964342E-6, 184.59185568093542, 10.448989360206214, 7.723335268760893, 10.448989360206214, 49.189535110505275, 14.435675629637835, 7.723335268760893, 14.435675629637835, 182.25364168174897, 7.44333139241646, 5.055290744826998, 12.0, 0.0
13, 0 ,1.0,1.0,1.0,60.384952833645684,73.9310983845131,139.04029817930544,12.090430525802036,14.91543964247518,12.071040877811681,63.0,66.0,63.0,-0.004105225061907781,0.9551248570776628,0.29617504033859027,15.187580839199361,-0.8495195297746303,0.15291614449380433,-0.5049091218077182,12.313058738946717,-0.5275411980676792,-0.25367924658025237,0.8107694642719306,11.49281735021482,68.8838654833076,58.64198516899067,53.19009565250401,21.83174170085332,6.142795146229665,95513.0,214860.67960134865, 0.0, 0.0,0.0,NaN, 113.26179886939003,113.26179886939003,0.0, 146.1785102992457, -2.9231269607464663, 8.255675316902337, -2.9231269607464663, 222.47033972832014, 26.37846368890121, 8.255675316902337, 26.37846368890121, 145.7100278738006, 8.21793507983715, 5.130844861752432, 19.0, 0.0
14, 0 ,1.0,1.0,1.0,42.73201288482345,55.51420035408675,175.59222238615126,12.848423134533373,12.274009857102694,12.276065461651674,63.0,61.0,52.0,0.7237954056354846,0.26200283413441633,0.6383374700630529,14.191231200816857,0.3645740601676033,-0.9306447388514414,-0.03140262251853131,12.217059302007971,0.5858378320268114,0.2554503571218212,-0.769115823275312,10.760459899614247,69.44694113082289,51.96494160000417,58.31029677667598,20.768283326951824,5.925663328815426,81336.0,210430.56287337455, 0.0, 0.0,0.0,NaN, 74.18619126353299,74.18619126353299,0.0, 165.08197704401238, 4.8778772636722385, 39.167867504560604, 4.8778772636722385, 150.6513179722541, 15.29499217006039, 39.167867504560604, 15.29499217006039, 150.70178321875713, 7.545440792156199, 4.959111666929948, 10.0, 0.0
15, 0 ,1.0,1.0,1.0,78.29330203705256,186.45316455696204,27.54955151311929,12.19600520451214,7.871674293668303,14.78704723307304,59.0,31.0,58.0,-0.2159496023905636,-0.007707442274390829,0.976374090480152,14.908163534031772,-0.9759145088581157,-0.02997227054799103,-0.21608455381729746,12.051156525981478,-0.03092960762085378,0.9995210144523151,0.0010493048341833424,7.8663111708143045,60.87619246214126,58.20176105263936,32.253814897881426,19.736614291658235,6.310992101844614,59645.0,114278.54341191806, 0.0, 0.0,0.0,NaN, 84.09717999409908,84.09717999409908,1.3486991523486091E-6, 148.7425429484872, 2.7049935324085204, -16.237402199187382, 2.7049935324085204, 61.96325618559837, -0.6670438066579008, -16.237402199187382, -0.6670438066579008, 218.65676587313303, 7.479856753800998, 4.903359182340283, 12.0, 0.0
16, 0 ,1.0,1.0,1.0,188.40693277310925,55.56478991596639,93.88966386554623,7.1994655966839245,12.98249806656259,14.539880331524927,28.0,55.0,78.0,-0.07872046945870004,0.5579380559056174,0.8261405530903693,15.802025320018414,-0.0699488663392534,-0.8297611246665835,0.5537180077348934,11.484136704316747,-0.9944396632204767,0.014198653608928295,-0.10434631977045733,7.084933374652454,89.56081394864299,54.94084321538629,31.65757269634551,19.42144963034533,7.388705924394061,47600.0,155772.56287908356, 0.0, 7.105427357601002E-15,0.0,56.08667982582364, 109.71378248387002,109.71378248387002,0.0, 51.83230487783542, -4.021302114963664, -16.138798089824284, -4.021302114963664, 168.54525604830138, 54.427778920980124, -16.138798089824284, 54.427778920980124, 211.40812005506544, 8.384402737084056, 5.0930291829925025, 12.0, 0.0
17, 0 ,1.0,1.0,1.0,183.80336634754966,19.137649069293104,176.5151871520185,9.575774829030465,11.4429596443651,12.150570621831076,40.0,47.0,49.0,0.2317771429551125,0.5429305162023661,0.8071590986786914,12.711821911909652,-0.18504183207988106,-0.7899964645375657,0.584521262571917,11.056733733275191,-0.9550072650949242,0.2848368666348845,0.0826382660849955,9.296847759661024,69.93585009882446,59.38335489151767,45.101550118818665,18.428521054284847,5.537397149088977,54421.0,187307.88349607348, 0.0, 0.0,0.0,NaN, 34.352830859709634,34.352830859709634,0.0, 91.69546357629342, 14.694180237233908, 10.186509209932805, 14.694180237233908, 130.94132542256827, 16.396459694680807, 10.186509209932805, 16.396459694680807, 147.63636643610442, 8.02822682141756, 5.207026112659642, 7.0, 0.0
18, 0 ,1.0,1.0,1.0,184.90434166940602,14.626141047361367,97.02435077249855,8.382402732161689,8.594487238808979,14.033271236628421,33.0,35.0,68.0,-0.20689321460711707,-0.1274490541513475,0.9700267709426685,14.33651485725393,-0.5141176082245544,0.8577143186302251,0.003038507882545202,8.69987851716483,-0.8323931058478301,-0.4980791967274037,-0.24297907548673284,7.7355700240703555,72.89011981778313,42.973212117795725,42.98097058385014,17.476494211065194,5.969483910153766,39547.0,134630.2646796144, 0.0, 0.0,0.0,NaN, 99.27500967109589,99.27500967109589,0.0, 70.26467556415173, -3.1470227430104103, -29.264896984038202, -3.1470227430104103, 73.86521089805038, -17.971021160355786, -29.264896984038202, -17.971021160355786, 196.9327016007826, 7.8241555747194385, 5.34470768538656, 7.0, 0.0
19, 0 ,1.0,1.0,1.0,102.64340462918081,90.29071740184197,15.47414263208919,13.77336972531695,11.633632727581682,9.498810310767302,62.0,52.0,37.0,0.9716917935978533,0.20097699878895503,-0.12419059631216595,13.923805800484521,0.19651754491018456,-0.9793587943536602,-0.04729911695390091,11.528192601504319,0.1311331872451078,-0.02155453270033189,0.9911304098467616,9.407599519722924,61.99118153484825,52.43103781423132,40.823172099729845,19.563694121498184,5.704068168502601,66016.0,132686.00430948517, 0.0, 0.0,0.0,NaN, 133.67935293580285,133.67935293580285,0.0, 189.7057135902775, 12.032791722563617, -13.128123610912246, 12.032791722563617, 135.3414104402596, -0.5734025902062657, -13.128123610912246, -0.5734025902062657, 90.22739731993923, 8.16760219383481, 5.113000351315395, 15.0, 0.0
20, 0 ,1.0,1.0,1.0,77.85522457169316,119.293267994032,129.31169933631733,11.622456681037601,10.918428105312016,14.559054689301608,64.0,52.0,71.0,-0.3467381830151217,0.16156440705700628,0.9239424088176115,15.09582615280215,0.8877451063902582,0.37451913836705214,0.2676640451703405,11.10157407164968,0.3027891321027245,-0.9130346966951027,0.27328809727348147,10.729898924761045,68.85896501142791,60.76084991786145,49.663991837421406,20.702672618433635,6.136692227369152,77748.0,207790.62755212525, 0.0, 0.0,0.0,NaN, 132.5588489498574,132.5588489498574,0.0, 135.08149930259557, -3.618703702464062, -34.19423666551374, -3.618703702464062, 119.21207229086734, 17.644787562800186, -34.19423666551374, 17.644787562800186, 211.96607344607514, 6.810590334684339, 4.568949840929093, 17.0, 0.0
21, 0 ,1.0,1.0,1.0,182.40706554506045,148.67300680428355,36.60935660761965,10.490876041740547,13.994686822210165,11.640733702691051,45.0,67.0,52.0,0.09660336576412355,-0.9877569788445013,0.12249057297207329,14.045028293298827,0.40832041775219974,0.15156285623871077,0.9001683937216596,11.892481060161137,-0.9077126341357777,-0.036943894661333715,0.4179628242769207,10.135210653263213,66.84205021679512,54.83866117049297,49.67491252732964,20.122112507123838,6.042930478046423,69662.0,182084.80977869668, 0.0, 0.0,0.0,NaN, 65.45392703629621,65.45392703629621,0.0, 110.05848012316582, -6.625569951323044, 15.34632187817935, -6.625569951323044, 195.85125925174282, -6.157423930335472, 15.34632187817935, -6.157423930335472, 135.5066811369673, 7.801151161023612, 5.22121253294821, 14.0, 0.0
22, 0 ,1.0,1.0,1.0,18.9119326679901,84.698936719876,25.832268240284993,11.308037289385338,11.420719889912363,13.634938579402167,45.0,54.0,58.0,-0.10420575757250751,-0.39837161663136794,0.9112854740152783,14.14645051792333,-0.9635009999131822,0.26761800953340154,0.006813526229393434,11.304153271173606,-0.24659072013163474,-0.8773144567576048,-0.4117187883848285,10.784718669107717,66.09897128779181,51.324763546030695,50.43430667227396,20.23915573746777,5.8815538117556265,73546.0,171099.09509633435, 0.0, 1.4210854715202004E-14,0.0,66.52358023186214, 90.54765132875721,90.54765132875721,0.0, 127.8717073381293, 0.5207490976346264, -8.034201705159663, 0.5207490976346264, 130.43284280383983, -30.405337022049025, -8.034201705159663, -30.405337022049025, 185.9115500640696, 8.030196817146196, 4.918662933509468, 11.0, 0.0
23, 0 ,1.0,1.0,1.0,41.08694412145412,174.56266865579957,187.06728680809988,11.833836035415512,13.074823726864233,7.0879270452822505,58.0,60.0,30.0,-0.1423823255269736,-0.9867811609534057,0.07739647126955908,13.139649128396123,0.9809863504980243,-0.1302622891262998,0.14386631352802573,11.875363022451259,-0.1318827263674012,0.09640890217726292,0.9865658974781546,6.895996988728347,62.748151639973145,58.74808842545706,32.63571574380555,18.112885882497775,5.757843833288796,45581.0,120306.14729051526, 0.0, 0.0,0.0,NaN, 50.02449273763885,50.02449273763885,0.0, 140.0396753130987, 5.631911193634792, 11.81289007216842, 5.631911193634792, 170.9510154885719, -11.305625255420438, 11.81289007216842, -11.305625255420438, 50.23870979924358, 7.53921287525404, 4.875502718762794, 10.0, 0.0
24, 0 ,1.0,1.0,1.0,65.73885483908555,188.8238680058726,74.46069772319451,13.651965601719157,6.640656216561381,11.592139560096477,69.0,27.0,51.0,0.9724985546854078,-0.028157869711218607,0.23120055256880084,13.774575962424782,-0.2271304196321251,0.10509151479624239,0.9681774351819845,11.494150875532334,0.051559030368379576,0.9940638349176358,-0.09580583748559013,6.557265593501671,72.34415876825415,51.06669560560783,27.953943788735643,18.1413191804262,5.978688631444655,42911.0,103272.41075673737, 0.0, 0.0,0.0,NaN, 99.9544819771953,99.9544819771953,1.9073486328125E-6, 186.37616479052312, -6.145480998489694, 13.39639203668338, -6.145480998489694, 44.098314986555316, 8.112184600496438, 13.39639203668338, 8.112184600496438, 134.37769958075373, 6.915944339390839, 4.716179536347948, 11.0, 0.0
25, 0 ,1.0,1.0,1.0,151.7564801380338,187.49398062821066,10.113603388102428,13.509452371818274,7.407837529370538,6.578987966459625,68.0,28.0,25.0,0.9986250604307406,0.043182134839357914,0.02972022729414449,13.523132387160702,-0.03530801752434143,0.9731298709202075,-0.2275337298541059,7.435907534351305,-0.03874703315353208,0.22617152241945923,0.9733165517282975,6.518942589922109,68.19531714562066,33.069399613724215,29.808640968684585,15.644101730336692,5.993873869349936,25501.0,67223.79711945761, 0.0, 0.0,0.0,NaN, 50.85393497745612,50.85393497745612,0.0, 182.50530338642636, 5.613843366973352, 4.269145407635604, 5.613843366973352, 54.8760568615506, -2.653153283397796, 4.269145407635604, -2.653153283397796, 43.283082662820554, 7.956820542065753, 5.0922329936279525, 5.0, 0.0
26, 0 ,1.0,1.0,1.0,113.77751875126698,83.66619848831485,64.47182242043381,11.19906607945504,12.281339876738153,11.414959664348803,54.0,55.0,57.0,-0.3934156431873913,0.9064576565238025,-0.1534882686879584,12.577014931544111,-0.3792255597623284,-0.007915554817674697,0.9252704030794869,11.463368402076117,0.8375034964215963,0.4222225253599149,0.34686601528586836,10.81487746803766,60.41989828026512,55.623229279709896,45.98139482602204,19.44156863904854,5.345755625894005,69062.0,154531.96599884654, 0.0, 0.0,0.0,NaN, 136.34868876665504,136.34868876665504,0.0, 125.4190810520005, -14.656190962136074, -2.580296668356507, -14.656190962136074, 150.83130916795872, -5.840738434185481, -2.580296668356507, -5.840738434185481, 130.30130413871015, 6.934982290395608, 4.5068361101164465, 14.0, 0.0
27, 0 ,1.0,1.0,1.0,53.146151317334336,83.82717324942469,75.13780741714804,11.793965846314222,11.486642439544665,11.039578250087848,60.0,60.0,57.0,-0.627305644890506,-0.704977679769626,0.33089892552732947,12.999934977463539,-0.6438818605337036,0.23049396548142528,-0.7295811685839372,11.53415989051879,0.4380682339135796,-0.670730201275656,-0.5985125057444958,9.532980596825697,61.057352343292095,55.063938526924574,46.40366758799508,19.084764264085642,5.355804873411257,63879.0,156011.83558126373, 0.0, 0.0,0.0,NaN, 124.48774428951023,124.48774428951023,0.0, 139.09763038402636, 28.290901713291856, 3.588979632641501, 28.290901713291856, 131.9429545339486, -25.313336246882713, 3.588979632641501, -25.313336246882713, 121.87228793981265, 6.914262514242474, 4.517921667218656, 13.0, 0.0
28, 0 ,1.0,1.0,1.0,102.82364491150443,21.20113384955752,103.4357853982301,11.493974931391469,12.508615563528462,11.458494373130701,55.0,51.0,59.0,0.04805162350001857,-0.9936268504038811,0.10196432530780279,12.517642725258346,0.7225832750878066,0.10505839411390777,0.68325408479539,11.896114638420203,-0.6896118125745754,0.04084624808559294,0.7230263701794968,11.030190091336651,52.570101006253935,57.100154175660634,54.532217239489626,19.747576390576615,5.468751506243977,72320.0,163692.6759994693, 0.0, 0.0,0.0,NaN, 138.62676367299682,138.62676367299682,0.0, 132.1114597234555, -0.1652757035777537, 9.972925981319378, -0.1652757035777537, 156.46546331614644, -2.1236301770278168, 9.972925981319378, -2.1236301770278168, 131.29709329906794, 7.43753783491366, 4.7946799027543445, 16.0, 0.0
29, 0 ,1.0,1.0,1.0,143.6341429085279,72.80873590541576,113.15768731526516,12.92644300222014,9.915346962008947,11.576509030818606,58.0,46.0,58.0,-0.8652895226604842,0.27406392417987846,0.4197177711714356,13.394079987445641,0.4903959406759715,0.2893453516943183,0.8220651366050141,11.503635430260916,-0.10385501115748341,-0.9171522408608167,0.3847673371551459,9.364165130156822,61.44933723232415,58.8110990366209,43.67964722308116,19.224408610740074,5.463031116015031,63943.0,157854.01065896574, 0.0, -1.4210854715202004E-14,0.0,74.09376206938089, 126.56938469564466,126.56938469564466,0.0, 167.09292868964602, -15.414438362740347, -15.309886351073331, -15.414438362740347, 98.31410537702004, 21.169330745596998, -15.309886351073331, 21.169330745596998, 134.01556134062474, 6.7085250825859255, 4.544519273251584, 15.0, 0.0
30, 0 ,1.0,1.0,1.0,137.3638217809259,140.51544712876296,18.571622818112825,10.14808696264356,13.558856967552789,10.774789592557116,46.0,68.0,44.0,-0.20515504271584944,-0.9785598823457221,0.018219909763346646,13.696904012341752,-0.15415018143596868,0.013922846915097292,-0.9879493286080194,10.793041269044524,-0.9665139057517567,0.20549138910744008,0.1537015256631463,9.941199257293174,69.88394844757178,47.02814861332533,50.210062430249664,19.24521129705492,5.7047527697109786,63248.0,165016.00851151627, 0.0, 0.0,0.0,NaN, 88.35501132522624,88.35501132522624,0.0, 102.98366900137621, 17.78480024854592, 2.357993728377227, 17.78480024854592, 183.84260226655482, -1.8257885702835452, 2.357993728377227, -1.8257885702835452, 116.09609076387716, 7.538923738140762, 4.713995955019642, 9.0, 0.0
31, 0 ,1.0,1.0,1.0,181.8219830338411,94.1932865091672,78.36599470947733,9.854418649264852,9.995324209627258,13.324372823513071,37.0,52.0,66.0,-0.14142489626687058,-0.20739774693872054,0.9679799446686113,13.500238408465785,-0.6767870679604097,-0.693350079585204,-0.24743672278128856,10.395666696644769,-0.7224667904876024,0.6901100214487068,0.04230714997028779,9.177617390007574,66.41336609108568,54.12488416811962,48.610700939235144,18.540346266065338,5.550724677455691,54815.0,174736.79106377508, 0.0, 1.4210854715202004E-14,0.0,78.03010299503062, 123.87108076958823,123.87108076958823,NaN, 97.10956691497891, 14.062776425366366, -9.427157231137366, 14.062776425366366, 99.90650605556077, -15.589541438418244, -9.427157231137366, -15.589541438418244, 177.5389111399737, 7.3294416065906765, 4.6764844095163856, 12.0, 0.0
32, 0 ,1.0,1.0,1.0,58.69278471648026,11.379172287740982,108.67050350319857,12.09521265564071,7.019181542022033,12.587060009923453,58.0,28.0,61.0,-0.35730146587655354,0.023232585992333164,0.9337001175059237,12.675291140663832,0.9334330509707126,0.043373489632885724,0.35612003559554695,12.012690604323666,0.03222424301630094,-0.9987887601215659,0.03718347505077457,7.00210092348368,62.361694327994314,63.128864825455764,29.267463849349845,17.97199056120481,5.568187646477878,45958.0,115220.82400020318, 0.0, 0.0,-1.4210854715202004E-14,20.980855498478334, 109.15770916471477,109.15770916471477,NaN, 146.29416918517117, 2.9306656845514474, -5.5714818103125, 2.9306656845514474, 49.26890951986281, 3.8932243777636466, -5.5714818103125, 3.8932243777636466, 158.4340796934142, 6.826570081890571, 4.588936149526869, 13.0, 0.0
33, 0 ,1.0,1.0,1.0,55.84864257226012,149.83490660465975,23.27488874174225,11.382417231845068,10.883769763211228,12.764428173816123,55.0,51.0,58.0,-0.5702497851068579,-0.06370545378034163,0.8189974345162644,13.875849134234008,-0.3379736899122889,-0.8905043451513182,-0.3045911952005402,11.149516825240639,0.7487248944122625,-0.45049264858070903,0.48627914417758356,9.700287535457825,68.35556933252435,54.4702184505189,53.646139325710905,19.45597751256093,5.693103892749365,64939.0,199742.9662763764, 0.0, 0.0,0.0,NaN, 78.59597902226142,78.59597902226142,0.0, 129.55942203980354, 12.670325952312128, -42.865860554633834, 12.670325952312128, 118.45644425859099, 3.0595648562531603, -42.865860554633834, 3.0595648562531603, 162.9306266045108, 7.129999579029867, 4.5921193983543995, 12.0, 0.0
34, 0 ,1.0,1.0,1.0,31.768403612500812,40.23487752582678,104.31740952504711,10.13166513160949,11.780585937820968,11.701092926249707,46.0,58.0,54.0,-0.13522513313921344,-0.8080247202067654,0.5734197545448374,11.962816589307984,-0.13312465543664684,-0.5586711252037498,-0.8186356942978059,11.572869895807251,-0.9818309373218775,0.18703642799828146,0.03202163517510736,10.06519352379693,59.22953806849346,60.87836332155224,48.08090284313767,18.749792553806486,5.176262960411817,61564.0,173369.9914756843, 0.0, 0.0,0.0,NaN, 108.55061012082143,108.55061012082143,0.0, 102.65063833907152, 6.993663240907603, 0.314024836075037, 6.993663240907603, 138.78220503838514, -4.447741240533355, 0.314024836075037, -4.447741240533355, 136.91557566873095, 6.900864146994992, 4.485335108499186, 12.0, 0.0
35, 0 ,1.0,1.0,1.0,25.597955732935244,181.44644842871722,100.40937133456212,11.431382010538913,11.20581273935757,12.612288501186352,51.0,45.0,63.0,-0.38840604689842984,0.08110607191109231,0.9179120588770405,12.828015110431867,-0.63082196505596,0.7027166969077725,-0.3290180728926099,11.700088825255518,-0.6717174935459638,-0.7068316977797349,-0.22177592267454466,10.670824938365419,65.36522602974378,61.68033217820172,54.479805461626455,19.557778021627833,5.727990390557533,65647.0,219648.89325881892, 0.0, 0.0,0.0,NaN, 104.4881951781669,104.4881951781669,0.0, 130.6764946708727, -11.803873545186558, -13.293653363701415, -11.803873545186558, 125.57023914954843, -1.5497715824538913, -13.293653363701415, -1.5497715824538913, 159.06982123715747, 7.060640073955973, 4.7051206456629036, 13.0, 0.0
36, 0 ,1.0,1.0,1.0,90.9710237245909,74.79498612762585,100.55333786308816,11.558143258259612,12.762256939827006,10.616934448332795,56.0,56.0,52.0,0.1529766289787498,0.9755437249104935,0.1578372319006439,12.827332968547083,-0.9331674801179743,0.19516765086482749,-0.3018410875049561,11.651635944318677,-0.3252639006046748,-0.10111393990773226,0.9402017688346305,10.434753643085996,59.278717983437616,54.37657882851657,50.262485212062174,19.517880330033638,5.3138989714962275,70644.0,162014.7820407733, 0.0, 0.0,0.0,NaN, 154.14167417510723,154.14167417510723,0.0, 133.5906755784521, 3.4110375488824256, 8.914114186707238, 3.4110375488824256, 162.87520219816258, 6.98652386998341, 8.914114186707238, 6.98652386998341, 112.7192970801956, 6.861781840925123, 4.439901056381962, 7.0, 0.0
37, 0 ,1.0,1.0,1.0,9.041480593436235,96.62391727858534,108.59454518207703,5.986073529724825,12.003479831643885,12.765807168982821,25.0,53.0,60.0,0.16684228758692143,0.4347807982056182,0.8849459354019598,13.164520136778073,-0.017000544823618853,0.8986611261471942,-0.43831399912341057,11.73509755648368,0.98583702129128,-0.05808474725384127,-0.1573261885001801,5.644938613995915,63.950146196461475,55.28068404249203,26.34426118128532,17.604139731033314,5.74253440371622,33365.0,93132.43830769279, 0.0, 0.0,0.0,NaN, 133.3149914002613,133.3149914002613,0.0, 35.83307630327223, 8.64287422408026, 21.671726344012626, 8.64287422408026, 144.0835280686815, 12.727059881453602, 21.671726344012626, 12.727059881453602, 162.9658326756532, 7.003320844124661, 4.693965106284848, 9.0, 0.0
38, 0 ,1.0,1.0,1.0,189.32927893386923,32.67952616409741,134.4607736851847,6.412477939859679,12.45696667956663,11.312526495514822,24.0,61.0,52.0,0.07540287235259033,0.9730748910167941,-0.2178064813398216,12.54527690048551,-0.035301755366830424,-0.21568639436826165,-0.9758243516906305,11.248917237409147,-0.9965280693031178,0.0812689101506463,0.01808787809353953,6.3519317040416325,63.71369797882087,52.891978507260845,26.82477271568567,17.135665207608415,5.535171703706466,37819.0,90397.96963554766, 0.0, 0.0,0.0,NaN, 74.0081475536692,74.0081475536692,0.0, 41.11987332918704, 9.243577584772087, 1.0470130172240026, 9.243577584772087, 155.17601885583326, -6.664227582314732, 1.0470130172240026, -6.664227582314732, 127.97325571172487, 7.974410982839793, 4.776739766169305, 3.0, 0.0
39, 0 ,1.0,1.0,1.0,9.977455270592145,135.44809726915193,118.82936354068576,6.464775403341805,10.642706046775363,13.969558135456797,26.0,48.0,72.0,-0.08303335703030865,0.009143160594781832,0.9965048239896357,14.007212885026147,0.2129500264401055,-0.9766980637303859,0.02670540290790514,10.813518805077102,0.9735285038762017,0.21442316787057603,0.07915148274613132,6.088913347998199,71.42535705972733,50.909481215082195,29.17067869189681,17.721101776665343,6.014284607057609,36106.0,106071.23494875895, 0.0, 0.0,0.0,NaN, 104.18814703726952,104.18814703726952,0.0, 41.7933210156532, -16.730162544256082, -12.712538029078635, -16.730162544256082, 113.26719199806887, -0.6330879278999407, -12.712538029078635, -0.6330879278999407, 195.1485544999072, 7.321961185903831, 4.92604814785511, 12.0, 0.0
40, 0 ,1.0,1.0,1.0,136.35619231783423,41.24103014854531,38.32934868594533,10.520168044367935,10.966650393817572,11.79795082667763,53.0,51.0,65.0,0.24225631106664444,0.52497077769529,0.8159151685772141,12.644522939812356,0.7810810614196656,-0.604382173827511,0.15695401699561837,10.653650082917347,0.5755208556081263,0.5992727847362462,-0.5564601281624366,9.836095759292764,66.56235171091045,51.40303787410305,53.58774119882701,18.483363058000627,5.338378997110113,56885.0,183350.83623373287, 0.0, 0.0,0.0,NaN, 84.97350054391372,84.97350054391372,0.0, 110.67393568174025, 0.12147749196059639, 14.532965402573247, 0.12147749196059639, 120.26742086021909, 25.453745278491844, 14.532965402573247, 25.453745278491844, 139.19164370870337, 6.926933910320814, 4.436956914382536, 12.0, 0.0
41, 0 ,1.0,1.0,1.0,18.776555443431654,131.07515426227067,16.708316101176198,11.05048722686369,13.448006314343036,9.713280308298133,45.0,63.0,41.0,-0.17911616715336826,0.9711823505301789,0.1572330775726381,13.593885646747127,0.951774075022851,0.21151577711171438,-0.22223227971477055,11.048152679361667,-0.249085344367514,0.10984497280942873,-0.9622320786430957,9.510759776481379,67.03777523173531,51.11400631010347,47.23813722945023,19.074667675094307,5.7850677795475836,60449.0,161864.7492234548, 0.0, 0.0,0.0,NaN, 73.36457742825806,73.36457742825806,0.0, 122.11326795107753, -10.047724385506944, -9.342251723294247, -10.047724385506944, 180.8488738306102, 12.920066832409933, -9.342251723294247, 12.920066832409933, 94.34781434757227, 6.957269504321957, 4.461543693696307, 9.0, 0.0
42, 0 ,1.0,1.0,1.0,99.19104156479217,133.3161271393643,18.01682151589242,10.051854890471812,11.445613505694242,10.54410184817951,44.0,58.0,44.0,0.3849004695651083,-0.8111155280557106,0.44038985986903034,11.893243051264806,-0.39058912450224387,-0.5754659238501493,-0.7185256476340036,10.563830513711817,-0.8362366676659958,-0.10454936936299138,0.538310008282097,9.496114660571846,71.9569136949985,56.1008952852672,48.18271499184988,17.804378226271375,5.120942786390017,51125.0,194506.2619701086, -1.4210854715202004E-14, 0.0,0.0,67.36243856818582, 120.8726912248473,120.8726912248473,0.0, 101.0397867391021, -11.193166039514486, 14.702116464631516, -11.193166039514486, 131.00206852173045, -9.458892309825886, 14.702116464631516, -9.458892309825886, 111.17808378478256, 7.135411668596174, 4.636511647146535, 9.0, 0.0
43, 0 ,1.0,1.0,1.0,145.8093464384753,102.94839440132583,82.74676336904977,9.71488920094371,12.71772863253682,11.064009219216038,46.0,63.0,52.0,-0.06509821448145073,0.9557968482542705,0.28673089707690874,12.885804959544368,0.10244904852951392,-0.27942044522928156,0.9546875966740466,10.893852537982713,-0.9926058708907197,-0.09152376552061105,0.07973070561712003,9.68565956378947,65.05912074778442,49.829928727549486,47.06528500978543,18.740164876314672,5.228595812344408,60943.0,152580.54035564334, 0.0, 0.0,0.0,NaN, 138.57369133698975,138.57369133698975,0.0, 94.3790721866127, -5.2060877451224234, 1.0836132711712156, -5.2060877451224234, 161.74062157084686, 13.16293209713445, 1.0836132711712156, 13.16293209713445, 122.41230000289748, 7.505965258119209, 4.499072044261539, 12.0, 0.0
44, 0 ,1.0,1.0,1.0,125.16190223078584,73.57882497549956,166.06017972526286,10.647404529308814,9.805908973985115,13.100686044354342,48.0,45.0,64.0,-0.10150856773128389,-0.045076966602282706,0.9938128987687167,13.125940554753576,-0.8853892403979983,-0.45142544567772247,-0.1109096929133107,10.893991911875684,-0.4536319032702602,0.8911695316137139,-0.0059128892087610945,9.496403194190464,64.05513675872527,53.43790555716657,47.026344966956586,18.779021874511006,5.338481646143009,60203.0,160969.87847593127, 0.0, 0.0,2.8421709430404007E-14,6.376838442512627, 110.30183934446022,110.30183934446022,0.0, 113.36722321074582, 11.76574577618761, -5.484769393254995, 11.76574577618761, 96.1558508060818, -2.2515170819768904, -5.484769393254995, -2.2515170819768904, 171.62797483274062, 7.279678818004946, 4.545215700449909, 15.0, 0.0
45, 0 ,1.0,1.0,1.0,179.42993598038547,82.97449431315127,20.40131444527685,11.334102185214325,10.704849949641712,11.158245980276943,50.0,51.0,45.0,0.9018267037983099,0.3382508731238988,0.26887718971157665,11.45118821748214,-0.2668401724749693,-0.053466929617774356,0.9622565197444893,11.136085324250235,-0.33986014575087153,0.9395358610868282,-0.042041016424776416,10.602831235307274,59.26340168536839,49.011280131859564,55.28242421930481,18.457127606919933,5.1861911502987725,58732.0,160571.95736433458, 0.0, 0.0,0.0,NaN, 87.88690386735259,87.88690386735259,0.0, 128.46187234488013, 5.872659608026697, 1.560178589903446, 5.872659608026697, 114.59381244434417, 1.10519255327745, 1.560178589903446, 1.10519255327745, 124.50645335636655, 7.074700407191643, 4.405381121240764, 9.0, 0.0
46, 0 ,1.0,1.0,1.0,33.990048386780806,149.26401159715556,129.7809077908594,10.106569631315612,11.706907201057884,10.586225297877675,46.0,55.0,56.0,-0.3565497436245404,0.9155375229210112,-0.18618089172880578,12.149528394824188,-0.5462076582326443,-0.04259528139743138,0.8365660978611822,11.034169065190046,0.7579772255215096,0.3999708565962432,0.5152609430806709,9.049788108480834,55.82307202275993,58.41886992621355,48.64895519376725,18.00897199861723,5.190329424732362,51047.0,158650.11887208093, 0.0, 0.0,0.0,NaN, 93.06011400823157,93.06011400823157,0.0, 102.14274971263097, -20.523554412769467, -13.848772676988697, -20.523554412769467, 137.05167621418096, -12.621197999832242, -13.848772676988697, -12.621197999832242, 112.06816605742529, 6.800424626205199, 4.31575799988159, 9.0, 0.0
48, 0 ,1.0,1.0,1.0,142.20190172870508,37.089956973770846,128.12725658025693,12.583254556736687,10.107475326570011,12.366578595502137,60.0,50.0,65.0,-0.8619837430793066,0.16591090845221396,-0.4790173244503265,12.795798807936567,0.4700502601874254,-0.09226447855634404,-0.8778040891306328,12.235859567986138,-0.18983355753059583,-0.9818150724313043,0.0015440148933625602,9.999144582158962,62.70399486234376,57.70004617736467,48.30494816623794,19.5098932567307,5.726751608596669,65309.0,174768.4327559487, 0.0, 0.0,0.0,NaN, 99.40813004364712,99.40813004364712,0.0, 158.33829523963462, -11.273869951402451, 5.801941458799481, -11.273869951402451, 102.16105747722156, -1.0385342358482437, 5.801941458799481, -1.0385342358482437, 152.9322661587316, 6.720788846293432, 4.539052452455399, 10.0, 0.0
49, 0 ,1.0,1.0,1.0,149.06509335224013,114.06570107025895,129.92687126506635,11.947505372898549,10.81652451873557,10.470208255760141,58.0,56.0,50.0,-0.992483917645944,-0.04453192602139306,0.1139850024300744,11.969579880855488,0.003279717098702408,-0.9407840031059276,-0.3389907121968655,10.866704563562214,0.12233117619769468,-0.33606899152526815,0.9338590451804158,10.392749281249444,58.96579842914065,54.39709503023734,54.20697533844678,18.517850568346166,5.143399512701491,59238.0,173872.56709843344, 0.0, 0.0,0.0,NaN, 122.02176780584968,122.02176780584968,0.0, 142.74288463543968, 1.5273752772389602, -4.000287241265776, 1.5273752772389602, 116.99720266440775, 3.0344308895705367, -4.000287241265776, 3.0344308895705367, 109.62526091898782, 6.570612913048353, 4.3796386307001285, 14.0, 0.0
50, 0 ,1.0,1.0,1.0,10.034990526896419,169.37412763508166,161.38679041657673,6.3356143226422965,14.471596169316152,10.60653088214042,26.0,61.0,58.0,0.045386530256557825,0.99768619282837,-0.05061939856323461,14.492816021521893,-0.040963481003242125,-0.0487702789995586,-0.9979696654259599,10.599849608931315,-0.9981292782477468,0.04736792718642283,0.038655185663687655,6.298180207106781,62.29542311102432,57.78662952772822,27.72409994058004,18.040819328829848,6.049333833684136,41697.0,99802.39425476792, 0.0, 0.0,0.0,NaN, 50.29537799162604,50.29537799162604,NaN, 40.1400088452702, 7.860041436564155, 2.5801537948104736, 7.860041436564155, 209.42709568776593, -5.0664059884067365, 2.5801537948104736, -5.0664059884067365, 112.49849735379846, 8.364061968572209, 4.781876730888592, 8.0, 0.0
