// Sample: .//bubblelabels.tif, Map: .//bubblelabels.tif, Thickness:(8.191250068658265):/gpfs/home/mader/Foam/NewValid/InSilicoTest/LatticeData_OldFoam/out_Step_07000.vtk/distmap.tif, Neighbors:(1.0):
//LACUNA_NUMBER, TRIANGLES, SCALE_X, SCALE_Y, SCALE_Z, POS_X, POS_Y, POS_Z , STD_X, STD_Y, STD_Z,PROJ_X, PROJ_Y, PROJ_Z, PCA1_X, PCA1_Y, PCA1_Z, PCA1_S, PCA2_X, PCA2_Y, PCA2_Z, PCA2_S, PCA3_X, PCA3_Y, PCA3_Z, PCA3_S,PROJ_PCA1, PROJ_PCA2, PROJ_PCA3,OBJ_RADIUS, OBJ_RADIUS_STD, VOLUME, VOLUME_BOX, Mask_Grad_X,Mask_Grad_Y,Mask_Grad_Z,Mask_Angle, Mask_Distance_Mean,Mask_Distance_COV, Mask_Distance_STD, SHAPET_XX, SHAPET_XY, SHAPET_XZ, SHAPET_YX, SHAPET_YY, SHAPET_YZ, SHAPET_ZX, SHAPET_ZY, SHAPET_ZZ, Thickness, Thickness_STD, Neighbors, Neighbors_STD
1, 0 ,1.0,1.0,1.0,78.89171780324959,135.87767743429433,39.50758751109567,18.14874592376118,17.55345024204492,19.104458307052038,98.0,93.0,87.0,0.40165810194996926,-0.40047055389097663,0.8235861245821244,19.64115351181174,0.8093301752612944,-0.2656174379866585,-0.5238626194422787,18.068124609911198,-0.4285503897436919,-0.8769667679585459,-0.21742550758103674,17.036692255753202,96.83252578480295,92.26498687957624,90.9918704598306,30.452562910116818,8.667314083319505,259110.0,812944.2752573977, 0.0, 0.0,0.0,NaN, 162.01078925131063,162.01078925131063,0.0, 329.376978605238, -23.149341994620368, 16.248521410984807, -23.149341994620368, 308.12361539994686, -26.468314668811153, 16.248521410984807, -26.468314668811153, 364.9803272058896, 7.807405890017676, 6.213522221933192, 43.0, 0.0
2, 0 ,1.0,1.0,1.0,57.61002998129607,262.0613516338431,13.579450434591264,20.476877312507803,21.324869179599872,9.00034764707396,110.0,96.0,38.0,0.6024283382640995,0.7965146537956534,-0.05142473670468064,22.398156598830308,0.7963153894025496,-0.6041706081168582,-0.029320247072149606,19.332461152738293,0.05442332089299247,0.023286961512743398,0.9982463721779721,8.923975264358038,108.19496399088132,105.36881828436128,41.128900511804254,29.001468394450438,10.675843701199208,145424.0,468884.9097382812, 0.0, 0.0,0.0,NaN, 70.30404019970865,70.30404019970865,0.0, 419.3025044714967, 61.01519221384967, -19.94153500387771, 61.01519221384967, 454.75004552704854, -12.077063323642895, -19.94153500387771, -12.077063323642895, 81.00625776818977, 7.62696425690333, 5.913205672217484, 23.0, 0.0
3, 0 ,1.0,1.0,1.0,260.7989214215111,140.52670070727297,127.0322344397384,18.47895670683138,17.106938265570147,15.421496936965042,92.0,102.0,77.0,0.9009330720565033,0.3716707472760914,-0.22400994463207102,18.779465295031756,-0.42812030400108525,0.8456248929897939,-0.31879702893536843,17.178754442232574,-0.0709408554843387,-0.38311799223637627,-0.9209712259608975,14.972101543135858,111.16808179150584,88.64739455907008,79.59670301989559,28.214644959061054,8.710657575988094,195257.0,784406.4694418279, 0.0, 0.0,-1.4210854715202004E-14,77.05533381442156, 193.44680602207157,193.44680602207157,2.6973983046972182E-6, 341.4718409729484, 17.34534650828889, -16.251588477888266, 17.34534650828889, 292.6473368220281, -29.824774805776816, -16.251588477888266, -29.824774805776816, 237.82256777682218, 6.576221794087046, 5.549483072449034, 44.0, 0.0
4, 0 ,1.0,1.0,1.0,78.24107806985614,16.59181477202589,262.29718929526643,17.06779885245585,10.639593253622044,18.477816119772648,83.0,45.0,80.0,-0.4889527361927154,0.11754272192867832,0.8643546322495493,19.09335170356071,0.8566979234595964,-0.12192397566620664,0.5012017678517915,16.559681723906714,-0.1642981731781325,-0.9855547943566317,0.04108354428460171,10.351871944416056,107.72414282481509,91.08043744972872,47.30754888701646,25.853442221199135,8.805675223516175,126374.0,464160.95145101985, 0.0, 0.0,0.0,NaN, 88.42203656328842,88.42203656328842,0.0, 291.30975766789334, -32.24315309196934, -37.04965553887417, -32.24315309196934, 113.20094460251971, 15.94205463629326, -37.04965553887417, 15.94205463629326, 341.42968855612986, 7.389776790917409, 5.827471004170811, 19.0, 0.0
5, 0 ,1.0,1.0,1.0,188.44741576997706,113.2539954136532,236.32344916798965,15.851009510262575,15.185837923186034,16.402478201271848,79.0,91.0,83.0,-0.19410228628800658,-0.14627720893479126,0.9700140620650899,16.42249637134422,-0.8571525868568737,-0.455611434931634,-0.24022419362775876,16.107317880257245,-0.47708882328381835,0.8780781277914765,0.036946666857470216,14.89165506934803,83.23899456755981,84.68635475287212,84.27942092747733,26.37680990722511,7.427608375849772,170070.0,594103.0859149523, 2.8421709430404007E-14, 0.0,0.0,78.80771356606166, 171.24587484495427,171.24587484495427,1.9073486328125E-6, 251.2545024944346, 16.077856065057375, -1.2661427299975108, 16.077856065057375, 230.6096734292751, -2.6773213012855686, -1.2661427299975108, -2.6773213012855686, 269.0412911431981, 6.954373743733576, 5.678114666791304, 39.0, 0.0
6, 0 ,1.0,1.0,1.0,276.36389299393795,206.24345990288626,207.92363000271436,14.491541381877308,16.86941010063051,17.165079722361373,58.0,91.0,84.0,-0.2608116137068332,0.501359872812839,0.8249942909431138,17.75605021705896,-0.18477605853003842,-0.8646968394991165,0.46707299638744193,16.56389937375921,-0.9475416140464445,0.030621131483557704,-0.31816227928044105,14.127336934687959,91.4255998215601,99.50615514844543,68.68984842662093,26.870817971614503,8.196393852018234,165785.0,624899.7085060037, 0.0, 2.8421709430404007E-14,-2.8421709430404007E-14,72.47167214054768, 133.5178350530773,133.5178350530773,0.0, 210.00477162266247, -3.180248207143736, -31.347918996312337, -3.180248207143736, 284.57699714325463, 17.65159360515391, -31.347918996312337, 17.65159360515391, 294.63996187502164, 7.966388366402111, 5.972527951613564, 33.0, 0.0
7, 0 ,1.0,1.0,1.0,264.046503305124,279.8519500933294,27.472092403126886,18.469966514586577,11.844996758385516,16.268622150887143,79.0,52.0,70.0,-0.9726863384752973,0.10271345918501547,0.20816155323634422,18.638959698594583,-0.20183568874422214,0.06866643736677351,-0.9770093526310282,16.161516524653063,0.11464572252231943,0.9923380803343198,0.04605966376052111,11.726305595624806,86.21638746058073,78.1890704148224,57.61223803357967,26.023948843418097,8.298539904080727,142506.0,388374.4201251514, 0.0, 0.0,0.0,NaN, 49.53093680353815,49.53093680353815,0.0, 341.13966304994943, -22.685380778837075, -18.1098448932362, -22.685380778837075, 140.30394820616337, -3.8100065574697646, -18.1098448932362, -3.8100065574697646, 264.66806668833584, 6.9848942503950235, 5.711175858340089, 17.0, 0.0
8, 0 ,1.0,1.0,1.0,278.2887285614834,209.38352003037784,285.3228276691349,13.442812425543421,19.039661734936686,8.995138432186396,53.0,105.0,40.0,0.24822036061683173,0.9682633988626678,-0.029200051338386712,19.3804122921557,0.9682739384178226,-0.2470998349699277,0.037245828473440074,12.961112686691312,-0.028848444604320234,0.037518821686572223,0.9988794247871778,8.974386754107666,109.61070842031873,62.600615588029314,41.42723985135524,23.21003705709066,9.242544028122287,79005.0,284261.2014658103, 0.0, 0.0,0.0,NaN, 94.32998005508,94.32998005508,0.0, 180.7092059083446, 49.9921843501941, 1.0152266064092756, 49.9921843501941, 362.5087189808123, -9.147201802098675, 1.0152266064092756, -9.147201802098675, 80.91251541419675, 6.786635180037124, 5.516109862387195, 14.0, 0.0
9, 0 ,1.0,1.0,1.0,155.8483696471337,176.62708713637355,14.571929795180118,17.32051974567319,17.45830478338428,9.59768043355101,81.0,81.0,41.0,-0.6575369197595357,-0.753336118246771,-0.011397021454289093,17.948047853383986,-0.7487007960443454,0.6516506566823607,0.12164924844820359,16.89962601951454,-0.08421589609869623,0.08852183115105496,-0.992507716974512,9.443436796397092,85.81516233369044,88.0655742565898,44.45981718187606,25.13362664680725,8.07521463821886,119422.0,335998.91292763787, 0.0, 0.0,0.0,NaN, 190.29689776714972,190.29689776714972,0.0, 300.0004042602549, 19.561800119453775, -16.143863737576748, 19.561800119453775, 304.79240590953833, 17.570768547658872, -16.143863737576748, 17.570768547658872, 92.11546970456793, 8.521946638862984, 5.855716541178176, 18.0, 0.0
10, 0 ,1.0,1.0,1.0,44.1285353183528,256.6391835678602,213.75241824731805,17.094453996576746,20.60722910615776,14.51371665816224,84.0,88.0,81.0,0.21497186483186376,-0.9706525406913947,-0.10779954814400204,20.803645115279547,0.9280931585757134,0.23740336696946238,-0.2868496650800174,17.162611485571688,0.30402333189356723,-0.038383415701354506,0.9518910268846064,14.14847472418841,94.5527869890127,89.90153301334729,80.72777626148647,29.070329844341543,9.079765572392132,200972.0,686221.6588885412, 0.0, 0.0,0.0,NaN, 106.14204345682437,106.14204345682437,0.0, 292.2203574410787, -27.74350849832351, -30.515581614179055, -27.74350849832351, 424.6578914336756, 17.91268861725042, -30.515581614179055, 17.91268861725042, 210.6479712334161, 7.493557745554363, 5.468710770030752, 33.0, 0.0
11, 0 ,1.0,1.0,1.0,14.207654847055244,168.50129356262366,12.517463095419266,9.064992214414087,17.830492295136953,8.158818144524613,35.0,86.0,33.0,0.03589836296161626,-0.9986995951174573,0.03619981006723204,17.848495287054536,0.9870776959760537,0.029773454867638313,-0.1574520990392024,9.070314131824878,0.15616955414959136,0.041384297716311996,0.9868629136102169,8.113412992555013,86.25046472787926,40.08776941722981,37.38662343849778,20.15772206848287,7.767438049933242,52568.0,129267.56830758249, 0.0, 0.0,0.0,NaN, 132.85501169809712,132.85501169809712,0.0, 82.174083847388, -8.577958463886812, -2.22710826262358, -8.577958463886812, 317.9264554869382, -9.214373525538239, -2.22710826262358, -9.214373525538239, 66.56631351542406, 9.134023721944844, 5.737299745422429, 11.0, 0.0
12, 0 ,1.0,1.0,1.0,22.487612386922,131.41741245741218,188.84996648260898,14.35345483420398,16.127916487912522,15.870816360616944,63.0,75.0,76.0,-0.5194930240667011,-0.28700407845578196,-0.8048326887594599,16.574043422397985,-0.03353982279532951,-0.9343285536855027,0.3548312754744353,16.21126740846196,0.8538161852722703,-0.21132631809053967,-0.47575109989300507,13.435403288135625,87.43337107430733,80.59978269618239,67.77513022192468,25.621883714386197,7.844312767703136,144701.0,477618.8459897004, 0.0, 0.0,0.0,NaN, 173.5815628423226,173.5815628423226,0.0, 206.02166567753358, 16.622139527922492, 38.40143513120208, 16.622139527922492, 260.1096902410806, -5.526513123955388, 38.40143513120208, -5.526513123955388, 251.88281195242647, 6.832252138719242, 5.17715468110101, 26.0, 0.0
13, 0 ,1.0,1.0,1.0,123.2949019977384,235.14035996984546,77.3591621345108,14.387229882134797,14.93095638513704,16.47749338977577,76.0,72.0,79.0,-0.13790710323115019,0.4761007009297157,0.8685100767709182,17.12102232696669,0.7880950605965268,-0.478378330049146,0.3873762367553631,14.44116932916664,-0.5999064979992712,-0.7378904362529877,0.3092408410036203,14.13353648427053,81.99047487438821,69.92148684992605,74.97012167349354,25.442044557863166,7.357716995234463,148568.0,429795.9039703057, 0.0, 0.0,0.0,NaN, 159.35132798199916,159.35132798199916,0.0, 206.99238368139243, -9.444716166057487, -8.499925761936211, -9.444716166057487, 222.93345857486455, 36.980395455340634, -8.499925761936211, 36.980395455340634, 271.5077884101042, 6.501472802863514, 5.113371173766464, 32.0, 0.0
14, 0 ,1.0,1.0,1.0,191.0726432160804,279.59830351758796,59.946235175879394,16.672512851157865,12.115381590845733,14.874320922702141,76.0,53.0,79.0,-0.9377994483150579,0.058709786236263994,0.3421773746758623,16.92387586370657,0.3466860473381464,0.2107848566908896,0.9139904423848502,14.716054781529516,0.018465625389513827,-0.9757678541486668,0.2180277860482026,11.959127735425987,80.1207413700223,73.9386751850939,59.34666878156642,24.34503539149248,7.30204290335964,124375.0,351570.94013865653, 0.0, 0.0,0.0,NaN, 125.99583083203039,125.99583083203039,0.0, 277.9726847720242, -2.5210104304035794, -22.71221093317831, -2.5210104304035794, 146.78247109180367, 17.048891301484534, -22.71221093317831, 17.048891301484534, 221.24542291153466, 7.063698227741011, 5.554232113549474, 27.0, 0.0
15, 0 ,1.0,1.0,1.0,173.59481848230084,102.21799953369084,11.427139193285148,14.245308542492094,17.217703133301917,7.372306292620744,69.0,83.0,30.0,-0.22793192460679104,-0.9736742961491287,0.002324384551534821,17.374157325052924,-0.971351105632768,0.22755169067589043,0.06853654249043459,14.078245349996033,-0.06726118740435141,0.013363872531690808,-0.997645898893948,7.32602769849754,84.04087929314576,69.41681910555194,31.797117217879098,22.211805420563632,7.769473385534785,72913.0,185499.62866860794, 0.0, -1.4210854715202004E-14,-1.7763568394002505E-15,43.24467150403506, 162.96431773040015,162.96431773040015,0.0, 202.9288154707982, 23.13629065082805, -9.7530485210187, 23.13629065082805, 296.4493011865146, 1.69227192027038, -9.7530485210187, 1.69227192027038, 54.35090007221542, 7.160073516464118, 5.198849761455038, 23.0, 0.0
16, 0 ,1.0,1.0,1.0,220.02376341786274,29.701555518303785,262.3328092394666,14.553687481014677,16.744542800177435,17.252911038093448,79.0,72.0,79.0,0.3131758304174601,0.4090871194751847,-0.8570697917450071,17.85132606198374,-0.14339591241681574,0.9124906930283846,0.3831427246323833,16.513164691345413,-0.9388069618108311,-0.002909263837010387,-0.3444314512924792,14.088932602423327,95.19953300634518,88.37575052160591,73.26058640370331,26.95195291600988,7.965218527035931,172997.0,616365.5025026238, 0.0, 0.0,0.0,NaN, 93.258769442017,93.258769442017,0.0, 211.80981929504333, 5.688832206710349, -36.33163684216223, 5.688832206710349, 280.37971358697393, -16.19750665599029, -36.33163684216223, -16.19750665599029, 297.6629392883667, 7.677511212920311, 5.558214512569148, 34.0, 0.0
17, 0 ,1.0,1.0,1.0,158.3365559466809,254.65592832952404,279.23647419962964,17.605245299659703,15.384702641106365,11.155639116025085,84.0,84.0,50.0,-0.8735321441959708,0.4614172394776405,-0.15503459023463895,18.42309134159292,0.48443857214739816,0.8551931607815905,-0.18429304807339353,14.697264541582134,-0.04754853175629403,0.23609063697068788,0.9705670240960151,10.75463350921455,90.49671758863403,75.9305614070708,53.21252754332295,24.63148826789438,8.023204298282463,119882.0,365648.10422568576, 0.0, 0.0,0.0,NaN, 150.18568580383342,150.18568580383342,NaN, 309.94466206119006, -48.61175773102968, 21.342811893924853, -48.61175773102968, 236.68907535526515, -31.821340253029234, 21.342811893924853, -31.821340253029234, 124.44828408698896, 7.36047442370342, 5.509071982035331, 29.0, 0.0
18, 0 ,1.0,1.0,1.0,234.7977319758298,243.344094031951,10.742852412879728,14.993737450114237,13.881943977857194,7.172592583761747,67.0,68.0,30.0,-0.979578080014442,0.17317535825541303,-0.10216203036514314,15.082679702373186,0.17805211696608877,0.9831809288278639,-0.040653472583191685,13.86104241466767,-0.09340358022642106,0.058013416399030196,0.9939367257117525,7.025018994590792,68.32498544044503,64.76827186908696,33.23282293602304,20.534115103848098,6.878715912281566,60405.0,147064.91996861694, 2.8421709430404007E-14, 0.0,0.0,11.599193464905516, 87.0438758013512,87.0438758013512,0.0, 224.8121627229582, -5.2245486154726, 16.793629182692868, -5.2245486154726, 192.7083686043656, -8.858359198770106, 16.793629182692868, -8.858359198770106, 51.44608437263401, 7.050254963866903, 5.135691843353413, 12.0, 0.0
19, 0 ,1.0,1.0,1.0,272.5041336851363,66.52359786212028,238.41407888505515,15.580112617350625,16.299791077378877,14.18630645583547,71.0,83.0,75.0,-0.5212898540016643,0.8479963652349584,-0.09570293967910343,16.7174086965249,0.8343027368945072,0.5300015480369935,0.15178044106117575,15.178441816700948,-0.17943196851525176,7.236205420373953E-4,0.9837701179889805,14.135683205448013,89.06396250911287,79.30039168447587,73.78637695188371,25.548767076302333,7.5455211930780255,147810.0,521138.94790035434, 0.0, 0.0,2.8421709430404007E-14,84.50822036147817, 94.73245176021868,94.73245176021868,0.0, 242.73990916932814, -21.694881390256068, 7.844662051290376, -21.694881390256068, 265.68318916620007, -4.005424579873319, 7.844662051290376, -4.005424579873319, 201.25129085887917, 5.977335481334665, 4.88956900962492, 29.0, 0.0
20, 0 ,1.0,1.0,1.0,277.83071906943957,207.17409235107507,12.41402890377159,13.190353510921502,13.68151146641201,7.807437088978421,55.0,72.0,31.0,0.3578069356878126,-0.9330551634154505,0.03717874120332731,13.760912060975938,0.9302220255852603,0.3596349106385017,0.07314174024516516,13.137214814293028,-0.08161605166725362,0.008413862002872793,0.9966283294370295,7.75732826559539,66.75363332620786,61.73367357430135,32.524430520613066,19.53982156703928,6.3498526577601755,56740.0,134031.45469477322, 0.0, -2.8421709430404007E-14,1.7763568394002505E-15,25.68031864874801, 96.24050218826025,96.24050218826025,0.0, 173.9854257430792, -5.5236313529771675, 9.366720966174325, -5.5236313529771675, 187.1837560055633, -1.524581908908263, 9.366720966174325, -1.524581908908263, 60.95607389835585, 7.564882488292962, 5.558680055063004, 12.0, 0.0
21, 0 ,1.0,1.0,1.0,40.54498735502518,85.33228634416452,36.500335478923816,13.328889227719182,13.703487068130084,17.354321819745458,61.0,70.0,80.0,0.2409348532184897,0.03562367315219661,0.9698872874802157,17.59022432674057,-0.0878696153970422,-0.9944213707813856,0.05835296070676819,13.704482784862492,0.9665553927191965,-0.09928288495211676,-0.23646052854762906,13.014933400861564,82.91487769316372,70.39964214459658,61.448537164546735,24.77705550424022,7.260499447985746,135627.0,358686.03194437973, -7.105427357601002E-15, 0.0,0.0,76.05827728683913, 101.28064762043942,101.28064762043942,0.0, 177.65928804480848, 2.8117635490800557, 32.627107457035464, 2.8117635490800557, 187.78555782640842, 3.768964741322549, 32.627107457035464, 3.768964741322549, 301.17248582329336, 6.894068845213055, 4.930662489392389, 22.0, 0.0
22, 0 ,1.0,1.0,1.0,69.99739225373685,63.74455868607291,159.45675618357905,14.558898886830015,14.370879444193948,14.322084415126177,72.0,66.0,71.0,-0.8217455185989613,0.49493486193695757,0.2824425341586651,14.630189887755334,0.5472409796076464,0.5471473548932345,0.6333696253147927,14.427750986960552,0.1589390225859839,0.6750327802949877,-0.7204645255851471,14.191665162939014,78.11574421412752,78.98565921111336,79.65465152640627,24.018881621341674,6.833676934894214,127313.0,491471.07590601145, 0.0, -7.105427357601002E-15,0.0,60.3345448479899, 169.4562098798614,169.4562098798614,0.0, 211.96153679694027, -3.1173706260650147, -0.5915920365324354, -3.1173706260650147, 206.52217599955614, 4.108317044183735, -0.5915920365324354, 4.108317044183735, 205.12210199400013, 6.94895219236436, 5.096839062614491, 29.0, 0.0
23, 0 ,1.0,1.0,1.0,65.97680166054415,42.023138607651646,34.92204999552011,14.73097280958246,13.285985343418371,16.197815245324527,76.0,69.0,73.0,-0.1656920075043913,0.024589720486305505,0.9858709369362556,16.24482384719806,0.9198660512089722,0.36424191980012455,0.1455138195963953,14.919447136349806,-0.35551737859403887,0.9309796826498011,-0.08297122399300647,13.015528437332922,77.28359470828667,81.21164824309494,63.637617137454015,24.600927898864057,7.119166503156413,133932.0,399410.5651921187, 0.0, 0.0,0.0,NaN, 85.66464913651541,85.66464913651541,0.0, 217.00155991665773, 17.435160317578738, -8.315975201325458, 17.435160317578738, 176.51740654552776, 5.109634494100533, -8.315975201325458, 5.109634494100533, 262.3692187216677, 6.484061847252175, 4.93366578981158, 23.0, 0.0
24, 0 ,1.0,1.0,1.0,27.88618545991657,283.45116784885323,133.95998961190736,15.000944059869944,10.636973796688205,19.796327107231175,64.0,48.0,106.0,0.14281968823577518,-0.07127934487672712,0.9871787029946403,19.92100586315593,0.9890335198117042,-0.027632432819211853,-0.1450832359211868,14.886557942148446,-0.03761958720011422,-0.9970735698284433,-0.06655120591286595,10.56465897274675,103.64120469978144,65.84745757706688,51.14365180497174,25.585973624911798,8.684817490348188,123218.0,349030.35447003756, 0.0, 0.0,0.0,NaN, 137.8288141206113,137.8288141206113,0.0, 225.02832268734736, -5.909881852389053, 24.430999483171224, -5.909881852389053, 113.14521155143146, -19.629670523018905, 24.430999483171224, -19.629670523018905, 391.8945669364958, 6.744331972246853, 4.980770010124684, 20.0, 0.0
25, 0 ,1.0,1.0,1.0,282.13595791805096,104.05834994462901,168.58715393133997,11.26066362808345,13.207819068338239,15.251317717541177,46.0,66.0,74.0,0.028507466854709528,-0.05526313914070282,0.9980647823592629,15.257198064348152,0.41158910922673153,-0.9092512270791531,-0.06210162011573684,13.65919225778409,-0.9109235585379671,-0.4125629545988939,0.0031747430065681287,10.700284860616012,74.03532462774382,69.84767060010704,55.91692517708259,22.086817052886953,6.784116337484492,90300.0,289157.3220665702, 0.0, 0.0,0.0,NaN, 168.5722406108724,168.5722406108724,0.0, 126.8025453448415, -27.16045805393367, 1.5231839555362867, -27.16045805393367, 174.4464845419592, -2.454282547776765, 1.5231839555362867, -2.454282547776765, 232.60269212138542, 6.89075644358019, 5.217076899626373, 14.0, 0.0
26, 0 ,1.0,1.0,1.0,33.64617017982349,181.03684943929574,207.3025664845576,15.311361367250216,15.494941307604236,14.338109864044437,69.0,73.0,74.0,-0.6334648855440502,0.7457874314574944,-0.20621189554120598,16.758388839869465,-0.5999698026384287,-0.30512091036692346,0.7395522063917228,14.762011129211533,0.4886291791375839,0.592201264045336,0.6407333206244527,13.466692928510852,95.76459515661982,77.37028531153001,67.38022460890937,24.95945172972714,7.5589785599164445,135633.0,499242.5924921706, 0.0, 0.0,0.0,NaN, 154.52219950365804,154.52219950365804,0.0, 234.43778691852242, -40.30917666466724, -3.2278761941380556, -40.30917666466724, 240.09320612610006, -23.551895388952236, -3.2278761941380556, -23.551895388952236, 205.58139447340838, 6.592391371159214, 4.928398282071017, 34.0, 0.0
27, 0 ,1.0,1.0,1.0,124.32958369070397,187.4914890809527,114.7755410041565,13.923692276678368,13.872031527442973,14.872926673719588,70.0,71.0,72.0,-0.2822316555979957,-0.4033655768483973,0.870426047399878,15.079312899949981,-0.7003213364416395,-0.5334744435385932,-0.47429425867891933,14.277995632412834,-0.655664028526052,0.7434387866562714,0.13192214443390568,13.276278708359749,77.03445299946898,68.51937588722183,65.33661193322688,23.699633138824343,6.770066634900536,121256.0,344869.6781737677, 0.0, -2.8421709430404007E-14,0.0,66.21125374538796, 203.19801973130046,203.19801973130046,NaN, 193.86920661563283, 16.13237390618863, -3.3916319249365863, 16.13237390618863, 192.43325869837182, -10.966510042255615, -3.3916319249365863, -10.966510042255615, 221.20394784183964, 6.431318169342095, 4.775656258711316, 30.0, 0.0
28, 0 ,1.0,1.0,1.0,31.9678450257196,13.951887928204005,71.2919776731969,17.608943102531953,8.96587751463516,14.448832864500405,72.0,37.0,77.0,0.9907225696734405,0.0059608929562885785,-0.13576913380742417,17.664034204733557,-0.13585851178154984,0.018780107998104683,-0.9905502371510904,14.383268315142427,-0.0033548049357715187,0.9998058688059115,0.0194157149005575,8.962928992831408,77.11778113778757,72.06075439540591,37.97752445666917,23.235927201515324,7.7020967942368035,91370.0,211047.38815769434, -3.552713678800501E-15, 0.0,0.0,7.810661468683665, 79.36714920485173,79.36714920485173,NaN, 310.0748771882076, 1.0453611331182957, -14.134050230886928, 1.0453611331182957, 80.38695960744036, -2.541561411279796, -14.134050230886928, -2.541561411279796, 208.768771146267, 6.791970269265067, 5.198510872907398, 16.0, 0.0
29, 0 ,1.0,1.0,1.0,235.41517178878908,274.1314781743387,95.65216657337562,13.646784849213162,13.513438618825553,14.458984594791879,69.0,60.0,69.0,-0.47154452943695435,-0.5177550246676917,0.713845565363713,15.362563127085897,-0.6512651404919895,-0.34131210775553333,-0.677760844162175,13.510400042954194,-0.594558217114212,0.7844971507474278,0.17625194163791963,12.624212465874953,78.84595307510159,71.65628452443184,65.99007811825508,23.108315915976853,6.626894526512918,112551.0,372831.2743845405, -2.8421709430404007E-14, 0.0,0.0,61.86539792721132, 118.27813587767241,118.27813587767241,0.0, 186.2347367207139, 23.858804345314294, -15.574037011138813, 23.858804345314294, 182.61302330476587, -22.967443745082576, -15.574037011138813, -22.967443745082576, 209.06223551242888, 6.1110662469073675, 4.7205191718969655, 22.0, 0.0
30, 0 ,1.0,1.0,1.0,134.25162355359674,24.364260017753967,249.52806372739875,15.089292362085434,13.879418198398136,14.524412061043373,75.0,60.0,73.0,-0.8507100818474163,-0.16408119862755538,-0.4993693191417623,15.599197385086757,0.29075067951933387,0.6445680693867665,-0.7071039854830843,14.585024829978487,0.4378999874425759,-0.7467324582365236,-0.5006338350669385,13.237281854048092,81.83769936276735,77.6866904314576,63.25367715833,24.153269276919417,6.9212081654957895,128422.0,402147.9042827122, 0.0, 0.0,0.0,NaN, 145.48034899633316,145.48034899633316,0.0, 227.68674398848984, 16.534396768359922, 21.22499376051483, 16.534396768359922, 192.63824952602536, -11.509720243447306, 21.22499376051483, -11.509720243447306, 210.9585457189822, 7.7809737725055585, 5.2463232850893595, 21.0, 0.0
31, 0 ,1.0,1.0,1.0,20.364237856646955,253.9114520162943,81.89958260491339,11.914199856182643,16.612960388499527,15.206120480505582,50.0,81.0,81.0,-0.1728036112633735,0.9666263217480173,0.18913610453384233,16.798266058681016,-0.014172566378750293,0.18956478602571092,-0.9817659243736601,15.144973708734232,-0.9848543294805464,-0.17233324114321652,-0.0190579038851905,11.730845661506358,86.02127222478296,79.32200592687991,53.75987233916833,24.295361013085724,7.674642948978178,119551.0,366824.0304775983, 0.0, 0.0,0.0,NaN, 96.15819294052622,96.15819294052622,NaN, 141.94815821306253, -24.394820436880984, -3.4482800188283296, -24.394820436880984, 275.9904528698544, 9.353848829834499, -3.4482800188283296, 9.353848829834499, 231.22610006765134, 6.624853046622683, 5.234201374316612, 18.0, 0.0
32, 0 ,1.0,1.0,1.0,165.28034892894888,11.302573797579528,219.08264733465322,16.659377493999482,7.628077246858009,14.068258983702899,84.0,31.0,72.0,0.9672102463568647,0.045722129976583925,0.24982759289697648,16.833344659302007,-0.25320947429582086,0.09717766641084336,0.9625182924380069,13.923422259416682,-0.01973072398892378,0.9942162682139873,-0.105568511164673,7.511002061727528,84.44550787055209,73.13504498677239,34.83129378921994,21.73417679303975,7.827125330098859,67177.0,215115.493520135, 0.0, 0.0,-2.8421709430404007E-14,75.53268974004263, 157.5587208678834,157.5587208678834,0.0, 277.53485848757646, 6.654176692471891, 21.3400643486083, 6.654176692471891, 58.18756248403286, 15.448428930673412, 21.3400643486083, 15.448428930673412, 197.91591083253732, 6.836150819215976, 4.812771574072878, 19.0, 0.0
33, 0 ,1.0,1.0,1.0,59.04856256898092,111.84085772849109,158.29188346384962,13.91941193570224,12.89882192596568,14.729407592998667,71.0,66.0,71.0,0.5490837928065126,0.16976501307382963,0.8183439550783382,15.369928807475668,-0.7626176804848745,-0.298830113884826,0.5736853113401564,13.33875892306343,-0.34193751167294434,0.9390848754886985,0.03461697183883401,12.764320686967835,74.86094428919355,65.41954397862654,63.6384660632671,23.122643165756422,6.513712979806064,114162.0,311661.0405459892, 7.105427357601002E-15, 1.4210854715202004E-14,0.0,68.02050649903055, 189.93762263209103,189.93762263209103,0.0, 193.75002863576995, 10.250479886067371, 26.379467757015764, 10.250479886067371, 166.37960707777293, 7.613644984943841, 26.379467757015764, 7.613644984943841, 216.95544804068678, 6.6039014530135205, 4.933441891833028, 24.0, 0.0
34, 0 ,1.0,1.0,1.0,144.7492846956664,152.6015277992243,58.35844240778251,13.382841597424136,13.970076547073901,13.905486957221378,67.0,67.0,64.0,0.524076562225344,0.619374183836614,0.5845676841245955,14.953124651970755,0.014912699761988486,-0.692945596945931,0.7208356338715891,13.482736087986092,-0.8515405852405823,0.3690555785650384,0.37239308750049444,12.737580076083754,75.63895920057954,67.7168130078423,64.55818807566966,22.92017482585178,6.503202397492085,110093.0,330668.9280568754, 0.0, 0.0,0.0,NaN, 214.67271095156087,214.67271095156087,0.0, 179.10044922174578, 19.712273898560223, 19.005102298416908, 19.712273898560223, 195.16303873110428, 12.453412205925844, 19.005102298416908, 12.453412205925844, 193.36256751745384, 6.14642308776883, 4.728053302735293, 19.0, 0.0
35, 0 ,1.0,1.0,1.0,24.683210368685234,14.421686998445114,264.43568096674215,13.829749235841588,9.14431577338097,19.44002463189683,50.0,41.0,78.0,0.08605693912086125,0.056539688609726274,0.9946846067176591,19.49919001559033,-0.9946872297782259,-0.05173660598193366,0.0889979691767697,13.791259200337976,-0.056493523038198525,0.9970589687743577,-0.051787012284424866,9.076221184133626,81.64711865110627,55.42808500377038,42.150545079097505,24.1286567875528,8.402556409020997,95827.0,190754.12247613672, 0.0, 0.0,0.0,NaN, 45.62966927652706,45.62966927652706,0.0, 191.26196392626096, 6.997841445644634, 15.950138970304602, 6.997841445644634, 83.618510963304, 16.25384878807778, 15.950138970304602, 16.25384878807778, 377.91455768875545, 6.247623709941304, 4.812978387007804, 10.0, 0.0
36, 0 ,1.0,1.0,1.0,53.40390475515555,19.07387853447665,163.71487669194246,15.146560229529271,12.003835731033533,15.64249679025323,87.0,48.0,80.0,-0.5741494174168189,0.18509088119835698,0.7975548960273167,16.323349908761028,0.8140232531901063,0.02451921805049429,0.5803145278312355,14.561588067777798,-0.08785550492555827,-0.9824154791346729,0.16474597600811716,11.819748964253867,88.04599717989092,76.9950688310293,52.862322332604435,23.746293109032177,7.369642356140567,112888.0,358359.3717743989, 0.0, 0.0,0.0,NaN, 147.6124138429358,147.6124138429358,0.0, 229.4182867867578, -12.025481589345409, -23.86912264940316, -12.025481589345409, 144.09207225763737, 19.73937821902386, -23.86912264940316, 19.73937821902386, 244.6877058330826, 6.3832122147129216, 4.749409503485015, 21.0, 0.0
37, 0 ,1.0,1.0,1.0,128.87903420739295,92.98017922847602,209.56538437435654,14.379087057325474,12.632556784595781,14.425225228798135,69.0,64.0,69.0,0.6525366093000645,0.08407933284631162,0.7530781097013074,15.254439966996829,-0.6471184764450953,0.5789062890892016,0.4960898969908056,14.39399045381258,0.3942507463107123,0.811047578284461,-0.4321668367567758,11.599218013667056,72.0573608306367,71.28383650505887,59.27026908287674,23.059626770072423,6.533021632040213,111701.0,304443.2265134273, 0.0, 0.0,0.0,NaN, 182.84840412469495,182.84840412469495,0.0, 206.75814460214497, -21.82905988545157, 24.913800894049803, -21.82905988545157, 159.5814909160369, 27.077991790626562, 24.913800894049803, 27.077991790626562, 208.08712290155424, 6.677734240561513, 4.824915237332333, 27.0, 0.0
38, 0 ,1.0,1.0,1.0,282.2348105866256,255.43173849837524,246.07150034205574,11.07802919490667,14.270106750169644,15.827678974998692,44.0,76.0,89.0,0.23081437676634062,0.3933641639766067,0.8899378393893306,16.359398086128067,-0.11366367589986351,-0.8974720653666228,0.42617421398706956,13.9928452035854,-0.9663360141580649,0.19952074174268458,0.16243823858794001,10.651031715666969,93.72149867574444,78.02197951394785,53.51701799427576,22.781823531276235,7.606748045640136,93552.0,391334.4627653557, 0.0, 0.0,2.8421709430404007E-14,27.134563150640346, 72.18181878788572,72.18181878788572,0.0, 122.7227308432045, 22.400183859310193, 27.681966734928892, 22.400183859310193, 203.63594666123726, 22.476452680694926, 27.681966734928892, 22.476452680694926, 250.51542173561563, 6.361700653319766, 4.897185627298084, 16.0, 0.0
39, 0 ,1.0,1.0,1.0,133.7262242894451,278.3804685563964,54.558054861892145,13.723345122888995,12.458852940982512,15.010881343894873,62.0,53.0,76.0,-0.11897018838543205,-0.01950073946550394,0.9927063087519056,15.0308384512447,-0.9725953886418176,0.20343951665016657,-0.11256364003450994,13.755995825571409,0.19976061741045667,0.9788932956279986,0.043169566900166205,12.398639078015243,74.82744113827727,67.0226677911287,57.89500411836377,22.85903320835264,6.807670487535525,104918.0,290351.2457937144, 0.0, 0.0,0.0,NaN, 146.03660004555425,146.03660004555425,0.0, 188.33020136192116, -6.856911313464857, -4.640351819011153, -6.856911313464857, 155.2230166050286, -2.210654358422828, -4.640351819011153, -2.210654358422828, 225.32655872049114, 6.178334703603868, 4.639184366616473, 15.0, 0.0
40, 0 ,1.0,1.0,1.0,199.8254460750916,175.04258198758907,190.5207339753623,14.455204919722377,12.41590121876844,14.2503315847136,76.0,65.0,67.0,-0.9597104579911198,-0.2696251186909229,-0.0791083572916361,14.61386148207583,0.09169052972375731,-0.03437436296813416,-0.9951940765144816,14.25433420115506,0.265610021613365,-0.9623516501474086,0.057711505586902676,12.224095536445597,77.04394312349436,67.80123128694282,63.095893795752886,22.878996681753332,6.536896316753674,108614.0,329592.3929868521, 0.0, 0.0,0.0,NaN, 193.99744137404537,193.99744137404537,0.0, 208.95294927116598, 16.42664216309782, -0.036058008738312455, 16.42664216309782, 154.15460307421563, 3.207004671257431, -0.036058008738312455, 3.207004671257431, 203.071950274286, 6.61794088853867, 4.834593164413225, 33.0, 0.0
41, 0 ,1.0,1.0,1.0,104.92902063078017,216.14244249466446,275.94018496561534,14.104543391626617,14.362039239847975,12.613689882745998,73.0,69.0,54.0,0.5717719381437905,-0.8103239474852152,0.1282651584931499,14.532187694896313,0.7794918253384329,0.5853324403887992,0.22311079861595987,14.034146782740525,-0.2558697812987148,-0.02758685122430741,0.9663175568402324,12.496788897636778,70.57200532406708,64.4882618443809,57.3301062783832,22.801027197727567,6.665181662924362,105425.0,260913.09506476932, 0.0, 0.0,0.0,NaN, 136.45901956552433,136.45901956552433,0.0, 198.9381442862781, -6.879659500236452, 11.128180261776132, -6.879659500236452, 206.26817112693303, -0.3914228847866707, 11.128180261776132, -0.3914228847866707, 159.10517245808873, 5.385838075076514, 4.376007126455025, 22.0, 0.0
42, 0 ,1.0,1.0,1.0,175.54849703705978,279.96355430010135,173.7964935982069,13.375693510770356,11.31105094441736,15.755211609310097,71.0,49.0,75.0,0.3370818106486921,-0.06565082914929966,0.9391835931072308,16.071241638507157,0.8946179432259581,-0.2884560173949431,-0.341250438368662,13.177002860228132,-0.2933165330968494,-0.9552398100271248,0.03850086689137282,11.097636281373711,78.06676047935318,71.30048107759795,54.77391801465848,22.544139785315952,6.843793140916892,97707.0,304882.4498097961, 0.0, 0.0,0.0,NaN, 178.3730943111296,178.3730943111296,3.3036247397782844E-6, 178.90917689406422, -16.016025484878508, 27.36910676906324, -16.016025484878508, 127.93987346720485, -3.363072106366828, 27.36910676906324, -3.363072106366828, 248.22669285413966, 6.672602288544459, 4.946379923925111, 30.0, 0.0
43, 0 ,1.0,1.0,1.0,240.57033188507074,94.01068473450208,186.5687924730856,13.419821854739832,12.266258257580333,13.71634264857288,65.0,61.0,71.0,0.6289835244991266,-0.3283118769808086,0.7046921578547584,14.105473898823025,0.6600502577125728,-0.2533973706965619,-0.7071940538619059,13.33008078067169,-0.41074734716395117,-0.9099456489029486,-0.05731956769174598,11.917857121901546,64.94681132232319,65.13260362671686,60.208598706370424,21.940319607762724,6.108448364100042,98739.0,254691.69996434482, 0.0, 0.0,0.0,NaN, 158.86010555679013,158.86010555679013,0.0, 180.09161861295283, -17.719611299878935, 8.589716532177306, -17.719611299878935, 150.4610916416577, -6.781495417809786, 8.589716532177306, -6.781495417809786, 188.1380556530593, 6.749634118330489, 4.751894009083492, 19.0, 0.0
44, 0 ,1.0,1.0,1.0,118.37112891692183,169.51038706246905,271.7977135627716,14.425559760745246,12.418079987223223,14.473699490807673,69.0,60.0,63.0,-0.755724348633643,-0.08112426243804667,-0.6498457993448439,14.544836316363625,0.6205116237395237,0.22857646040753252,-0.7501454036063301,14.474218861851503,0.2093944452138022,-0.9701400186526925,-0.12240224884436257,12.27754807767108,71.18275746866252,75.12767067938768,57.05315433877095,22.9694838720616,6.648027721148708,109078.0,305108.5598803269, 0.0, 0.0,0.0,NaN, 178.42262246122448,178.42262246122448,0.0, 208.09677441083247, 12.063234666359321, 2.5125594487603933, 12.063234666359321, 154.20871056907393, -6.870132469119354, 2.5125594487603933, -6.870132469119354, 209.4879769502063, 6.0695892352843135, 4.535436987624785, 17.0, 0.0
45, 0 ,1.0,1.0,1.0,91.89089455988535,268.20718734498155,42.08523948630326,12.11445230931624,15.537307874779925,14.018770753666415,61.0,64.0,65.0,-0.18814635262636398,-0.852556289653309,0.4875948348434168,16.098919882530303,0.42888957735601535,-0.5179436820218888,-0.7401270652320366,13.97468204059727,-0.8835466486998717,-0.06987213483350661,-0.4631017213799078,11.411698588480476,81.31193848586312,67.4836746505228,57.646302794114064,23.187293576233234,6.858807535105538,108858.0,316318.42996119254, 0.0, 0.0,0.0,NaN, 105.95228559192373,105.95228559192373,0.0, 146.7599547546976, 6.230454023556776, -32.48334169855411, 6.230454023556776, 241.40793599569827, -28.661857570172717, -32.48334169855411, -28.661857570172717, 196.5259334438528, 6.902396154171199, 4.65973164282158, 16.0, 0.0
46, 0 ,1.0,1.0,1.0,50.847740192204746,187.03594279742026,47.80359767858812,15.777869407985762,11.58785274256118,14.963909939163559,75.0,60.0,73.0,-0.9814480559875093,-0.19126785238938307,0.013278630979584354,15.922393892656743,-0.005440874232942622,0.09701438653424027,0.9952681074428971,14.993428360468325,-0.1916510117007476,0.9767317018750532,-0.0962552453965066,11.349562706673987,74.5531132979491,72.46506259483724,59.85092290719646,23.656838684594955,6.891449655707453,117687.0,323344.37290574337, 0.0, 0.0,7.105427357601002E-15,89.23916812746965, 132.78386518450944,132.78386518450944,0.0, 248.94116305545296, 23.35983633695295, -2.14505708529727, 23.35983633695295, 134.27833118328266, 8.95164106332512, -2.14505708529727, 8.95164106332512, 223.91860066739793, 6.714315885923396, 4.744136851905389, 26.0, 0.0
47, 0 ,1.0,1.0,1.0,279.51680368233804,234.88953990874555,49.63226869811662,11.771205939195964,13.573773277534153,15.157147751932389,49.0,61.0,75.0,0.20608613363401396,0.027854160230091938,0.9781373376380537,15.29798068114328,0.029523629027314244,-0.9993167049282836,0.022236874338237782,13.573436526955804,0.9780883706766174,0.024295452437717538,-0.2067676718880534,11.587982833730834,78.17137376108694,60.72678045119878,56.84163550677832,22.49952674161468,6.805808888749207,99502.0,269832.69213274313, 0.0, 0.0,0.0,NaN, 84.39369313405336,84.39369313405336,0.0, 138.56128926296233, -0.9013166642622575, 20.139824794845836, -0.9013166642622575, 184.2473209899003, 1.6074979926132673, 20.139824794845836, 1.6074979926132673, 229.73912797390906, 6.2945324354971, 4.585173067253188, 13.0, 0.0
48, 0 ,1.0,1.0,1.0,187.33681497405652,66.94320573570295,61.687046270555,11.943182754280508,13.09756387916188,13.540114155383087,59.0,68.0,73.0,0.0634011518463253,0.5121668832348636,0.8565426887564012,13.768893994646346,-0.17566764750551409,-0.8391413391057718,0.5147646944222679,12.893751753073458,-0.9824058079859045,0.18310351367807826,-0.03676862404692601,11.903327648434358,67.14194330596693,63.84019700263536,57.326703472317035,21.424324878810125,6.206350674818139,88847.0,245722.59562960907, 0.0, 0.0,0.0,NaN, 144.84363200344094,144.84363200344094,0.0, 142.63961430214334, 5.175521608597863, 0.38001441077043924, 5.175521608597863, 171.54617956872602, 10.40163241844118, 0.38001441077043924, 10.40163241844118, 183.33469134080545, 5.933146319369942, 4.525273191848966, 29.0, 0.0
49, 0 ,1.0,1.0,1.0,230.9964279377846,242.4776864391744,286.30629842095925,17.91635598968441,14.942997791109452,7.915938757757623,98.0,75.0,33.0,-0.9580864588075335,-0.28645899140880526,0.0034034821419520957,18.18319730642985,-0.28433272599852133,0.9522923614043658,0.11087903019573181,14.682190857070925,-0.03500340520421294,0.10526397604093367,-0.9938280822014257,7.7945935559691994,106.21020959371694,77.72286598765211,35.76803383565348,23.325282749795406,7.9298339196231,84545.0,295263.7560781232, 0.0, 0.0,0.0,NaN, 90.87258650259228,90.87258650259228,0.0, 320.99581194910036, 32.14945013075437, -5.760665892446396, 32.14945013075437, 223.29318298510196, 16.083267277439614, -5.760665892446396, 16.083267277439614, 62.662086416569295, 6.9509050917076225, 5.195078015391966, 18.0, 0.0
