// Sample: .//bubblelabels.tif, Map: .//bubblelabels.tif, Thickness:(8.191250068658265):/afs/psi.ch/project/tipl/test/LabelValidation/Step3500//distmap.tif, Neighbors:(1.0):
//LACUNA_NUMBER, TRIANGLES, SCALE_X, SCALE_Y, SCALE_Z, POS_X, POS_Y, POS_Z , STD_X, STD_Y, STD_Z,PROJ_X, PROJ_Y, PROJ_Z, PCA1_X, PCA1_Y, PCA1_Z, PCA1_S, PCA2_X, PCA2_Y, PCA2_Z, PCA2_S, PCA3_X, PCA3_Y, PCA3_Z, PCA3_S,PROJ_PCA1, PROJ_PCA2, PROJ_PCA3,OBJ_RADIUS, OBJ_RADIUS_STD, VOLUME, VOLUME_BOX, Mask_Grad_X,Mask_Grad_Y,Mask_Grad_Z,Mask_Angle, Mask_Distance_Mean,Mask_Distance_COV, Mask_Distance_STD, SHAPET_XX, SHAPET_XY, SHAPET_XZ, SHAPET_YX, SHAPET_YY, SHAPET_YZ, SHAPET_ZX, SHAPET_ZY, SHAPET_ZZ, Thickness, Thickness_STD, Neighbors, Neighbors_STD
1, 0 ,1.0,1.0,1.0,154.86935251327085,253.44971819909563,275.3238383904581,26.299535628307076,26.31306784169747,17.048511406803822,140.0,108.0,71.0,-0.7026216467534973,-0.7102311929135193,0.043525557159482496,30.22211276756947,0.6984984409321434,-0.6767611420582909,0.23258178048876366,21.975783230100667,-0.13573042963451007,0.19381952742847702,0.971602409043243,16.68483461057459,153.16276286002915,114.15673680702304,79.02894081159087,38.23537997613247,14.585971780269439,305180.0,1381786.3528591404, 0.0, 0.0,0.0,NaN, 154.39801335328468,154.39801335328468,0.0, 691.6655742645933, 220.18150833709828, 13.811667738604303, 220.18150833709828, 692.3775392417735, -51.82650632380121, 13.811667738604303, -51.82650632380121, 290.65174118792, 5.214050844471868, 3.925437405954606, 23.0, 0.0
2, 0 ,1.0,1.0,1.0,224.21744260526583,29.32417796275127,267.24328134529395,27.504435989425478,18.806356814602854,22.30348164055152,145.0,100.0,96.0,0.87162271959039,-0.04128789121547576,0.48843540487236575,29.66609253758878,-0.35207502828897574,0.6405690112381871,0.6824327925126754,20.628505432505712,0.3410527952519514,0.7667898355353379,-0.5437980681930744,17.378321731320394,152.09967966443264,118.96168945457487,121.33452537490537,37.36733786241424,14.53617591049646,326293.0,2195431.1316585974, 0.0, 0.0,0.0,NaN, 87.61224820480783,87.61224820480783,NaN, 756.4939990964035, -48.6626388750513, 216.4229149523653, -48.6626388750513, 353.6790566381592, 42.34254620582959, 216.4229149523653, 42.34254620582959, 497.4452932904188, 5.142860183521753, 3.8231495026939033, 22.0, 0.0
3, 0 ,1.0,1.0,1.0,279.72086349764214,198.2073029953217,212.5482574415681,12.622641765330092,21.068791573382153,22.40722265767134,61.0,103.0,129.0,-0.09093436621157751,-0.6173665576458027,0.7814022488720322,24.735526593545675,0.12982687158625664,-0.7853060039194621,-0.6053424350086247,18.469231981747328,-0.9873580528135801,-0.04640057875303918,-0.15156207254969387,12.343009554939622,116.09518538957606,94.97210202257753,68.0636684154594,31.371154399633937,11.007241360311188,213967.0,750456.6532546718, 0.0, 0.0,-2.8421709430404007E-14,38.610856111608335, 135.7232618870979,135.7232618870979,0.0, 159.33108513585557, 6.550979257075098, -47.48492419880234, 6.550979257075098, 443.8939783626189, -131.93259010538236, -47.48492419880234, -131.93259010538236, 502.08362723045985, 5.991071716355657, 4.457485863117586, 24.0, 0.0
4, 0 ,1.0,1.0,1.0,82.2535025485028,51.08058430370794,158.53736250869215,23.65856389910545,21.557571681081853,21.791544216587354,115.0,98.0,110.0,-0.719748521915893,-0.5541422834695586,-0.4181965983494252,24.882422277319947,-0.6594077233252976,0.3572875232241854,0.6614582981316929,22.570760400165735,-0.2171255849015387,0.7518456992092662,-0.6225628682805412,19.254967630924792,120.01704761359177,107.96525396031916,101.91991561100474,37.081468460658364,11.14866084771545,418481.0,1320644.7374004014, 0.0, 0.0,0.0,NaN, 171.42503487035358,171.42503487035358,0.0, 559.7276457680556, 66.39107422692375, 14.27130111260248, 66.39107422692375, 464.7288967849823, 90.33559593892873, 14.27130111260248, 90.33559593892873, 474.8713993434818, 4.936411589767076, 3.5563879216890024, 30.0, 0.0
5, 0 ,1.0,1.0,1.0,15.279446325511321,258.7134091078512,76.18255721342284,10.666015457873245,24.403482780068057,38.04451165910721,47.0,100.0,157.0,-0.02047307666054546,-0.06885740559936102,0.9974164179650223,38.10470916564123,-0.04145488461495138,-0.9967091094742487,-0.06965948343629404,24.33787726469601,-0.9989306010297274,0.042773926464323396,-0.01755122620252387,10.600829900300406,157.5435773225113,105.66976472703737,48.495177795557396,42.65523552358626,18.363267883245094,254879.0,807327.9702756739, 0.0, 0.0,0.0,NaN, 87.98764737783532,87.98764737783532,0.0, 113.76388574759102, 21.719441132039147, -25.96872099124189, 21.719441132039147, 595.5299717970782, -58.679098418420274, -25.96872099124189, -58.679098418420274, 1447.3848673799441, 5.702819040832495, 4.120934906201399, 16.0, 0.0
6, 0 ,1.0,1.0,1.0,272.49110591773604,57.913965610867685,235.95710482287683,19.549475360213073,23.891666464724224,31.58507582524225,90.0,115.0,127.0,0.045040731120413874,0.2725250568438685,0.9610938694697747,32.266309697823345,0.5515132125211044,-0.8089532216363958,0.20353835417126515,25.37795583536542,0.8329492835429958,0.5208884512026946,-0.1867370141371762,16.292800382681357,143.15172898105692,128.68627738454103,90.4152279827203,41.68457292244072,14.594763049854198,454853.0,1665598.8693448799, 0.0, 0.0,0.0,NaN, 90.62151559687119,90.62151559687119,0.0, 382.18198685957805, -159.38421325597793, 76.07478013239661, -159.38421325597793, 570.8117264616282, 140.8271779740575, 76.07478013239661, 140.8271779740575, 997.6170148863024, 4.978999401639582, 3.556112112585167, 23.0, 0.0
7, 0 ,1.0,1.0,1.0,26.805113104457796,192.5925107657742,125.83278242072475,17.33328797977561,24.75445528323206,19.759428101833148,85.0,120.0,93.0,-0.3171724450188463,-0.9483537925704074,0.005169549118789261,25.534653411697356,-0.1891027083797404,0.06858415992776604,0.9795592777828451,19.902585707442615,0.9293233053164078,-0.30971163543581504,0.2010892763711157,15.985289636827867,126.18251956242146,91.3000489718838,86.10968724259446,34.20506716435442,11.561760581869814,293755.0,992024.0871395734, 0.0, 2.8421709430404007E-14,0.0,18.494557316158023, 167.59705237230327,167.59705237230327,0.0, 300.4428721898336, 117.43731902037177, -26.691396024564234, 117.43731902037177, 612.7830563695356, 7.500899461543168, -26.691396024564234, 7.500899461543168, 390.4349989115135, 5.343626290308673, 3.781739909552763, 27.0, 0.0
8, 0 ,1.0,1.0,1.0,163.7879236462797,160.65565663741148,259.17344577098464,22.63669389582569,21.77338145097458,15.129018526050332,114.0,99.0,85.0,-0.7096094048808331,0.6378987243396744,0.2992318666026178,27.508366120797607,0.6418629547032002,0.760414287805461,-0.09890428848634981,16.818106863605657,-0.2906311061884939,0.12188243674594927,-0.9490406902385812,13.260027405440201,123.13078246436761,93.32966762789044,68.05367286387195,32.9100898345016,11.502749192692477,218195.0,782056.1355488636, 0.0, 0.0,0.0,NaN, 199.09139434429966,199.09139434429966,2.6973983046972182E-6, 512.4199105333121, -210.70667130209338, -130.1371249130059, -210.70667130209338, 474.08013980964387, 102.82970129726715, -130.1371249130059, 102.82970129726715, 228.8872015615742, 5.260128466057601, 3.770364232488179, 21.0, 0.0
9, 0 ,1.0,1.0,1.0,69.6915456613016,281.05588479706086,121.39255671215302,21.14194486862239,12.88828902823736,30.713545255599954,118.0,62.0,154.0,-0.05772170122083428,0.13736849570316573,0.9888367416294878,30.995600214345988,0.9950646543539782,0.08799486771978976,0.04586106093816502,21.147509071054724,-0.0807126933237278,0.9866036689792033,-0.14176974815948518,12.184716513449601,153.18210520131444,115.95007526374815,68.54145438100383,36.73649195871085,14.381997345244104,274368.0,1217397.4399791905, 0.0, 0.0,0.0,NaN, 141.25134994964404,141.25134994964404,0.0, 446.98183282786863, 19.718183353653593, -32.72826978893488, 19.718183353653593, 166.1079940753835, 111.53895471750116, -32.72826978893488, 111.53895471750116, 943.3218621677863, 5.183048150089383, 3.6436299209712697, 22.0, 0.0
10, 0 ,1.0,1.0,1.0,281.6615370661507,140.2736554774286,164.50605531848728,11.489319147335749,23.89185705125526,22.263296371302115,50.0,115.0,112.0,-0.008085843424520416,-0.8496355242162283,0.5273083491904234,24.855946938215936,0.02430090610174883,-0.5273368115643958,-0.8493087501796568,21.186697018876565,-0.9996719887536853,-0.005946693107316869,-0.02491087598498424,11.479783289692644,120.75714252354176,94.37110002893101,51.13577260142955,32.74350709585465,11.240213352381115,231532.0,582742.4656357693, 0.0, 0.0,0.0,NaN, 195.8867190218197,195.8867190218197,2.6973983046972182E-6, 132.00445446933585, -0.7243879399446729, -8.616739694585624, -0.7243879399446729, 570.8208333576158, -75.73633737444136, -8.616739694585624, -75.73633737444136, 495.6543653164339, 5.797576232688491, 4.210329286718684, 23.0, 0.0
11, 0 ,1.0,1.0,1.0,23.471175597997405,65.34145188206935,282.6254681995179,15.237077396317705,18.566206914843388,10.749094304151068,66.0,103.0,49.0,-0.2600060924590906,-0.9656056012470338,0.0016293325349246127,18.80229341462856,-0.9418510373151774,0.25323705861680723,-0.22087918790921024,15.138533461501861,0.21286957366537654,-0.058964523091961145,-0.975299815248654,10.47445283205243,99.45737692844446,75.5837325694925,54.8903670145927,24.881582358367183,8.562853174590003,107860.0,412630.637295209, 0.0, 0.0,0.0,NaN, 71.57007596261705,71.57007596261705,0.0, 232.16852758137594, 32.719433282971956, 24.748823295311823, 32.719433282971956, 344.7040392047784, -7.0656162462457335, 24.748823295311823, -7.0656162462457335, 115.54302835953295, 5.30067160466557, 3.900880073207701, 12.0, 0.0
12, 0 ,1.0,1.0,1.0,131.6045013159089,178.0028388465378,196.53542460749614,16.616117019009376,20.768480519698112,30.436209413651284,91.0,101.0,142.0,-0.21321611027867154,0.3208907084058171,0.9228044449266849,32.10442794400463,-0.014151014355718522,-0.945438940136651,0.32549187281096675,19.05158317137105,-0.9769025740115225,-0.05634149210039611,-0.20612374234319397,15.496156181797916,141.23505369854627,94.60080680325561,77.93033005220295,37.99678513569771,13.785220009520788,352608.0,1041223.245554097, 0.0, 0.0,0.0,NaN, 207.142391743612,207.142391743612,0.0, 276.09534478941305, -52.446255064596336, -156.11448074333418, -52.446255064596336, 431.32978309708, 196.30173745338377, -156.11448074333418, 196.30173745338377, 926.3628434716351, 5.15534481587625, 3.6951012353481447, 35.0, 0.0
13, 0 ,1.0,1.0,1.0,37.461211340206184,48.751660939289806,240.8512027491409,19.67050712455537,14.338858424912445,15.456105261281795,85.0,80.0,80.0,-0.8505476437257611,-0.22163375432317786,0.4769142320136494,21.520773803549233,-0.40987542372640334,0.8475626755992697,-0.33710480262984743,14.145950905953097,-0.3295008995096326,-0.4821991184932013,-0.8117346656061462,12.968086565778425,107.81803739509412,65.65324239705535,66.30346127506945,27.149343340104902,9.71267509576163,139680.0,469335.9292135706, 0.0, 0.0,2.8421709430404007E-14,61.515941176252625, 85.31498705173848,85.31498705173848,0.0, 386.92885053718356, 44.510635015528415, -115.23939134811785, 44.510635015528415, 205.60286092968258, -40.30353292552879, -115.23939134811785, -40.30353292552879, 238.8911898478228, 4.767329317335155, 3.4791301525644833, 19.0, 0.0
14, 0 ,1.0,1.0,1.0,121.38612520205423,87.09762143328457,208.4561660143908,17.745383407416806,20.97510244255351,22.212055595336857,92.0,109.0,114.0,-0.38036144403889316,0.6059071788194509,0.6987142924999479,23.32129342104156,0.29047254418356205,-0.6390018547084144,0.7122515923146368,21.13907197077509,-0.8780380817277667,-0.47387036237167324,-0.06705226842965306,16.04636650168031,117.92250431802518,113.41213691971973,89.64337354082248,33.606675485445955,10.90047390428028,286433.0,1198876.4221588701, 0.0, 0.0,0.0,NaN, 175.21661049024237,175.21661049024237,NaN, 314.8986322762237, -101.15435663104444, -36.93436686773125, -101.15435663104444, 439.95492247561424, 35.05779950601179, -36.93436686773125, 35.05779950601179, 493.37541377033534, 5.026018324100203, 3.5530712808139278, 33.0, 0.0
15, 0 ,1.0,1.0,1.0,183.17293217964786,143.63321112846256,286.67005355120205,24.035653095871226,23.221037405049866,8.187502311851025,107.0,104.0,34.0,-0.7665476700790301,0.6347976036980466,0.09714253360721373,25.95020855762577,0.6353137985367778,0.7716894200430056,-0.029526536919528456,21.204591424664645,0.09370724030287748,-0.039082493944318536,0.9948324038660536,7.8048939997362865,126.85301477724215,108.92799732018577,36.414338426436586,32.136812379647125,12.29592136011825,149203.0,503167.67882709735, 0.0, 0.0,0.0,NaN, 185.62529619344042,185.62529619344042,0.0, 577.712619745064, -107.46765891796066, -52.90102559417251, -107.46765891796066, 539.216578166725, 28.9130738030944, -52.90102559417251, 28.9130738030944, 67.03519410656588, 4.712084601277801, 3.4485669490906687, 15.0, 0.0
16, 0 ,1.0,1.0,1.0,278.2682668511857,244.1040390596592,46.50555498677888,13.992691512042546,32.169374577807844,21.317759999435303,58.0,115.0,109.0,0.07949676270538829,-0.9962799313620009,0.03326504298343699,32.25668133542847,-0.25308144999763743,-0.05244903978572091,-0.9660221932712775,21.764937906732797,-0.9641732439693901,-0.06837687175414355,0.25630949850261275,13.07306218958311,120.78481651357049,124.3991900062947,71.48413817277734,38.30339986063536,14.763486274861517,283259.0,1074087.3013495603, 0.0, 0.0,0.0,NaN, 75.89066688153225,75.89066688153225,0.0, 195.79541575118753, -64.85287607491514, 76.33068457528061, -64.85287607491514, 1034.8686607273094, -13.476958209484279, 76.33068457528061, -13.476958209484279, 454.44689139352386, 5.9714453385178246, 4.2791802446268035, 12.0, 0.0
17, 0 ,1.0,1.0,1.0,114.47927837067377,226.0097836415592,87.06112374659956,15.990067221908935,22.33617835890887,25.506398542233672,93.0,105.0,137.0,0.18331353707388348,-0.5489217206276061,0.8155250405405655,28.5646699100205,-0.31630183834176495,-0.8184027605709859,-0.47976042828833954,19.190474987872577,-0.9307788642782358,0.1700054884791068,0.3236492541315342,14.864346023583508,135.63203476848258,106.14792874237168,87.194428355563,35.3497801529001,12.472230080406392,291507.0,1255343.3784910766, -1.4210854715202004E-14, 0.0,0.0,79.43717620683776, 161.73959490817276,161.73959490817276,0.0, 255.68224976116653, -21.733868833040354, 111.30584589046326, -21.733868833040354, 498.904863680989, -208.50808153809285, 111.30584589046326, -208.50808153809285, 650.5763665952601, 5.678811357828312, 4.111311832506093, 32.0, 0.0
18, 0 ,1.0,1.0,1.0,180.86820635352962,17.503571693861886,24.32078391561641,24.592165658301173,11.447479420116005,15.774222944101787,115.0,47.0,64.0,0.975686523278061,-0.12258216506845566,0.18168495012162955,25.007451613947453,0.1767050398780392,-0.05043384401607381,-0.9829708827119253,15.364269677515983,-0.12965776943658122,-0.9911760893932482,0.02754673555683326,11.100094025825811,115.2818413533883,73.86510262271453,51.41016040619301,29.40434766739903,10.955813278086895,161548.0,437773.1981222062, 0.0, 0.0,0.0,NaN, 122.84241860911675,122.84241860911675,NaN, 604.7746117653276, -61.06498659881893, 69.41541715371133, -61.06498659881893, 131.04478507397948, -5.589311488345717, 69.41541715371133, -5.589311488345717, 248.82610949022722, 4.593782643423562, 3.221310724658866, 12.0, 0.0
19, 0 ,1.0,1.0,1.0,179.69442879146473,87.96439260177567,138.23366768097975,19.28009066449939,15.946579259021874,17.30311447481175,94.0,83.0,102.0,-0.8597708724589425,-0.07868043875898158,0.5045824367017577,20.023251696617226,-0.4248692420950621,0.658405943652701,-0.6212791164077259,18.212233997215918,-0.28333756191644716,-0.7485392454103461,-0.5995071509896712,13.885135251361115,101.88727138776714,90.90899053205328,74.75678557991552,28.74385688643487,9.960107826521694,159714.0,692432.4082206093, 0.0, 0.0,0.0,NaN, 203.27250603597827,203.27250603597827,0.0, 371.72189603131653, -24.772523282010063, -53.63229323977601, -24.772523282010063, 254.29339006426662, -65.07593656096795, -53.63229323977601, -65.07593656096795, 299.3977705284399, 5.460707864170009, 3.6963502465216513, 28.0, 0.0
20, 0 ,1.0,1.0,1.0,94.95694760180741,52.39707932231297,256.5959043155305,16.023770696339245,11.5662549942735,16.176925770509538,82.0,51.0,79.0,-0.6925366339102361,-0.021639321312194787,0.7210580770405579,17.540054883220368,0.6896739195087416,0.2732289957397455,0.6705936181000381,14.75328299659026,0.21152516503179772,-0.9617055971866846,0.17429701345138715,11.265856595134283,85.16283618471402,79.14699725429051,53.14300733250748,24.226787115502056,8.08054424937061,106893.0,358204.21052782226, 1.4210854715202004E-14, 0.0,0.0,46.16875763505544, 116.81691376486428,116.81691376486428,0.0, 256.76122732886023, 19.80739954010972, -48.284823593126916, 19.80739954010972, 133.77825459255666, 13.805832386843178, -48.284823593126916, 13.805832386843178, 261.6929273845756, 4.605284966472306, 3.2669912535869154, 16.0, 0.0
21, 0 ,1.0,1.0,1.0,144.85336137127342,258.00688424350585,188.72411212348007,19.047390430838934,21.972224600000484,21.098904996919916,100.0,92.0,96.0,-0.41380032763230096,0.6629615995080658,0.6238999971382495,24.626896668522004,-0.36417254573752433,-0.7486506441964248,0.5539860737196642,19.64108312530309,0.83435462831008,0.002032368565458516,0.5512242952696872,17.276844107348055,124.52148366939036,111.23526720515434,88.44676235876665,34.31389444567603,10.644349493429887,330029.0,1225092.0708455176, 0.0, 0.0,0.0,NaN, 187.4252952357362,187.4252952357362,0.0, 362.8030822248146, -60.69672312746929, -97.12399999328818, -60.69672312746929, 482.7786538728664, 91.19345517289744, -97.12399999328818, 91.19345517289744, 445.1637920690522, 4.507714017562265, 3.175664667092222, 15.0, 0.0
22, 0 ,1.0,1.0,1.0,277.7368043559895,48.302448366503945,126.44725873075478,14.694724566344867,25.578862040085845,22.443877872520137,65.0,102.0,102.0,0.11039299509221051,-0.8438665623334867,0.5250739106164343,27.531440734428855,0.04263137875433822,-0.5237962608480827,-0.8507761413362931,20.176160390220126,-0.9929732887545745,-0.11630435115261788,0.02184824301616037,14.45278832259806,117.19955735138649,106.72878003750324,65.71977471791641,35.10966038067155,11.884970141227326,266300.0,822060.1249118911, 0.0, 0.0,0.0,NaN, 137.17756973720125,137.17756973720125,0.0, 215.93493008073932, -55.577929765077705, 24.639669234621522, -55.577929765077705, 654.2781832657446, -154.97870489182208, 24.639669234621522, -154.97870489182208, 503.727653956599, 5.122509912143199, 3.596790934753603, 18.0, 0.0
23, 0 ,1.0,1.0,1.0,279.00719110610754,264.9564100759921,249.91635237827188,13.430648881360739,18.60425000404325,19.361386721659155,65.0,77.0,98.0,0.13554571169599863,0.6811329790922767,0.7195034571381198,23.918137312820278,-0.8097710468664702,-0.34227313106093454,0.4765710392066696,13.771947711266376,0.5708749527677719,-0.6472302283937494,0.5051681103907583,11.816086792851452,106.2047573102231,84.86008693224525,68.91598301542892,28.23931215076451,10.193379843053652,142120.0,621108.3938704852, 0.0, 0.0,0.0,NaN, 64.6306659343299,64.6306659343299,0.0, 180.38232937439645, 53.79754819098111, 22.862000336823954, 53.79754819098111, 346.1181182129434, 203.77416832946304, 22.862000336823954, 203.77416832946304, 374.8632957856395, 5.436493463440995, 3.9292032526602827, 9.0, 0.0
24, 0 ,1.0,1.0,1.0,193.01465267366316,246.56257071464267,132.5480339830085,19.88075066661982,19.648880291246755,17.859540391380808,104.0,104.0,91.0,-0.6405001486143491,-0.6872458502299224,0.3427137303446524,22.42621192085466,0.7043249946602178,-0.34782345815356114,0.6188256166764443,18.17743477933051,-0.30608146223167526,0.6377397457426096,0.7068254064323598,16.338047939809506,113.37052998548509,94.8498852523016,90.00920909300524,31.60169097299742,10.080627679195912,250125.0,967885.3854613603, 0.0, 0.0,0.0,NaN, 178.52284084655741,178.52284084655741,0.0, 395.2442470683045, 88.33095523570717, -24.133403476452617, 88.33095523570717, 386.07849669974513, -69.25063670505159, -24.133403476452617, -69.25063670505159, 318.96318299136254, 4.5736106078902345, 3.1321566694683094, 22.0, 0.0
25, 0 ,1.0,1.0,1.0,39.33124206224158,189.5677180317224,286.36061534935686,23.769448007914985,17.018934200142393,8.442811051418635,94.0,93.0,37.0,-0.9061582071403652,-0.42093614767741827,0.04111037838129411,25.33874589993285,0.4190250439343066,-0.9067145039111218,-0.04782071677694661,14.624452627819842,0.05740484463885448,-0.026106856871387335,0.9980095770263355,8.365714548978808,112.10895255868459,93.25453701453276,38.924839245760154,28.068342778791195,11.750743466351993,104721.0,406946.2894084942, 0.0, -2.8421709430404007E-14,0.0,65.1062954803779, 118.01808470115084,118.01808470115084,NaN, 564.9866586009736, 163.53738979684718, -24.19419242786287, 163.53738979684718, 289.64412130877645, -3.6605198933351417, -24.19419242786287, -3.6605198933351417, 71.28105844995663, 5.402109066302946, 3.5515196828893, 15.0, 0.0
26, 0 ,1.0,1.0,1.0,193.4030470832967,215.21543464885295,247.4621780785796,18.417141224634335,15.631203227600896,15.736089575352748,89.0,75.0,74.0,0.9373794837523975,-0.010420539470111446,0.3481538679912098,18.80745284162928,-0.20668899329813903,-0.8211847254139745,0.5319166351940655,15.962157301120294,0.28035578019632573,-0.5705673133854817,-0.7719155247866067,14.921104927531145,94.12583715206517,79.76407573951428,78.7897024728776,27.533789118964645,8.54637801098579,170655.0,591542.0874108924, 0.0, 0.0,-2.8421709430404007E-14,69.6255610630841, 145.98477874475705,145.98477874475705,0.0, 339.1910908881255, 4.1766017636901065, 39.24382214057104, 4.1766017636901065, 244.33451434256068, -14.519211139779417, 39.24382214057104, -14.519211139779417, 247.62451512352544, 5.1129748965699084, 3.5785160381269194, 18.0, 0.0
27, 0 ,1.0,1.0,1.0,266.7097232845012,101.70112372771666,17.468592496715107,15.680215954737294,14.501270875557886,11.678552445358717,66.0,68.0,53.0,0.8983168986999591,-0.41430987974259265,-0.14619874506221273,16.116559590110906,-0.39688281092666,-0.9079705500953731,0.1344377720376912,14.154896776342348,0.18844305214318857,0.06274395355078964,0.9800777583394985,11.508258810175954,80.57488431988176,68.10462399390266,59.16622278654963,23.27660818227294,7.123491288790258,101982.0,324675.96102883725, 0.0, -1.4210854715202004E-14,0.0,65.52413615846307, 108.42745415756613,108.42745415756613,0.0, 245.869172387198, -22.904106943268665, -20.34312188738963, -22.904106943268665, 210.28685700630336, -0.5798503726160815, -20.34312188738963, -0.5798503726160815, 136.38858721899408, 4.544544515978993, 3.0885335879087665, 13.0, 0.0
28, 0 ,1.0,1.0,1.0,108.25199690494614,266.0838342955776,153.0926671031486,13.625290400935503,18.612973548631516,19.46188194684787,66.0,82.0,100.0,-0.28101569529266957,0.5834680523783321,0.7619679854514981,22.817897310261017,-0.47600784828495546,-0.7741574280046383,0.4172490923134172,16.439313964110955,0.8333346910877436,-0.2454491974300998,0.4952857600523315,10.9521089509142,108.24212683254149,81.2801383610122,48.43472363571864,28.55872577826531,9.75988492077269,168010.0,426125.55249085155, 0.0, 0.0,0.0,NaN, 185.60863554496763,185.60863554496763,0.0, 185.6485385098252, -10.314346624642393, -115.65365954295915, -10.314346624642393, 346.4427843220565, 129.59810596900627, -115.65365954295915, 129.59810596900627, 378.76484891304307, 4.883072790341373, 3.443780950284797, 9.0, 0.0
29, 0 ,1.0,1.0,1.0,41.39505825538598,19.91725859765103,197.8040180978503,12.424647322337645,13.401704345134805,14.995834096001804,74.0,56.0,74.0,0.4382488570346875,0.6191680456139316,0.6515894954635275,16.171470755573466,-0.4995314154391874,-0.43488848663820123,0.7492265139321067,14.155288084331701,-0.7472658859449645,0.6538370863450309,-0.11870450801350595,9.84702663370504,78.25017464531881,64.26235318916436,52.543109382506,22.44230999216465,7.429354136753889,85314.0,264215.14617882523, 0.0, 0.0,0.0,NaN, 112.04582435306106,112.04582435306106,0.0, 154.37186108447202, 67.11573383295503, 8.287553907096733, 67.11573383295503, 179.60567935440508, 32.69412480662834, 8.287553907096733, 32.69412480662834, 224.87504023481023, 4.99465027140022, 3.3735909994698883, 9.0, 0.0
30, 0 ,1.0,1.0,1.0,12.740204859096298,136.4894542977521,28.687501576809545,8.266562538226664,15.568710207996924,18.564837629579532,36.0,70.0,77.0,0.026280392534174003,-0.39120140040838586,0.919929782802344,19.162524847606363,0.056228643776706985,-0.9182122303391852,-0.3920773388944724,14.850111828817784,-0.9980719816662932,-0.06203035042667748,0.0021342536544811407,8.22470729498183,91.95946889783332,76.16559448694042,38.47183844827257,24.13248224758702,8.543845183613877,79274.0,269462.4356008798, 1.7763568394002505E-15, 0.0,0.0,88.49407104267165, 140.05233557877338,140.05233557877338,0.0, 68.33605619841245, -10.97288756386434, 3.8717245878144033, -10.97288756386434, 242.38473754058762, -52.76539279816563, 3.8717245878144033, -52.76539279816563, 344.65319621265223, 6.029762005630856, 4.616922392436954, 8.0, 0.0
31, 0 ,1.0,1.0,1.0,39.003501560773216,244.58600538999943,243.22409988948561,19.685971931551283,21.011052839985023,19.615211805865858,95.0,104.0,96.0,-0.12008814879260947,-0.7766231277412241,0.6184135784222422,23.37052824219738,0.9898736327540124,-0.046176804677188245,0.13423074866877074,19.642329284774316,-0.07569034084966203,0.6282708175359124,0.7743040437288303,16.785579420222565,114.19908418880678,101.89217318022459,95.12766372464921,32.87673883242026,11.527289805831144,257885.0,1106904.8161918565, 0.0, 0.0,0.0,NaN, 88.40524173372029,88.40524173372029,0.0, 387.5374908898249, 19.904468414731344, -5.810036885434405, 19.904468414731344, 441.4643414446427, -127.64200098304697, -5.810036885434405, -127.64200098304697, 384.7565341889794, 5.586837754565041, 4.119891710744526, 19.0, 0.0
32, 0 ,1.0,1.0,1.0,179.85653638411097,166.33530982799513,73.85596834951069,19.119637744569342,11.345014497017791,12.215840883323105,85.0,53.0,58.0,-0.9955353715305333,-0.033172333768256464,0.08836809550924472,19.178237842791713,-0.04790870124123894,-0.6290672263319647,-0.7758731733346548,13.531754623999989,0.08132699660593234,-0.7766427885632994,0.6246694314560957,9.62203096798902,85.58049259918198,66.23904395841512,48.06042100205316,24.083849496172945,7.966483750902583,100346.0,272443.47330497095, 0.0, 0.0,0.0,NaN, 194.307501937636,194.307501937636,2.6973983046972182E-6, 365.56054748356064, 11.817193712592706, -20.847293162063625, 11.817193712592706, 128.70935393754385, 43.3762903647779, -20.847293162063625, 43.3762903647779, 149.22676848666825, 5.121419780391291, 3.6773199555579903, 19.0, 0.0
33, 0 ,1.0,1.0,1.0,222.08537578280158,158.765475311789,34.872727687777264,13.261045719691657,12.836269037499694,18.858282698699767,65.0,58.0,81.0,0.21853839496201474,-0.18235621821233278,0.9586381901461687,19.291074663761556,0.8628144746195989,-0.4227953397887731,-0.27711961864833884,13.002767345430502,-0.45584224498649917,-0.8876881830531438,-0.06494256965563279,12.451604009310918,89.21521449354856,59.17585653768435,59.53764990591284,25.20782917293237,7.7990583479779385,131419.0,314322.2790778205, 0.0, 0.0,0.0,NaN, 165.02723038092228,165.02723038092228,0.0, 175.8553335797524, -13.769840228569036, 42.128444101256896, -13.769840228569036, 164.7698028030733, -36.30881881565944, 42.128444101256896, -36.30881881565944, 355.63482634407893, 4.461298594103093, 3.1803937374646685, 13.0, 0.0
34, 0 ,1.0,1.0,1.0,179.22403077997748,199.19199787112547,189.3979720252582,15.836521966613457,16.85652610475665,17.48096636986034,74.0,85.0,88.0,-0.3566930302243856,0.5994568253129284,0.7165344351635111,19.33567069600062,-0.15857003345519716,-0.7947047905403943,0.585917946799863,15.291454798653373,-0.9206658604941121,-0.09537195855121469,-0.37852154871650595,15.258615088536871,103.29394978015733,76.67586602611061,75.58177701629847,27.73588519298104,8.440542524343565,180377.0,598619.2421115978, 0.0, 0.0,0.0,NaN, 192.30677738024877,192.30677738024877,0.0, 250.79542799903058, -30.031642803529262, -36.14133758484004, -30.031642803529262, 284.1424723203424, 60.11518338159094, -36.14133758484004, 60.11518338159094, 305.5841852241882, 4.915507641170925, 3.4747226388974886, 19.0, 0.0
35, 0 ,1.0,1.0,1.0,211.6564414715719,88.68444816053511,253.73864882943144,13.612286439811896,15.380906993617671,18.369454886392532,62.0,71.0,92.0,0.2527483524534383,0.45974200589443276,0.8513257651147625,19.903546326141687,0.28486005163323086,-0.8762532892802123,0.38863211911668005,13.945790388852835,-0.9246475119285107,-0.1442825735900615,0.35243370673453306,12.987197117250737,97.83593327579536,62.84675021272128,58.57525655145206,26.35455755664626,8.046167465469539,149500.0,360159.9496689898, 0.0, 0.0,-2.8421709430404007E-14,31.64383898412454, 133.45271930961582,133.45271930961582,0.0, 185.29434211948683, 19.989040979407466, 51.80615037576673, 19.989040979407466, 236.572299946317, 80.24296828447122, 51.80615037576673, 80.24296828447122, 337.43687282321054, 5.130246309482533, 3.69139347574796, 13.0, 0.0
36, 0 ,1.0,1.0,1.0,127.03612729382118,129.5684996444655,84.17227828994149,12.845739215677098,19.9334414496969,17.78182138314509,64.0,94.0,92.0,-0.18807347476283992,0.9117010460431628,-0.36528012638854884,20.812396485416134,0.34238324555470845,-0.2877265978224822,-0.8944199897525347,17.660421475137262,-0.9205444482772439,-0.29328247057964807,-0.25803742208571634,11.554304028460708,95.28824207540157,85.94469081031838,64.19306846610738,28.11929259007036,9.37302832396968,160322.0,525710.321969404, 0.0, 0.0,0.0,NaN, 200.02786348518836,200.02786348518836,0.0, 165.01301599718445, -68.95424052806746, -34.042638164789295, -68.95424052806746, 397.3420880284944, -53.88461321702633, -34.042638164789295, -53.88461321702633, 316.1931717020759, 4.7833918485554365, 3.3747940650772685, 19.0, 0.0
37, 0 ,1.0,1.0,1.0,209.23280141740295,278.6060040814656,181.55338942912107,17.841531651019025,14.571710328477481,18.62640657532285,86.0,63.0,83.0,-0.5666551017229942,-0.33644092625019906,0.7521366224531361,20.670030528480936,-0.8205060031356015,0.14697447070317898,-0.5524204954379949,16.355653069747667,-0.07531198118322589,0.9301645059372179,0.35933563333578367,13.52185142923561,99.91247583736569,80.7192203614758,72.93934066231543,28.19359977051993,9.094995736126664,171017.0,588245.3633468363, 0.0, 0.0,2.8421709430404007E-14,41.22420077214407, 150.75140780644247,150.75140780644247,0.0, 318.3202516543136, 36.385447993501195, -65.79141894280178, 36.385447993501195, 212.33474189705728, -68.72201371948553, -65.79141894280178, -68.72201371948553, 346.94302190923037, 4.992851401002268, 3.4622912385935853, 12.0, 0.0
38, 0 ,1.0,1.0,1.0,128.25839572192513,32.03701871657754,68.21582887700535,14.248306836030434,11.90665257761105,13.020283260538346,69.0,61.0,69.0,-0.8030764477066953,0.039722645860870195,0.5945505281677982,15.745230638662731,-0.33739591277986114,0.7921092229994939,-0.5086521177372427,12.880534478322481,-0.4911539648401914,-0.609085453975835,-0.6227220026438851,10.024467226257984,76.9749844892462,62.599548190354284,50.77776509761888,21.5214522145935,7.151048458596088,74800.0,244677.7008661467, 0.0, 0.0,0.0,NaN, 148.7615069525217,148.7615069525217,0.0, 203.0142476936716, -22.186129649117866, -59.16278797506381, -22.186129649117866, 141.76837560393187, -22.87583730160981, -59.16278797506381, -22.87583730160981, 169.52777618465507, 4.534321916015709, 3.005895146274714, 11.0, 0.0
39, 0 ,1.0,1.0,1.0,180.13026754423456,275.2358015947639,236.0224378151979,19.193243230718775,15.36319168312679,14.464382088207078,91.0,60.0,70.0,0.9242416770652984,-0.24189458536182284,0.29540536885465807,20.03502194276202,0.06748277985913818,0.865014635837086,0.4971878459999969,15.473328523840305,-0.3757970154192394,-0.439586953127894,0.8158062967651861,13.145363963999944,104.73962612642788,80.18641658991857,59.88434596410275,27.21671728966671,8.536796446795256,163786.0,502950.3746357362, 0.0, 0.0,0.0,NaN, 138.11280442008592,138.11280442008592,0.0, 368.380585713532, -47.21918273128312, 64.64946495289584, -47.21918273128312, 236.02765869249617, 12.317831982826466, 64.64946495289584, 12.317831982826466, 209.21834919364576, 4.652832272182524, 3.1332034486755287, 4.0, 0.0
40, 0 ,1.0,1.0,1.0,161.4528971462942,115.0854708280425,189.99637104858652,14.602483705481253,18.11966097838674,18.14033030117194,72.0,92.0,85.0,0.44742232148712957,-0.5648447125667246,0.6933712691772577,20.73327665408023,-0.14553256179836868,-0.8109541448547569,-0.5667218439404763,16.887248337384037,-0.8824021417083437,-0.15265590597256204,0.44504228414862435,12.473103485220719,96.80585180034706,88.44387730754482,59.846439348820184,27.94500320952087,9.471168005902179,149630.0,512398.32413954654, 0.0, 1.4210854715202004E-14,0.0,55.60849143129391, 211.04682818594506,211.04682818594506,0.0, 213.23253036884552, -54.02429393573428, 95.78208863965015, -54.02429393573428, 328.3221139716711, -47.862397843616876, 95.78208863965015, -47.862397843616876, 329.07158343561684, 4.717212229691262, 3.212322721856468, 20.0, 0.0
41, 0 ,1.0,1.0,1.0,259.1012952170531,104.41361274250093,208.41216985492215,12.17985654925858,12.815771637884518,16.80416052910503,67.0,64.0,80.0,-0.15629746546921194,0.37767820423334564,0.9126501390647872,17.856690844285446,0.7390250408567669,0.6577489942259777,-0.14563052420893555,13.725550392825921,-0.6552961859148536,0.6517096244814787,-0.38191815102670224,9.36592642659883,90.69829149866229,65.34957797929138,52.75946207106824,23.15822686056018,7.65958536722161,88711.0,312710.3476892453, 0.0, 0.0,0.0,NaN, 144.78686822204293,144.78686822204293,0.0, 148.34890556051712, 35.29077877485224, -43.80564708228203, 35.29077877485224, 164.24400267440524, 70.02845942085273, -43.80564708228203, 70.02845942085273, 282.3798110879314, 4.796291044579961, 3.4565188209811555, 10.0, 0.0
42, 0 ,1.0,1.0,1.0,86.5584870449969,123.79321050121952,108.81401260338446,18.88140703860956,23.75401854540707,19.358169493788715,103.0,117.0,98.0,0.26093744746536185,0.9372887170432889,0.23108766607849657,23.951973555070577,-0.6304794250336206,0.34674007039733873,-0.6944544752466667,22.33447476801804,-0.7310316977529335,0.03551315931023078,0.6814187203153944,14.932309085249162,123.30714589501606,110.31480719178617,83.90214038536044,34.24425513997671,11.0828987576074,291509.0,1141287.5924934049, 0.0, 0.0,0.0,NaN, 186.16557142653326,186.16557142653326,0.0, 356.5075317576546, 25.47234959318347, 141.92851504453756, 25.47234959318347, 564.2533970555431, 9.540653954919376, 141.92851504453756, 9.540653954919376, 374.738726150252, 5.19471183418512, 3.647927421785547, 29.0, 0.0
43, 0 ,1.0,1.0,1.0,16.507541818602768,36.685894541876486,129.03411471899057,10.412611251462131,15.823304834730145,13.99126082836518,44.0,76.0,67.0,0.07406715823735742,-0.9383281190584151,0.33771940580153026,16.097168857194905,-0.04410620715344857,-0.3414004727117665,-0.9388825058135439,13.711396065653522,-0.9962774204814535,-0.054644837052356586,0.06667265723174724,10.365018149909407,77.745316309229,72.35202737102307,47.26368553783244,22.374239654795026,7.344945772707009,86385.0,265859.70830940956, 0.0, 0.0,0.0,NaN, 135.15974458596844,135.15974458596844,0.0, 108.42247307407577, -9.32882283144096, 7.130639280672854, -9.32882283144096, 250.37697589279435, -22.242673279098227, 7.130639280672854, -22.242673279098227, 195.7553795673459, 4.570182027806147, 3.017301838379119, 6.0, 0.0
44, 0 ,1.0,1.0,1.0,265.972888267717,178.83388089230937,43.59083126107975,15.86702656185631,12.988487561666105,21.98800297971625,72.0,62.0,93.0,0.16373358111799463,-0.2885048386817158,0.943374937377241,22.85072363169437,0.9812013434613905,-0.051396544996566054,-0.1860169851168937,15.667953592088994,0.10215301270075099,0.956097983064315,0.27466599494023153,11.674556772498457,107.67920625772585,82.84039385181137,58.15439181027929,28.428617454245007,9.785158441771072,165279.0,518748.099601471, 0.0, 0.0,0.0,NaN, 133.18871319482096,133.18871319482096,0.0, 251.7625319146537, -23.733707123842407, 39.6715342837313, -23.733707123842407, 168.70080913955513, -103.9749946266352, 39.6715342837313, -103.9749946266352, 483.47227503601067, 4.851582269664353, 3.2821418834215783, 15.0, 0.0
45, 0 ,1.0,1.0,1.0,167.93303404879748,36.107257442733854,224.55665058323177,15.408650094304113,16.623503984673288,15.828145001922216,71.0,75.0,80.0,-0.5822689453769444,-0.8032583361106792,0.1254548552999229,17.581520592181494,0.29646895567882964,-0.3534739943085662,-0.8872216710981831,16.257013764486075,0.7570132320959293,-0.4794081568103023,0.44395808993127206,13.816555062208177,89.1557056599036,74.08796192127872,60.97302594784537,26.539432427554402,7.743131348639248,160828.0,402749.0626385115, 0.0, 0.0,-2.8421709430404007E-14,82.79297614871017, 156.32375541424446,156.32375541424446,0.0, 237.42649772869817, 47.59834831408775, -27.940165103207075, 47.59834831408775, 276.3408847284487, 11.104252850493797, -27.940165103207075, 11.104252850493797, 250.53017420187524, 5.39223856574121, 3.6539062085798593, 13.0, 0.0
46, 0 ,1.0,1.0,1.0,282.7772488631886,125.48708773947584,240.67638946572526,10.761101363795133,14.994700366875122,15.338409930537603,51.0,62.0,71.0,-0.193590216180937,-0.616090617830666,0.7635150154515931,16.708720589495915,0.2326693212960397,-0.7848662691126483,-0.5743256276162786,13.864388537302242,-0.9530938123430757,-0.06646269803596967,-0.2952878166181617,10.222844398714605,74.15913277510698,74.1955814320095,54.786980203091446,22.902683093231325,7.167724044808876,93903.0,301453.30404809234, 0.0, 0.0,0.0,NaN, 139.86751986389748,139.86751986389748,0.0, 115.80130256187346, 4.815345774326719, -37.53965221074369, 4.815345774326719, 224.84103909236492, -42.62699144620261, -37.53965221074369, -42.62699144620261, 235.26681919721457, 5.0063706872088165, 3.2323761592049975, 6.0, 0.0
47, 0 ,1.0,1.0,1.0,274.51565167899827,243.36295295010436,278.53623600834754,14.627756150464133,15.798787567567329,10.846516829080947,67.0,73.0,43.0,0.6665781634703197,0.5657588889090467,0.48537658740913414,16.411263187144826,0.5653018890354161,-0.8080946255367685,0.1655803443394759,15.734165948830578,-0.4859087632853783,-0.1640120599193564,0.8584828000393975,8.020369593916673,83.37326518788711,80.85066640014259,41.449469010005316,22.821869982614853,7.770593054759313,84336.0,279401.9196000471, 0.0, 0.0,0.0,NaN, 65.71073179144783,65.71073179144783,0.0, 213.97124999744128, -6.394814763495279, 83.47861136962857, -6.394814763495279, 249.60168860512, 31.77710367796007, 83.47861136962857, 31.77710367796007, 117.64692732353619, 4.089166759270372, 2.758033311558383, 7.0, 0.0
48, 0 ,1.0,1.0,1.0,272.00025891555265,94.22596514179034,83.20207677527493,13.580053341335788,11.363230136793435,13.17524171735232,61.0,61.0,70.0,-0.7786155842974355,0.3433792520131909,0.5252127770494777,15.420134364375393,-0.2754668270996168,0.5649882858291261,-0.777757201216122,12.694311950268926,0.5638047526022044,0.7502525749124276,0.3453190912481382,9.391578275230712,78.3208021035877,57.01917378960325,50.717277698855355,21.014140962936995,6.747867944451701,73383.0,226492.5810531263, 0.0, 0.0,0.0,NaN, 128.78316499999804,128.78316499999804,0.0, 184.41784875352528, -51.344102766821784, -45.54064074048113, -51.344102766821784, 129.12299914173056, -5.077127360391576, -45.54064074048113, -5.077127360391576, 173.5869943106609, 4.098394829589241, 2.7549480432866402, 11.0, 0.0
49, 0 ,1.0,1.0,1.0,289.87151982225924,215.3774213705478,254.5871693397209,6.337368564877124,9.998487483440584,11.709750667807276,26.0,42.0,57.0,0.03873853812577414,-0.5112168291324661,0.8585782895436064,12.554776561372355,0.026885116786824936,-0.8583789608876486,-0.5123111847313108,8.925854653005775,-0.9988876394065734,-0.04292916394698667,0.01950822194809189,6.321151571767141,61.44059763191943,40.88738656863973,27.29003379016325,15.795174586273587,5.269033381461639,28806.0,68556.53466343952, 0.0, -2.8421709430404007E-14,2.8421709430404007E-14,30.227859929630355, 96.57065865565944,96.57065865565944,0.0, 40.16224032709274, -3.246725109616143, 3.366559526706446, -3.246725109616143, 99.96975195651804, -34.18120200865983, 3.366559526706446, -34.18120200865983, 137.11826070221292, 4.5511611001266665, 3.0231089079486453, 2.0, 0.0
