// Sample: .//bubblelabels.tif, Map: .//bubblelabels.tif, Thickness:(8.191250068658265):/gpfs/home/mader/Foam/NewValid/InSilicoTest/LatticeData_OldFoam/out_Step_07000.vtk/distmap.tif, Neighbors:(1.0):
//LACUNA_NUMBER, TRIANGLES, SCALE_X, SCALE_Y, SCALE_Z, POS_X, POS_Y, POS_Z , STD_X, STD_Y, STD_Z,PROJ_X, PROJ_Y, PROJ_Z, PCA1_X, PCA1_Y, PCA1_Z, PCA1_S, PCA2_X, PCA2_Y, PCA2_Z, PCA2_S, PCA3_X, PCA3_Y, PCA3_Z, PCA3_S,PROJ_PCA1, PROJ_PCA2, PROJ_PCA3,OBJ_RADIUS, OBJ_RADIUS_STD, VOLUME, VOLUME_BOX, Mask_Grad_X,Mask_Grad_Y,Mask_Grad_Z,Mask_Angle, Mask_Distance_Mean,Mask_Distance_COV, Mask_Distance_STD, SHAPET_XX, SHAPET_XY, SHAPET_XZ, SHAPET_YX, SHAPET_YY, SHAPET_YZ, SHAPET_ZX, SHAPET_ZY, SHAPET_ZZ, Thickness, Thickness_STD, Neighbors, Neighbors_STD
1, 0 ,1.0,1.0,1.0,78.83374160963092,136.05059261531056,39.710435697453676,18.180358985181638,17.457394739084858,18.975461931855293,98.0,93.0,87.0,0.4223492556746123,-0.427408068693646,0.7993393828948178,19.676985055042405,0.8535523407370462,-0.10926863570068863,-0.5094200299108966,17.954557984671624,-0.3050729549688234,-0.8974311717717833,-0.31866563052659574,16.90574890835345,97.86907928042737,89.81921251638926,92.86769413866325,30.35538727661231,8.596784440742944,257587.0,816355.659851944, 0.0, 0.0,0.0,NaN, 162.17719096849856,162.17719096849856,0.0, 330.52545283007476, -21.710541761256184, 18.328041085843573, -21.710541761256184, 304.7606310762277, -32.6005093347461, 18.328041085843573, -32.6005093347461, 360.0681555272894, 7.8334203825963, 6.220178679082484, 43.0, 0.0
2, 0 ,1.0,1.0,1.0,55.425626283367556,259.42611909650924,13.691954452118724,19.611149212178674,20.110232756730493,9.101986023291769,110.0,96.0,38.0,-0.2557923883901199,0.9665890707710463,-0.016607898953322816,20.15351400056545,-0.9654267240368762,-0.2545170470536781,0.05632329246858329,19.593426048938255,0.0502144855306082,0.030440778982176106,0.9982744434362,9.0442420143543,108.4058204806808,113.57793400861306,40.85597564546556,27.73432607627576,10.132716398645785,133925.0,503039.57293349213, 0.0, 0.0,0.0,NaN, 70.04077010708171,70.04077010708171,0.0, 384.5971734223362, -5.965926008879755, -15.049249861337925, -5.965926008879755, 404.42146152987607, -9.537782017349222, -15.049249861337925, -9.537782017349222, 82.8461495681987, 7.895430312804017, 6.011457445664337, 25.0, 0.0
3, 0 ,1.0,1.0,1.0,259.60843549251246,140.53992562847125,126.6986679963716,17.66930726267663,17.053384289909893,15.405928856512602,92.0,92.0,77.0,0.7933511581702632,0.5003629615460577,-0.3467431997065842,18.31519768135142,0.5605788967959908,-0.8225615949268792,0.09562281641082758,16.780596300082703,0.2373715237700004,0.27023939251006124,0.9330731109826823,14.944233018821022,102.21566658601591,95.39084261467039,76.730866091145,27.75868526268011,8.35585850176441,188513.0,748159.5957888445, 0.0, 0.0,0.0,NaN, 193.4825616200942,193.4825616200942,0.0, 312.2044191428771, 17.642579611303393, -27.719105960054982, 17.642579611303393, 290.81791573934555, -24.034249758238197, -27.719105960054982, -24.034249758238197, 237.3426439319277, 6.63992403322206, 5.617127880478763, 43.0, 0.0
4, 0 ,1.0,1.0,1.0,77.92033712600085,17.358297513695742,262.2546649810367,16.85443167415322,10.493659135749331,17.22957674267744,83.0,45.0,77.0,-0.5396182011676762,0.1675762331483516,0.8250638781648182,17.49541671331645,-0.8256162586259813,0.08653883434472984,-0.5575561170345922,16.78929997133398,0.16483322013780394,0.9820535811421209,-0.0916557325263266,10.152677693484522,94.53827462153126,91.62788399135707,47.830231869132426,24.95415320602817,8.266637866624244,118650.0,414321.8292482848, 0.0, 0.0,0.0,NaN, 88.30401885586735,88.30401885586735,1.3486991523486091E-6, 284.07186705869924, -31.133016198066226, -8.07697350694698, -31.133016198066226, 110.1168820572954, 19.441438536251656, -8.07697350694698, 19.441438536251656, 296.8583147318114, 7.605530618710755, 5.90259502738421, 22.0, 0.0
5, 0 ,1.0,1.0,1.0,188.44739348754072,113.25451274151251,236.32355327680892,15.851269829564727,15.186074796504675,16.402320287452373,79.0,91.0,83.0,-0.19421916007002138,-0.14628644790341117,0.9699892746940546,16.422330517790716,-0.8571503086055753,-0.4555600532848936,-0.2403297449514563,16.1074925536861,-0.47704535037987983,0.8781032473524217,0.03691098305477607,14.891993746448515,83.24006907742177,84.68672741085732,84.2811220904922,26.37700010200691,7.427624072725413,170074.0,594125.3614443118, 0.0, 0.0,0.0,NaN, 171.246192784927,171.246192784927,1.9073486328125E-6, 251.26275520966894, 16.074879908147864, -1.265949932572861, 16.074879908147864, 230.6168677250345, -2.674514194644455, -1.265949932572861, -2.674514194644455, 269.0361108121717, 6.954243202048723, 5.678112830514055, 39.0, 0.0
6, 0 ,1.0,1.0,1.0,276.2080287976261,205.94037991462866,208.09334906176653,14.444123023551088,16.591777449092174,17.127519881888453,58.0,89.0,84.0,-0.2548509103260031,0.5202679993849051,0.815090315438747,17.822446267500307,-0.1280717489722808,-0.8536581313818294,0.504841977098641,16.1126220026508,-0.9584616010154962,-0.024269395165759752,-0.28418718450538827,14.14268458907022,91.27930533715346,86.77247314365638,67.49312165013248,26.70372802942628,8.011405337049766,164458.0,534581.3671045912, 0.0, 0.0,0.0,NaN, 133.64169450804366,133.64169450804366,0.0, 208.63268991947862, -9.07971200938384, -28.287201948833314, -9.07971200938384, 275.2870789202036, 24.194476933628252, -28.287201948833314, 24.194476933628252, 293.35193730448424, 7.986941865105293, 5.984765893959801, 33.0, 0.0
7, 0 ,1.0,1.0,1.0,263.5203008377217,279.63192333490315,27.76932682564827,18.168145626129853,11.810440120918761,16.22546110170129,79.0,52.0,70.0,-0.9810941684942343,0.15012252284266098,0.12213705695636534,18.32486733236989,-0.11913306530145329,0.02887758156536408,-0.9924582600970256,16.19201250574475,-0.15251736064621413,-0.9882455734372358,-0.010447070556961657,11.612560767106407,85.13910204558303,74.89433971677329,58.57172153737349,25.803667192239278,8.185619019787074,140142.0,373478.8825118414, 0.0, 0.0,0.0,NaN, 50.16734505986198,50.16734505986198,0.0, 330.08151549226136, -30.03471708615442, -9.024555342573821, -30.03471708615442, 139.48649584980754, 0.03526555670185075, -9.024555342573821, 0.03526555670185075, 263.26558796282154, 7.042149334809525, 5.735813982999308, 18.0, 0.0
8, 0 ,1.0,1.0,1.0,277.1630924737058,206.4498702363065,284.89923507717526,13.109775069575614,16.383318348766153,9.0515647508475,53.0,86.0,40.0,0.04803401342500094,0.987835189460246,-0.14789987159672324,16.51838007746718,0.9977162291222186,-0.05449043904600336,-0.03991388478604705,13.109000039349631,0.047487468877872197,0.14564487809948606,0.9881965947031792,8.803827833126673,85.57826846810622,55.628132868588494,45.22341922867099,21.639616061190505,7.3441925121114275,73210.0,215288.76848973232, 0.0, 0.0,0.0,NaN, 97.47401820702181,97.47401820702181,0.0, 171.8662023748663, 4.140466457840422, -5.14462323209227, 4.140466457840422, 268.41312011701774, -28.335518471065843, -5.14462323209227, -28.335518471065843, 81.93082443878497, 6.831017070525071, 5.644800321891451, 13.0, 0.0
9, 0 ,1.0,1.0,1.0,154.4483745123537,178.46280435854894,15.191480202681493,16.947450034408813,16.475926370881062,9.573369481082942,81.0,79.0,41.0,-0.7539763578159016,-0.6568673384294119,0.006704592405805417,18.358935958947967,-0.656430363491868,0.753782799280526,0.030177299328264573,14.89131685847845,-0.024876288722427795,0.01835187220623749,-0.9995220753169609,9.566596486967043,87.79648134075592,74.27321630011433,41.74710205882585,24.30088552971654,7.732307426662378,111505.0,272229.8070332168, 0.0, 0.0,-1.7763568394002505E-15,89.61585227374867, 190.229720804171,190.229720804171,3.814697265625E-6, 287.2160626687833, 57.16282349033685, -3.820978827974203, 57.16282349033685, 271.456149778694, 1.881069585584714, -3.820978827974203, 1.881069585584714, 91.64940322133027, 8.627794010051938, 5.950745979501788, 17.0, 0.0
10, 0 ,1.0,1.0,1.0,44.13264768194794,256.6588519649482,213.74033440424918,17.092153728364746,20.621787192487965,14.520224428460415,84.0,88.0,81.0,0.21259864505745635,-0.9714377202959992,-0.10540669668406615,20.812902517713734,0.9279026243696171,0.234518580799596,-0.2898236618147657,17.16803506578357,0.30626546623429524,-0.036191032671867684,0.9512579425930869,14.153388439075052,94.52463967852384,89.84821250419687,80.82386367454234,29.08021507029256,9.087234728143617,201074.0,686426.5600311944, 0.0, 0.0,0.0,NaN, 106.14553977019465,106.14553977019465,0.0, 292.1417190740529, -27.54398330768367, -30.611208804868397, -27.54398330768367, 425.2581070122606, 17.425947555595954, -30.611208804868397, 17.425947555595954, 210.8369174528586, 7.490930666511139, 5.468702480066154, 32.0, 0.0
11, 0 ,1.0,1.0,1.0,14.207730938974281,168.5007038502511,12.517253842641912,9.065124774723099,17.830624620686432,8.158715999336325,35.0,86.0,33.0,0.03593796721473601,-0.9986980212372705,0.03620393472031267,17.848649332430927,0.9870507889979107,0.029805132190285764,-0.15761470119795842,9.070462220434703,0.15633042714415735,0.04139947429472618,0.9868368056963854,8.113244752781336,86.25033514111396,40.092584271700574,37.38960157694764,20.15783701109613,7.767490929316727,52568.0,129293.19851127156, -1.7763568394002505E-15, -2.8421709430404007E-14,0.0,21.637351836590955, 132.85558381217848,132.85558381217848,0.0, 82.17648718129851, -8.587575826448365, -2.2301097999096324, -8.587575826448365, 317.93117436382914, -9.21588491843289, -2.2301097999096324, -9.21588491843289, 66.56464675782652, 9.134035333713255, 5.737290030377851, 11.0, 0.0
12, 0 ,1.0,1.0,1.0,22.487612386922,131.41741245741218,188.84996648260898,14.35345483420398,16.127916487912522,15.870816360616944,63.0,75.0,76.0,-0.5194930240667011,-0.28700407845578196,-0.8048326887594599,16.574043422397985,-0.03353982279532951,-0.9343285536855027,0.3548312754744353,16.21126740846196,0.8538161852722703,-0.21132631809053967,-0.47575109989300507,13.435403288135625,87.43337107430733,80.59978269618239,67.77513022192468,25.621883714386197,7.844312767703136,144701.0,477618.8459897004, 0.0, 0.0,0.0,NaN, 173.5815628423226,173.5815628423226,0.0, 206.02166567753358, 16.622139527922492, 38.40143513120208, 16.622139527922492, 260.1096902410806, -5.526513123955388, 38.40143513120208, -5.526513123955388, 251.88281195242647, 6.832252138719242, 5.17715468110101, 26.0, 0.0
13, 0 ,1.0,1.0,1.0,123.29506828477004,235.14045998828826,77.35923375670563,14.387324231780552,14.93095590591868,16.477461061668606,76.0,72.0,79.0,-0.13788119866777268,0.47610804713715105,0.8685101625802585,17.120997467128674,0.7882677164232709,-0.4781768419792442,0.3872736952590513,14.44118407073176,-0.5996855695268825,-0.7380162838623595,0.3093690069402764,14.133609383999893,81.99069718726795,69.92096065661872,74.97008595823445,25.442080406939493,7.357704154208442,148569.0,429793.63015584886, 0.0, 0.0,0.0,NaN, 159.35145070347357,159.35145070347357,0.0, 206.99509855037985, -9.442181646013555, -8.498099128529015, -9.442181646013555, 222.93344426448792, 36.98121081763328, -8.498099128529015, 36.98121081763328, 271.50672303880515, 6.50144218968722, 5.113367579618875, 32.0, 0.0
14, 0 ,1.0,1.0,1.0,191.35831836615276,279.42411436280446,59.67053239818931,16.52748667092788,12.061071594119321,14.708379772639987,75.0,53.0,79.0,-0.9679476379550522,0.008776424770675514,0.2509986943103069,16.64936631072965,0.24833667317618507,0.18266705506643213,0.9512947197105328,14.652408518369635,0.03750022577290302,-0.9831356576595118,0.1789916526136892,11.961154846181252,77.58094103375237,76.39396622301302,58.370897697433264,24.16511308439905,7.1421991578617,123047.0,345947.72099459625, 0.0, 0.0,0.0,NaN, 125.64614794998107,125.64614794998107,0.0, 273.15781565769873, 2.1095987528665203, -15.667377290272428, 2.1095987528665203, 145.46944799847196, 12.741567013158047, -15.667377290272428, 12.741567013158047, 216.3364355362051, 7.109680335566041, 5.563606226063225, 27.0, 0.0
15, 0 ,1.0,1.0,1.0,173.06062754830702,99.82757194350883,11.779841044732022,14.447155755006312,15.446252222819627,7.429677775391265,69.0,74.0,30.0,0.20777485201249485,0.9761757141021766,0.06253467892530715,15.525503038690136,0.9765012234119864,-0.2032545120573084,-0.07164470673566681,14.414906747564663,0.05722736710770679,-0.0759511588157199,0.9954679552494236,7.3264143918531595,77.95198625754747,69.40894629161437,33.17055404592569,21.24511633380335,7.152073891514994,67692.0,179471.44629695822, 0.0, 0.0,0.0,NaN, 161.9194647150404,161.9194647150404,0.0, 208.72030940941198, 7.4141204978999165, -8.347477806056542, 7.4141204978999165, 238.58670773096028, 13.681872373014745, -8.347477806056542, 13.681872373014745, 55.20011184614289, 7.379491605951608, 5.276467952814238, 23.0, 0.0
16, 0 ,1.0,1.0,1.0,220.02372900950894,29.701303505881672,262.3325471834446,14.553639402314127,16.74442161174057,17.252790372779618,79.0,72.0,79.0,0.31315421888607187,0.40912852035931924,-0.8570579262934617,17.851256263356028,-0.14346197811511313,0.9124719476844234,0.38316263586667026,16.512976521101205,-0.9388040775524749,-0.0029662295241415643,-0.34443882686662536,14.088900129000303,95.19983194104893,88.3784305264731,73.2617180366986,26.951799413285755,7.9651339598049535,172995.0,616395.6504777676, 0.0, 0.0,0.0,NaN, 93.25882453248265,93.25882453248265,0.0, 211.80841985259033, 5.685546686946713, -36.330339640961064, 5.685546686946713, 280.3756551117247, -16.201672241336, -36.330339640961064, -16.201672241336, 297.65877564707705, 7.677556925522612, 5.558229913211188, 34.0, 0.0
17, 0 ,1.0,1.0,1.0,158.33643628113376,254.65551440535174,279.23632450828285,17.605424966872242,15.384993680235654,11.155903605695132,84.0,84.0,50.0,-0.8735160070692373,0.4614459313872056,-0.15504011674405827,18.423374732858985,0.48446984153490147,0.8551672455663094,-0.18433110088555177,14.697499017562114,-0.047526393056532834,0.23612842801477044,0.9705589149795644,10.75481241798457,90.49803579649397,75.92977620975125,53.21200913982443,24.63186460473458,8.023369003023252,119886.0,365646.0869614606, 0.0, 2.8421709430404007E-14,0.0,62.51954976427503, 150.1859443466594,150.1859443466594,0.0, 309.95098826416853, -48.61567253912412, 21.341525176274864, -48.61567253912412, 236.698030540891, -31.826643929503266, 21.341525176274864, -31.826643929503266, 124.45418525956165, 7.360309287990213, 5.509067192290092, 29.0, 0.0
18, 0 ,1.0,1.0,1.0,234.7977319758298,243.344094031951,10.742852412879728,14.993737450114237,13.881943977857194,7.172592583761747,67.0,68.0,30.0,-0.979578080014442,0.17317535825541303,-0.10216203036514314,15.082679702373186,0.17805211696608877,0.9831809288278639,-0.040653472583191685,13.86104241466767,-0.09340358022642106,0.058013416399030196,0.9939367257117525,7.025018994590792,68.32498544044503,64.76827186908696,33.23282293602304,20.534115103848098,6.878715912281566,60405.0,147064.91996861694, 2.8421709430404007E-14, 0.0,0.0,11.599193464905516, 87.0438758013512,87.0438758013512,0.0, 224.8121627229582, -5.2245486154726, 16.793629182692868, -5.2245486154726, 192.7083686043656, -8.858359198770106, 16.793629182692868, -8.858359198770106, 51.44608437263401, 7.050254963866903, 5.135691843353413, 12.0, 0.0
19, 0 ,1.0,1.0,1.0,272.4677598004906,66.39849552530902,238.41261611432375,15.556639510874593,16.22567151486431,14.214373950482862,71.0,83.0,75.0,-0.5415279810351513,0.8343965028059572,-0.10261540752334058,16.688472171295242,0.8177877953382046,0.5511336771453708,0.16575521624401854,15.111744982295907,-0.19486037963596362,-0.0058434597124240595,0.9808135839326032,14.158387477453362,88.77758757528953,79.26958958872154,73.33694111674717,25.507105860772523,7.531097289973053,147161.0,516098.6709443947, 0.0, 0.0,0.0,NaN, 94.65616890784041,94.65616890784041,0.0, 242.0090328713045, -22.68760634937372, 8.119482452242144, -22.68760634937372, 263.27241610827906, -4.133174188760945, 8.119482452242144, -4.133174188760945, 202.04842680416579, 5.9939413382236015, 4.893282673088183, 30.0, 0.0
20, 0 ,1.0,1.0,1.0,277.8304104905088,207.17283254313764,12.413610166205475,13.190481192147047,13.680760680250103,7.8074281103381535,55.0,72.0,31.0,0.3586381961598755,-0.9327308690136635,0.03730643703447039,13.760519034178108,0.929903602270302,0.3604734065192009,0.07306308012367718,13.136968501731525,-0.081596168659482,0.008488178924784182,0.9966293273221665,7.7573265409737795,66.74482402346277,61.764678980180804,32.52551558242874,19.539437031350204,6.349672516491503,56737.0,134085.54774561533, 0.0, -2.8421709430404007E-14,0.0,21.13541032353763, 96.24173436946275,96.24173436946275,0.0, 173.988794080385, -5.532580243402564, 9.365207131487935, -5.532580243402564, 187.16321279027724, -1.53449885065854, 9.365207131487935, -1.53449885065854, 60.955933698098384, 7.565161989925338, 5.558677980874643, 12.0, 0.0
21, 0 ,1.0,1.0,1.0,40.54496320655941,85.3322985946233,36.5001253483948,13.328634577495443,13.703211136530712,17.354364865058855,61.0,70.0,80.0,0.2409346702168858,0.03563412580143396,0.9698869489615005,17.59028955929597,-0.08740471944891111,-0.9944683814281791,0.05824992152505548,13.704138344179245,0.9665975893336056,-0.09880712230393879,-0.2364873207520369,13.014713999395262,82.91485625130505,70.39936950069007,61.44358516724684,24.776802476229918,7.260477537749655,135622.0,358655.6444992018, 0.0, 0.0,0.0,NaN, 101.28057254632667,101.28057254632667,0.0, 177.65249970040713, 2.803417905428245, 32.62962672446542, 2.803417905428245, 187.7779954523393, 3.7727127672787293, 32.62962672446542, 3.7727127672787293, 301.1739798695893, 6.894257298381236, 4.930653715024563, 22.0, 0.0
22, 0 ,1.0,1.0,1.0,69.97372730509078,63.58485819390056,159.65726830426013,14.605559441070016,14.296680437938537,14.174366313006885,72.0,66.0,71.0,-0.8203150821977016,0.4945301031142591,0.28726841635094175,14.68041197952133,-0.5585010608280272,-0.5845532341627477,-0.5885355396947916,14.475967186490307,-0.12312485928091779,-0.6432242948953905,0.7557134215318544,13.91265526898625,77.98208479375205,78.64216293260847,79.91112049230757,23.931462811013994,6.776074544418189,126405.0,490069.3158909044, 0.0, 0.0,0.0,NaN, 169.22009054579803,169.22009054579803,0.0, 213.32236658662944, -3.6846381546462923, 0.08329407886119033, -3.6846381546462923, 204.39507154453443, 8.62025087246838, 0.08329407886119033, 8.62025087246838, 200.9126603753044, 6.983546930382247, 5.097748445563968, 30.0, 0.0
23, 0 ,1.0,1.0,1.0,65.97680166054415,42.023138607651646,34.92204999552011,14.73097280958246,13.285985343418371,16.197815245324527,76.0,69.0,73.0,-0.1656920075043913,0.024589720486305505,0.9858709369362556,16.24482384719806,0.9198660512089722,0.36424191980012455,0.1455138195963953,14.919447136349806,-0.35551737859403887,0.9309796826498011,-0.08297122399300647,13.015528437332922,77.28359470828667,81.21164824309494,63.637617137454015,24.600927898864057,7.119166503156413,133932.0,399410.5651921187, 0.0, 0.0,0.0,NaN, 85.66464913651541,85.66464913651541,0.0, 217.00155991665773, 17.435160317578738, -8.315975201325458, 17.435160317578738, 176.51740654552776, 5.109634494100533, -8.315975201325458, 5.109634494100533, 262.3692187216677, 6.484061847252175, 4.93366578981158, 23.0, 0.0
24, 0 ,1.0,1.0,1.0,28.52851490180419,282.9093276944858,138.05928050241405,15.416558216273256,10.884620426076394,16.866072311396678,64.0,48.0,104.0,0.1564014780845553,0.014273671725300864,0.9875904211506131,16.903088040379647,-0.987498513099606,0.02213042962109662,0.15606707119329377,15.378953909013497,0.019628150168400207,0.9996531930526023,-0.01755646150859223,10.88039593178375,102.40545766364937,65.91943633752408,49.04611644810933,24.06649963710309,7.8366586939932406,110188.0,331086.301852921, 0.0, 0.0,0.0,NaN, 142.0082116470776,142.0082116470776,0.0, 237.67026723574244, -2.20801364591493, 7.640502964582618, -2.20801364591493, 118.47496181975944, 2.7667919510253913, 7.640502964582618, 2.7667919510253913, 284.46439521326164, 6.944088745786109, 5.128526130315958, 20.0, 0.0
25, 0 ,1.0,1.0,1.0,282.04468687950384,103.90252772014368,168.73116480378377,11.247894291308803,13.125375681201065,15.209788003588347,46.0,65.0,74.0,0.034091399341213816,-0.007754313375565487,0.9993886366749578,15.213408517831446,0.437641612683548,-0.898882672472144,-0.021903423866587328,13.658782574049239,0.898502974585338,0.4381207730220167,-0.02725055793720922,10.588584595669241,73.46825708565305,70.71963077919831,55.57111787715445,22.012960357737647,6.749654818122966,89646.0,288727.96829469234, 0.0, 0.0,0.0,NaN, 168.3735003783602,168.3735003783602,0.0, 126.51512598845717, -29.31704176479518, 3.352017421815208, -29.31704176479518, 172.27548677266432, 0.5409490446360742, 3.352017421815208, 0.5409490446360742, 231.33765111409997, 6.926492326817801, 5.218470985549485, 15.0, 0.0
26, 0 ,1.0,1.0,1.0,33.6465561732309,181.03695975935238,207.30268959110546,15.311351367320208,15.494860370876387,14.338528223597015,69.0,73.0,74.0,-0.6334970261352534,0.7457729202422858,-0.2061656356211756,16.75843075125873,-0.5998016464060831,-0.3050047965157723,0.7397364794782827,14.762178546929885,0.4887939267690852,0.5922793475511918,0.6405354569561252,13.46679819144889,95.76489503501261,77.37153650359535,67.38198402389861,24.959598523572954,7.55910125394911,135634.0,499265.265688552, 0.0, 0.0,0.0,NaN, 154.52212476748846,154.52212476748846,0.0, 234.43748069353842, -40.31400818449943, -3.2307486595691257, -40.31400818449943, 240.0906979129555, -23.547336087708096, -3.2307486595691257, -23.547336087708096, 205.59339161888815, 6.592347267291973, 4.928406679361825, 34.0, 0.0
27, 0 ,1.0,1.0,1.0,124.331011400826,187.47901605018671,114.76796887236516,13.921116826588847,13.88265752778447,14.874596780597253,70.0,71.0,72.0,-0.28161026146033313,-0.40166594376625053,0.8714127209644175,15.076724608077807,-0.6949466739829663,-0.5408289641352607,-0.4738703956488452,14.282451921423654,-0.661622838904655,0.7390321381176519,0.12683342567713327,13.28469967003556,77.01886831288591,68.66167000020909,65.2207030565274,23.704595323734306,6.772847529412642,121307.0,344902.99943370314, 0.0, 0.0,0.0,NaN, 203.20152288817775,203.20152288817775,3.814697265625E-6, 193.79749369953512, 16.086661029625617, -3.414378577500763, 16.086661029625617, 192.72818003375085, -10.740279911590996, -3.414378577500763, -10.740279911590996, 221.25362938535417, 6.429288586305436, 4.77572695779556, 30.0, 0.0
28, 0 ,1.0,1.0,1.0,31.9676805043286,13.951745121430681,71.2917729207937,17.60896924028341,8.96582266353244,14.448779377131507,72.0,37.0,77.0,0.9907190220755739,0.005953544624900099,-0.13579534087743617,17.66408300031248,-0.1358846496701449,0.018803433879733916,-0.990546209350353,14.383189797913415,-0.0033438423470283384,0.9998054741702157,0.019437914950642805,8.962869084364186,77.11852353104224,72.05963398020268,37.97891694703915,23.235884252064075,7.702121931831606,91369.0,211053.87667167292, 0.0, 0.0,0.0,NaN, 79.36687391443743,79.36687391443743,0.0, 310.0757977052473, 1.0432258571679995, -14.137282826395033, 1.0432258571679995, 80.38597603391196, -2.5442608892771994, -14.137282826395033, -2.5442608892771994, 208.76722548902075, 6.792019218273924, 5.198518264473798, 16.0, 0.0
29, 0 ,1.0,1.0,1.0,234.90542757939207,273.723308584224,95.65473632679704,13.294725289073417,13.332219158019576,14.586101742054328,67.0,60.0,69.0,-0.3481105229248597,-0.4447484496284476,0.8252380749711397,15.232475623802134,-0.7519158295876769,-0.3932593431477017,-0.5291216062896257,13.149069835404706,-0.5598585973658495,0.8047023708055856,0.1975156838719744,12.740714307011068,77.21727719666356,68.67907126981754,65.35517518764141,22.906013223619663,6.524316854528898,110307.0,346592.27637108305, 0.0, 0.0,0.0,NaN, 118.64904741349908,118.64904741349908,0.0, 176.74972051192825, 13.917643985881416, -15.817507416926029, 13.917643985881416, 177.7480676774642, -23.382557703226478, -15.817507416926029, -23.382557703226478, 212.75436402956032, 6.158083471755352, 4.741884321188126, 23.0, 0.0
30, 0 ,1.0,1.0,1.0,135.1721050160226,25.3976736331359,250.72341442116797,14.926229225325221,13.529119865046297,13.946822772097724,75.0,60.0,70.0,-0.6244439063214884,0.49061208738951934,-0.6077578362845336,15.032614399597229,-0.7804175746969324,-0.42369212321699595,0.4598188706741294,14.861616931147381,0.031909512094635446,-0.7614359884003199,-0.6474542598567947,12.389354912621654,73.26128819362629,66.95311035750014,67.18445507321147,23.591226989460903,6.617951176755987,121391.0,329544.5298464747, 0.0, 0.0,0.0,NaN, 146.09832882940822,146.09832882940822,0.0, 222.79231888695276, 0.07086853602431632, 3.3318897275165176, 0.07086853602431632, 183.03708432279035, -34.73804571811337, 3.3318897275165176, -34.73804571811337, 194.51386543630363, 7.820545716551825, 5.298777635691954, 21.0, 0.0
31, 0 ,1.0,1.0,1.0,20.366226403283644,251.89145734035608,81.18840709309916,12.10319684730908,15.106749174273068,15.39652663333757,50.0,81.0,81.0,0.14619295506936372,-0.6526531492807337,0.7434187828014751,15.660779569009915,0.24356741279015842,-0.7046115616279223,-0.6664814045770285,15.084207422554382,-0.9588026571275212,-0.2785074755804601,-0.05595579264923233,11.788169774584283,81.04568538334948,78.54598718649834,55.84015660050542,23.589203657822488,7.436648956346924,111827.0,355468.0152270143, 0.0, -2.8421709430404007E-14,0.0,49.25806207032751, 96.54414793792206,96.54414793792206,0.0, 146.48737392471244, -25.343170646775487, -2.8253733364105678, -25.343170646775487, 228.21387061440004, -9.981222018868042, -2.8253733364105678, -9.981222018868042, 237.05303237107313, 6.810557973194626, 5.3166627181602095, 18.0, 0.0
32, 0 ,1.0,1.0,1.0,166.67920097637844,11.513216641690741,219.28183658020362,15.289676971184,7.650327189905689,14.265952296012252,71.0,31.0,72.0,-0.9261274388528543,-0.02452451631769235,-0.3764126925373746,15.476793786307875,-0.3769057637194846,0.10028486171408613,0.9208067070705008,14.117419495646553,0.015166155705546112,0.9946564706522395,-0.1021199936875501,7.548936599806776,71.75880354149714,71.48046947092789,34.19622418940603,21.06644445346799,7.212769301512306,64729.0,175404.50396571727, 0.0, 0.0,0.0,NaN, 156.2767145661834,156.2767145661834,0.0, 233.77422188315435, -1.2331112242625633, 14.244702321801922, -1.2331112242625633, 58.527506112610276, 14.826930569074955, 14.244702321801922, 14.826930569074955, 203.51739491209722, 6.829347359422136, 4.86742421950778, 19.0, 0.0
33, 0 ,1.0,1.0,1.0,59.01046416616147,111.90287039721659,158.37178980292927,13.922253822852188,12.867167330735239,14.679122172945059,71.0,66.0,71.0,0.5679904357623634,0.15791402262837317,0.8077437875587818,15.360949442231307,-0.721333278404347,-0.37706893030847394,0.5809451981576756,13.322561900621082,-0.39631447910582074,0.9126237906461508,0.10026290638981568,12.70513089388076,75.21319388498745,65.94215476043395,64.72530513048406,23.083245909789497,6.483327283230194,113817.0,321019.3949695826, 0.0, 0.0,0.0,NaN, 189.90270458281452,189.90270458281452,0.0, 193.82915150792235, 11.056623187721657, 27.46319265439061, 11.056623187721657, 165.56399511714022, 5.987375666828177, 27.46319265439061, 5.987375666828177, 215.47662776824728, 6.618912124649342, 4.933154175620796, 25.0, 0.0
34, 0 ,1.0,1.0,1.0,144.75195784500772,152.60100844916872,58.35141273734896,13.382804092602765,13.97136505179667,13.900675373066884,67.0,67.0,64.0,0.5248523163691978,0.6197793429141617,0.5834411813531658,14.953648028737932,0.019282976491483316,-0.693920687722776,0.7197931966669168,13.481469462616733,-0.8509748602746833,0.3665346439932244,0.3761570708271265,12.73442791726796,75.63611051900006,67.7730881496872,64.56162053297189,22.9182368208579,6.502436746482601,110070.0,330948.857234493, 0.0, 0.0,0.0,NaN, 214.67295912296308,214.67295912296308,0.0, 179.09944538098532, 19.725853844637072, 19.08782838698224, 19.725853844637072, 195.19904141056537, 12.43715811016758, 19.08782838698224, 12.43715811016758, 193.22877582738815, 6.147523316749925, 4.727944096746329, 19.0, 0.0
35, 0 ,1.0,1.0,1.0,24.638029494822717,14.44567513858383,264.3685493149252,13.811938936970082,9.139206477529699,19.41121739120525,50.0,41.0,78.0,0.07985589419531819,0.05931456351326297,0.9950401090998778,19.467553259433068,0.9949045515644453,0.0568915310177373,-0.08323633206003328,13.783063101876042,-0.06154648193533417,0.9966168452588434,-0.05446920513184161,9.062651624496025,81.47805637839818,55.17239687785701,42.05812620930394,24.09950031129134,8.384759841055683,95610.0,189065.56291467045, 0.0, 0.0,0.0,NaN, 45.665197968695715,45.665197968695715,0.0, 190.7696571985902, 7.510071385797653, 14.657397287845857, 7.510071385797653, 83.5250950389208, 17.009755727870246, 14.657397287845857, 17.009755727870246, 376.7953606086291, 6.255249377395017, 4.8151222329496415, 11.0, 0.0
36, 0 ,1.0,1.0,1.0,52.959888669046016,20.10275392640418,165.22208442597343,14.761845453433615,11.695772750640344,14.794899420831532,87.0,48.0,77.0,-0.6994001180605218,0.01425086121361704,0.7145882645353184,15.416465189358538,-0.711327774639436,0.08356270059431735,-0.6978753986894028,14.127848038281321,0.06965825064869798,0.9964006162302669,0.04830672926734391,11.675989943928872,78.66152063869819,70.92152610221514,50.605541905903024,22.945120033914982,6.86394179224968,105631.0,282317.94867183553, 0.0, 0.0,0.0,NaN, 146.19834831400368,146.19834831400368,0.0, 217.91208119105872, -4.770688828221037, -19.240289576802155, -4.770688828221037, 136.7911002346212, -2.657539021305427, -19.240289576802155, -2.657539021305427, 218.8890488725212, 6.5158409904627765, 4.826166441766228, 23.0, 0.0
37, 0 ,1.0,1.0,1.0,128.87948150999472,92.98028806989589,209.56498581134912,14.379421020312412,12.632440506665766,14.425943540877315,69.0,64.0,69.0,0.6524604275955799,0.08405598768678837,0.7531467196740564,15.25491729337677,-0.6472014556471256,0.5788234375242528,0.49607832444166483,14.39443443104159,0.3942406197109009,0.8111091289750139,-0.43206054513616343,11.599220010893445,72.0563535360103,71.28255992175517,59.27152588609745,23.060178044141875,6.5331720971441785,111709.0,304439.97404555604, 0.0, 0.0,0.0,NaN, 182.84897187336708,182.84897187336708,0.0, 206.76774887940243, -21.83475263152482, 24.91316191155755, -21.83475263152482, 159.57855315445005, 27.07793551778802, 24.91316191155755, 27.07793551778802, 208.1078470445799, 6.677428687752323, 4.824890658962283, 27.0, 0.0
38, 0 ,1.0,1.0,1.0,281.1981008513425,254.5162901113294,243.23240013097578,10.951408343004681,14.342849024141932,13.183095228935361,44.0,76.0,70.0,0.16250006939841746,0.973918375833227,-0.15835632181848103,14.45370810654841,0.028724251976225412,-0.16509069305522434,-0.985860020700176,13.155303414116183,-0.9862903450779166,0.15565365489096164,-0.054802325910216616,10.838495130458833,80.61399944738142,71.12040138795189,49.91443965429724,21.414930594858856,6.391041406306781,85512.0,286174.4567794325, 0.0, 0.0,0.0,NaN, 75.132148057424,75.132148057424,0.0, 119.93334469523255, 14.20732815878568, -3.927107987402165, 14.20732815878568, 205.7173181293292, -5.054462921957652, -3.927107987402165, -5.054462921957652, 173.7939998151783, 6.513188456732594, 5.021194858890096, 16.0, 0.0
39, 0 ,1.0,1.0,1.0,133.8637571230556,278.2048841059603,54.4516594794394,13.518623897251723,12.392591843771546,14.986197135780571,59.0,53.0,75.0,-0.12967006964217595,-0.048382753352180084,0.9903760812020127,15.01826907727387,-0.9788127243250883,0.16587033763251757,-0.12005282917521615,13.520100996848653,0.15846552854893195,0.9849599688676379,0.06886607285137593,12.35208857771624,74.85934903506941,63.713910915091404,57.48006878379823,22.718712935002056,6.691465598140148,103888.0,274155.8954280205, 0.0, 0.0,7.105427357601002E-15,7.955409189129408, 146.1489506223013,146.1489506223013,0.0, 182.7531920753454, -4.448416278725457, -5.820501036963028, -4.448416278725457, 153.57633260631306, -4.098476936892384, -5.820501036963028, -4.098476936892384, 224.5861045924778, 6.207237553676762, 4.648738192057263, 17.0, 0.0
40, 0 ,1.0,1.0,1.0,199.82557657782075,175.04293145513972,190.52050821709707,14.455315095004394,12.416185445224537,14.250336814363216,76.0,65.0,67.0,-0.9596686457017353,-0.2697471728261321,-0.07919945207705777,14.614128384044681,0.09178892850956383,-0.0343611137931573,-0.9951854633494,14.254337333973542,0.26572708379098947,-0.9623179186792701,0.05773508750087723,12.224197870323064,77.04401885506758,67.80195988744782,63.09395726180861,22.879183210981072,6.537038352896104,108615.0,329586.1428684166, 0.0, 0.0,0.0,NaN, 193.99727629101824,193.99727629101824,0.0, 208.95613449586187, 16.434694438315425, -0.03526190514289291, 16.434694438315425, 154.16166101020565, 3.20850591708036, -0.03526190514289291, 3.20850591708036, 203.07209932279557, 6.6179114298155275, 4.834579464872612, 33.0, 0.0
41, 0 ,1.0,1.0,1.0,104.92905177892231,216.14152652495991,275.94028208557415,14.104620623774727,14.362640303254375,12.613578888026852,73.0,69.0,54.0,0.5713077431444504,-0.8106655840356352,0.1281747770950138,14.532461275201392,0.7798346157445686,0.5848618495865712,0.2231470120451893,14.034567201693218,-0.2558621400475566,-0.027530487796928824,0.9663211875623694,12.49666453625462,70.55796475781071,64.48618662412855,57.33025021118402,22.80135999567059,6.665291751571487,105429.0,260853.44585374347, 0.0, 0.0,0.0,NaN, 136.45958928162398,136.45958928162398,0.0, 198.94032294061134, -6.87481036141195, 11.129739540355185, -6.87481036141195, 206.28543648066693, -0.3924247502950045, 11.129739540355185, -0.3924247502950045, 159.10237236447674, 5.38568700085751, 4.375993668426794, 22.0, 0.0
42, 0 ,1.0,1.0,1.0,175.55744064024827,280.01581225373104,173.68977766889202,13.325329849772212,11.331374049044102,15.825024337079228,71.0,49.0,75.0,0.33148041780919013,-0.07531828298583235,0.9404508965688272,16.146107346151595,0.8946003700863637,-0.29153759592846684,-0.33866799081340854,13.123268181932731,-0.29968468504477486,-0.9535895272119529,0.029259240272059974,11.112105943760241,77.98590236017466,71.39529659648345,55.00711333587526,22.570122782894522,6.854590161256152,97962.0,306270.07043510856, 0.0, 0.0,0.0,NaN, 178.43651701716604,178.43651701716604,1.9073486328125E-6, 177.56441560523032, -16.138048177372134, 28.00918336760308, -16.138048177372134, 128.40003783935015, -4.907132006381097, 28.00918336760308, -4.907132006381097, 250.43139526914985, 6.661375752465177, 4.9451830446697835, 30.0, 0.0
43, 0 ,1.0,1.0,1.0,240.57033188507074,94.01068473450208,186.5687924730856,13.419821854739832,12.266258257580333,13.71634264857288,65.0,61.0,71.0,0.6289835244991266,-0.3283118769808086,0.7046921578547584,14.105473898823025,0.6600502577125728,-0.2533973706965619,-0.7071940538619059,13.33008078067169,-0.41074734716395117,-0.9099456489029486,-0.05731956769174598,11.917857121901546,64.94681132232319,65.13260362671686,60.208598706370424,21.940319607762724,6.108448364100042,98739.0,254691.69996434482, 0.0, 0.0,0.0,NaN, 158.86010555679013,158.86010555679013,0.0, 180.09161861295283, -17.719611299878935, 8.589716532177306, -17.719611299878935, 150.4610916416577, -6.781495417809786, 8.589716532177306, -6.781495417809786, 188.1380556530593, 6.749634118330489, 4.751894009083492, 19.0, 0.0
44, 0 ,1.0,1.0,1.0,118.37174421269769,169.5095759798304,271.79735961494384,14.425234630276988,12.418026699102388,14.473644051354126,69.0,60.0,63.0,-0.7552670111658026,-0.08117128896192859,-0.6503714044243758,14.545071473337925,0.6209547813803615,0.22891286227496266,-0.7496759706472872,14.473941177481963,0.20973054456979634,-0.9700567629439752,-0.12248663331610352,12.277095584450908,71.17953369735176,75.13009540460897,57.04674265190383,22.969252459409663,6.647901535024945,109075.0,305070.30083516025, 1.4210854715202004E-14, 0.0,0.0,40.95129391275052, 178.42367980066092,178.42367980066092,3.3036247397782844E-6, 208.08739413854244, 12.082903627502699, 2.5236090977145413, 12.082903627502699, 154.20738709961975, -6.8737734780455915, 2.5236090977145413, -6.8737734780455915, 209.4863721252987, 6.069739384680419, 4.535440262907942, 17.0, 0.0
45, 0 ,1.0,1.0,1.0,91.9350060308821,266.0547364853415,42.99901312838303,12.322885489070272,14.200829235049401,13.729918797957994,61.0,64.0,65.0,0.4371797367342984,0.5759164170776928,-0.6907924133408835,14.706690366238897,-0.2639807740931987,0.8164199948246322,0.5135879116175762,13.949013789755217,-0.8597604484378685,0.0421743119794547,-0.5089531399952006,11.452772620771249,74.72290248857732,67.27272700001456,56.09424977234859,22.3600422934368,6.485077992896646,100317.0,281975.32752716664, 0.0, 0.0,0.0,NaN, 107.01981769276563,107.01981769276563,0.0, 151.85350677673867, 7.765761355347813, -34.30332281072007, 7.765761355347813, 201.66355096303374, -7.276718612876554, -34.30332281072007, -7.276718612876554, 188.5106701985203, 7.1063371883045345, 4.725926649218146, 18.0, 0.0
46, 0 ,1.0,1.0,1.0,50.8478421575875,187.03612973395533,47.80306236032867,15.778030877650286,11.58771357088017,14.964087734550388,75.0,60.0,73.0,-0.9814481298921002,-0.1912764381332465,0.01314886102892306,15.922558836666685,-0.005563025988212886,0.09696187399031886,0.9952725494728265,14.99359423630972,-0.19164712644116022,0.9767352349574285,-0.0962271256948996,11.349428966866803,74.55307485437679,72.46336279572641,59.85103110673623,23.65695155779428,6.891583917824517,117687.0,323337.2060824735, 0.0, 0.0,0.0,NaN, 132.78355247767766,132.78355247767766,0.0, 248.94625837608586, 23.361331116827824, -2.1409974110445056, 23.361331116827824, 134.27510580076049, 8.950499025754095, -2.1409974110445056, 8.950499025754095, 223.92392172732136, 6.714341819435248, 4.744113829096405, 26.0, 0.0
47, 0 ,1.0,1.0,1.0,279.0106144368978,235.54928657926604,48.2364555362502,11.747257342875423,13.50650660525408,14.028025664277235,49.0,61.0,66.0,0.11222614267629738,0.5871763060464864,0.8016416147616107,14.617810966365852,-0.06540863621317476,-0.8006232076100523,0.5955872645926238,12.908329081853124,-0.9915276109159706,0.11927474608564154,0.051444452932010214,11.70059497039841,66.91767341405367,64.27530818864449,54.012808690737046,21.864835675017883,6.256056321646934,94965.0,232317.41257803765, 0.0, 0.0,0.0,NaN, 83.19377626636972,83.19377626636972,0.0, 137.99805507974057, 6.615724942116573, 5.749377695145204, 6.615724942116573, 182.4257206777721, 21.966859051888406, 5.749377695145204, 21.966859051888406, 196.78550403762077, 6.352282995706749, 4.591075599819396, 12.0, 0.0
48, 0 ,1.0,1.0,1.0,187.32543841738698,67.15463145715647,61.81929036502643,11.987556206240525,12.92675261395876,13.506612185548708,59.0,64.0,73.0,0.06292969073522366,0.3722009979590588,0.9260163449649523,13.610646174881856,-0.21810925650058793,-0.9002977841057941,0.37668587996228015,12.86658799931911,-0.9738933238567404,0.22567746243804962,-0.024525021810242378,11.934497627844653,69.7298615349085,65.15255853323202,57.8324318427793,21.339495636471387,6.15279900956784,88158.0,262737.299982807, -2.8421709430404007E-14, 0.0,0.0,86.39201027637245, 145.00664127968764,145.00664127968764,0.0, 143.70150379777573, 5.5421926937337265, 0.5958910073662466, 5.5421926937337265, 167.10093314248962, 6.918038450782, 0.5958910073662466, 6.918038450782, 182.42857273081285, 5.955886618565533, 4.532770096033246, 29.0, 0.0
49, 0 ,1.0,1.0,1.0,230.97309209275804,242.32851406576697,286.2623194259646,17.87356930842624,14.798456965376765,7.904653256730566,89.0,68.0,33.0,-0.9599914813525096,-0.27995551244492056,0.0064239226580558575,18.135010486241985,-0.2777525139273976,0.954855282255195,0.10537993621350913,14.534858757247077,-0.035635610526909445,0.09937958040288938,-0.9944112842588425,7.7975398081149025,94.67777375105575,72.30144347258641,35.54689503871015,23.233278022638636,7.820303306850855,84176.0,243330.57206805862, 0.0, 0.0,0.0,NaN, 90.99141812638997,90.99141812638997,0.0, 319.4644798231165, 32.14285644790575, -6.057116594993794, 32.14285644790575, 218.9943285561081, 14.65761120644584, -6.057116594993794, 14.65761120644584, 62.48354310914115, 6.968285063015411, 5.198578181952642, 20.0, 0.0
