// Sample: .//bubblelabels.tif, Map: .//bubblelabels.tif, Thickness:(8.191250068658265):/afs/psi.ch/project/tipl/test/LabelValidation/Step3500//distmap.tif, Neighbors:(1.0):
//LACUNA_NUMBER, TRIANGLES, SCALE_X, SCALE_Y, SCALE_Z, POS_X, POS_Y, POS_Z , STD_X, STD_Y, STD_Z,PROJ_X, PROJ_Y, PROJ_Z, PCA1_X, PCA1_Y, PCA1_Z, PCA1_S, PCA2_X, PCA2_Y, PCA2_Z, PCA2_S, PCA3_X, PCA3_Y, PCA3_Z, PCA3_S,PROJ_PCA1, PROJ_PCA2, PROJ_PCA3,OBJ_RADIUS, OBJ_RADIUS_STD, VOLUME, VOLUME_BOX, Mask_Grad_X,Mask_Grad_Y,Mask_Grad_Z,Mask_Angle, Mask_Distance_Mean,Mask_Distance_COV, Mask_Distance_STD, SHAPET_XX, SHAPET_XY, SHAPET_XZ, SHAPET_YX, SHAPET_YY, SHAPET_YZ, SHAPET_ZX, SHAPET_ZY, SHAPET_ZZ, Thickness, Thickness_STD, Neighbors, Neighbors_STD
1, 0 ,1.0,1.0,1.0,78.76580346382318,138.11210625164412,38.09375325001071,15.13235087311687,15.362916828177504,16.204564456810935,84.0,80.0,78.0,-0.07381618756589188,-0.4585401911402209,0.8856026555754715,16.515157093439722,0.8883163520469802,-0.43384022415742995,-0.1505879098366709,15.155253416740148,0.45326066356919137,0.7755794949662618,0.4393531812206395,15.00543387259943,87.386224173243,81.32310995201635,76.42557451960214,25.97477457465067,7.273668362506836,163461.0,543119.8369010228, 0.0, 0.0,0.0,NaN, 163.49354643300072,163.49354643300072,0.0, 228.98804294712087, -0.13071220948489326, -3.7153323305442383, -0.13071220948489326, 236.0192134694995, -19.02927932844212, -3.7153323305442383, -19.02927932844212, 262.5879092349403, 7.119719568596487, 5.518730987612583, 47.0, 0.0
2, 0 ,1.0,1.0,1.0,58.27285388985917,261.188866535494,13.107067848694538,14.267418311819458,18.81430285775291,8.26711429401043,78.0,84.0,34.0,-0.19504651364648187,-0.9807500110929882,-0.009288339757814023,18.979619184950423,-0.9792892049112069,0.19421413558870707,0.05721470686727466,14.062774089898637,-0.05430939751764362,0.02025549996014222,-0.9983186886273517,8.239832313139622,87.18486567617813,74.22790928773716,36.65096399397756,23.642058739032937,8.181409086338702,90466.0,237188.55705525042, -7.105427357601002E-15, 0.0,0.0,78.75255919780678, 71.23078554149781,71.23078554149781,0.0, 203.5592252844412, 31.22096719693437, -6.746798385881726, 31.22096719693437, 353.97799202324927, 4.106069006446706, -6.746798385881726, 4.106069006446706, 68.34517875023157, 7.628006736830052, 5.5497151765603325, 22.0, 0.0
3, 0 ,1.0,1.0,1.0,75.7416370478779,15.414279740748484,257.67280995191305,16.266508705098524,9.20086675976921,15.760008975408198,74.0,37.0,80.0,-0.7993886641465842,0.126672888471715,0.5873088990983981,17.082841018332857,0.5816617769371895,-0.0816801965114965,0.8093194194804143,15.017218121522637,-0.15049033485314323,-0.988575907466936,0.008386554221668509,8.960627216997457,86.12778414506425,93.35144815883547,39.87970938882411,23.23822219770883,7.590663118523185,95660.0,320638.9801025079, 0.0, 0.0,0.0,NaN, 88.12483543238756,88.12483543238756,NaN, 264.5993054530461, -28.319402845571172, -30.946879594798833, -28.319402845571172, 84.65594913102598, 6.136969910158156, -30.946879594798833, 6.136969910158156, 248.37788290494694, 6.893132280962576, 5.2396833524085, 33.0, 0.0
4, 0 ,1.0,1.0,1.0,152.9728549656053,173.06217819335174,14.550428389010174,15.002384250409865,18.346203176286792,9.034744149516087,74.0,99.0,38.0,-0.4298497399582263,-0.9028899559625287,-0.004350687282344124,19.21776819036892,-0.899676184079291,0.42790292075511704,0.08649771216492266,13.898866837954872,-0.07623624373203929,0.041095228813375184,-0.9962425494378392,8.987780172645502,96.93988266028688,71.12917360727187,40.355734548560655,23.885217432514928,8.530984364727239,97108.0,278263.02970603714, 0.0, 0.0,1.7763568394002505E-15,89.75072319433106, 194.7868243703486,194.7868243703486,0.0, 225.07153319694598, 68.7149040420752, -8.207213316787172, 68.7149040420752, 336.5831709855956, 5.29360622592527, -8.207213316787172, 5.29360622592527, 81.62660184721514, 7.630515433076054, 5.60705828586056, 27.0, 0.0
5, 0 ,1.0,1.0,1.0,17.07978062470543,162.01591756287758,12.594284245254723,10.074992911896242,14.374065597419445,7.942149323204093,40.0,73.0,34.0,0.03963507806827714,0.9963027722118076,0.076222350197227,14.408627748872746,0.9966451071124249,-0.04488463844368602,0.06843902176859668,10.076773676060688,0.07160719974544769,0.07325404640596123,-0.9947392892762252,7.876995526316658,71.8733696836565,41.60358489297973,36.936476050977205,18.264936669590167,6.130992440185782,46678.0,110447.0753088198, 0.0, 0.0,0.0,NaN, 139.60638204556741,139.60638204556741,0.0, 101.50548217475954, 3.9812700414723072, 3.133636519788123, 3.9812700414723072, 206.61376179891724, 10.932697347910707, 3.133636519788123, 10.932697347910707, 63.07773587207124, 7.7684135098228815, 5.220681714318088, 14.0, 0.0
6, 0 ,1.0,1.0,1.0,275.61188265396436,203.1333177773129,209.62230250559213,16.032931656588477,15.423108989463689,14.349509188297702,69.0,88.0,72.0,0.7977347439862008,0.35919674603247786,-0.4843521197196835,17.056271463895374,0.36201075551190337,-0.9276514190163162,-0.09171181870792731,15.186508214629354,0.4822525180141332,0.10217897257603736,0.8700528526660514,13.389890751893995,97.71379735056783,81.08583486117593,73.04993519636065,25.1343651783073,8.312598236067469,124282.0,578789.5997900111, 0.0, 0.0,0.0,NaN, 134.70732198698684,134.70732198698684,0.0, 257.05489750483696, 14.74480388396106, -44.835580505143696, 14.74480388396106, 237.87229090087567, -15.052742394032288, -44.835580505143696, -15.052742394032288, 205.90841394504017, 6.143804289955345, 4.958338881123289, 39.0, 0.0
7, 0 ,1.0,1.0,1.0,189.28512765750898,113.85973206484807,234.1574604407339,13.375278432757892,12.98704493965011,13.611066093385057,66.0,64.0,67.0,0.55541087139072,-0.30660881583287736,0.7729875794568507,14.044729544119486,-0.8122297853738655,-0.39935940416303806,0.42519976723660996,13.076917204193501,0.17832986203248477,-0.8640041089949182,-0.4708453673419449,12.82818529972153,67.8553658976441,72.30177650082187,62.39484509339621,22.238864721415823,6.185097050118008,103010.0,306113.07207047613, 0.0, 0.0,0.0,NaN, 171.9216727446153,171.9216727446153,0.0, 178.8980731537984, -3.4771982378085258, 11.810253658821543, -3.4771982378085258, 168.6633362644915, -8.84232457132158, 11.810253658821543, -8.84232457132158, 185.26112019849634, 6.41375679149175, 4.821673644942607, 33.0, 0.0
8, 0 ,1.0,1.0,1.0,118.17945447985971,182.88931864517699,112.95106931008733,14.636942806058334,14.84852747258637,15.060923197619527,83.0,80.0,76.0,0.5278924781658959,0.6144933138463408,0.5862827805197853,15.938437288077559,-0.4012843965999964,-0.42793243690896765,0.8098423689129438,14.580654572283061,-0.7485321399520836,0.6627758268670441,-0.02068426405411519,13.961411083208919,93.2473069098632,77.62849571767812,75.4448619042047,24.48479002500787,7.876885666800873,119189.0,546118.8111919108, 0.0, -2.8421709430404007E-14,-1.4210854715202004E-14,34.77455148678582, 201.09509990758173,201.09509990758173,0.0, 214.24009470782283, 22.210492272762632, 12.551263778759202, 22.210492272762632, 220.4787681041522, 15.171144202390145, 12.551263778759202, 15.171144202390145, 226.831407564594, 5.639382426774685, 4.544565720514366, 50.0, 0.0
9, 0 ,1.0,1.0,1.0,259.8609607404498,140.28592530610155,124.9562663296846,15.767368639132622,13.672618229291848,13.258922398688274,79.0,69.0,65.0,-0.9832752262860077,-0.15700273174085783,0.09230369222359708,15.836355708684405,0.1744110176349905,-0.9576784039124085,0.22898225172992928,13.638578515189128,0.052446413602144956,0.24125135627741034,0.9690444555305925,13.211678174015015,82.90468804574354,66.64679734208005,63.69711965776426,23.68510905085905,7.096832777344171,117118.0,351947.72991532483, 0.0, 0.0,0.0,NaN, 192.10765681441197,192.10765681441197,0.0, 248.60991380230288, 9.855402309504488, -6.461920106964088, 9.855402309504488, 186.94048924396375, -3.6184915263422526, -6.461920106964088, -3.6184915263422526, 175.7990231744376, 5.785254084606815, 4.568265219134456, 39.0, 0.0
10, 0 ,1.0,1.0,1.0,22.829974032397676,131.65483698116319,191.67216932525452,12.735786805904834,13.656936568840118,12.988438005160432,53.0,67.0,60.0,0.2800328434758054,-0.95991641115072,0.011920158487928602,13.739481927499742,0.038257429175572566,0.023566068334869288,0.9989899947127161,12.98896322420585,0.9592278017695961,0.27929397420416796,-0.04332320723942704,12.646152559130938,70.0156705869272,60.83125331544292,58.929770508714796,21.891081784920747,6.179987225768439,97044.0,250990.20131262735, 0.0, 0.0,0.0,NaN, 172.01489096457007,172.01489096457007,0.0, 162.20026556545963, -7.746704482614148, 0.4321626671066559, -7.746704482614148, 186.5119164453225, -0.12320201435711631, 0.4321626671066559, -0.12320201435711631, 168.69952181389593, 6.38264247571869, 4.686033264140318, 29.0, 0.0
11, 0 ,1.0,1.0,1.0,47.049622697344084,248.654610860398,212.90996522897092,13.320534947837732,14.078880242347129,13.612907508901435,61.0,69.0,74.0,-0.2538797171452805,0.646757225978236,0.7192010705408944,14.889168849597969,-0.7263820983268823,-0.618475101101528,0.2997625669553987,14.379129288287976,-0.6386815610712958,0.4463111470290554,-0.6268111546431994,11.511562139852447,77.39384151758776,71.33398480939348,61.85858748688739,22.782839860854136,6.473405509886626,108136.0,341509.5773654708, 0.0, 0.0,0.0,NaN, 111.51094178724637,111.51094178724637,0.0, 177.43665129656637, 18.711949379698762, -32.44773131444387, 18.711949379698762, 198.21486887835235, 27.713502361255596, -32.44773131444387, 27.713502361255596, 185.31125084590505, 6.995712062742887, 4.94866019416192, 39.0, 0.0
12, 0 ,1.0,1.0,1.0,262.5764026537059,281.11166924615566,23.63062622751998,18.15412677294626,10.8328408763914,13.911111556766484,81.0,48.0,62.0,0.9906427777485735,0.09704030609523595,0.09596908818746397,18.252076501669467,0.0808722565699731,0.14904815570948912,-0.9855172882283091,13.921401352947237,0.10993891491128487,-0.9840568206524171,-0.13980561045818754,10.653547429546022,84.2376433574544,66.81530123830635,52.710051214891706,24.068459100706217,7.819914424324648,110487.0,296671.3292124999, 0.0, 0.0,0.0,NaN, 48.12173285438637,48.12173285438637,0.0, 329.5723188882042, 22.082528660010357, 14.480858098241102, 22.082528660010357, 117.35044145321638, -9.750827395034174, 14.480858098241102, -9.750827395034174, 193.519024744802, 6.0492218899468675, 4.622570834963717, 22.0, 0.0
13, 0 ,1.0,1.0,1.0,135.35272374119256,21.543113101903696,249.18950737793458,14.763949321396028,12.533181316103567,13.030384911499572,65.0,53.0,64.0,-0.952058099420688,-0.304353820986004,0.03088894589795608,14.989722608815912,0.15856234807681566,-0.40459695633537157,0.9006438167758224,13.250035997019625,-0.26161681348841903,0.8623630642457816,0.4334588657817404,12.024580100666752,71.06806129315605,65.58506328814164,59.50296815357929,22.409726541500614,6.530690678948399,100909.0,277343.53078541264, 0.0, -3.552713678800501E-15,0.0,72.28070753785339, 146.1717199282336,146.1717199282336,NaN, 217.97419956475022, 21.22330986694917, 2.0675644778679643, 21.22330986694917, 157.08063390232755, -12.039510369220679, 2.0675644778679643, -12.039510369220679, 169.7909309418357, 6.828911252188608, 4.709178314534768, 26.0, 0.0
14, 0 ,1.0,1.0,1.0,234.44176688669862,240.75736956325164,9.326069264852157,13.957179252551606,12.40847207394004,6.271487661264899,65.0,66.0,25.0,-0.9927779451082669,0.10022834778618073,-0.06592594335054315,13.995508396323988,0.10179912402057875,0.9945852665981452,-0.02090659739266889,12.394862514654093,-0.0634735382285361,0.027466812082015277,0.9976054752149277,6.212706121671308,65.63039939216463,64.35108103237377,27.057384679709394,18.664316944474866,6.304590579822484,44236.0,114273.81075461174, 0.0, 0.0,0.0,NaN, 88.85126199405346,88.85126199405346,0.0, 194.802852687857, -4.002679175446771, 10.048895795873646, -4.002679175446771, 153.97017920974983, -3.431194018002209, 10.048895795873646, -3.431194018002209, 39.33155748539787, 6.158050134015381, 4.598707700902241, 16.0, 0.0
15, 0 ,1.0,1.0,1.0,144.9003523573806,151.5517867811117,58.47517038734927,11.98343476981013,12.032010237690002,13.214654775985768,55.0,60.0,63.0,0.12149521319676379,-0.2670985438599724,0.9559797492824601,13.352692670159623,0.7316070992933636,0.6749886516254788,0.09561052473638983,12.27986779279549,-0.6708129138842087,0.6877853502690355,0.2774190810335093,11.571928341395155,67.39706982333367,62.721170000328556,64.74336994033162,20.708879043807034,5.8430650210019675,82019.0,273684.6672946762, 0.0, 0.0,0.0,NaN, 215.52802526122468,215.52802526122468,0.0, 143.60270888229437, 6.89822789063549, 6.336307045633357, 6.89822789063549, 144.76927035987703, -10.243538524247658, 6.336307045633357, -10.243538524247658, 174.62710084848348, 5.77259279083442, 4.5016676915591365, 28.0, 0.0
16, 0 ,1.0,1.0,1.0,31.285896205843873,11.138665503706934,71.78953336240733,14.698396806455621,7.2493568572407465,13.64091720676738,72.0,30.0,59.0,0.9065377936948198,0.04279854101368433,0.419949417775556,14.97876289802929,-0.42127805949596947,0.0287524751678101,0.9064756432243699,13.348176920790236,-0.02672124978811631,0.9986699054536612,-0.04409529170939525,7.2203532255309195,76.60935542596704,67.11623198342528,30.781854037979464,20.178930899148284,6.890675840072732,57325.0,158272.02148243142, 0.0, 0.0,0.0,NaN, 79.09876276528288,79.09876276528288,0.0, 216.0428686800248, 5.15555884971214, 17.435836680741485, 5.15555884971214, 52.55317484362343, 6.380566930697564, 17.435836680741485, 6.380566930697564, 186.0746222418824, 6.248089046884821, 4.5914007620778445, 23.0, 0.0
17, 0 ,1.0,1.0,1.0,217.90202930479455,28.764346149828597,269.1371513764517,12.50951577797764,13.402235315065752,14.810948753364766,61.0,62.0,63.0,-0.1823178297662137,-0.3267538718058765,0.9273575988847056,15.089870854270542,0.08670834769826656,-0.9448338849875894,-0.3158648321967737,13.186510291156399,-0.9794089398146082,-0.02282185441913978,-0.20059235172881631,12.404992678648684,70.53320287065898,63.16149643128715,62.75622333365243,22.655518357869443,6.496120946451075,105307.0,279577.8855913926, 0.0, 3.552713678800501E-15,0.0,70.9281333088381, 92.303736797911,92.303736797911,0.0, 156.4879849994715, 2.7591875110656208, -13.028858568273142, 2.7591875110656208, 179.6199114403956, -16.40001568216718, -13.028858568273142, -16.40001568216718, 219.3642029747973, 6.2218189981821945, 4.652690505227594, 30.0, 0.0
18, 0 ,1.0,1.0,1.0,161.37988130998608,257.2723520648643,280.7146555303197,14.527870670200999,12.865247196776478,11.116497947323356,68.0,62.0,47.0,-0.9347319123974943,0.3552790330801565,-0.007284270680905381,14.785464011241473,0.3217346916121512,0.8374185355340288,-0.4418336616389442,12.999445141816915,-0.15087425280331182,-0.415339626086498,-0.897067419341139,10.609176133624688,71.66197195652174,74.5271867568888,56.77188016319826,21.392020218934913,6.521626270321328,81894.0,303205.2800617485, 0.0, 0.0,0.0,NaN, 146.33220327397754,146.33220327397754,0.0, 211.05902621008642, -20.015982522992378, -7.299728106433302, -20.015982522992378, 165.51458543416504, -21.15390232432449, -7.299728106433302, -21.15390232432449, 123.5765266128444, 6.474788079228999, 4.87052634034029, 27.0, 0.0
19, 0 ,1.0,1.0,1.0,39.88611955420466,83.90118203309693,37.95841173348772,12.516053466420068,12.571100439825921,15.891946725002109,63.0,64.0,76.0,0.09284818753042313,-0.06472512749754226,0.9935742911039624,15.934847275061125,0.6721830938800457,0.740241140350396,-0.014592547227786478,12.895994298866754,-0.7345400617898009,0.6692187325554864,0.1122371846700662,12.124854832815755,76.98025910952435,70.15822896849963,68.82268802742502,22.80935488217084,6.85357287931067,103635.0,371697.48022040527, 0.0, 0.0,0.0,NaN, 100.35512892210421,100.35512892210421,NaN, 156.6515943742858, 8.95807160085504, 9.673104407570968, 8.95807160085504, 158.03256626819146, -7.083542292057365, 9.673104407570968, -7.083542292057365, 252.55397071030524, 5.855191216744821, 4.427493135012053, 35.0, 0.0
20, 0 ,1.0,1.0,1.0,188.3765166600292,281.1500199123855,59.715770609318994,13.879306542924331,10.815861979979717,12.084204634684902,68.0,49.0,62.0,-0.9660679181597925,-0.04310686990861058,0.25466561461863246,14.011508044425845,0.24993716012581846,0.09267186697028258,0.9638170682554252,11.946258199261466,0.06514747493682806,-0.9947631491158709,0.07875330894909091,10.798637853587875,73.08469188502124,63.477637192938616,51.90344816191893,20.46368637644663,6.073183845546596,75330.0,240792.7374108027, 0.0, 0.0,0.0,NaN, 127.98865981686427,127.98865981686427,0.0, 192.63515011246216, 3.9241203401699987, -13.323103700944003, 3.9241203401699987, 116.98287036997077, 1.456379614284928, -13.323103700944003, 1.456379614284928, 146.02800165294008, 6.204980854120575, 4.7143103379818285, 32.0, 0.0
21, 0 ,1.0,1.0,1.0,281.39770645409413,104.36021257254737,167.3520732815887,10.825020304594673,13.123603813789186,12.145766166102332,44.0,69.0,58.0,-0.29945170035275254,0.9537675676567222,-0.025614566988827053,13.353110793664943,0.06122018809960339,-0.007583916848917516,-0.9980954727751636,12.149682369614615,0.9521453501041186,0.3004495150460532,0.05611881309950356,10.536096424549735,77.05128558681182,59.48181116485745,52.23487692080238,20.049336625511685,5.912172045430153,71505.0,239400.2771668855, 0.0, -1.4210854715202004E-14,0.0,17.490352996845118, 169.80156582331136,169.80156582331136,0.0, 117.18106459488696, -19.237294247089057, -1.7205406612379577, -19.237294247089057, 172.22897706130206, -1.3669862459111883, -1.7205406612379577, -1.3669862459111883, 147.51963576163612, 6.146625805645921, 4.631071308708487, 23.0, 0.0
22, 0 ,1.0,1.0,1.0,275.8568330246613,207.0663320011697,9.820596549371285,13.790830429972102,11.530626293944241,6.197030596989192,57.0,50.0,23.0,-0.9993781342216218,-0.0016397070769253465,-0.03522294991070896,13.797691290515527,-5.27486108145913E-4,0.9995016343035279,-0.0315627119079296,11.534709762732767,-0.03525714960282728,0.031524504520755434,0.9988809433644256,6.174116992737695,57.063663672056805,50.26811338618623,24.786900950100556,18.054234048135523,5.965749561789622,41036.0,71100.79695108543, 0.0, 0.0,-1.7763568394002505E-15,87.98145609480069, 96.51944506627368,96.51944506627368,0.0, 190.1870039482445, 0.19945171329740102, 5.361170794608495, 0.19945171329740102, 132.95534273059832, -2.9859553515787756, 5.361170794608495, -2.9859553515787756, 38.403188220020226, 6.851176475558275, 4.7618414232493596, 11.0, 0.0
23, 0 ,1.0,1.0,1.0,51.487459750081236,186.97146317686332,46.054336159443835,14.150831840256348,11.97096659599275,15.272114575600854,71.0,61.0,82.0,-0.43946542662451743,0.144516464342414,0.8865580242351305,15.828489301268442,-0.8511495350293541,-0.38242719491966287,-0.3595746231384975,13.951609552418764,0.2870794451385275,-0.9126140652651836,0.2910686517973193,11.471664393642056,88.09087998633336,74.14135793137422,64.43570753764507,22.922778496886096,7.164760470981145,101553.0,420841.04091818334, 0.0, 0.0,0.0,NaN, 132.46663929828694,132.46663929828694,0.0, 200.24604177121287, 12.968397372364555, -27.04512720353865, 12.968397372364555, 143.3040412423742, 23.908958535838213, -27.04512720353865, 23.908958535838213, 233.23748361028007, 5.500604558735022, 4.239159023470463, 36.0, 0.0
24, 0 ,1.0,1.0,1.0,90.12227188773893,267.97109321209604,38.509218478486574,11.411445601747399,14.173351296321922,13.70277292675741,60.0,60.0,67.0,-0.16033830172103897,-0.7421643126291118,0.6507563000547671,15.229042433047182,0.3232824697052719,-0.6624075244231333,-0.6757993166383608,12.79697168022668,-0.9326200050301696,-0.10202158912393663,-0.34613800942709794,11.09886237236911,76.56934978784446,64.48517515764561,54.57331229769579,21.84640434150027,6.4502388266270305,91501.0,269460.5282527289, 0.0, 0.0,0.0,NaN, 103.10593905328437,103.10593905328437,0.0, 130.22109072164005, 4.250143814199494, -20.211135794552156, 4.250143814199494, 200.8838869689503, -34.35265316362007, -20.211135794552156, -34.35265316362007, 187.76598588227583, 5.9095306869753115, 4.281345069626642, 31.0, 0.0
25, 0 ,1.0,1.0,1.0,69.44913432900952,60.644665786631464,160.86626010494965,12.76318906505921,13.799744528656214,12.680779624982813,59.0,68.0,62.0,-0.5580414520159201,0.8213877627003343,-0.11794863762716341,14.452085738586344,-0.41480928858374116,-0.39922845091475523,-0.817649006655579,13.178497709239922,-0.7186953401383745,-0.4073558484499089,0.5635052979316524,11.47164033589402,74.3363332366593,71.84229907286206,62.18090245337523,21.752640792454216,6.399744886980213,91663.0,332076.6795320125, 0.0, 0.0,-2.8421709430404007E-14,83.22627262849996, 166.91062076633878,166.91062076633878,0.0, 162.898995110447, -28.447838776494912, 19.355813553334524, -28.447838776494912, 190.4329490561771, 6.248769491270356, 19.355813553334524, 6.248769491270356, 160.80217189737928, 6.0938231588653915, 4.411872731564641, 36.0, 0.0
26, 0 ,1.0,1.0,1.0,123.38929258902792,168.64302213666988,271.6508301251203,12.297879496707816,11.90282566522118,13.745121211063422,64.0,61.0,63.0,-0.37786448980672904,-0.007017197861509467,0.925834319021105,14.019459730346535,-0.6828694351675731,0.6773845356798912,-0.2735681365503994,12.42967950433394,-0.6252261685638406,-0.7355956428336906,-0.26075139191779834,11.436838388634891,72.43210099723953,65.01523937705706,63.44880169875432,21.043860119492187,6.244950545063205,83120.0,298792.4868943872, -1.4210854715202004E-14, 0.0,0.0,67.79853317698391, 182.43697155895492,182.43697155895492,0.0, 151.2378401155465, -10.786464272116827, -18.57325025491648, -10.786464272116827, 141.67725881664802, -4.818185376894078, -18.57325025491648, -4.818185376894078, 188.9283571068256, 5.608773429109871, 4.243718968842501, 29.0, 0.0
27, 0 ,1.0,1.0,1.0,275.0806669905608,206.60022209883397,286.5045287340366,15.367070719313437,13.534619427562596,7.740233159463866,66.0,62.0,34.0,0.9754466781145026,-0.1863502963041859,-0.11737693650255303,15.526374777136402,-0.17956424253358344,-0.9815265868623247,0.06604727159948626,13.466475429843713,0.12751651249435392,0.043348890986251755,0.9908886984376898,7.538548977191656,73.82890052826804,64.81721521534774,38.95128484518716,20.66323611471878,7.230122279157894,57632.0,186396.84494200427, 0.0, 0.0,0.0,NaN, 97.60440263795947,97.60440263795947,1.9073486328125E-6, 236.14686249238042, -11.54430581165808, -22.571115943998876, -11.54430581165808, 183.18592304895486, -4.04214078928032, -22.571115943998876, -4.04214078928032, 59.91120936286398, 5.16608772200296, 4.178516730145782, 15.0, 0.0
28, 0 ,1.0,1.0,1.0,12.38906985834745,248.94209184148318,80.38586825009773,7.607054349403272,11.876964242360025,13.677681078506795,30.0,53.0,58.0,-0.04569542240279788,0.15136199472630893,0.9874216297630425,13.72686405453835,0.02757305989436098,-0.9878864352795376,0.1527092576065704,11.834293350346135,-0.9985748117890271,-0.03420434976959401,-0.040968374599774225,7.584933704429643,57.984437317334255,51.9310033107495,31.85009051256538,18.78573981894787,5.753650548061868,53723.0,95906.67425113739, 0.0, -2.8421709430404007E-14,0.0,81.29413560758444, 96.0327384374757,96.0327384374757,0.0, 57.867275874775245, -3.153092784667293, -5.558632581269471, -3.153092784667293, 141.06227961429863, 7.114595910988607, -5.558632581269471, 7.114595910988607, 187.0789596853428, 7.865842346353643, 5.070662872760198, 25.0, 0.0
29, 0 ,1.0,1.0,1.0,62.85856491840108,39.09766299235609,31.17719796527822,12.445687481824615,14.432139387257587,15.560537535235506,64.0,73.0,68.0,-0.3969135396062284,0.19772099358267303,0.8963068954180459,16.179130447844575,0.13611158989076472,-0.9530461167738007,0.27051198568601037,14.502868331973216,-0.9077077047016089,-0.22936762630994897,-0.35136478882534067,11.541865562855422,77.2897248166587,77.6911484832588,62.39736643086438,23.527129511716886,7.1962691384362465,109499.0,374679.1813214042, 0.0, 0.0,0.0,NaN, 80.32337211566035,80.32337211566035,0.0, 154.8951368952459, -20.092197127255965, -42.89284591742083, -20.092197127255965, 208.2866472932318, 2.8994332821239817, -42.89284591742083, 2.8994332821239817, 242.13032838547306, 5.788492561429068, 4.10725809335185, 29.0, 0.0
30, 0 ,1.0,1.0,1.0,133.44934621134817,140.97168893424143,174.336517240561,13.022645766951564,12.3412919792384,13.045498946747024,63.0,63.0,63.0,-0.4791824161886551,0.5179316599330974,0.708612029007798,14.036550567303143,-0.8768653295559183,-0.24696511867635618,-0.4124505109464215,12.706928514547212,-0.038618723935329814,-0.8189963527367622,0.5724976579563336,11.558159419026117,79.1344323335139,65.41857391361518,67.22451636615124,21.249050900478355,6.3686473514263175,84278.0,348012.0247977299, 0.0, 0.0,0.0,NaN, 231.24241822044812,231.24241822044812,NaN, 169.5893027715015, -9.706742684208413, -11.457828945870768, -9.706742684208413, 152.30748771681408, 26.12033899874188, -11.457828945870768, 26.12033899874188, 170.18504276957773, 5.123396971624324, 4.021383990497341, 31.0, 0.0
31, 0 ,1.0,1.0,1.0,239.00708131453752,92.26509986188148,180.32781224650867,13.432823427793373,12.952782285171514,14.329373115627746,68.0,72.0,72.0,-0.19643574119352253,0.47950901211809493,0.8552684414143206,14.669166067277207,-0.8026673940111021,0.42233577798233546,-0.421138392013221,14.077427607859036,0.5631501169077191,0.7692227232301352,-0.301924407581166,11.840094885275793,79.04803068800334,80.81069561458608,61.70095425520772,22.352493713958605,7.342497723778139,91226.0,394141.151313288, 0.0, 0.0,2.8421709430404007E-14,31.210596303985312, 162.955261664057,162.955261664057,0.0, 180.44074524227452, -26.721145885063343, 7.001460474960538, -26.721145885063343, 167.77456892705297, 20.443252895340844, 7.001460474960538, 20.443252895340844, 205.33093388687521, 5.3068191082009415, 4.166838888939981, 41.0, 0.0
32, 0 ,1.0,1.0,1.0,272.4240820452248,64.4086247430408,237.83779486422333,14.328058695503369,12.646376807256415,11.769529136938129,64.0,62.0,56.0,0.9718329358174833,0.1743416839050716,0.1585740272349661,14.4358996949197,0.19877906072358598,-0.9678452980126111,-0.1541504593983725,12.617160080537099,0.1266002759800331,0.18132968970365695,-0.9752394135563613,11.668676014803767,70.05562513004753,64.98094317398005,56.04283102677937,21.51378728789704,6.3955363316370075,88049.0,255122.69220532003, 0.0, 0.0,0.0,NaN, 93.66451804008133,93.66451804008133,0.0, 205.29326598178972, 7.807629298400308, 10.42646412531545, 7.807629298400308, 159.93084635111296, 5.433712802872361, 10.42646412531545, 5.433712802872361, 138.5218161052356, 5.484382854824837, 4.212255262793758, 32.0, 0.0
33, 0 ,1.0,1.0,1.0,129.71278077348856,276.4509278767751,58.31929912271304,13.669781985593573,12.379576433709927,12.286644155007181,67.0,55.0,62.0,-0.9098767239845946,0.09012255572668644,0.40497193989257074,14.078753317403581,-0.1756822367729401,0.8005898443436109,-0.572880138263083,12.98079404030047,-0.37584584450744996,-0.592396679669259,-0.7126051326529432,11.151958030520667,75.21954803572686,67.22796212068963,67.47157516169997,21.23113601635788,6.349593708139345,84009.0,341194.1021700534, 0.0, 0.0,0.0,NaN, 144.1565293145629,144.1565293145629,0.0, 186.86293953365856, -12.262871374034718, -22.768103792070843, -12.262871374034718, 153.25391267806617, -17.546961508488664, -22.768103792070843, -17.546961508488664, 150.96162459177214, 6.029930938463213, 4.299087413860132, 25.0, 0.0
34, 0 ,1.0,1.0,1.0,35.83585573568644,174.79220962446132,208.34301251795608,11.281726862075622,13.078899836110725,12.570904215213297,58.0,71.0,65.0,-0.1281159897646762,-0.9508018375118783,0.2820676495996182,13.166422526419018,-0.10557253885519433,-0.2697207237163344,-0.957133830891796,12.523865928789396,-0.9861240957436777,0.1524027459791077,0.06582302645535003,11.232128683160525,73.70546304747914,65.7500382572824,54.52909030436931,20.518346935272927,5.946432018053537,77968.0,264255.4429260504, 0.0, 0.0,0.0,NaN, 159.25514962260192,159.25514962260192,0.0, 127.27736099047868, 6.622636194000839, 1.3953144136671551, 6.622636194000839, 171.05762092301717, -4.734979147811788, 1.3953144136671551, -4.734979147811788, 158.02763278806742, 5.886345102877746, 4.264686899191277, 41.0, 0.0
35, 0 ,1.0,1.0,1.0,198.88425641312244,175.25930531492762,191.6601743698653,12.820330879777169,10.585830512694187,12.464231931508767,67.0,50.0,59.0,0.7768094238249573,0.1862099594255396,0.6015754068007406,13.611479242398929,-0.5642263526044881,-0.21844452198721506,0.7961975972335089,11.77250411516099,-0.27967077445341604,0.9579184943535208,0.06462519703730486,10.388144629584176,70.85970814311497,63.304009326752606,50.89796751452816,19.95830089308366,5.783078299142717,71572.0,228313.19739435118, 0.0, 0.0,-2.8421709430404007E-14,53.017188634887376, 193.70635593394866,193.70635593394866,0.0, 164.360883866968, 14.97109323798219, 22.36871799698161, 14.97109323798219, 112.05980764348728, 3.3299589765506328, 22.36871799698161, 3.3299589765506328, 155.35707764244276, 5.691280970343142, 4.210217796998901, 33.0, 0.0
36, 0 ,1.0,1.0,1.0,32.353992481357466,288.22214918137183,205.86203496374208,12.908061391344166,7.198867661872426,13.259883564619237,75.0,30.0,79.0,-0.5743690201150752,0.06799245210841506,-0.8157678929624115,13.703440748287557,0.8168453304685633,0.1127540110101154,-0.5657298287105195,12.516156583057414,-0.05351574369988059,0.9912938814788553,0.12030172782979055,7.058880413329195,70.08257722527009,73.54248752432778,36.261650228034455,18.846330242266514,6.251567246902864,48679.0,186894.25179431745, 0.0, 0.0,0.0,NaN, 100.23699447089041,100.23699447089041,0.0, 166.6180488827099, 4.45140461608909, 15.273822664902742, 4.45140461608909, 51.823695613152566, -14.466177326935735, 15.273822664902742, -14.466177326935735, 175.82451214725938, 5.620879604263037, 4.433714994764805, 23.0, 0.0
37, 0 ,1.0,1.0,1.0,158.3066461792496,9.684157416750757,221.76706265480232,17.434112559938743,6.552393778715294,10.552522234786707,79.0,27.0,52.0,0.9891234338363992,0.04710341245523471,0.13934167061852937,17.564041904392123,0.13619006701791428,0.06456307206321647,-0.9885766916994434,10.376561506836754,0.05556166197430339,-0.9968013233643064,-0.057445830639144706,6.486083084205744,79.09852232212774,52.87582301400221,29.557064710930838,19.844715977913822,8.026525914463575,43604.0,123619.45169231105, 0.0, 0.0,0.0,NaN, 162.1455577791214,162.1455577791214,0.0, 303.9482807526138, 12.989935124773595, 27.88798287410873, 12.989935124773595, 42.933864231346895, -2.438515115999987, 27.88798287410873, -2.438515115999987, 111.35572551566784, 6.843856768575805, 4.26720134056507, 16.0, 0.0
38, 0 ,1.0,1.0,1.0,103.26588300443012,227.42077376157874,154.9979988924688,12.222691702497137,12.418948498230316,13.557913343118566,58.0,77.0,72.0,-0.4725808718319656,0.46599792393018946,0.7480061861183315,13.72982335649186,0.48464352670844596,-0.5714805450376721,0.6622164590698758,13.345891095374483,-0.7360624780534184,-0.675467187608842,-0.04422789691656889,10.991843791895725,72.2974301584014,78.03474818249549,61.53408717174966,21.066200966688385,6.607319071037657,79456.0,347157.5830317342, 1.4210854715202004E-14, 0.0,0.0,61.798042651819664, 192.2424692913641,192.2424692913641,0.0, 149.39419245429238, -30.77412991450738, -5.5397669729447765, -30.77412991450738, 154.230281801697, 1.911887120269233, -5.5397669729447765, 1.911887120269233, 183.81701421951246, 5.414099518515011, 4.080751170048295, 28.0, 0.0
39, 0 ,1.0,1.0,1.0,51.6001521573742,20.47720356482991,164.30844473426802,12.121077533472063,11.219686633806175,12.820252002638107,56.0,43.0,61.0,-0.4986321391943024,-0.07194086687309942,0.8638231887580127,13.219301044316735,-0.7536363315613489,0.5283270185564907,-0.39102792894365296,11.996538282746567,-0.42825024169668224,-0.8459876317871071,-0.31765808245655686,10.885490309339264,65.52253261544308,60.58798187302425,59.604007287521036,20.09304366781866,5.781898157833317,73608.0,236620.63833803777, 0.0, 0.0,0.0,NaN, 146.6086277779478,146.6086277779478,0.0, 146.92052057244118, -8.104580272251871, -16.73917039698158, -8.104580272251871, 125.88136816080892, -8.748144627430207, -16.73917039698158, -8.748144627430207, 164.3588614111464, 5.559638547211555, 4.066835315595411, 22.0, 0.0
40, 0 ,1.0,1.0,1.0,186.05003333580265,65.33226164901104,61.765004815171494,12.05756130453348,10.68715655412471,12.207804967790285,59.0,53.0,59.0,-0.6755056765178308,-0.12542524231610963,0.7266089660760685,12.77194118728236,-0.6811251608047119,-0.2712926540153787,-0.6800505945854677,11.563454948922123,-0.28241918545124356,0.9542896858225165,-0.09782943944344605,10.573297967493776,64.18027259579213,61.93039623426873,50.74934025374054,19.44649955024179,5.519443558820163,67495.0,201713.89559838476, 0.0, 0.0,0.0,NaN, 145.1475633097734,145.1475633097734,0.0, 145.38478461258313, 8.399036260631016, -15.04036478644098, 8.399036260631016, 114.21531521237077, -0.6338987774655708, -15.04036478644098, -0.6338987774655708, 149.03050213160518, 5.326667024993183, 3.9592258815290577, 31.0, 0.0
41, 0 ,1.0,1.0,1.0,90.36598128865162,153.87878147188894,105.74662156209807,10.962817857834057,11.541027103208185,12.412940950080877,53.0,66.0,61.0,-0.5085642134188572,0.666143811713822,0.5455408902594184,13.83769561932814,0.47589947940309313,-0.3105507761011135,0.8228474348060282,11.856743475068557,-0.7175528735455832,-0.678093384113409,0.15908248202772166,8.68306392493294,76.55280362240825,58.31883527468951,47.96849461389337,19.19048106185632,6.259810031125582,56757.0,214153.92166304446, 0.0, 0.0,0.0,NaN, 201.74183762967587,201.74183762967587,0.0, 120.18337538404529, -48.96134483383631, -6.680600156595655, -48.96134483383631, 133.1953065969859, 25.52918153438793, -6.680600156595655, 25.52918153438793, 154.08110303019473, 6.845397301810987, 4.5218584134381405, 25.0, 0.0
42, 0 ,1.0,1.0,1.0,81.32727223456723,207.16087203945585,189.6181236789334,13.340736341914381,12.439405441488088,10.265697649584077,67.0,63.0,49.0,-0.9415753572172804,-0.3354998591729573,-0.029592079617294233,13.473035459630509,0.33175450059647404,-0.9390312850213779,0.0903282740069958,12.314198913013588,-0.05809301175816611,0.0752335712699109,0.9954723058623179,10.243848044028592,66.2448830901003,64.30521760198053,49.08954649862207,20.12319684975939,5.758085676745705,73804.0,209116.14786347726, 0.0, 0.0,0.0,NaN, 165.5819661368621,165.5819661368621,0.0, 177.97524614447508, 9.644169648785768, 3.533478411184236, 9.644169648785768, 154.73880773772345, -3.201045775838549, 3.533478411184236, -3.201045775838549, 105.38454823267604, 5.744023020101378, 4.158276542442028, 24.0, 0.0
43, 0 ,1.0,1.0,1.0,23.80808412750575,11.425347792748385,264.57498083032095,12.168176348675868,7.286195015567581,12.988759288405518,47.0,32.0,68.0,-0.3303932271751917,0.07526224856797428,0.9408378762450282,13.157183259170846,-0.9374194933112954,-0.14226796484604398,-0.31781208243010434,12.09526945678104,-0.10993183795769429,0.9869627247870395,-0.11755667094719041,7.103098391684529,73.49969070693587,56.938647555554084,34.53253297595927,18.256423256804762,6.046819922722062,45645.0,144517.71759435203, 0.0, 0.0,0.0,NaN, 44.18478725964152,44.18478725964152,0.0, 148.06451565247477, 9.731866505958477, -9.574217722124832, 9.731866505958477, 53.08863780488186, 13.018747884309697, -9.574217722124832, 13.018747884309697, 168.70786785214062, 6.387061688970247, 4.277178782428054, 18.0, 0.0
44, 0 ,1.0,1.0,1.0,284.69022874591525,78.77894144747415,283.4244388493063,10.524113456219856,10.84121383370313,10.307302605870971,45.0,54.0,46.0,0.6906886620483615,0.20458558951925124,-0.693609334336632,12.004384887282558,0.31741390716997836,-0.9475812704047337,0.03658069864340625,10.927673538139722,0.6497673303982998,0.2454271226641669,0.7194219511579106,8.426746878735676,63.72673125688067,57.17618743026069,48.000433085208044,17.289095820512323,5.967958959777902,37334.0,174896.85148332175, 0.0, 0.0,0.0,NaN, 81.94668961524528,81.94668961524528,0.0, 110.75696403938785, -4.230019343224987, -34.455546277060165, -4.230019343224987, 117.5319173880761, -12.050225161426006, -34.455546277060165, -12.050225161426006, 106.24048700899452, 5.500900175711999, 4.3707970125686675, 14.0, 0.0
45, 0 ,1.0,1.0,1.0,120.41238611912283,234.34077278762075,74.35981779059652,11.48527055718747,12.682944018686879,14.093561039013318,57.0,63.0,72.0,-0.14591422121558,0.10355356117879344,0.9838626428593783,14.150282617905308,-0.2820805147137334,0.9488678990123146,-0.14170495207575032,12.793925933667536,-0.9482297312707959,-0.2982052484299116,-0.10924287868309131,11.290789722183872,70.27798181994449,66.60362741429063,56.772539839528775,21.311430184851595,6.100812649928195,87372.0,265739.1170862345, 0.0, 0.0,0.0,NaN, 156.01172824784132,156.01172824784132,0.0, 131.91143977179738, -10.789113037480671, -8.996653330735112, -10.789113037480671, 160.8570689811453, 2.544027664500981, -8.996653330735112, 2.544027664500981, 198.62846276039414, 5.938693208945955, 4.307603731109035, 37.0, 0.0
46, 0 ,1.0,1.0,1.0,22.568310740476498,186.86723821331245,121.71538848407583,12.425066233902319,13.215795386510356,12.432086772630516,50.0,64.0,59.0,-0.35549149642832756,-0.7599729069055507,0.5441203697130585,13.755427387788366,-0.7209192471070327,0.5934593350229899,0.3578846976676986,12.590813745556373,-0.5948959868059104,-0.26504188054644895,-0.7588488429447752,11.655725062868164,73.74385393304654,70.98436766869366,63.73288900038419,21.134512448534235,6.0768975390564774,85499.0,333620.0583270884, 0.0, 0.0,0.0,NaN, 167.69909431178095,167.69909431178095,NaN, 154.38227091685957, 4.714638711740988, -16.170314581939568, 4.714638711740988, 174.6572476981084, -17.24809208666015, -16.170314581939568, -17.24809208666015, 154.55678152221464, 5.897720021208269, 4.274624028178615, 22.0, 0.0
47, 0 ,1.0,1.0,1.0,213.10319495615755,132.65418771067337,201.4177184003942,13.189440592427875,13.797039619261184,13.84540171377409,75.0,65.0,66.0,0.4872131924350544,0.5487006668400385,0.6793753626137315,16.247529918703737,0.6162455416253008,-0.7672388788547374,0.17772432360446855,12.824404365165487,0.6187606464087567,0.3320724032240901,-0.7119432431541117,11.294565871779962,81.84376681537441,74.26387826452762,58.00147986716998,22.53765494716963,6.933174128405373,89297.0,352535.0557435132, 0.0, 0.0,0.0,NaN, 186.7261483815004,186.7261483815004,0.0, 173.9613431411842, 19.022684527432894, 49.19460592114459, 19.022684527432894, 190.35830225546283, 45.8206114897947, 49.19460592114459, 45.8206114897947, 191.6951486157785, 5.147199556839747, 3.8184276665057384, 34.0, 0.0
48, 0 ,1.0,1.0,1.0,121.67876465835924,89.48851812862634,212.41169486131173,14.802598899533077,12.796990976964935,11.924835832524249,73.0,75.0,63.0,0.9090007116254148,0.14649511703639764,0.3902010852739677,15.427381139547764,0.14253569917337636,-0.9890106415758686,0.03926226319057358,12.733808009087797,0.39166475553162394,0.019928159327479725,-0.9198921609298409,11.177104573209093,72.95542777843767,72.75899672160874,60.05483696204911,21.798316878417634,7.065055070247382,81694.0,318780.90740633744, 0.0, 0.0,0.0,NaN, 174.60133975061538,174.60133975061538,NaN, 219.1169341804579, 9.810539100173076, 40.31572830618407, 9.810539100173076, 163.76297806452195, 5.0183694001997035, 40.31572830618407, 5.0183694001997035, 142.20170963265429, 5.484542321660637, 4.142622649449905, 44.0, 0.0
49, 0 ,1.0,1.0,1.0,106.72617115819166,210.907823897845,279.58410045648253,11.501212516897352,12.44979407970241,11.351156759411122,56.0,68.0,45.0,0.288397671092043,-0.9285540154026072,0.23369686302639975,12.584669748942858,0.7437877493079281,0.370953116476268,0.5560337843656536,11.570724075453452,-0.6029979828226056,0.013462015311179371,0.7976291161032353,11.129620543500971,69.67305142532726,64.042797193007,55.222948450723806,19.54102148391603,5.854272040800761,65939.0,246407.94934174776, 0.0, 0.0,0.0,NaN, 140.51583685434187,140.51583685434187,0.0, 132.27788935883635, -6.477567626147109, 6.466757424926812, -6.477567626147109, 154.99737262699318, -5.422342428994942, 6.466757424926812, -5.422342428994942, 128.84875977672482, 5.3243814114073365, 3.999110715145549, 28.0, 0.0
