// Sample: .//bubblelabels.tif, Map: .//bubblelabels.tif, Thickness:(8.191250068658265):/gpfs/home/mader/Foam/NewValid/InSilicoTest/LatticeDataPhi_16.0/out_Step_02000.vtk/distmap.tif, Neighbors:(1.0):
//LACUNA_NUMBER, TRIANGLES, SCALE_X, SCALE_Y, SCALE_Z, POS_X, POS_Y, POS_Z , STD_X, STD_Y, STD_Z,PROJ_X, PROJ_Y, PROJ_Z, PCA1_X, PCA1_Y, PCA1_Z, PCA1_S, PCA2_X, PCA2_Y, PCA2_Z, PCA2_S, PCA3_X, PCA3_Y, PCA3_Z, PCA3_S,PROJ_PCA1, PROJ_PCA2, PROJ_PCA3,OBJ_RADIUS, OBJ_RADIUS_STD, VOLUME, VOLUME_BOX, Mask_Grad_X,Mask_Grad_Y,Mask_Grad_Z,Mask_Angle, Mask_Distance_Mean,Mask_Distance_COV, Mask_Distance_STD, SHAPET_XX, SHAPET_XY, SHAPET_XZ, SHAPET_YX, SHAPET_YY, SHAPET_YZ, SHAPET_ZX, SHAPET_ZY, SHAPET_ZZ, Thickness, Thickness_STD, Neighbors, Neighbors_STD
1, 0 ,1.0,1.0,1.0,170.26250469016077,61.91925707853494,167.63715473201142,12.93198907289354,12.162976295749786,10.93623627719729,59.0,58.0,59.0,0.8550499221326613,0.5184658879988274,0.009096902908004266,13.35909279170688,-0.5183786467702131,0.855088189275288,-0.010381095057455856,11.692548499183758,0.013160897902982548,-0.00416071430127812,-0.9999047350737422,10.935929180453583,68.5850435477501,58.30328209210864,58.948611512036734,19.972415329682207,5.989843367049023,69294.0,235719.7664846796, 0.0, 0.0,0.0,NaN, 75.93198784636274,75.93198784636274,0.0, 167.2363413814379, 18.50915972149755, 0.5500498661459835, 18.50915972149755, 147.9379923709712, 0.1256801559389154, 0.5500498661459835, 0.1256801559389154, 119.60126391068604, 5.962149887435377, 4.24107076208038, 27.0, 0.0
2, 0 ,1.0,1.0,1.0,41.82418543046358,8.966807947019868,26.209324503311258,14.00574160287162,5.926095417463835,12.073959629428932,72.0,23.0,55.0,0.8703031387216462,-0.02485576015648932,0.4918888471172064,14.842756945620101,-0.48700820549550294,0.10551940487906493,0.8669998056366669,11.07866462069839,0.07345375763908481,0.9941065568544507,-0.0797289101122519,5.832294775789928,77.9600917689049,54.06805369127758,25.47770159962516,18.23447914115672,6.675603068422357,37750.0,107392.34479034756, 0.0, 0.0,0.0,NaN, 50.16567374809604,50.16567374809604,0.0, 196.16079784640888, -8.589146904784883, 42.28882878750898, -8.589146904784883, 35.118606896885865, 5.8390273802025145, 42.28882878750898, 5.8390273802025145, 145.78050113307964, 6.235463205552259, 4.248187321770342, 17.0, 0.0
3, 0 ,1.0,1.0,1.0,170.35757575757575,40.27421271538918,12.001307189542484,14.721201431402282,11.223956254277295,8.260405686997514,65.0,60.0,31.0,0.930988661363062,0.3596849537579695,0.06234457838130164,15.269649291685456,0.3627454062618531,-0.9306769039738958,-0.047500217320425336,10.500915018135792,0.040937545717077306,0.0668373731507466,-0.9969237096693859,8.215464806476383,73.56841345185674,62.62466241073268,34.22393326635298,19.127978281715777,6.711610428940735,50490.0,157676.40460713234, 0.0, 0.0,0.0,NaN, 51.426811091784025,51.426811091784025,9.5367431640625E-7, 216.71377158392056, 41.035222096184654, 8.878696771638003, 41.035222096184654, 125.97719399793041, 5.6059992465989135, 8.878696771638003, 5.6059992465989135, 68.23430211378087, 6.165939678229019, 4.070548544432787, 14.0, 0.0
4, 0 ,1.0,1.0,1.0,9.536505915830462,30.11715590834207,135.14145574359742,6.231810153789401,10.48658617281094,10.434727584890526,24.0,53.0,55.0,0.04717877601234866,-0.7143930890476837,0.6981523310960756,11.503936473197031,-0.008990942678939701,-0.6992060123249044,-0.714863703987305,9.312570179772528,-0.9988459971605833,-0.027449346979722088,0.03941075115582255,6.214738079034058,63.56300040862669,44.026683531425746,26.086522475545692,15.223503673640122,5.092388734396436,26708.0,73002.30107379385, 0.0, 0.0,0.0,NaN, 72.14304393460111,72.14304393460111,0.0, 38.83545779287268, -2.856287517247035, 3.3960266830160615, -2.856287517247035, 109.96848955978957, -22.69947637493319, 3.3960266830160615, -22.69947637493319, 108.88353977087527, 6.210418054419746, 4.114884543269444, 12.0, 0.0
5, 0 ,1.0,1.0,1.0,59.18334669622223,74.13448568598783,142.27477243786257,9.762234307892209,9.983004503243238,10.534226037474689,49.0,56.0,55.0,-0.5958007194266967,0.39918270211569545,0.6969036325506146,11.423538511696663,0.16792309215155016,-0.7866360574045959,0.5941427002944787,10.031543852964802,-0.7853810144464228,-0.4710168611871179,-0.40164633525595994,8.648838742883317,55.737116539438986,54.13622984767463,47.22731321449078,16.79279979148798,4.892176505970478,42406.0,142503.56983669262, 7.105427357601002E-15, 0.0,0.0,53.43026535691196, 111.04410110938684,111.04410110938684,NaN, 95.30121868218768, -16.65801127690808, -20.548350603791558, -16.65801127690808, 99.66037891177479, 3.4218264582102766, -20.548350603791558, 3.4218264582102766, 110.96991820860968, 5.958984977170521, 3.863944390928565, 21.0, 0.0
6, 0 ,1.0,1.0,1.0,28.863632559463035,106.8436134777296,174.07979177476858,12.15142784099573,12.124147795054794,9.993557532223894,58.0,57.0,49.0,-0.7254088730479996,0.6871573175212582,0.03995982833070682,12.530307839187246,-0.6791045863254033,-0.7239586692753047,0.12124688042556822,11.760558930432879,0.11224494525382242,0.06081666020193824,0.9918177282680766,9.960119958120249,65.64711221098409,59.53352897316715,48.9496783053489,19.02434841291035,5.709423608852629,59743.0,191305.34112280575, 0.0, -1.4210854715202004E-14,0.0,46.59449497466404, 100.91124233133635,100.91124233133635,0.0, 147.65719857492616, -9.58728354781209, -4.895618506117155, -9.58728354781209, 146.99495975633204, -1.8454631579990743, -4.895618506117155, -1.8454631579990743, 99.87119214986893, 6.0437029023432105, 3.7463464185498063, 25.0, 0.0
7, 0 ,1.0,1.0,1.0,135.7401815436669,16.375875429756427,180.16906481363577,13.719233931859282,9.894425957854496,9.709388204246569,67.0,41.0,39.0,0.9676313212129822,0.24635992316429317,0.05473951466811845,13.955833989304475,-0.10060470041022736,0.1776324047404474,0.9789409701516705,9.698846263712902,-0.23144831056412163,0.9527609968111672,-0.19666764475226878,9.568507868478893,70.33197959539314,43.37603375560931,46.4179523860512,18.615409110728436,5.818574366075106,54973.0,141608.28344056907, 0.0, 0.0,0.0,NaN, 69.21531300584842,69.21531300584842,0.0, 188.21737967707912, 24.558649314448676, 5.219412306644327, 24.558649314448676, 97.89966503546486, 1.8285269815335352, 5.219412306644327, 1.8285269815335352, 94.27221930076242, 6.105700010189532, 3.9499987791451803, 14.0, 0.0
8, 0 ,1.0,1.0,1.0,185.1511333057338,155.1813289174084,91.0819706064997,8.394893382205698,10.749265554942745,10.255083806132399,32.0,54.0,52.0,0.19789275783113966,0.818801194071703,0.5388905834997848,11.337399218709738,-0.20295617999392254,-0.5036232813297745,0.8397454254146935,9.786873714816243,-0.9589824009856802,0.27555071237320966,-0.06651736247293832,8.177296043675888,54.54775250047814,48.35707561888724,38.36478320296307,16.366038312334428,4.831198474424512,38648.0,101197.4662288163, -2.8421709430404007E-14, 0.0,0.0,78.5862397737489, 102.59204398625117,102.59204398625117,0.0, 70.47423489860103, 12.947910830920504, 1.648499526170443, 12.947910830920504, 115.54670997067858, 14.982367780729913, 1.648499526170443, 14.982367780729913, 105.16674387079898, 6.160051598616717, 4.068781683917241, 17.0, 0.0
9, 0 ,1.0,1.0,1.0,79.33032706726068,146.6679615342823,44.85393349994567,9.635257330356197,8.903988361550434,10.394081663151924,45.0,40.0,48.0,-0.5874936027735644,-0.10044248644860958,0.8029710913950505,11.22936289865916,0.11334355779759764,-0.9926992896251866,-0.04124752457338835,8.878063155431214,0.8012518359454287,0.06677894349022392,0.5945889909007814,8.673956979572322,54.042399415596854,40.62477052419395,42.558759944071795,16.08646972480614,4.624026165363546,36812.0,93436.05829171605, 0.0, 0.0,0.0,NaN, 105.59110980534722,105.59110980534722,0.0, 92.83818382218284, 2.5981904743868225, -24.00996499400574, 2.5981904743868225, 79.28100874262559, -3.955377888464754, -24.00996499400574, -3.955377888464754, 108.03693362027109, 5.983949576868942, 3.943104298559669, 15.0, 0.0
10, 0 ,1.0,1.0,1.0,153.19187195097368,10.749788332056607,87.34564367213643,9.492657497283759,6.823664643059368,9.591528109449971,48.0,26.0,46.0,-0.634624911109749,-0.044032392594228704,0.7715648842458882,9.759868801397824,0.7670972681754845,0.0853859297992591,0.6358231075936331,9.340642119466334,0.0938775977358381,-0.9953744980632884,0.020410910038614796,6.794683419527204,48.376831583839916,49.488269001880866,27.875697359469804,14.418279493533381,4.5589004641905335,24803.0,66736.80716807615, 0.0, 0.0,0.0,NaN, 99.67858480705819,99.67858480705819,0.0, 90.11054636073754, 4.062402021035464, -3.9995935264160125, 4.062402021035464, 46.56239916093853, 0.5625555226899459, -3.9995935264160125, 0.5625555226899459, 91.99741147436893, 6.320723162331139, 4.057796094271033, 15.0, 0.0
11, 0 ,1.0,1.0,1.0,98.92487249000597,90.89082387538483,12.927445664660203,11.278690010125118,11.345951932727043,8.370834741436711,59.0,54.0,33.0,0.6644170014967555,0.7407725237751178,0.09902583572938581,11.540691686906026,0.7402563841145688,-0.6705252606924591,0.04915649042530767,11.113470256012203,-0.10281310179001764,-0.04064409911847153,0.9938699730383063,8.325476690808923,57.484433632221766,57.878491791446926,36.259801127633246,17.25230803051899,5.326182074693906,43526.0,120640.4310567961, 0.0, 0.0,0.0,NaN, 134.960702107402,134.960702107402,0.0, 127.20884834449612, 4.537035199019172, 6.174648424469075, 4.537035199019172, 128.73062525975251, 2.8991917887805476, 6.174648424469075, 2.8991917887805476, 70.07087426844383, 6.119509203052995, 3.8494060112727895, 12.0, 0.0
12, 0 ,1.0,1.0,1.0,154.62182412901262,9.851475734063593,39.8750950859577,10.237371386672852,6.255917669334801,9.697516727538732,47.0,24.0,48.0,-0.974524916794017,0.009628818516167379,0.22407247131586222,10.26695369270595,-0.2240937395341479,-0.0011758980522110522,-0.9745668849111242,9.666513624772735,-0.009120441284101149,-0.9999529504520472,0.003303699900072814,6.255420504568152,52.835577066756045,49.234834426191895,24.27974104135283,14.732487770452813,4.575577949126093,26292.0,63160.12593518422, 0.0, 0.0,0.0,NaN, 61.20664692360849,61.20664692360849,1.1680077279964342E-6, 104.80377290866802, -0.6076288139436267, -2.6119325102815716, -0.6076288139436267, 39.136505885495374, 0.2052428993863507, -2.6119325102815716, 0.2052428993863507, 94.04183068089351, 5.835975260738321, 3.874926260084188, 13.0, 0.0
13, 0 ,1.0,1.0,1.0,188.52716266952723,59.13665619492759,92.89874339131102,6.997466187832424,9.507812376272788,9.592352781754524,28.0,46.0,54.0,0.1676582567302131,-0.6540016115920934,0.7376805548373434,9.833823030547672,0.04691680466131666,-0.7421312179027086,-0.6686105509596856,9.336930329514965,-0.9847281464396952,-0.1467076938990831,0.09374076039938548,6.891583108949033,51.574195753574095,45.518264486784204,29.911712603196435,14.549322733593808,4.437732429474176,26102.0,70219.77583292095, 0.0, 0.0,0.0,NaN, 110.72012746566546,110.72012746566546,1.3486991523486091E-6, 48.96453304985803, -6.777579849904425, 4.841364299117226, -6.777579849904425, 90.39849618240602, -4.049912561367284, 4.841364299117226, -4.049912561367284, 92.01323188963376, 6.135911392391244, 3.9439774615804213, 11.0, 0.0
14, 0 ,1.0,1.0,1.0,69.4277529825766,187.40972877864561,23.60535576345378,12.46951629665909,7.30115224264507,13.600695661574868,60.0,29.0,55.0,0.4662008647836502,-0.017564508383526224,0.8845045176369772,14.004681261246224,-0.8794346351292892,0.09950004159174305,0.4655045265711766,12.054100655594631,0.096184594452493,0.9948825205864693,-0.03094016841458805,7.234787030549087,67.50176084876182,59.62703349620578,31.29790375989674,18.822564385447322,6.283761069409123,46604.0,125971.86411803077, 0.0, 0.0,0.0,NaN, 74.40390201028545,74.40390201028545,0.0, 155.48883667264664, -9.311710222347847, 21.236637045222512, -9.311710222347847, 53.30682407028114, 2.0717691978553114, 21.236637045222512, 2.0717691978553114, 184.97892247878144, 5.423101550251893, 3.6274422409865505, 12.0, 0.0
15, 0 ,1.0,1.0,1.0,185.19143692790988,149.77863835779667,34.280073660835185,8.39347407776399,11.02099814917429,9.22511419450317,36.0,53.0,51.0,0.12219954673772086,-0.990062850770647,0.06959038942982071,11.064407447882575,-0.03624047842612194,-0.07452014014921882,-0.9965607740803298,9.216955110427422,-0.9918436865255237,-0.11925728588241183,0.044986678732924404,8.345188165609537,53.86170191307791,52.24048214093198,39.031995541526186,15.987135729826518,4.628934041000556,36926.0,109826.71761372247, 0.0, 0.0,0.0,NaN, 62.582762448211966,62.582762448211966,0.0, 70.45040709409608, -6.344125942459675, 1.0017645911161541, -6.344125942459675, 121.46240020410312, -2.4994225720720533, 1.0017645911161541, -2.4994225720720533, 85.10273190162387, 6.025230261726562, 3.9342578801021864, 17.0, 0.0
16, 0 ,1.0,1.0,1.0,154.88189913257082,110.65609887157443,9.67513625546941,12.19493104200774,9.37528719836295,5.836085092071592,63.0,49.0,24.0,0.9555847803045019,0.2882168612452769,-0.061552973480725026,12.459918344221066,-0.28918264464665455,0.9572467792562174,-0.00721121617804505,9.045784183177048,-0.056842991525470024,-0.024690980084246895,-0.9980777674194106,5.796245831548194,61.64292546541003,45.4808126088555,26.299351133324077,15.56110650901083,5.340805799524543,26054.0,73732.08084476079, 0.0, 1.4210854715202004E-14,0.0,73.24876781801869, 100.55637203226505,100.55637203226505,0.0, 148.71634311932397, 20.15424949059014, -7.054947637288709, 20.15424949059014, 87.89601005178821, -2.491125322445432, -7.054947637288709, -2.491125322445432, 34.059889201900276, 5.984499785024508, 3.861998887640407, 16.0, 0.0
17, 0 ,1.0,1.0,1.0,11.450062735257214,46.703805938937684,14.438770388958595,7.055458968116055,9.291475011557958,8.795111612886048,27.0,46.0,38.0,-0.1810923342084899,-0.8605010927345553,0.4761758455587139,9.560757605781571,0.039881567508500367,-0.49020844683652154,-0.870692333274613,8.586656001978872,-0.9826571258908091,0.13868506787956905,-0.12309112430737573,6.951708432570249,48.792631370202166,40.96952538132814,30.67545151189458,13.995852246326054,4.192984298003569,23910.0,61320.5634483263, 0.0, 0.0,0.0,NaN, 50.20784317383434,50.20784317383434,9.5367431640625E-7, 49.779501250769265, 6.216785624888835, -4.597181436870932, 6.216785624888835, 86.33150789040596, -6.8096456756756165, -4.597181436870932, -6.8096456756756165, 77.35398828312303, 7.232672080946038, 4.149979733066795, 10.0, 0.0
18, 0 ,1.0,1.0,1.0,62.1242360843473,12.04101745306392,104.92567307162913,10.576435599709988,7.342478343016643,11.92434874413673,50.0,28.0,56.0,0.3408893135562924,0.14929089034920856,0.9281738554612818,12.262517838838368,-0.9333403755631754,0.1719590048893787,0.3151282976519962,10.374212081201533,-0.11256206841876305,-0.9737260039129053,0.19795820280325443,7.068907350552791,60.2533923142918,55.24040607906786,34.976901354324916,16.679601533761733,5.454719411592124,36326.0,116417.88303072013, 0.0, 0.0,0.0,NaN, 114.20829414386442,114.20829414386442,0.0, 111.8609899948128, -4.143866975876058, 14.809432291684775, -4.143866975876058, 53.91198821766843, 17.036468290570664, 14.809432291684775, 17.036468290570664, 142.1900929717952, 5.58887951446037, 3.694507132688824, 17.0, 0.0
19, 0 ,1.0,1.0,1.0,191.64539318443724,134.56483564725895,118.57767656258574,4.8774395090115465,9.654962641557733,9.693236414145598,19.0,45.0,46.0,0.02531555056982161,0.7005072251962149,0.7131961513828057,10.734031477085596,0.013864078358380653,-0.7136022043549368,0.7004139356630815,8.486791363055021,-0.9995833683243331,0.007843557080419797,0.027777119751815706,4.8704714929225075,49.044955386954314,45.49131179436219,19.93161028127281,13.810609675570023,4.49817878074214,18223.0,44469.80152366775, 0.0, 0.0,0.0,NaN, 104.79100602084027,104.79100602084027,0.0, 23.789416164066797, 1.144705479481284, 2.121052842420525, 1.144705479481284, 93.21830360987548, 21.56905971252288, 2.121052842420525, 21.56905971252288, 93.95883218051821, 6.166351185042922, 3.8466533081998744, 8.0, 0.0
20, 0 ,1.0,1.0,1.0,36.439383269708316,176.80738297320337,190.07672065527595,12.083619728079602,12.169813827839288,5.080892609564971,54.0,49.0,21.0,-0.7009958095539846,0.7127416620247448,-0.024580443485813022,14.465696391994788,-0.7127642867910582,-0.7013410967916238,-0.009366825842105542,9.218349526795892,0.023915402212563233,-0.010953956606035445,-0.999653972318264,5.069454008420019,63.55836822014473,48.79874279534249,21.13622583195891,16.778658257500734,6.197606886938928,26981.0,65555.45147288278, 0.0, 0.0,0.0,NaN, 44.31926906642056,44.31926906642056,0.0, 146.01386573283455, -62.07755550748024, 3.5585959242320233, -62.07755550748024, 148.10436860426836, -2.8264068327538654, 3.5585959242320233, -2.8264068327538654, 25.815469709931943, 6.175764092824761, 3.918087507311996, 13.0, 0.0
21, 0 ,1.0,1.0,1.0,11.56314398230566,153.33408857959756,188.07908507309705,7.287498949067526,9.975851485031592,6.083911189511668,29.0,59.0,23.0,0.08063489891189345,0.9964053416009924,0.025969372469872465,9.993121676081104,0.9952917880087933,-0.08189587677605915,0.051839387432147103,7.269662723695379,-0.053779827070458974,-0.02166703939376019,0.9983177197687021,6.076903174865018,59.703595196461535,30.88603799788945,24.243904284571897,13.100800712983174,4.243612826899914,18537.0,44705.94156879932, 1.7763568394002505E-15, 0.0,0.0,85.37493933262226, 49.53303746134327,49.53303746134327,0.0, 53.107640932660296, 3.758830949861425, 0.9531440320407885, 3.758830949861425, 99.51761285140701, 1.5608904430225985, 0.9531440320407885, 1.5608904430225985, 37.01397536186528, 6.197942220980458, 4.069589927530054, 7.0, 0.0
22, 0 ,1.0,1.0,1.0,8.513028846153846,19.16173076923077,55.21033653846154,5.364244467835691,10.353144119458568,9.616334204913404,21.0,42.0,45.0,0.004799631468263725,0.948191310462432,0.3176636622298885,10.442050504095796,-0.05888845449192581,0.3173840245174824,-0.9464668673063199,9.531154661991211,-0.9982530307819361,-0.014164029956970779,0.0573608471874047,5.343900026075407,44.68498300506647,44.359877866947016,21.831754694987698,14.362925780467936,4.7056305033808234,20800.0,43275.349275129585, 0.0, 0.0,7.105427357601002E-15,71.4783082264494, 59.05780936419936,59.05780936419936,0.0, 28.77511871070582, -0.7978763960798668, 3.5942547499075763, -0.7978763960798668, 107.18759315827953, 5.530597494452648, 3.5942547499075763, 5.530597494452648, 92.4738835405875, 5.510582305992452, 3.77714792498154, 11.0, 0.0
23, 0 ,1.0,1.0,1.0,100.76274990326326,19.40969947117245,102.29753643750806,9.92429100427754,9.65471898525991,10.405475117169145,45.0,41.0,52.0,-0.5831245763352131,0.3363836352353449,0.7394672260619348,11.950900433576956,-0.4994254803991816,-0.8663568062051206,2.717905625768566E-4,9.516769594055916,0.6407338901618401,-0.36915028685877777,0.673192504199324,8.16003298745363,59.60840206204859,47.507112374552875,43.294040107077066,16.54208898707443,5.132090702595774,38765.0,122601.0609292416, 0.0, 0.0,-1.4210854715202004E-14,42.31394883656845, 140.60775094746225,140.60775094746225,0.0, 98.4915519375841, -4.577453733100131, -32.87714581153737, -4.577453733100131, 93.21359868433814, 18.958120116071132, -32.87714581153737, 18.958120116071132, 108.27391241402621, 5.408813020217561, 3.4115910410188954, 19.0, 0.0
24, 0 ,1.0,1.0,1.0,123.10283073367995,10.60551926409812,145.85139759143226,8.912891364721377,6.521723003060554,9.336555538402694,42.0,26.0,45.0,-0.6310759158692247,-0.07265586141683386,0.7723110216820667,10.095331236059238,-0.7614844021567274,-0.13184453045619304,-0.6346325906071936,8.088452146182867,-0.14793476157357713,0.9886041399825128,-0.027877602615810133,6.465678761182663,47.67755670327182,42.761487025951055,27.759668896014027,13.84299281384059,4.185131143179707,22503.0,56595.39201108367, 0.0, 0.0,0.0,NaN, 94.64524722792676,94.64524722792676,1.9073486328125E-6, 79.43963247932489, 5.1273531717049545, -17.88344371979614, 5.1273531717049545, 42.532870928649174, -1.3967979194265572, -17.88344371979614, -1.3967979194265572, 87.17126932167803, 5.858538886296698, 3.7918231681651227, 9.0, 0.0
25, 0 ,1.0,1.0,1.0,57.0506439341858,151.88489389981208,19.29703469453229,8.645921643403549,11.51824377018667,11.719966737902208,41.0,55.0,46.0,0.16029689805223463,0.6081986208198616,-0.7774312459038736,12.477121018500315,0.27044295352591424,-0.7845383515121118,-0.5579965805404532,10.97077500293046,0.9492973787823347,0.1208056813211862,0.2902420954953163,8.291143942522401,61.71215641035915,58.25502630948887,43.41227965753889,17.692525428048885,5.6350745273425185,43638.0,156069.02491655695, 0.0, 0.0,0.0,NaN, 77.08576364244941,77.08576364244941,0.0, 74.7519610638739, -2.475723349342005, -18.62288479478692, -2.475723349342005, 132.66993954944402, -18.510518234780815, -18.62288479478692, -18.510518234780815, 137.35762033753414, 5.390572771457333, 3.6218874967704857, 11.0, 0.0
26, 0 ,1.0,1.0,1.0,139.67416644076985,36.3388723231228,35.30921658986175,8.742674555274746,8.987405357386711,11.178989032152005,39.0,45.0,57.0,0.21631412361775648,0.4091532208340477,0.8864546473478534,11.790320261000367,-0.820765814440737,-0.4154912295139861,0.39205932719728775,8.71131958661936,-0.5287264678157468,0.812379640364085,-0.2459423553457259,8.20236968328255,58.4780207860633,41.74855805351797,41.46984750275011,16.085929466760078,4.839471294346908,36890.0,101243.36790008978, 0.0, 0.0,0.0,NaN, 78.781092988876,78.781092988876,0.0, 76.4343583794485, 9.284338447382043, 10.984922293579293, 9.284338447382043, 80.77345505798336, 24.61492229358045, 10.984922293579293, 24.61492229358045, 124.96979578097482, 5.4765279138474385, 3.526524073228374, 16.0, 0.0
27, 0 ,1.0,1.0,1.0,71.07748840736096,63.87310799381726,46.78687042491761,9.100091374280574,9.254035289914832,9.591271491182098,43.0,39.0,51.0,0.463774981726367,0.5766037219174831,0.672637282787398,10.02781448520098,-0.48736946698164135,-0.4679802871153802,0.7372010943599019,9.219066539810184,-0.7398538835329167,0.669718298049495,-0.06398149950531884,8.65407821606397,54.53194132815352,48.10956638576275,44.43745863948189,15.51555049878492,4.439483495234774,34289.0,116582.03052760454, 0.0, 0.0,0.0,NaN, 106.39922239963225,106.39922239963225,0.0, 82.8116630202557, 9.166092684546818, 4.377797115138786, 9.166092684546818, 85.6371691469891, 6.4698496082946635, 4.377797115138786, 6.4698496082946635, 91.99248881756247, 5.6297585165861515, 3.612225241298034, 24.0, 0.0
28, 0 ,1.0,1.0,1.0,92.18179917567649,126.70590167851383,77.16838898512634,8.966284251734168,8.184851070400171,10.291185876612566,43.0,39.0,48.0,-0.10284145373104393,-0.1042760183312356,0.9892169364681689,10.324274272930342,0.987954378353396,0.10489564378253201,0.11376752703563163,8.961141580586911,-0.11562777212607953,0.9890012213927909,0.09223232837095384,8.148732992588588,46.87110248648661,42.67408579025488,39.449278923817204,15.338028922764328,4.247283348085836,33482.0,78905.71586375679, 0.0, 0.0,0.0,NaN, 140.79939348798416,140.79939348798416,0.0, 80.39425328289613, 1.8714884559729292, -2.5261628263684353, 1.8714884559729292, 66.99178704463083, -3.979656939951646, -2.5261628263684353, -3.979656939951646, 105.90850674698996, 5.7589158278496475, 3.624748214664368, 19.0, 0.0
29, 0 ,1.0,1.0,1.0,67.54289633385984,190.36075317981545,72.62856430293458,10.131889077641427,5.605145697524679,10.18560983496588,51.0,23.0,46.0,-0.6882879966525963,0.04083329679189199,0.7242874260520202,10.725169346578303,0.7253122985716155,0.0201834790817573,0.68812404166176,9.567487059045867,-0.013479733109910413,-0.9989620959001702,0.04350893873704647,5.590475484649738,46.33020005312619,47.3846050325413,23.645311759276808,14.686458068431026,4.703980408812064,24058.0,51909.45687950174, 0.0, 0.0,0.0,NaN, 99.64871437772028,99.64871437772028,0.0, 102.65517628162964, -1.472017511080279, -11.676061117326045, -1.472017511080279, 31.417658290479427, 3.314934342623296, -11.676061117326045, 3.314934342623296, 103.74664771015367, 5.371773243538855, 3.663004232523642, 15.0, 0.0
30, 0 ,1.0,1.0,1.0,125.84423941468575,74.81415097111626,165.63012370346428,8.999716468658507,9.048742963021457,9.373793809208319,43.0,43.0,44.0,-0.49007574842526036,-0.34736429719267775,0.7994772078310035,9.759398843254345,0.47440882646441035,-0.8757244472099425,-0.08968253972487003,8.990832986911425,0.7312742482667376,0.33532780617580643,0.5939640024675226,8.640700927840104,48.10823193060834,43.30647168575441,45.44138121706081,15.285151018117844,4.13603849812326,34033.0,94672.4729274605, 0.0, 0.0,0.0,NaN, 110.80398192373138,110.80398192373138,0.0, 80.99489651624314, 0.939406290890821, -8.327614792934535, 0.939406290890821, 81.87974921083033, -5.231583098039839, -8.327614792934535, -5.231583098039839, 87.8680103775522, 5.606816460652422, 3.635593723544485, 18.0, 0.0
31, 0 ,1.0,1.0,1.0,44.53511613859755,56.68126407116578,171.59403657130306,9.049313926764299,11.48305471883481,8.026443421036715,44.0,53.0,40.0,0.23451192261158774,-0.9685673452103934,0.08295454143750278,11.632864275488435,0.9472545639231179,0.24685601981557076,0.20437929593683993,8.922251563348247,-0.2184329400064021,0.030649686342672733,0.9753705180326374,7.952629628015055,50.68871569383585,45.85513008548914,37.58550947150408,16.001866198143073,4.70262696678035,36422.0,87361.41483449085, 0.0, -7.105427357601002E-15,0.0,14.403643385642289, 77.47929416622269,77.47929416622269,0.0, 81.8900825451303, -12.546039117759069, 4.569936500612357, -12.546039117759069, 131.8605456757544, -4.965840136284419, 4.569936500612357, -4.965840136284419, 64.42379399110357, 5.4696877617156785, 3.527934305694723, 21.0, 0.0
32, 0 ,1.0,1.0,1.0,188.19345238095238,183.84878863826233,185.9172410192147,6.708298342537779,9.771127987168475,7.793404028810515,27.0,47.0,29.0,0.14034412517820302,-0.8924857237618218,0.4286872512791835,10.365366082205862,0.23988054519647314,-0.38942285665753684,-0.8892733903299515,7.102353499963211,-0.960604419396563,-0.2276380275657398,-0.15943675185405604,6.582485540722347,54.46551929886813,38.20536460190826,31.387680260468272,13.442856955394399,4.528018554202594,19152.0,65313.83988534757, 0.0, 0.0,0.0,NaN, 24.46590067100027,24.46590067100027,0.0, 45.00126665249511, -8.694901937383134, 2.3395792618948072, -8.694901937383134, 95.47494214162704, -22.065250104863992, 2.3395792618948072, -22.065250104863992, 60.73714635627996, 6.120577602201424, 3.831847381228654, 7.0, 0.0
33, 0 ,1.0,1.0,1.0,87.8234345684803,75.72282481238274,97.50495426829268,10.505020836801165,8.616735627492043,9.329388988963135,48.0,43.0,46.0,0.867946372163216,0.2128039944608563,0.44875779100781793,10.993590510414291,-0.47658993645179537,0.10261407102158354,0.873116478427278,8.878091005872504,-0.13975381040095514,0.9716917270255426,-0.19048375287286964,8.483016111258936,50.059835949292165,47.78396648685518,42.545161148272044,15.818181175065947,4.6288485475185555,34112.0,101770.47280637064, 0.0, 0.0,0.0,NaN, 151.50616477171084,151.50616477171084,0.0, 110.35546278162666, 8.696047544705134, 16.19132092981722, 8.696047544705134, 74.24813287409069, 5.284103617691935, 16.19132092981722, 5.284103617691935, 87.03749890738658, 5.855666934145618, 3.5920209853172542, 22.0, 0.0
34, 0 ,1.0,1.0,1.0,142.812606959498,71.14182037142676,115.77920390441783,9.375554653810953,9.628789207423699,8.069850020668833,47.0,42.0,36.0,0.533385552537899,0.8101857279434367,-0.24310273256506917,10.11978938937072,-0.8354427938326494,0.45959142946586334,-0.30134872854323036,9.09238171248438,0.13242050663298868,-0.36383348416313677,-0.9220032566237363,7.788166891698168,46.532509002675596,42.048511115978755,39.94168816780595,15.093134550972112,4.234899697742608,31554.0,78150.81462630001, 0.0, 0.0,0.0,NaN, 124.19621179207859,124.19621179207859,0.0, 87.90102506659623, 9.590625082596395, 0.12849187699882453, 9.590625082596395, 92.71358160099912, -11.273053732403818, 0.12849187699882453, -11.273053732403818, 65.12247935608875, 5.587543671683998, 3.576094221982508, 19.0, 0.0
35, 0 ,1.0,1.0,1.0,146.33614150888772,106.15039661860924,84.10700017370158,9.420340101278914,9.057021369227037,9.594159629843206,43.0,48.0,45.0,-0.8180447431920327,-0.5648813259724178,0.10822146600154764,9.784174706105793,0.005213438830133518,-0.19543557797950364,-0.980702684260312,9.616850546545898,0.5751309574274761,-0.8016944695003577,0.16282002143807167,8.637502740671716,46.99783133816564,43.75638995224543,41.92475335969258,15.59191903884079,4.439865245199681,34542.0,86216.38690516935, 0.0, 0.0,0.0,NaN, 136.97279014905666,136.97279014905666,0.0, 88.7428076237636, 9.742972174782297, -1.9614781719895993, 9.742972174782297, 82.0296360826352, 2.1351147616704327, -1.9614781719895993, 2.1351147616704327, 92.04789900291314, 5.332655270196375, 3.432727383911846, 20.0, 0.0
36, 0 ,1.0,1.0,1.0,9.063293635144728,98.52717091253254,112.87412256487104,6.068201560890908,9.692175971918727,10.823870453395315,25.0,50.0,58.0,0.015225897386378223,-0.006251758150065602,0.9998645346089704,10.824753751885286,0.03831177581226476,-0.9992424838158899,-0.006831278911164183,9.696489644532232,0.9991498285456946,0.03841059824429222,-0.014974847566012625,6.059728676322585,57.973387732870066,49.592668990494175,26.090033035590135,14.945925388293555,4.953466577426657,25358.0,75010.28066210679, 0.0, 0.0,0.0,NaN, 131.835750911448,131.835750911448,0.0, 36.82307018359886, -2.2013214494287556, 1.2098364730409852, -2.2013214494287556, 93.93827507063872, -0.1117702676550357, 1.2098364730409852, -0.1117702676550357, 117.15617159188412, 5.532311511241644, 3.524256668660219, 16.0, 0.0
37, 0 ,1.0,1.0,1.0,101.36473726701534,97.17094317104848,171.77552739653902,9.230270931711342,8.39209361901792,8.795558045500869,41.0,41.0,46.0,-0.870069281827194,-0.352493603893534,0.3445688668972574,9.506760524780393,-0.24886854096526775,-0.28926326155508386,-0.9243328485087688,8.711361531944634,-0.42549253123707204,0.8899859688380849,-0.16395450933965072,8.168271708211245,44.8860309915369,46.28623364904584,39.87421179889199,14.668243972636667,4.222510731086475,28489.0,82842.87448653331, 0.0, 0.0,0.0,NaN, 141.30721179366452,141.30721179366452,1.9073486328125E-6, 85.19790147279535, 7.915642160470192, -4.983800946942238, 7.915642160470192, 70.4272353103613, -0.4223671740371859, -4.983800946942238, -0.4223671740371859, 77.36184133177507, 5.360778176245565, 3.5316039677490036, 15.0, 0.0
38, 0 ,1.0,1.0,1.0,116.79759132140231,38.34836969845551,158.0295721990684,9.221036914497025,8.41493300562829,9.661630131687941,45.0,39.0,47.0,-0.6104959756881732,-0.13585925840907878,0.780280030228302,10.129632128769163,0.6001767306550485,0.563482206624323,0.5676933105101739,9.055293525141737,0.5168003053876449,-0.8148803990294031,0.2624640539748607,8.03603933406272,51.05287581798771,43.93331076108197,41.07150942774468,15.192048930827031,4.288049131326208,32632.0,92120.18625948338, 0.0, 0.0,0.0,NaN, 100.7708046918502,100.7708046918502,0.0, 85.02752177851683, 9.045782724267564, -12.18119256022162, 9.045782724267564, 70.81109748921236, 1.5408747009374335, -12.18119256022162, 1.5408747009374335, 93.34709680154036, 5.294704678500143, 3.4064890181410776, 14.0, 0.0
39, 0 ,1.0,1.0,1.0,180.94188219097256,160.20936178581965,8.102763300226178,10.246042158652717,9.363441443877742,5.422095182844067,44.0,51.0,21.0,-0.9796949672299919,0.19825863123688078,-0.029854418840494133,10.287784768156003,-0.1958841174097265,-0.9782457951268733,-0.06829770759846811,9.335755369385348,-0.042745569721758886,-0.061062913922214294,0.9972181991983955,5.390703850957398,47.24421965496856,47.40333072735689,22.565898532831056,14.1141191519769,4.7797669739684085,20338.0,50537.08277161876, 0.0, 0.0,0.0,NaN, 44.85712336980661,44.85712336980661,0.0, 104.98137991688883, -3.7803389895349, 3.0228865287081925, -3.7803389895349, 87.67403567292729, 3.427103641834801, 3.0228865287081925, 3.427103641834801, 29.39911617182083, 5.800383360370479, 3.602465389643029, 11.0, 0.0
40, 0 ,1.0,1.0,1.0,56.28179230557341,82.59930217610871,72.63410155173997,9.851721875125751,8.796362912729448,8.747012526629506,47.0,43.0,45.0,0.8787418464350158,-0.41534260500117276,0.23516651078505835,10.26233244038549,-0.020083128473614417,-0.5244432455344936,-0.8512085233149157,8.7509253951133,-0.4768746536299571,-0.7432696702301842,0.46919160482815747,8.309542114368247,47.80084126892976,41.76581917711407,41.223733530377054,15.247016472140983,4.297806561089365,32673.0,82300.76386969682, 0.0, 0.0,0.0,NaN, 123.55564565545475,123.55564565545475,0.0, 97.05642390483123, -13.157370768996815, 7.6233228357704785, -13.157370768996815, 77.3760004924421, -0.1808019613937777, 7.6233228357704785, -0.1808019613937777, 76.5102281410135, 5.260870323445709, 3.3726752638259274, 21.0, 0.0
41, 0 ,1.0,1.0,1.0,154.7317137114393,180.0842145125113,136.62611785953567,9.409559416940443,10.52365081243668,8.763821886300548,45.0,49.0,43.0,0.018541181848592117,0.9254086027723489,0.3785170306480109,10.841739137722076,0.9950093737797739,-0.05420238969146594,0.08377617228136182,9.4186691075692,0.09804371813655066,0.3750746843852094,-0.9217952106988281,8.35685189587199,54.23632505923524,45.933452705563894,42.43139063536532,15.889709874444252,4.858881456037514,34329.0,105707.69718090196, 0.0, 0.0,0.0,NaN, 80.38722033159388,80.38722033159388,0.0, 88.53980842093256, -0.19937616416941156, 1.9081402163279562, -0.19937616416941156, 110.74722642209919, 16.625007814619742, 1.9081402163279562, 16.625007814619742, 76.8045740548005, 5.339942239651384, 3.4947190671836177, 18.0, 0.0
42, 0 ,1.0,1.0,1.0,133.66217629328904,137.20169773020854,18.116226856123514,9.2720353013608,8.412676227596428,9.774985459661766,47.0,39.0,38.0,0.403229202218954,0.12798357107149944,0.9061050800065368,9.864124527396388,-0.8203830884097569,-0.38813866462978003,0.41990470975053484,9.371545019864692,-0.4054353200316117,0.9126711250802219,0.051513286787649964,8.195565381675154,47.08145292365066,52.97230213674794,41.007257038921686,15.263963877434355,4.393803298403045,32514.0,102272.63007070092, 0.0, 0.0,0.0,NaN, 93.12642641921406,93.12642641921406,0.0, 85.97063862968085, 8.133248688829802, 3.893357808564321, 8.133248688829802, 70.77312131036607, 0.12753842275763472, 3.893357808564321, 0.12753842275763472, 95.55034073659895, 5.3350744348372485, 3.3920899264735973, 13.0, 0.0
43, 0 ,1.0,1.0,1.0,15.900650427241423,152.77496492794288,56.88550567529652,9.376048896356991,8.355430322089015,9.29509871847489,38.0,41.0,44.0,-0.8379485030701455,0.35078336473182165,-0.41808293104350014,9.46887260146302,0.4898608569713042,0.14573685294001387,-0.8595330770264055,9.378363867759273,-0.24057981421940206,-0.9250469181195963,-0.29395501742204627,8.155311875184509,54.04329506149133,47.33253442011872,38.703853464949646,15.037650087399895,4.241632799911019,31364.0,99004.6941731483, 0.0, 0.0,-7.105427357601002E-15,65.28638604995973, 75.62403967985676,75.62403967985676,0.0, 87.91029290687715, -5.273855671614934, -0.9189441498462059, -5.273855671614934, 69.81321586728455, -6.081434158390432, -0.9189441498462059, -6.081434158390432, 86.39886018619353, 5.643298929756035, 3.6665841381834383, 18.0, 0.0
44, 0 ,1.0,1.0,1.0,117.82093348139126,89.43503958161693,63.21019450514024,8.334320395808499,8.731267605778209,8.681941016782188,39.0,42.0,39.0,-0.4059622703531655,-0.7165878409775992,0.5671829521528006,9.296906837859941,-0.5175023169041403,-0.3312824772169525,-0.7889507413570545,8.407558512472358,-0.7532502818111323,0.6138027260057276,0.23634768139202852,7.997031536144719,49.46228930047265,41.46528107788731,40.46911150450096,14.337254177714495,3.9389304292130927,27917.0,83000.84170084145, 0.0, 0.0,0.0,NaN, 136.92170743973713,136.92170743973713,0.0, 69.46089645998954, 7.694156351631704, -2.426522823684637, 7.694156351631704, 76.23503400371195, -7.376502212448181, -2.426522823684637, -7.376502212448181, 75.37609981888492, 5.293531525288552, 3.386752148212687, 15.0, 0.0
45, 0 ,1.0,1.0,1.0,186.830114423147,25.05611835872021,177.16088477516217,8.232381242373458,9.180743024379083,9.562464985443135,33.0,48.0,49.0,0.0194786001117567,0.5824284111788267,-0.8126485894834217,9.9835461021644,-0.5747419528294508,0.6716053284323501,0.46756600654780833,9.174079933100069,-0.8181028491549678,-0.45795570601640434,-0.34782797404973176,7.72424395033859,49.7405424748395,54.48096087975054,40.80923542730628,14.876509400391752,4.710450939916164,27442.0,110589.45918768946, 0.0, 0.0,-2.8421709430404007E-14,35.644481126685186, 36.37141924048353,36.37141924048353,0.0, 67.77210091978236, -9.003038270229789, -7.217110822031472, -9.003038270229789, 84.28604247968521, -11.242393504619086, -7.217110822031472, -11.242393504619086, 91.44073659782597, 5.419760564391419, 3.5372805312443565, 8.0, 0.0
46, 0 ,1.0,1.0,1.0,182.91608759124088,94.83138686131387,78.20397080291971,9.498426816706521,8.439222400135327,10.523521183583783,38.0,43.0,49.0,0.1563899148541256,-0.3431406710354617,0.9261731341456909,10.863096047192514,0.984356061207292,0.1311919407072515,-0.11760875587272814,9.470672792450756,-0.08115010348967694,0.9300769616407005,0.3582896958172487,8.030229507331372,48.50122054602611,41.3999246559913,37.97690957723202,15.808287664069702,4.720500602969814,34250.0,76255.61695823565, 0.0, 0.0,0.0,NaN, 124.09960937317346,124.09960937317346,1.9073486328125E-6, 90.22011199232958, 0.3832819223187126, 4.833962396717993, 0.3832819223187126, 71.22047471894587, -17.398746528850783, 4.833962396717993, -17.398746528850783, 110.74449810133665, 5.380746055475987, 3.3004732160947463, 13.0, 0.0
47, 0 ,1.0,1.0,1.0,29.25053398324114,150.14904978366832,125.9259269401391,9.9828881257514,8.807741533215713,10.643839801153407,58.0,41.0,49.0,-0.49224180133745676,0.3981320524645932,0.7740729150515384,11.470836684087832,0.8307312051325694,-0.05071973948373858,0.5543583433535479,9.571628089669456,-0.2599686016330517,-0.9159248751000445,0.3057743438189728,8.205457539945852,55.67962136315133,52.01219856168014,41.191596014050816,16.275475841221443,5.063060151885899,36518.0,119291.66620641809, 0.0, 0.0,0.0,NaN, 93.95573040242694,93.95573040242694,0.0, 99.65805533126829, -13.614947600382921, -13.296957817386755, -13.614947600382921, 77.57631091593308, 19.11808367557998, -13.296957817386755, 19.11808367557998, 113.2913257126174, 5.486673316750758, 3.345215819060282, 23.0, 0.0
48, 0 ,1.0,1.0,1.0,15.739689272755149,130.7261971687024,12.50058772422957,9.749100143665801,12.90403070158184,8.092936258001949,41.0,59.0,32.0,-0.21330717824684794,-0.9630242464795025,0.16457323111902,13.15821662298157,0.9750402757492369,-0.22046418155623546,-0.026305993947974272,9.562295634915548,0.061615812704362255,0.15485427131121138,0.9860140193128365,7.9043289865642885,60.88963831871632,45.67239780226042,35.81860500651727,17.16377708886376,5.697309477146929,39134.0,99610.6731157217, 0.0, 0.0,0.0,NaN, 72.13086905454236,72.13086905454236,0.0, 95.04495361122456, 16.50674018903183, -4.627472603190919, 16.50674018903183, 166.51400834736674, -17.370373652958566, -4.627472603190919, -17.370373652958566, 65.49561727608258, 5.5421015141371806, 3.4120876159741496, 11.0, 0.0
49, 0 ,1.0,1.0,1.0,179.61056095554403,81.63780127365246,17.886437734239312,9.936002258502892,8.888137070420793,9.363167401504207,45.0,44.0,42.0,-0.7474056338449185,0.49871734281336244,0.4389371600514761,10.687825250156758,0.5582706932720342,0.11328536620677797,0.8218882277031097,9.171616939226167,-0.3601647560914838,-0.8593296444209148,0.363089397654333,8.188031472482585,54.22771132700517,44.79744976851168,43.542626585427286,15.593872788131883,4.714144325288166,32819.0,105776.49927335147, 0.0, 0.0,0.0,NaN, 86.0254873637155,86.0254873637155,0.0, 98.72414088097456, -16.50834156803816, -7.645462668535076, -16.50834156803816, 78.99898058258832, 11.919012929915734, -7.645462668535076, 11.919012929915734, 87.66890378859104, 4.626144068910702, 3.229391339719701, 14.0, 0.0
