// Sample: .//bubblelabels.tif, Map: .//bubblelabels.tif, Thickness:(8.191250068658265):/gpfs/home/mader/Foam/NewValid/InSilicoTest/LatticeData_Phi_6.65/out_Step_06000.vtk/distmap.tif, Neighbors:(1.0):
//LACUNA_NUMBER, TRIANGLES, SCALE_X, SCALE_Y, SCALE_Z, POS_X, POS_Y, POS_Z , STD_X, STD_Y, STD_Z,PROJ_X, PROJ_Y, PROJ_Z, PCA1_X, PCA1_Y, PCA1_Z, PCA1_S, PCA2_X, PCA2_Y, PCA2_Z, PCA2_S, PCA3_X, PCA3_Y, PCA3_Z, PCA3_S,PROJ_PCA1, PROJ_PCA2, PROJ_PCA3,OBJ_RADIUS, OBJ_RADIUS_STD, VOLUME, VOLUME_BOX, Mask_Grad_X,Mask_Grad_Y,Mask_Grad_Z,Mask_Angle, Mask_Distance_Mean,Mask_Distance_COV, Mask_Distance_STD, SHAPET_XX, SHAPET_XY, SHAPET_XZ, SHAPET_YX, SHAPET_YY, SHAPET_YZ, SHAPET_ZX, SHAPET_ZY, SHAPET_ZZ, Thickness, Thickness_STD, Neighbors, Neighbors_STD
1, 0 ,1.0,1.0,1.0,182.55630870061347,35.210351789180066,20.238879190114403,11.436461159311804,18.784967590840896,13.37578665912947,49.0,84.0,56.0,0.16803516701307705,0.978386195468636,0.1205181943247369,18.981183803285376,-0.4901069107244783,0.18899225103116238,-0.8509272266829186,14.303501042432824,-0.8553124567706215,0.0839188987450496,0.5112711802228075,9.884525246209662,95.0708562089826,70.95825210739144,54.57531615613023,24.333819041503233,8.393126404583889,102533.0,368168.4546128772, 0.0, 0.0,0.0,NaN, 44.200265498503,44.200265498503,0.0, 130.79264384844748, 33.26876745969706, 49.89404709699228, 33.26876745969706, 352.8750073889428, 13.77254984861105, 49.89404709699228, 13.77254984861105, 178.9116687505459, 10.215289063545546, 7.052112603554068, 7.0, 0.0
2, 0 ,1.0,1.0,1.0,60.71364912152803,83.5201073485456,32.958978821899834,16.439639483267758,17.75449142460179,17.516589592220367,78.0,84.0,71.0,-0.09027780903694813,0.7403882781831234,0.6660894194659739,18.493299138552295,-0.5251941510291935,-0.6036558676931283,0.5998088838324925,16.95620603188149,-0.8461802532086249,0.2956768352926654,-0.4433443223399853,16.211094565289677,92.81099787411989,89.71834144953777,77.36741606213462,28.748874988014865,8.112756002242993,219472.0,644226.7754059647, 0.0, 0.0,0.0,NaN, 108.38842099665001,108.38842099665001,0.0, 270.2617463398162, 2.5410834476686293, -12.54779205073465, 2.5410834476686293, 315.2219657462586, 30.111738747808857, -12.54779205073465, 30.111738747808857, 306.83091094228286, 10.692904255327589, 6.709308365838636, 20.0, 0.0
3, 0 ,1.0,1.0,1.0,53.40294960772481,149.6992757996379,14.263955944477972,18.81852103399503,19.73155463002511,9.296516965068134,95.0,89.0,40.0,-0.1203577405938728,0.9923940798951146,0.025845782407700597,19.75546489931862,-0.985464182623508,-0.11629199038833594,-0.1238406949984529,18.910996465791698,-0.11989311508722592,-0.040375279078258386,0.9919654619965526,9.05494500198549,89.26527405171667,91.90185089061211,41.957820388666946,27.208961526887094,9.464070072373689,132560.0,344207.0175241872, 0.0, 0.0,0.0,NaN, 74.73619150767651,74.73619150767651,0.0, 354.1367339069134, -5.234367960453099, 32.67950206114712, -5.234367960453099, 389.33424811766537, 11.876888501589072, 32.67950206114712, 11.876888501589072, 86.42522768179964, 10.128769362974838, 6.510486173528706, 11.0, 0.0
4, 0 ,1.0,1.0,1.0,167.3741268674994,185.26324761204995,83.55421013960323,17.63498945253475,8.351492889851714,18.051420492841448,72.0,35.0,84.0,-0.6524597778144753,-0.01807948185141311,0.7576076627584161,19.155404673656772,0.755080668921511,0.06946767776778148,0.6519412743235351,16.46180218850946,0.06441600542822332,-0.9974203597689072,0.03167339835153493,8.286954131915138,89.32333727670438,82.10586810340769,36.635045025046765,25.15149220604173,8.602122302029544,102075.0,268680.3266208646, 0.0, 0.0,0.0,NaN, 90.90063531491268,90.90063531491268,0.0, 310.9928529910119, 14.130559264692334, -47.83604928749774, 14.130559264692334, 69.74743348924375, 5.07746088012464, -47.83604928749774, 5.07746088012464, 325.8537818093762, 10.78025169635911, 6.757155996551666, 12.0, 0.0
5, 0 ,1.0,1.0,1.0,13.82805136758919,115.96170912211949,143.58518890382342,8.785453624501764,17.45638184100544,20.62317131574434,35.0,86.0,103.0,-0.01084094736030599,0.062164654501763006,0.9980070288284586,20.63505010920594,0.06637534424694333,-0.9958196747109264,0.06274941541341604,17.472430794389158,-0.9977358305365359,-0.06692332320874464,-0.0066694283313513715,8.725452802670898,102.12971363487239,85.84508221518738,37.54930038859621,26.782089074970344,9.483900161128552,123502.0,329207.2453415367, 0.0, 0.0,0.0,NaN, 102.15811396711095,102.15811396711095,NaN, 77.18419538827119, -15.382132638197488, -2.828795715360237, -15.382132638197488, 304.7252669789845, 7.374838936422834, -2.828795715360237, 7.374838936422834, 425.3151951185402, 11.3658031740979, 6.927480062737827, 17.0, 0.0
6, 0 ,1.0,1.0,1.0,58.129699071904,150.42583825505454,185.2926861660573,18.1163078152258,21.737827206067646,8.388375538044262,89.0,90.0,36.0,0.048952408243014514,0.9973601818484515,0.05363142167082001,21.774280857468288,0.9975214874974483,-0.046101984054624436,-0.05315532943275778,18.12501062623018,0.050542494082574656,-0.056100576908363564,0.997145015312448,8.274253295812217,92.16108437026836,89.09834436386944,39.49529455081108,27.680279427194147,10.242105032493155,128004.0,324311.66294508567, -7.105427357601002E-15, 0.0,0.0,87.19411220614258, 77.800800170141,77.800800170141,0.0, 328.2006088560114, 7.846186316752611, -12.723924062755318, 7.846186316752611, 472.53313164085466, 22.335754896522392, -12.723924062755318, 22.335754896522392, 70.36484416725936, 9.648969714927329, 6.448093342366175, 17.0, 0.0
7, 0 ,1.0,1.0,1.0,184.52789254982284,177.5561441301456,138.6892326164495,10.055562265787449,14.127332484232365,16.481281268032646,42.0,58.0,77.0,0.00732350339707942,0.3948449826894899,0.9187185673224038,16.97689624162273,0.32711676854140465,-0.8691407284069431,0.3709299313391654,13.934150891303137,-0.9449555471222032,-0.2978117423292526,0.13552556988920106,9.48435136299532,79.37944923841832,69.54904399545109,48.41584731280773,22.673603076736565,7.631265383649872,84951.0,267292.5059658447, 0.0, 0.0,0.0,NaN, 67.09786116126554,67.09786116126554,0.0, 101.1143324811284, -29.05402271328671, 13.978238788422988, -29.05402271328671, 199.581523120047, 38.32431878419148, 13.978238788422988, 38.32431878419148, 271.63263223600376, 10.95961984167816, 6.739114081406913, 7.0, 0.0
8, 0 ,1.0,1.0,1.0,81.63195137721453,22.27255140307772,43.29529548687444,17.811151709996775,13.868907214411243,19.678948845256407,97.0,57.0,86.0,-0.3395623929296678,0.057204841919347944,0.938842365559235,19.981310910183048,0.9340541490458804,0.13791494956805986,0.3294272504450956,17.555385445433686,0.11063556371282232,-0.9887907123080297,0.1002631502363856,13.762281656235004,95.42054622376044,92.43471019137652,63.55582214720411,28.572442962255646,8.969963399104957,193325.0,560573.1899255587, 0.0, 0.0,0.0,NaN, 95.04906439808035,95.04906439808035,1.3486991523486091E-6, 317.237125236521, 11.226379671450657, -30.347626226418992, 11.226379671450657, 192.3465873219482, 16.66743352127824, -30.347626226418992, 16.66743352127824, 387.2610276542184, 9.400403427130405, 6.171458933598027, 14.0, 0.0
9, 0 ,1.0,1.0,1.0,51.772810404389354,183.33946352367406,121.83975382471623,14.939602244410993,9.535358920282537,12.335819860251034,64.0,35.0,56.0,-0.9834963219071846,0.034764527385953994,0.17755678649567647,15.02728453179195,-0.17374315202805773,0.09234089015871169,-0.9804521799292673,12.25643129952451,0.050480708378500314,0.9951203885160469,0.08477682726592689,9.499886735376794,63.10745339619357,59.45062804979277,38.75769908093403,20.62985786090446,6.37935743028143,68894.0,145410.27262774526, 0.0, 0.0,0.0,NaN, 95.22090870722037,95.22090870722037,0.0, 223.19171522121, -5.597464466099422, -13.458271738257888, -5.597464466099422, 90.92306973861176, -4.592799412120577, -13.458271738257888, -4.592799412120577, 152.17245162456382, 10.98846627362718, 6.539998247965643, 9.0, 0.0
10, 0 ,1.0,1.0,1.0,169.89923741831106,96.01886003581134,16.665854700466273,16.06872305413187,15.63571955932828,10.503664274098934,66.0,75.0,41.0,0.8464420810395251,0.5107155691719634,0.15068314720245177,16.41278578454202,-0.5178969345767115,0.8553841904104098,0.010032544640971672,15.395088010047559,0.12376820513170478,0.08653030799254709,-0.9885312019340571,10.325612711357978,78.63500071041167,70.95945085734019,45.20563897888327,23.679888679585233,7.229759472749805,110021.0,252242.7852980542, 0.0, -1.4210854715202004E-14,0.0,59.28849479301257, 101.99719654712567,101.99719654712567,1.3486991523486091E-6, 258.20386059038907, 12.597168561980318, 20.081826789516633, 12.597168561980318, 244.47572613796092, 13.64446197995399, 20.081826789516633, 13.64446197995399, 110.3269631829823, 9.6879124880401, 6.076982775915821, 12.0, 0.0
11, 0 ,1.0,1.0,1.0,88.48926299511476,180.04471936175446,79.12912522405371,16.229401371369907,11.403711918653016,19.252265604914268,81.0,50.0,91.0,0.5029876841916843,-0.10541219171838938,0.8578412786690858,20.757665262705775,0.8641510561655852,0.043311888239995454,-0.5013651687791939,14.376891521979772,-0.01569527570290462,-0.9934849521629463,-0.11287740316997967,11.247762814244506,92.17169522601517,70.83070059340682,54.46884822434913,26.314747093824224,8.462974105293773,142265.0,355604.546213333, 0.0, 0.0,0.0,NaN, 120.3743384176781,120.3743384176781,1.9073486328125E-6, 263.39346887302344, -13.136848073489038, 96.59037879156612, -13.136848073489038, 130.04464552362884, -29.26428492373668, 96.59037879156612, -29.26428492373668, 370.64973092216496, 10.323839320744277, 6.203914232944266, 14.0, 0.0
12, 0 ,1.0,1.0,1.0,154.99505890272636,181.09553685627733,183.9052440255806,17.70500832855153,12.321885131222732,9.491670502020126,78.0,54.0,42.0,-0.9872864480123613,-0.15891041489403718,-0.0035985565634793046,17.827398697351377,-0.13999730156129947,0.8800576372589891,-0.4537612925952144,12.945044389534052,0.07527433245595853,-0.44748858660342405,-0.8911160080107299,8.366460629125868,82.04885659323477,66.55223706298914,42.75383157948576,22.228274833812,7.82890668820001,74275.0,233458.7917888557, 0.0, 0.0,0.0,NaN, 51.399072168644715,51.399072168644715,0.0, 313.467319914079, 26.858284241349793, 7.079033652741452, 26.858284241349793, 151.82885318704786, -38.82410786409367, 7.079033652741452, -38.82410786409367, 90.091808918919, 10.905786313339743, 6.601809578149109, 7.0, 0.0
13, 0 ,1.0,1.0,1.0,21.678643316570394,45.96366354355851,57.28767563385546,12.586042903135773,16.45498420874108,17.22622663629946,55.0,86.0,84.0,0.16568229206464843,-0.06189626714623007,-0.9842348450494768,17.327114427835507,0.22931863940608602,-0.9682530356426059,0.09949382186759226,16.68440843061939,0.9591466726821015,0.2421877599761005,0.14622841447753135,12.137523895738251,86.94345355908882,91.5943949100799,64.8945065435361,25.851587057175575,7.590343340053542,152519.0,516789.54568497057, 0.0, 0.0,0.0,NaN, 76.58002168922629,76.58002168922629,0.0, 158.40847595957436, -30.666244590769395, -21.94497180126941, -30.666244590769395, 270.7665053099184, -3.309415231132925, -21.94497180126941, -3.309415231132925, 296.742884125153, 11.013585807733815, 6.238027084749971, 13.0, 0.0
14, 0 ,1.0,1.0,1.0,133.1938394482612,117.29362284560084,118.11070654990499,13.161009982256093,17.25114404360355,17.248358653136783,67.0,87.0,85.0,0.3749782212015962,0.8648546834421293,0.3337929150726563,18.08296986464078,0.07824705859062683,0.3292532193385491,-0.9409940039007244,17.1558878985966,-0.9237254632445733,0.3789705715268874,0.05579045142479376,12.12442749488493,90.22171228152007,86.52180832888082,65.52100925302082,26.553993156579185,7.950187308099367,150506.0,511466.54445176315, 0.0, 0.0,0.0,NaN, 134.1986001843022,134.1986001843022,0.0, 173.21218375304454, 62.16721490905599, 11.681343249525332, 62.16721490905599, 297.60197081315823, 6.316217666714931, 11.681343249525332, 6.316217666714931, 297.50587622723856, 9.433323706669052, 6.1790124318081645, 28.0, 0.0
15, 0 ,1.0,1.0,1.0,77.60133131108864,92.11355465678014,159.10802157061005,14.330912134424915,17.22673749540204,18.014504190360963,77.0,83.0,84.0,0.11244781250177396,0.4548492531781533,0.88344079957111,18.264139158849037,-0.18171662757381038,-0.8646728859448205,0.4683159911588083,17.100127399822863,-0.9769004845565219,0.21319699152458077,0.014576902212090676,14.165618668475265,90.27984797148869,93.8238483917145,77.87707064414712,27.540094384615738,8.258395113529376,178020.0,659650.1548183155, 0.0, 0.0,0.0,NaN, 127.19680606300876,127.19680606300876,NaN, 205.3750426046073, 21.21432472501036, 5.395845404380301, 21.21432472501036, 296.76048473549054, 16.25606304881555, 5.395845404380301, 16.25606304881555, 324.5223612245327, 10.053629329250832, 6.306335381861969, 21.0, 0.0
16, 0 ,1.0,1.0,1.0,119.64484327818654,49.92275762344235,13.884174711861524,17.166009242530883,18.807447541724766,9.190658242405267,80.0,95.0,39.0,-0.567119596629938,0.8226140029207545,0.041006893530107155,20.22296730391375,0.8228556936041597,0.5637140797654271,0.07165852201542494,15.517123771534902,-0.03583114038813051,-0.07438170791875354,0.9965859174730374,9.116502539997354,102.17936471637117,72.0893545313804,42.676634448159845,25.63540782775262,8.699771306354856,117565.0,314357.9862716022, 1.4210854715202004E-14, 7.105427357601002E-15,0.0,75.09193890387596, 95.6138235191213,95.6138235191213,NaN, 294.67187331465567, -78.88303643253528, 1.7188944917200353, -78.88303643253528, 353.720083034729, 17.361197555040945, 1.7188944917200353, 17.361197555040945, 84.46819892869188, 9.529205491112075, 5.896072485470177, 9.0, 0.0
17, 0 ,1.0,1.0,1.0,50.6750263188677,12.633196865130424,118.87558778804538,16.827676064480865,8.303823766700093,15.704078858036228,79.0,33.0,73.0,-0.8957741493601836,0.12167773364446877,0.4275315221982875,17.31130847495323,-0.41934282962629216,0.08771319749802398,-0.9035806473279997,15.32671567343272,0.1474458021750822,0.9886864640116292,0.02754652974746839,8.009534893469189,81.33049021453544,77.10451597419994,38.780524389986255,23.128144344985742,7.989443210663955,85490.0,243190.6550398628, 0.0, 0.0,0.0,NaN, 96.48174030450636,96.48174030450636,0.0, 283.17068173110226, -31.952351441022028, -25.499841151860142, -31.952351441022028, 68.95348914841333, -1.2809371639078255, -25.499841151860142, -1.2809371639078255, 246.61809277942044, 8.58125618893942, 5.647459584786196, 8.0, 0.0
18, 0 ,1.0,1.0,1.0,186.9672804889366,28.083402935210596,172.2960399846213,7.720744869567869,15.680162903452903,15.068384699914855,32.0,73.0,58.0,0.01315712838890256,0.8056353239939444,0.5922656622713574,16.382413721411506,-0.05816685502197354,-0.5906972256532869,0.8047940137590254,14.32028008884887,-0.9982201695765373,0.04503900907747877,-0.039089393854447624,7.686333737344064,81.27082893856182,73.6269997145354,33.889897924329574,21.90145149258433,7.27049173044209,75429.0,202787.90737215235, 0.0, 0.0,0.0,NaN, 41.54562189700798,41.54562189700798,0.0, 59.609901340958565, 7.234682130799751, -5.2031628858654, 7.234682130799751, 245.86750867882054, 30.46685773981809, -5.2031628858654, 30.46685773981809, 227.05621746462808, 8.950756933409178, 5.635875396089401, 9.0, 0.0
19, 0 ,1.0,1.0,1.0,22.09622072014624,172.56066828210686,43.68843259788292,15.137749812022038,14.47166461264681,14.423052706314541,66.0,63.0,75.0,0.6674724815616454,0.5345802019377364,0.5183671421436241,17.302746242073,-0.19654003983088317,-0.5449736067916847,0.8150924982133854,13.215317399724146,-0.7182287233891539,0.6459317112486981,0.2586884715292019,13.136793897614876,87.25245900179581,67.80556018560702,71.62698889835671,24.24520169852605,7.666497896638499,117615.0,423759.72496015724, 0.0, 0.0,0.0,NaN, 56.12342682069365,56.12342682069365,0.0, 229.15146937137328, 45.4695567491557, 43.54412284393953, 45.4695567491557, 209.42907666093396, 34.220904554672316, 43.54412284393953, 34.220904554672316, 208.0244493691272, 10.023105575166653, 5.946354027212798, 9.0, 0.0
20, 0 ,1.0,1.0,1.0,109.9894205992785,71.87197968048295,63.193661194139736,12.864999312041386,14.231240657978395,17.020317929675294,63.0,71.0,81.0,-0.12918710563566146,0.2531304905906162,0.9587677750481782,17.275490387180138,0.014763214668545927,-0.9662717882921086,0.257100911401381,14.00144177442697,-0.9915103323869758,-0.047368617080555696,-0.12109283581510855,12.776724952472245,76.69921974294019,69.25306297257173,62.122885448360705,24.65440098987032,7.063154551756789,135830.0,329975.390694078, 0.0, 0.0,0.0,NaN, 131.38083833788346,131.38083833788346,0.0, 165.5082072988253, -4.888971252294422, -16.621186106636365, -4.888971252294422, 202.52821066529737, 24.66421684830318, -16.621186106636365, 24.66421684830318, 289.69122242722625, 9.10584727357183, 5.672153968990862, 11.0, 0.0
21, 0 ,1.0,1.0,1.0,141.1391181830712,40.66951774200959,87.05994149807802,15.419118866435067,12.828888366153736,16.39838453834481,79.0,67.0,82.0,-0.4585259579649832,0.01816395972690416,0.8884953665829295,16.755055704736066,0.8580646686390421,0.26921764418513355,0.4373178300650208,15.204309952648902,0.23125520600770497,-0.9629080592800371,0.13902913028530314,12.622744788313183,75.49807864348395,69.55254635876273,62.62192706365034,24.82462349566967,7.414491694926641,130594.0,328832.9751341678, 0.0, 0.0,0.0,NaN, 112.68560908688767,112.68560908688767,0.0, 237.74922661725384, 15.583787935610706, -22.500658660712602, 15.583787935610706, 164.58037671123466, 10.41687225382219, -22.500658660712602, 10.41687225382219, 268.90701546742616, 8.839935960023986, 5.687657974885447, 14.0, 0.0
22, 0 ,1.0,1.0,1.0,54.78693498799939,76.94371352657393,93.6927924095138,14.174471965520388,14.929712243010645,14.431256725175457,69.0,74.0,64.0,-0.19921130645740293,0.7798330751009659,0.5934435359476975,16.260463210830405,-0.8445881863653751,0.17048512676273297,-0.5075486351126771,14.615242963081489,0.49697650933578474,0.602324826427789,-0.6246752377332979,12.412298059895086,76.5713696217407,71.54364992724481,62.91649704044102,24.162404746242522,6.946317780460978,124577.0,344668.8560305768, 0.0, 0.0,0.0,NaN, 133.04240920146853,133.04240920146853,0.0, 200.91565550132339, -25.714281222570605, 12.478890878137493, -25.714281222570605, 222.89630765910195, 45.91077695221021, 12.478890878137493, 45.91077695221021, 208.26117066792187, 8.718556842615099, 5.619030108706254, 11.0, 0.0
23, 0 ,1.0,1.0,1.0,116.9276171969881,151.494327680064,159.34504707882667,16.73291546784327,13.51745534785013,15.125772926951768,77.0,73.0,78.0,-0.9131909381228694,-0.4051573595542753,0.04392976814509005,17.42571179093559,-0.07790247962020352,0.06773857933003924,-0.994657070823594,15.1414097927832,-0.40001689239243077,0.9117340614835863,0.09342101975116135,12.592987883702381,88.92290740950935,80.75351666538725,67.28306101813507,25.207323550271926,7.48945293094212,139978.0,483148.72669339745, 0.0, 2.8421709430404007E-14,0.0,66.0990115253487, 104.43488990180424,104.43488990180424,0.0, 279.99046005398856, 53.301672606083585, -0.34310379486293135, 53.301672606083585, 182.72159908112206, -7.344172174337539, -0.34310379486293135, -7.344172174337539, 228.78900663770705, 9.008185787155936, 5.783252094804469, 15.0, 0.0
24, 0 ,1.0,1.0,1.0,184.0824360208935,20.482462283696634,114.9796463275847,9.975162651236234,11.535867596518353,15.534855558878203,40.0,45.0,76.0,-0.21544174890628812,-0.3081480007563658,0.9266227185095642,16.183548817851587,-0.159470122318585,-0.9250654926898165,-0.3447072878867563,11.009864841459692,-0.96340756324408,0.22203297922696608,-0.15015732822510594,9.528246018614006,83.36292412226258,55.58281734195373,45.62033645934801,20.667603283077145,6.838276309972757,68538.0,211383.93594041627, 0.0, 0.0,0.0,NaN, 88.88959805744756,88.88959805744756,0.0, 99.50386991861828, 15.849281976379084, -32.48845898262654, 15.849281976379084, 133.07624120440212, -39.15770762371498, -32.48845898262654, -39.15770762371498, 241.33173723520898, 9.263015311723251, 5.818868325601744, 7.0, 0.0
25, 0 ,1.0,1.0,1.0,175.0462745098039,61.48368729309906,113.82688057040998,14.030705450575441,11.775380836287372,14.544100340700268,60.0,57.0,67.0,-0.5882756643052556,-0.011895508122179425,0.8085729649652688,15.12039259133588,-0.7675340641778104,0.3230260688486908,-0.5536656203620144,13.60892125990303,0.25460401236607333,0.9463153046055408,0.1991585829343553,11.542189308203334,75.12874650097645,71.91652666051044,59.486791877567455,22.43188788042831,6.62280530596176,98175.0,321407.0473264379, 0.0, -7.105427357601002E-15,0.0,89.31842151454474, 108.76000520054252,108.76000520054252,0.0, 196.8606954408074, -12.2201109383504, -23.290761583207228, -12.2201109383504, 138.65959383960387, -10.214283175619915, -23.290761583207228, -10.214283175619915, 211.53085472035767, 9.806036539688831, 5.593135415487791, 11.0, 0.0
26, 0 ,1.0,1.0,1.0,11.372826004404951,24.700341763499658,170.91229589124325,7.103853699557054,14.034662003793168,15.974731126955527,29.0,51.0,60.0,0.038609173616486483,-0.2780501701263076,0.9597903076221299,16.146423150062805,0.0382670601002939,-0.9593904759650458,-0.2794736959694841,13.855647403668463,-0.998521388766376,-0.04751860183438259,0.026401110881417705,7.06700530693725,71.77544248814235,65.22998127021344,29.151233789763047,21.266696883037856,7.096204140872118,65835.0,136483.47541467435, 0.0, 0.0,0.0,NaN, 39.81887222007599,39.81887222007599,0.0, 50.464737384710446, -7.477206479609738, 6.291208283579079, -7.477206479609738, 196.97173756071564, -18.16324487973798, 6.291208283579079, -18.16324487973798, 255.1920345785218, 8.590483160386318, 5.225848543833781, 5.0, 0.0
27, 0 ,1.0,1.0,1.0,98.8032346907231,185.65035269651239,142.290869235309,13.536043917699924,8.661988954019966,15.100208143030798,67.0,35.0,65.0,-0.24355773709815387,0.07080659578249238,0.9672983276597352,15.253720442844163,0.9543064987342923,0.19553849920191801,0.22597301122779537,13.554893475656604,0.17314368360735088,-0.9781365555603964,0.11519610888967297,8.35821147491967,70.95999596443481,69.88646855576417,38.330882195381264,21.00487517720896,6.713124632697312,71166.0,190088.3463113743, 0.0, 0.0,0.0,NaN, 115.31840849014871,115.31840849014871,0.0, 183.22448494190112, 18.441726228947292, -13.801421438579787, 18.441726228947292, 75.03005263956392, 16.183215287949267, -13.801421438579787, 16.183215287949267, 228.01628596285363, 9.696885652366298, 5.539720312022705, 7.0, 0.0
28, 0 ,1.0,1.0,1.0,175.89961002063325,150.70567900701099,92.94228089317158,14.144807417455969,11.43832372538497,14.138474152800791,60.0,53.0,70.0,-0.6928217433484852,-0.13569535629156598,0.7082265190067869,15.217751165747663,-0.7211066237496495,0.1279094276032163,-0.6809143966128187,13.076492500165788,-0.0018080729928561371,0.9824591333033267,0.1864692528566841,11.323986543772115,77.0186269822688,64.93155634079898,54.042453809594235,22.068552046933153,6.617120857656524,92569.0,270263.0320538333, 0.0, 0.0,0.0,NaN, 107.93065577926694,107.93065577926694,NaN, 200.0755768769174, 5.771747291341056, -29.713255881124546, 5.771747291341056, 130.8352496467047, -13.656359656748643, -29.713255881124546, -13.656359656748643, 199.89645136941607, 9.263870773247023, 5.535022562323379, 8.0, 0.0
29, 0 ,1.0,1.0,1.0,19.862475903897693,75.88838215242842,174.83174573322677,11.610877870858682,15.546983447204688,14.5217761474234,47.0,73.0,60.0,0.03444688510510018,0.8093365127438542,0.5863342231578956,16.60586107807706,0.038583384688053404,-0.5873219780851565,0.8084331861595937,13.306645531194167,-0.9986614714369277,0.005225246190917569,0.05145835471208332,11.600936353514028,85.09818872496487,67.27259253785283,48.04099791284429,23.15728255184846,7.15146324394402,106345.0,275023.94109689497, 0.0, 0.0,0.0,NaN, 82.38328421216818,82.38328421216818,1.6518123698891422E-6, 134.8124849319958, 2.9730273071536693, 4.1765224631946944, 2.9730273071536693, 241.70869430765657, 46.820055685301355, 4.1765224631946944, 46.820055685301355, 210.88198247587522, 8.461861772091142, 5.130689545363672, 8.0, 0.0
30, 0 ,1.0,1.0,1.0,89.9540523650814,33.515751185745415,105.75104954493014,13.098532637468361,16.20659997596098,14.041550269726791,67.0,70.0,61.0,-0.3697067905064432,0.9054643626326804,0.20844945923561292,16.811626426468436,-0.15438919694408168,-0.28109122355721033,0.9471809224778933,13.998689825278827,-0.9162318838156566,-0.31799687426341955,-0.2437152499092094,12.36108709157127,79.79725411619118,67.2422915700556,65.33489913945687,24.113724591450453,7.065328041963988,124816.0,350570.7499389195, 0.0, 0.0,0.0,NaN, 134.52844225786163,134.52844225786163,0.0, 171.57155725482386, -41.589525116569746, -16.31818621698982, -41.589525116569746, 262.65388278081844, 13.012465842476937, -16.31818621698982, 13.012465842476937, 197.16513397726453, 8.154829416721066, 5.169182770784416, 8.0, 0.0
31, 0 ,1.0,1.0,1.0,104.28073821130906,161.82338867297193,18.147046930110307,11.575377192678971,17.917765001648757,11.007653940342708,55.0,84.0,45.0,-0.08411407476766845,0.9961978795374767,-0.022684956050523043,17.961302714001718,-0.7693722321807748,-0.05046100870897475,0.6368045657415189,12.53816130767087,0.6332386523066567,0.07101740212868837,0.7706914673329018,9.817852153921628,84.72873494102673,68.44364851282003,53.508371329864715,22.72905320611323,7.719730917017353,89026.0,310302.73734360596, 0.0, 0.0,0.0,NaN, 104.63721155530926,104.63721155530926,0.0, 133.9893571527925, -16.594735842378352, -29.364164894797053, -16.594735842378352, 321.04630265430905, -7.066463517600051, -29.364164894797053, -7.066463517600051, 121.16844527034236, 8.04241870428915, 5.24267551981076, 11.0, 0.0
32, 0 ,1.0,1.0,1.0,153.29070745697896,90.07911499590276,69.34849494673587,10.842915607243338,13.279581864321324,14.844068840256067,53.0,65.0,67.0,-0.13343803543369442,-0.2591459586778436,0.9565760099440805,15.068309737468791,0.25246904467144726,-0.942251901112629,-0.22004712298124457,13.259101147857157,0.9583598865678192,0.21214317559275292,0.19115857518599477,10.554845877504345,69.73172960116622,68.98120906045065,48.97330634596639,21.785072434554074,6.298659548870848,91525.0,235570.37061593833, 0.0, 0.0,0.0,NaN, 122.90329010930525,122.90329010930525,NaN, 117.56881886580118, -11.320699401212577, -18.33957284947062, -11.320699401212577, 176.3472944912118, -15.316126215890062, -18.33957284947062, -15.316126215890062, 220.34637973426112, 7.892071693989137, 5.070772775633741, 9.0, 0.0
33, 0 ,1.0,1.0,1.0,153.23910440314333,49.52651864787327,156.9724460521392,12.380112170103207,11.416813098303793,13.087435943873935,56.0,58.0,59.0,0.5153063154772055,-0.12137920021189724,0.84836695538265,13.339605853505505,-0.6837517905766316,0.5385657895279125,0.4923721958370792,12.648086361839963,0.5166651624723282,0.8337949268891581,-0.19453310716005634,10.815387432149691,65.51412727799317,58.43000240503995,57.39113347622023,20.546683827670698,5.720626009162122,80170.0,219692.72029773777, 0.0, 0.0,0.0,NaN, 80.56567386383819,80.56567386383819,0.0, 153.2671773443375, -19.648769314719825, 12.178373227223961, -19.648769314719825, 130.34362132160106, 5.124324307011992, 12.178373227223961, 5.124324307011992, 171.28097958500342, 8.045951271162703, 5.01884666555158, 13.0, 0.0
34, 0 ,1.0,1.0,1.0,119.68344026447491,79.23930797475467,179.3424714813992,13.271599781609282,12.004413263383412,12.397073357732665,62.0,57.0,50.0,0.7555601593610318,0.19275462069283186,-0.6260786706060952,14.147015572883163,-0.5215551925120377,0.7552901472371932,-0.39688408213249154,12.813709276109433,-0.39636981059367277,-0.6264043819195247,-0.6711993173133854,10.468979480649516,68.95251555788714,62.5559975705242,56.39972847385178,20.839332391695976,6.2969001791983,76529.0,243274.2163195541, 0.0, 0.0,0.0,NaN, 114.70113853212177,114.70113853212177,1.9073486328125E-6, 176.13536076321157, -8.319206117989273, -31.528051926610917, -8.319206117989273, 144.1059377980956, -27.290674420289825, -31.528051926610917, -27.290674420289825, 153.68742783700506, 8.434636177393068, 5.05587303146971, 9.0, 0.0
35, 0 ,1.0,1.0,1.0,48.855605954873226,32.06718616732574,11.024540590835079,12.664281714325913,13.601039483790492,7.450876747723024,58.0,59.0,31.0,-0.5357429118871309,0.8412673604951073,0.07244833005869133,14.181233373016559,0.8352636165503282,0.5405784449260475,-0.1005466844237176,12.08179395102761,0.12375064941229175,-0.006646280684095455,0.9922910882009893,7.335580797329643,70.71748822150923,60.54207180491821,33.37307993325698,19.018962953303543,6.258347934563599,51588.0,142882.94541948408, 0.0, 0.0,0.0,NaN, 59.47028801970562,59.47028801970562,0.0, 160.3840313398097, -24.77489978753961, -13.456912404800873, -24.77489978753961, 184.98827503962792, 3.9683442333907846, -13.456912404800873, 3.9683442333907846, 55.515564309759625, 8.038403870732996, 4.870078958108494, 2.0, 0.0
36, 0 ,1.0,1.0,1.0,11.162968801118282,174.69813817922255,137.09486066085717,7.016850636695915,13.574742893757941,16.61264883089202,28.0,49.0,75.0,0.03693651130796013,0.11272612643405107,0.9929393307506614,16.65702662412591,-0.028669983303835078,-0.9930888216333975,0.1138095971530887,13.535864427889429,-0.9989062649667159,0.032671283506542075,0.03344938032730052,6.986685687851407,77.84073404426013,53.92866161788521,30.0183379010964,21.396710682634556,7.188234180339632,67246.0,126012.37788670637, 0.0, 0.0,0.0,NaN, 68.71573793047288,68.71573793047288,0.0, 49.236192857699876, 4.778783923116624, 7.947081194682948, 4.778783923116624, 184.27364463163173, 10.401073321160146, 7.947081194682948, 10.401073321160146, 275.980101178538, 10.131104217049865, 5.9290444081047315, 8.0, 0.0
37, 0 ,1.0,1.0,1.0,46.118936665960604,22.73665536962508,166.62792575725481,12.00470184365398,13.21472232807339,11.592589480790675,51.0,53.0,58.0,0.3633116450761684,-0.8940429651577741,0.2620912531999939,13.472086168757814,0.7300097390948995,0.44796506328384095,0.5161521896724854,12.13570143955811,-0.5788699589533431,0.0038050662280054715,0.8154109958127594,11.151570663575637,64.23399431278018,66.46002679714948,62.110966750145934,20.450113418825065,5.909546902295606,75536.0,265151.281243304, 0.0, 0.0,0.0,NaN, 61.2993242691898,61.2993242691898,1.1680077279964342E-6, 144.11286635502924, -11.065334566838548, 14.076185064033375, -11.065334566838548, 174.6288862080814, -8.090000805399805, 14.076185064033375, -8.090000805399805, 134.3881308701386, 8.008892150993091, 4.874067643192558, 6.0, 0.0
38, 0 ,1.0,1.0,1.0,114.4076562571095,155.10985394263875,61.808790742117,9.86620873281876,12.236318934534971,14.073821215834517,46.0,54.0,62.0,0.12487528117156604,-0.38961775483745303,0.9124714621662123,14.596237286332316,-0.3510715497901999,-0.8775240963538475,-0.3266500072650698,11.976776986418242,0.9279843377343336,-0.27955225886010243,-0.2463647772835738,9.415343304477357,63.263083068475254,56.05582061374622,48.6690785373831,20.226775756935897,6.001629938700439,65933.0,172593.4028803845, 0.0, 0.0,0.0,NaN, 114.72358577666216,114.72358577666216,0.0, 97.34207475954918, 10.828164132221389, 20.458637138206676, 10.828164132221389, 149.72750106765906, -28.520119990674463, 20.458637138206676, -28.520119990674463, 198.07244361527376, 8.041611865508411, 4.982490582853303, 9.0, 0.0
39, 0 ,1.0,1.0,1.0,34.7800886739218,54.56695888754535,127.93121725110842,14.335473154397727,13.302657322502679,12.494653628501778,71.0,64.0,61.0,-0.9290834394252372,-0.19126151692637308,-0.3165801552984555,14.482822513717004,-0.32514906707266,0.8303247110111553,0.4525913813430607,13.806512653312442,0.17630101181658048,0.523430899381441,-0.8336294421415222,11.756313711649593,73.12094913268423,65.75317550050167,53.40349716176491,22.30002838671254,6.4258529121346,99240.0,256760.52182297493, 0.0, 0.0,0.0,NaN, 96.8561666457426,96.8561666457426,0.0, 205.50579056045794, -1.4365849379101048, 13.329906139542526, -1.4365849379101048, 176.96069183993413, 24.02693532211309, 13.329906139542526, 24.02693532211309, 156.11636929623265, 8.298682307780197, 4.922743174947005, 6.0, 0.0
40, 0 ,1.0,1.0,1.0,59.14316993732381,144.62253332238552,86.7542354325752,12.133118057464403,12.749481155530473,10.945081148803252,62.0,60.0,52.0,-0.4473611114201618,0.8653777220927934,-0.2258084012927885,13.060169793985786,0.8837210643868413,0.46653728560309216,0.03714890982367144,11.914614356935788,-0.13749587756695064,0.18293266315118895,0.9734631602708484,10.81806611937848,58.61871102656314,54.34627954452036,48.38717424110632,19.95572831843488,5.596921668764358,73074.0,154147.44949617804, 0.0, 0.0,0.0,NaN, 118.70499455101354,118.70499455101354,NaN, 147.21255379636878, -10.448982450923701, 6.226594806694572, -10.448982450923701, 162.54926973522666, -10.029708570261668, 6.226594806694572, -10.029708570261668, 119.79480135388832, 7.226056657413624, 4.6863472115445575, 12.0, 0.0
41, 0 ,1.0,1.0,1.0,130.83063007922746,120.39450508347785,183.721479819103,14.947153634127536,10.740513492378065,9.23974203357636,70.0,51.0,37.0,-0.980891560736181,-0.10438394335849344,0.1641820283876093,15.140684604757658,0.03267752465134858,-0.9202884362195335,-0.3898735353204509,10.991895346873548,0.19179135918804915,-0.37705859827026506,0.9061141694131397,8.607367255545622,70.70550226037318,55.3190466000697,43.15752882444251,19.580368139141065,6.3842030219048995,58818.0,168804.6739964566, 0.0, 1.4210854715202004E-14,-2.8421709430404007E-14,79.29509092933117, 106.70720114135212,106.70720114135212,0.0, 223.41740176221202, 14.48061919211126, -25.582077221974597, 14.48061919211126, 115.35863007995526, 14.1093165744764, -25.582077221974597, 14.1093165744764, 85.37283284703778, 7.760908553903938, 4.913756838879215, 6.0, 0.0
42, 0 ,1.0,1.0,1.0,125.38659649274175,10.404866159056104,43.11063178102284,9.579178543606943,7.124853961614948,18.130137168937033,44.0,29.0,84.0,-0.16338444962918622,0.01105608110803453,0.9865005244245442,18.316082207263864,0.9195201679422037,0.36402754742647936,0.1482113540259463,9.549974125570936,0.35747472968995986,-0.9313225584002547,0.06964273004338033,6.6742195114327565,86.99487961682351,48.65305758245351,32.9219882409965,20.099880299755586,8.19883474919575,46361.0,139344.5172954214, 0.0, 0.0,0.0,NaN, 86.79831677678862,86.79831677678862,9.5367431640625E-7, 91.76066157029965, 15.091921740929678, -40.53380758420368, 15.091921740929678, 50.76354397434022, 5.690438978240326, -40.53380758420368, 5.690438978240326, 328.7018737644721, 8.357224545496871, 4.539931591739352, 4.0, 0.0
43, 0 ,1.0,1.0,1.0,170.33718668574994,103.56583727843224,120.89186759147125,7.829689983614007,12.808694295761468,16.3035930018744,41.0,54.0,69.0,-0.08068279025774663,0.04585131215312992,0.9956846611905102,16.355242567818063,0.14899898287530977,0.9882718875840908,-0.0334361976471835,12.890085418072836,-0.9855402530888061,0.14565827606014925,-0.08656833229788921,7.584561822225714,67.81473092931,55.726012897120754,37.73693392128371,21.118011272045027,6.723350317090229,54498.0,142609.55523807276, 0.0, 0.0,0.0,NaN, 128.20891874862363,128.20891874862363,0.0, 61.30404523950552, 15.218983708971415, -17.408913333716487, 15.218983708971415, 164.06264956227238, 5.9962471848839405, -17.408913333716487, 5.9962471848839405, 265.80714477076793, 9.627672601687395, 5.397896361302711, 9.0, 0.0
44, 0 ,1.0,1.0,1.0,48.65363496215205,183.27394294226673,164.21127297292617,15.035192867304596,9.92332646374063,9.556274182676601,62.0,42.0,43.0,-0.9940885781990515,0.05046320394996478,0.09613201205265923,15.079624172714173,-0.10093745080062284,-0.7557099146324732,-0.6470812591568793,11.009403784005515,0.039994121068729405,-0.6529594091314445,0.756336221733863,8.200595834933766,63.71938564330882,53.256916844967236,41.95517244842958,19.443579307470376,6.148091787838215,57731.0,142374.79474234703, 0.0, 0.0,0.0,NaN, 62.671924830399924,62.671924830399924,6.743495761743046E-7, 226.057024557047, -3.9178472038668084, -11.779882309908713, -3.9178472038668084, 98.47240810597512, 27.162264951809284, -11.779882309908713, 27.162264951809284, 91.32237625449135, 8.518879712456505, 5.162686366653047, 5.0, 0.0
46, 0 ,1.0,1.0,1.0,118.77525132516908,116.2911167976604,51.445933101809544,12.772749399467932,9.036630489329882,10.980639290457093,61.0,42.0,55.0,-0.9910352952645275,-0.13119283285280953,-0.02524844842768546,12.830952654189158,0.020856577409294665,0.0347435532773851,-0.9991786069989848,10.981210155472269,-0.13196229279123922,0.9907478620283351,0.03169585410685288,8.953096366996938,61.608640058383756,55.78882534524435,41.14489141005076,18.35637998714923,5.331188499461975,54710.0,141418.02250802517, 0.0, 1.4210854715202004E-14,0.0,82.46147300792066, 127.48066895411337,127.48066895411337,0.0, 163.1431272216084, 11.012512742533989, 1.2712336578294872, 11.012512742533989, 81.66069060068644, -1.1236771433470991, 1.2712336578294872, -1.1236771433470991, 120.57443922713004, 6.756142642484507, 4.284852468793651, 9.0, 0.0
47, 0 ,1.0,1.0,1.0,159.53321142365405,52.06558920023665,42.20997149464852,12.649844599165736,12.838427889605741,11.027853460372814,64.0,60.0,57.0,-0.7711968779157842,-0.5176487113934318,-0.3705336517587399,13.951137779488652,-0.319972750693577,0.8183853840142906,-0.47734976908485893,12.635506249673686,0.5503388177355231,-0.24956997981428355,-0.7967697351612727,9.600369132241086,64.3754323830116,61.49158922888905,48.493450329899666,20.290467003621064,5.89527775241248,74372.0,191963.63357847303, 0.0, -7.105427357601002E-15,0.0,58.82533654650946, 78.29475237862064,78.29475237862064,0.0, 160.01856838304252, 23.233098406327944, 39.58862704254607, 23.233098406327944, 164.82523067660654, -6.711117637698237, 39.58862704254607, -6.711117637698237, 121.61355194345666, 7.3527307496298695, 4.391283082223594, 5.0, 0.0
48, 0 ,1.0,1.0,1.0,8.485385911027445,118.8782324383236,68.09032662901681,5.976166329430009,9.99038482720654,12.95998046747784,24.0,46.0,53.0,-0.050083178796271534,-0.1378081802448511,0.9891918826290796,13.02791880776256,0.08770821618488323,-0.9872151557014315,-0.1330920928044338,9.943474762773922,-0.9948863975426172,-0.08009458040966856,-0.0615297828183446,5.906275297556269,55.233764654407324,49.089024328828046,26.556465662266323,16.468127450689245,5.6819208880416054,30279.0,72004.4472416615, 0.0, 0.0,0.0,NaN, 106.2498730673873,106.2498730673873,0.0, 35.71456399701294, -4.609907267282337, -7.427310362517245, -4.609907267282337, 99.80778899567866, -9.974073308854866, -7.427310362517245, -9.974073308854866, 167.96109371740712, 7.363039011390928, 4.580337370152184, 8.0, 0.0
49, 0 ,1.0,1.0,1.0,50.19084494923421,140.08143176733782,49.61204611942867,10.938986566981177,13.468003002864261,9.553638093478426,53.0,58.0,40.0,-0.43117838791718777,-0.8981871720834079,0.08570298535024874,14.193394653312936,-0.8161307939686668,0.3477497025002893,-0.46151995790760164,10.20554764205747,0.38472811819414665,-0.2689422769215911,-0.8829803660076601,9.312082385799654,67.05391233167614,54.2623775372316,46.97486869958676,18.95404860755005,5.7501803625217605,58110.0,170918.28084079374, 7.105427357601002E-15, 0.0,0.0,64.45763313242612, 92.57813378939208,92.57813378939208,0.0, 119.66142711259462, 39.486283285152986, 2.3284014547502307, 39.486283285152986, 181.38710488516077, -11.630927589694341, 2.3284014547502307, -11.630927589694341, 91.27200082116211, 7.202629240031313, 4.321080357729662, 5.0, 0.0
50, 0 ,1.0,1.0,1.0,141.1897850696038,147.84067615113966,17.681677374942634,8.741528584724291,13.685111896730767,10.324907508991917,38.0,56.0,40.0,-0.0653954219600024,-0.9721307911751358,0.22513365727025036,13.861756941805986,0.22249581956206865,-0.23414207223693492,-0.9464000741155919,10.182713863321178,-0.9727379138617334,0.011798934604416313,-0.2316068567165577,8.629273292511478,60.44503699096484,48.12997580628486,40.82884760219558,18.419395665048672,5.570115620632444,52296.0,118780.02522220353, 0.0, 0.0,0.0,NaN, 80.57219222114566,80.57219222114566,0.0, 76.41432199755188, 5.959103740246633, -7.886179592058738, 5.959103740246633, 187.28228762604198, -19.28058100260008, -7.886179592058738, -19.28058100260008, 106.60371506923767, 7.897812759505717, 4.442989290664966, 5.0, 0.0
