// Sample: .//bubblelabels.tif, Map: .//bubblelabels.tif, Thickness:(8.191250068658265):/gpfs/home/mader/Foam/NewValid/InSilicoTest/LatticeData_Phi_6.65/out_Step_03000.vtk/distmap.tif, Neighbors:(1.0):
//LACUNA_NUMBER, TRIANGLES, SCALE_X, SCALE_Y, SCALE_Z, POS_X, POS_Y, POS_Z , STD_X, STD_Y, STD_Z,PROJ_X, PROJ_Y, PROJ_Z, PCA1_X, PCA1_Y, PCA1_Z, PCA1_S, PCA2_X, PCA2_Y, PCA2_Z, PCA2_S, PCA3_X, PCA3_Y, PCA3_Z, PCA3_S,PROJ_PCA1, PROJ_PCA2, PROJ_PCA3,OBJ_RADIUS, OBJ_RADIUS_STD, VOLUME, VOLUME_BOX, Mask_Grad_X,Mask_Grad_Y,Mask_Grad_Z,Mask_Angle, Mask_Distance_Mean,Mask_Distance_COV, Mask_Distance_STD, SHAPET_XX, SHAPET_XY, SHAPET_XZ, SHAPET_YX, SHAPET_YY, SHAPET_YZ, SHAPET_ZX, SHAPET_ZY, SHAPET_ZZ, Thickness, Thickness_STD, Neighbors, Neighbors_STD
1, 0 ,1.0,1.0,1.0,156.02269870093588,182.090934488057,183.5556118172929,15.749476170506297,11.558434240935183,9.359781614946964,73.0,53.0,41.0,-0.9537656920890283,-0.30029452940191387,0.012417737524217362,16.13861542062278,-0.27139862855921104,0.8427669347870895,-0.4648512429215964,11.576654794785233,0.12912702664476022,-0.4467293243574423,-0.88530171227047,8.647257929221292,79.33323548593262,66.5203056455495,46.351089470548374,20.4078166756059,7.264291580168831,57272.0,244607.26363597144, 0.0, 0.0,0.0,NaN, 50.25092595926258,50.25092595926258,0.0, 248.0459996453457, 39.63007726577582, 5.275085637615647, 39.63007726577582, 133.59740210202287, -23.90184778503376, 5.275085637615647, -23.90184778503376, 87.60551187949922, 9.713725519202256, 6.414605487596038, 12.0, 0.0
2, 0 ,1.0,1.0,1.0,185.07428969075664,35.24077531484436,16.07008045079602,8.72273757602432,16.18592455168535,10.21103705833807,37.0,72.0,47.0,0.011392543604010185,0.9994260918097462,0.03190136298228971,16.191411711177174,-0.30698354527436106,0.033858535433464426,-0.9511123500980763,10.361930502243913,0.951646632359415,-0.0010423954134174667,-0.3071930997447485,8.532535689091052,72.36654511667165,55.82366188172669,40.76437628721243,19.90203731666487,6.800330349760493,58918.0,164678.52283504046, 0.0, 0.0,0.0,NaN, 41.50827096762588,41.50827096762588,0.0, 76.08615082018663, 1.796753563374968, 10.16109266891059, 1.796753563374968, 261.98415359285065, 4.924180025204678, 10.16109266891059, 4.924180025204678, 104.26527780675336, 8.57104752219718, 5.898866018706546, 13.0, 0.0
3, 0 ,1.0,1.0,1.0,170.78952941955126,186.89340128400292,79.01347541200609,16.29334777701197,7.6438533314369845,15.59338133182916,65.0,33.0,64.0,-0.8677583012327726,-0.02160359020849221,0.4965166820276185,16.633317975898088,0.495648826286516,0.03563058811599376,0.8677918541858449,15.240819766146906,0.03643860099414455,-0.9991314958906116,0.02021094448504534,7.622687378051836,73.83063838244358,76.9932518052403,33.94264271809362,22.67245349554788,7.2811447854945675,75545.0,192945.62645716005, 0.0, 0.0,0.0,NaN, 85.25352671952714,85.25352671952714,0.0, 265.47318178266096, 7.1733282204732465, -19.25170085312209, 7.1733282204732465, 58.42849375252028, 3.0411346547473377, -19.25170085312209, 3.0411346547473377, 243.1535413598382, 8.365879422160333, 5.583591966633992, 13.0, 0.0
4, 0 ,1.0,1.0,1.0,55.93357640311348,78.69299467431381,32.19306022122081,13.284200218751735,13.802083364711526,16.24271857713349,66.0,69.0,68.0,0.15912217712441834,0.3865152136031667,0.9084525977729843,16.888846173660244,0.7187678049479488,-0.6761640473269506,0.16178697003388337,13.68080570113834,0.6767961105957192,0.6272225846983951,-0.3854073869644585,12.585540025141162,78.28662789384413,64.84504782197268,64.17384367094974,24.10757002621781,7.044036830205285,122050.0,325778.52571233344, 0.0, 0.0,0.0,NaN, 101.77202713153386,101.77202713153386,0.0, 176.46997545188364, -6.180802066164207, 21.680386228704855, -6.180802066164207, 190.49750520644665, 41.38934835304449, 21.680386228704855, 41.38934835304449, 263.82590677595744, 8.103220056420415, 5.240891165339121, 24.0, 0.0
5, 0 ,1.0,1.0,1.0,13.884370888223078,107.67156513054644,138.62053550197365,8.104159946061998,14.629954380249703,12.51608673547601,33.0,73.0,62.0,-0.020502746588633085,0.9925252285687407,-0.12030506239095332,14.661315633263316,4.009325784478249E-4,-0.12032218435982972,-0.992734814139177,12.481851124908045,-0.9997897162080587,-0.020402024542874053,0.0020689995558557986,8.10028500529223,73.09416107350926,61.66747506551813,33.42357214982214,19.945733200999754,6.207505766738266,63081.0,150657.83289955946, 1.7763568394002505E-15, 0.0,0.0,88.82519683501766, 111.73519724092826,111.73519724092826,0.0, 65.6774084313556, -3.043334822494842, 0.3324643862874011, -3.043334822494842, 214.0355651681875, -7.059950626497596, 0.3324643862874011, -7.059950626497596, 156.65242716995851, 9.138333841285947, 5.469598853094005, 17.0, 0.0
6, 0 ,1.0,1.0,1.0,51.68848864526233,185.20985121378231,121.50897415818324,14.434710861975093,8.664939573738735,12.274375239277218,65.0,34.0,55.0,-0.9583209737476743,0.01607935830642764,0.2852408903221328,14.629646109756939,-0.28472379840565354,0.02844841698603279,-0.9581873753042489,12.045218944283043,0.023521689921563532,0.9994659282874238,0.022684538694703247,8.659589960702862,65.51203991755031,58.3378847758747,35.06224645128009,19.930457609205202,6.072824918244087,63850.0,134002.07985867144, -7.105427357601002E-15, 0.0,0.0,16.600321026346133, 95.13826515787754,95.13826515787754,0.0, 208.36087766882176, -2.710259347813152, -18.882106562157485, -2.710259347813152, 75.08117781654362, -1.273120512850657, -18.882106562157485, -1.273120512850657, 150.66028751458165, 9.218777575841525, 5.474428164099649, 11.0, 0.0
7, 0 ,1.0,1.0,1.0,56.1677997890048,149.92962431133512,11.778748095182277,13.294870455351228,17.0733886659537,8.303503821615946,63.0,88.0,32.0,-0.30407985440435653,0.9486961545035613,-0.08666630588400767,17.47974792674999,0.9387476068206682,0.3138843158552839,0.1422306821629147,12.906261590482691,-0.162136895350482,0.03810830211666888,0.9860321417052748,8.067786614319223,95.8128380395712,60.66385333082874,37.60947307819333,21.622794332418216,8.346084227758132,68248.0,218600.39696391835, 0.0, 0.0,0.0,NaN, 76.161690904493,76.161690904493,0.0, 176.75358042457097, -39.462944813231466, 19.88655750811684, -39.462944813231466, 291.50060053871624, -15.239416142580568, 19.88655750811684, -15.239416142580568, 68.94817571559062, 8.286797984113148, 5.2947674487216085, 17.0, 0.0
8, 0 ,1.0,1.0,1.0,26.431915900347672,50.88624534551215,50.43696640539818,13.8784845583065,13.239323656171353,12.88732299493359,65.0,66.0,63.0,0.826669142256055,-0.22009071285633883,0.5178592543887066,14.962191309788304,-0.0812673482750928,0.8639816796375305,0.4969218000400531,13.647605395128348,0.5567887816272642,0.45287496659133253,-0.6963408054170936,11.128828180536948,77.95637305472152,67.54602009086358,61.7690586547131,22.192965748987323,6.437964720936263,97218.0,325253.79529672844, 0.0, 0.0,0.0,NaN, 76.36716391032192,76.36716391032192,0.0, 192.61233363515197, -22.578961118908683, 40.296640340650214, -22.578961118908683, 175.27969087285837, 15.393521893860212, 40.296640340650214, 15.393521893860212, 166.0830939757441, 7.928848468657311, 5.14120479547395, 20.0, 0.0
9, 0 ,1.0,1.0,1.0,88.49793173545123,180.69416867583794,85.08494067035409,14.593296927156324,12.195147052213219,12.484672459323752,69.0,56.0,60.0,-0.9619262807900348,-0.01596759695241913,-0.27284220013226806,14.770060025093006,0.18765520471314323,0.6872029511649578,-0.7018102507474804,12.950224087239807,0.1987041883542463,-0.72628998324205,-0.6580421762871606,11.475626178613323,70.70784643466502,66.84365003440989,63.22625954614125,21.690820400952525,6.86012270877894,84612.0,298830.7305849046, 0.0, 0.0,0.0,NaN, 124.27407683602907,124.27407683602907,0.0, 212.96431520415018, 5.972887764363048, 17.949455923714385, 5.972887764363048, 148.72161162510477, -16.994433298743548, 17.949455923714385, -16.994433298743548, 155.86704641659696, 8.340819613677947, 5.114223924465955, 18.0, 0.0
10, 0 ,1.0,1.0,1.0,186.19024788127163,20.501929733816098,110.87172243663709,8.494080196865612,11.07916007755216,13.345174369539084,34.0,45.0,65.0,0.026347300126952838,-0.37301752134484284,0.9274501326463702,13.738374378766068,0.10875675265316878,-0.9211955897879364,-0.3735915605411804,10.61441501633604,-0.9937191698504957,-0.11070959364484503,-0.016297157624431083,8.460622238231487,74.05842030301076,56.90537889842872,36.014125686718444,18.40074470138465,5.865446257760708,50266.0,151775.13904554184, 0.0, 0.0,0.0,NaN, 92.49263883035728,92.49263883035728,0.0, 72.14939839078457, -5.267476107995086, 1.193664073895669, -5.267476107995086, 122.7477880240256, -26.393398262769164, 1.193664073895669, -26.393398262769164, 178.09367895340287, 8.668237414214147, 5.4026966132791845, 9.0, 0.0
11, 0 ,1.0,1.0,1.0,77.24776213854838,100.39285313300603,160.20565870188724,11.857488817222434,14.652332519146755,13.704156187690915,58.0,80.0,76.0,0.16478196872686288,0.8271284518253826,0.5373131553977111,15.377182881204591,0.04642762810978414,-0.5506606826957644,0.8334370329431815,12.991573927919204,-0.9852367117249531,0.11238921974095312,0.12914056355545683,11.741211165472937,73.56762699389776,68.75301576586408,60.65428680975248,22.33220379239602,6.66089032290771,97973.0,306789.15332370705, 0.0, 0.0,0.0,NaN, 132.18316860231238,132.18316860231238,0.0, 140.60004105055506, 12.648381523985327, 9.926774118076947, 12.648381523985327, 214.6908482516455, 29.62853441481919, 9.926774118076947, 29.62853441481919, 187.8038968166272, 7.536032596426435, 4.84232772886156, 31.0, 0.0
12, 0 ,1.0,1.0,1.0,22.54532465300159,178.24905461733488,48.5898220961712,14.243355149227371,12.669154200911187,13.77257152819437,58.0,51.0,81.0,-0.7328995985601928,0.1421878996964737,-0.6653125428024143,14.675012288415974,-0.598522038807934,-0.599701872896251,0.5311581993209965,14.300511295140218,0.32346490921196147,-0.787489850616905,-0.5246238535216093,11.541392966411156,76.00711495212244,78.12041880069623,65.8641868385576,22.428161018538265,7.074033778490221,93084.0,391082.28617697844, 0.0, 0.0,0.0,NaN, 57.81320005056362,57.81320005056362,0.0, 202.87316590702187, 17.03132373522257, 17.39077650913421, 17.03132373522257, 160.5074681664656, -30.483486374194225, 17.39077650913421, -30.483486374194225, 189.6837264992302, 7.520616549471368, 4.767870477372275, 10.0, 0.0
13, 0 ,1.0,1.0,1.0,167.49803970768122,187.25290907380108,25.3744785622432,15.347344970104368,7.3890950447610955,14.387226878362302,74.0,31.0,52.0,0.7799150124169117,0.030523427311104204,0.6251406991965188,16.944665476645408,-0.6253230199127313,-0.004332074685351881,0.7803539926828996,12.475189281871078,-0.026527234570358833,0.9995246637847937,-0.015708351662249216,7.374278590305745,88.14779246263983,61.914769674488035,32.35074205587969,21.045286053361476,7.363963293879351,63766.0,176559.03603958938, 0.0, 0.0,3.552713678800501E-15,51.30748485457683, 43.159354863459086,43.159354863459086,NaN, 235.54099763138782, 5.814856093125343, 64.06728209108714, 5.814856093125343, 54.598725580512976, 4.098763984360082, 64.06728209108714, 4.098763984360082, 206.99229724947065, 8.525358547583016, 5.0374427884677315, 12.0, 0.0
14, 0 ,1.0,1.0,1.0,176.12272112414448,61.36882962185298,108.45801619187984,13.458745245308133,12.989782906401434,13.980180513429096,55.0,65.0,66.0,-0.6321843260200227,-0.34246211413441036,0.6950271061744285,15.499626893519705,-0.1306247444187004,-0.8370737924340501,-0.5312670158833759,12.803642447436792,-0.7637278010391919,0.4266464184810038,-0.48445090516704903,11.880489761010754,76.68923535635811,66.19285013127714,67.92123696157466,22.39152079102914,6.628538857583928,99062.0,344787.1530956771, 0.0, 0.0,0.0,NaN, 112.76609639070394,112.76609639070394,0.0, 181.1378235781043, 23.945035818852126, -41.958380638839515, 23.945035818852126, 168.7344599554389, -13.452318119992919, -41.958380638839515, -13.452318119992919, 195.44544718806262, 7.0119943317159095, 4.509094720841966, 18.0, 0.0
15, 0 ,1.0,1.0,1.0,189.664514137841,24.46242966691199,175.83834666793285,6.334832854372993,13.138659102980398,12.830254271389373,27.0,56.0,54.0,-0.02268916207560766,0.7964964178794173,0.6042173931868925,13.552385456114871,0.012219424270572477,-0.6041068913616663,0.7968096067943959,12.396109925121452,-0.9996678886484265,-0.025462130990969205,-0.003973951509036565,6.327653764142759,76.11386049526818,61.96900219779809,27.691906600061856,18.403578260007276,6.219180188213255,42121.0,130614.41553690888, 0.0, -3.552713678800501E-15,0.0,37.203174577683924, 35.90289995187709,35.90289995187709,0.0, 40.13010729284349, -3.4343773029336138, -0.8627127379554513, -3.4343773029336138, 172.62436302432968, 14.427950039220407, -0.8627127379554513, 14.427950039220407, 164.61542466850526, 7.881404785352035, 4.935091029300818, 10.0, 0.0
17, 0 ,1.0,1.0,1.0,21.2219483145445,9.766196714954436,20.421876298368556,12.1325424122491,6.398165978748025,12.122297570508271,56.0,25.0,47.0,-0.7064737550936792,0.044764802320067756,0.7063221261132077,13.57576179766152,0.7077197557590144,0.0372779562909042,0.7055091078669183,10.499155440454098,-0.0052517304041233516,-0.9983017912675597,0.05801683272761201,6.368016827468336,72.84919981720694,56.007824570732815,27.794622258373348,17.28330137709148,6.030978790644154,36103.0,113405.53879760606, 0.0, 0.0,0.0,NaN, 31.029062507369645,31.029062507369645,NaN, 147.1985853850232, -2.707767617010497, -36.93907694038794, -2.707767617010497, 40.93652789160868, 6.377726444742201, -36.93907694038794, 6.377726444742201, 146.95009838795076, 7.963248038540071, 4.680364468655006, 4.0, 0.0
18, 0 ,1.0,1.0,1.0,24.094859148537022,37.78556083391328,146.48907682531998,13.722882966649982,12.748956001881389,10.703355149380856,59.0,64.0,57.0,-0.665468859206922,-0.6579723590853461,-0.352453645328719,14.788743313529288,-0.7379316306417885,0.5089018612230165,0.44325591269841086,12.887868777579806,-0.11228582245407957,0.5550596997831986,-0.8241969568934336,8.978369400202014,79.61116175491023,66.8527816639507,53.67351849134408,20.58618916660027,6.4516682420119755,66098.0,285662.6822988869, 0.0, 0.0,0.0,NaN, 69.79777749991547,69.79777749991547,0.0, 188.3175169163722, 28.363665066588588, 4.4280990091265355, 28.363665066588588, 162.5358791379075, 51.308483992288075, 4.4280990091265355, 51.308483992288075, 114.56181145377771, 7.733640096958346, 4.907751803005425, 17.0, 0.0
19, 0 ,1.0,1.0,1.0,121.8685453578165,78.95995421496397,179.4605426494059,11.477322647590972,11.19855816095662,11.681455832155587,55.0,55.0,48.0,-0.29483972782215556,0.65471800332748,-0.6959984705562475,12.567342409770237,-0.8653452947480125,0.12597788085725511,0.4850846260109578,11.646595294592029,-0.40527405018731827,-0.7453012207514449,-0.5294138594626832,10.00058864264558,60.36789272175507,60.86348092124396,50.74466793728075,19.062898695429705,5.495356560554491,62029.0,186446.06334620022, 0.0, 0.0,0.0,NaN, 112.96489668206517,112.96489668206517,0.0, 131.72893515690464, -15.066251806916116, -3.0698985190273085, -15.066251806916116, 125.40770488432813, -24.21859149847456, -3.0698985190273085, -24.21859149847456, 136.45641035860177, 7.721935090828088, 4.8183174197203815, 17.0, 0.0
20, 0 ,1.0,1.0,1.0,15.864223759525231,101.97785932506936,22.622642834568246,9.740016000446282,11.559305120264645,12.446764004712394,39.0,51.0,54.0,-0.09012884846413163,-0.5126480559611353,0.8538552344477365,12.868290556288152,-0.3223102348292551,-0.7961920989728144,-0.5120490738762989,11.28713017029689,-0.9423337536132512,0.3213566745106342,0.09347183826493491,9.508689258727989,58.78915502140324,59.09613416881413,45.90042270964587,18.764209162255426,5.5956979239825015,56954.0,159467.78987309372, -1.7763568394002505E-15, 0.0,0.0,84.8289803107229, 101.84202289236315,101.84202289236315,0.0, 94.86791168894959, 12.964441236098638, 0.3183603792484455, 12.964441236098638, 133.61753486337645, -17.829298159666003, 0.3183603792484455, -17.829298159666003, 154.9219341890041, 7.9054355014475455, 4.872322389632708, 10.0, 0.0
21, 0 ,1.0,1.0,1.0,80.59176687893152,23.212570557615056,41.92156964052752,11.925704853475176,11.673795968767227,13.431177927657131,62.0,49.0,64.0,-0.45588915319769446,-0.022051121808303403,0.889763355069023,13.950713934101847,-0.5696868034388997,0.7753092602668064,-0.27267654268768066,12.345616753037222,-0.6838289449740026,-0.6311967197091038,-0.3660173152245796,10.576380137503312,63.24566788853572,61.12533590133022,60.2543861503522,20.575118146867265,5.963304649222271,77419.0,232938.1962872652, 0.0, 0.0,0.0,NaN, 93.7617956402601,93.7617956402601,0.0, 142.2224362522014, -17.0802220065691, -27.271545634936192, -17.0802220065691, 136.27751232040595, -10.19738399584281, -27.271545634936192, -10.19738399584281, 180.3965405243841, 6.857583334044868, 4.51956529069711, 19.0, 0.0
22, 0 ,1.0,1.0,1.0,171.1329749941575,91.38224243622702,10.031495496791127,13.689722917684861,15.460459941955069,6.753961251853165,59.0,68.0,26.0,0.35839273619404033,0.9331036896366387,-0.029532203267612668,15.752299938146757,-0.9335105323421325,0.35854997567169383,3.08566998633343E-5,13.359497118731595,-0.010617563263626527,-0.02755756397649123,-0.9995638288863921,6.740861307324241,77.39400272634062,70.49473950536881,26.951387481133224,20.544512846652037,7.069180975550817,55627.0,147043.26807342406, 0.0, 0.0,0.0,NaN, 96.356890087131,96.356890087131,0.0, 187.40851356298612, 23.256198477344125, -2.1491896415366827, 23.256198477344125, 239.02582161679734, -5.584135199602235, -2.1491896415366827, -5.584135199602235, 45.61599259153398, 7.322119660922642, 4.899715381284213, 12.0, 0.0
23, 0 ,1.0,1.0,1.0,159.24458019273666,80.99523261069237,69.90422941785366,14.98951776282299,9.984460700680202,11.01651566642647,69.0,49.0,58.0,-0.9857448851871686,0.16513568688335173,-0.03220599703315318,15.110015258288172,0.07847335816055062,0.28194270008519995,-0.9562166312753992,11.126994323319686,0.14882524445248452,0.94511296615073,0.2908823264267315,9.675544010397731,72.40243722626367,55.60027472957482,51.61224232902707,20.143165849037228,6.323890041121375,68591.0,207770.0053483738, 0.0, 0.0,0.0,NaN, 114.4894459757333,114.4894459757333,0.0, 224.68564276198595, -21.258066251796542, 2.0105210200476638, -21.258066251796542, 99.68945548342738, -8.856574725260845, 2.0105210200476638, -8.856574725260845, 121.36361742861983, 6.766054708251517, 4.339814465280524, 17.0, 0.0
24, 0 ,1.0,1.0,1.0,136.11704668492453,116.99629004522005,122.14229985351251,10.115391017373282,11.953117432775036,12.609325286071423,49.0,60.0,64.0,0.19333151376513555,0.4998262933239398,0.8442728245581115,12.743333118829499,-0.3833795128322021,-0.753608670012794,0.5339420583004215,12.288421124454384,-0.9031296002932384,0.4269047305706488,-0.04592685587515346,9.528662196585271,59.13678843142196,61.581803887350986,47.098920462048234,19.323311541572263,5.550033065968306,62804.0,171522.49866576394, 0.0, 0.0,0.0,NaN, 130.50850187866575,130.50850187866575,0.0, 102.3211354343561, 24.314315519355258, -0.6387020925923269, 24.314315519355258, 142.87701636171047, 5.985799564770964, -0.6387020925923269, 5.985799564770964, 158.99508416996017, 7.3214681281321266, 4.619133005573039, 23.0, 0.0
25, 0 ,1.0,1.0,1.0,116.14707016191211,58.470246022289196,15.564256676245883,12.986653219529174,11.100685266688597,9.347818410051593,65.0,55.0,39.0,0.9958609425594211,-0.08081170749138598,-0.0415986900874173,13.003997099894665,-0.07947295316655585,-0.9962942444692814,0.03289115614219343,11.088500455557645,0.044102526000771636,0.02944904700852643,0.9985928704084771,9.338163702501324,64.79268759238617,55.481387850418685,40.4158692280685,18.67152857683959,5.534808475993987,57068.0,145286.49101372395, 0.0, 0.0,0.0,NaN, 103.4037213944565,103.4037213944565,0.0, 168.65316184430745, -3.760387167327958, -3.486398792383312, -3.760387167327958, 123.22521339007729, -0.8962885008014084, -3.486398792383312, -0.8962885008014084, 87.3817090272995, 7.309647299649065, 4.795278141260664, 16.0, 0.0
26, 0 ,1.0,1.0,1.0,150.94965228160427,152.04404433012607,54.594138007684734,10.13988827730486,14.111795353844954,10.648641347033438,47.0,64.0,51.0,0.007672078736596482,-0.9844254837089034,0.17563486622066632,14.212648107291061,0.5797186255148276,-0.1387336737143071,-0.8029192257063794,10.88436486628765,-0.8147806173682944,-0.10797886275667168,-0.5696254126693412,9.740888058006496,65.22593053306676,55.668883048075585,51.78784594675852,19.526559305518575,5.83670682926878,62982.0,188044.5013526159, 0.0, 0.0,0.0,NaN, 87.67114804944994,87.67114804944994,0.0, 102.81733427622453, -2.7058101589211403, -10.833476046769759, -2.7058101589211403, 199.14276810880006, -15.89290811395799, -10.833476046769759, -15.89290811395799, 113.3935625377501, 6.747937871470373, 4.551541430523961, 20.0, 0.0
27, 0 ,1.0,1.0,1.0,11.292808738747851,84.93300967600553,104.10458177404672,7.179878429563398,10.524881602224468,9.929788898736971,28.0,49.0,44.0,0.0645809227991913,-0.7867342465784526,0.6139043326700332,11.413497141089946,0.029338507168625655,-0.6134257531180524,-0.7892072588418495,8.914035769172598,-0.9974811057897395,-0.06897876972071702,0.01653399287210751,7.155176021166485,55.26079300502642,43.09903710386946,29.3694967315509,15.417154795284477,4.820356065257762,29661.0,69948.9476255687, 0.0, 0.0,0.0,NaN, 128.5965586575507,128.5965586575507,0.0, 51.55065426330977, -4.526118102427685, 2.4804864061361265, -4.526118102427685, 110.7731327408431, -24.50693489818175, 2.4804864061361265, -24.50693489818175, 98.60070757347998, 8.694629525422712, 4.770651685809033, 11.0, 0.0
28, 0 ,1.0,1.0,1.0,54.945770386043826,69.041978012222,91.02638237426572,12.205329578232018,10.126075839096867,12.89306949472945,60.0,47.0,56.0,-0.4852795255030234,0.25405770451937015,0.8366352041970913,13.37921393095915,0.8551653192895716,-0.06147865154761897,0.5146966602652984,11.901852921300703,-0.18219785622209153,-0.9652331625976368,0.18742700715168856,9.85298201752568,63.67861322070665,56.57871703566744,50.36373802402936,19.64828476290413,5.628821269515027,67583.0,181453.20701353168, 0.0, 0.0,0.0,NaN, 126.77395118596735,126.77395118596735,1.3486991523486091E-6, 148.97007011326536, -12.44348653633617, -13.641763588451463, -12.44348653633617, 102.5374118991413, 16.0024289126585, -13.641763588451463, 16.0024289126585, 166.23124099592314, 7.385062074387586, 4.563024550152542, 15.0, 0.0
29, 0 ,1.0,1.0,1.0,97.26671633030837,186.96160097521332,138.99674928890695,10.950893457153512,7.805059308952562,12.494863753009488,53.0,32.0,59.0,0.06804238856996417,-0.11821163551117031,0.9906544516568165,12.55420816285659,0.9956287207861584,-0.05563328245596735,-0.07502258479212835,10.954276103106444,0.06398190137383815,0.9914287403101385,0.11390947802373474,7.704435799787096,58.14069681021479,53.375219059577006,34.90742047211097,17.543915538224052,5.401265233275249,44298.0,108327.23550191468, 0.0, 0.0,0.0,NaN, 115.55176568157975,115.55176568157975,NaN, 119.92206750992759, -4.148998047815832, 2.093354263207433, -4.148998047815832, 60.91895081626705, -11.252641867793537, 2.093354263207433, -11.252641867793537, 156.12162020627036, 7.26545525606187, 4.749730803644229, 11.0, 0.0
30, 0 ,1.0,1.0,1.0,46.81004051599683,121.65739921451745,144.79686117449822,10.899352752932499,10.72544221790185,13.405512029178286,51.0,54.0,61.0,0.1717260494523808,0.37667132906529155,0.9102905436176216,13.88610580851345,-0.8217229286815779,-0.45491298738476665,0.34325734134558267,11.232379219402564,-0.5433981895612549,0.806952838627422,-0.2313990575017469,9.723604090724526,63.22751698339334,55.55744203381456,50.684405174843114,19.496303512815437,5.782119274365874,64419.0,178042.10600003312, 0.0, -1.4210854715202004E-14,0.0,67.87235109555888, 106.65894021192213,106.65894021192213,0.0, 118.79589043285723, 18.17602872115445, 6.444266290882167, 18.17602872115445, 115.03511076955135, 28.7595232170815, 6.444266290882167, 28.7595232170815, 179.70775276444374, 7.059493443975312, 4.446504741942769, 14.0, 0.0
31, 0 ,1.0,1.0,1.0,17.451395082176074,140.12860600986477,23.032925031396175,10.157414502377812,10.262190165947509,12.565827933090592,39.0,46.0,52.0,0.16744888685387987,-0.27042036559104,0.9480684026825305,12.80012022995551,0.7088456117337381,-0.6353328051823715,-0.3064149562030569,10.283028070154241,-0.6851998022600554,-0.7233429701965087,-0.08530051846310079,9.838795852457165,59.87289640628637,55.705735774075805,50.36416929895313,18.37275491006698,5.369127027163647,54943.0,167977.78802251525, 0.0, 0.0,0.0,NaN, 66.48045309817103,66.48045309817103,0.0, 103.1730693731151, -7.061328242918206, 8.701480193952696, -7.061328242918206, 105.31254700206975, -15.447657540939627, 8.701480193952696, -15.447657540939627, 157.90003164403979, 7.526110560409781, 4.6290702150562195, 7.0, 0.0
32, 0 ,1.0,1.0,1.0,113.15910593665322,71.03036392630719,68.21407734892585,9.499267589569227,11.733216436312402,15.872135602349957,46.0,59.0,75.0,-0.001115431733041592,-0.20862347777611162,0.9779953989322493,16.042774870854522,-0.06134642426547139,-0.9761397075482389,-0.20829759378706128,11.50573116977147,-0.9981159111255015,0.06022886241860298,0.011709487173710245,9.490872770773237,75.00302669786501,61.30451133023838,46.68958141701469,20.915561316029322,6.509104093066438,77131.0,214679.81123649652, 0.0, 0.0,0.0,NaN, 131.3004715520485,131.3004715520485,0.0, 90.23608473824036, 2.5722779932369404, 0.3580900386872031, 2.5722779932369404, 137.6683679413515, -25.531645760474742, 0.3580900386872031, -25.531645760474742, 251.92468857938502, 7.351780752998839, 4.455642466529647, 23.0, 0.0
33, 0 ,1.0,1.0,1.0,178.95341118200423,154.97434089462914,88.3865375685762,12.563819774212625,8.72807534933949,13.017130401815448,51.0,40.0,56.0,0.3980437085605415,0.08290011180463944,-0.9136130348994316,13.146739918783812,-0.9167934244179563,7.526061082359763E-4,-0.39936105284321743,12.455014831225343,0.03241948518049183,-0.996557577386688,-0.07630184751241434,8.689671201048101,63.210415912606706,59.82784455592571,40.55098886935306,19.2270209542729,5.813451276518138,58147.0,153353.41576673015, 0.0, 0.0,0.0,NaN, 101.40241073124534,101.40241073124534,1.3486991523486091E-6, 157.84956731889616, 3.1566287079909783, -6.243208931273063, 3.1566287079909783, 76.17929930374765, -7.39529616227301, -6.243208931273063, -7.39529616227301, 169.445683897868, 7.747989094469851, 4.6279015063293505, 13.0, 0.0
34, 0 ,1.0,1.0,1.0,122.15071400418397,151.92032259042537,163.30098838795743,11.69199252843298,11.466623273005098,11.483771615364198,63.0,53.0,60.0,0.15949146417704888,0.7227010626714929,-0.6725069864827842,12.200437615808125,-0.9294586113166553,-0.11963215527927318,-0.34899117076589625,11.813262731426692,0.33266975020878625,-0.6807285225673525,-0.6526404184995694,10.566896171764842,58.47946172874174,66.75184807120374,49.8841973441499,19.24922868228708,5.434182939580605,65966.0,194728.5585763834, 0.0, 0.0,0.0,NaN, 98.58490839458113,98.58490839458113,0.0, 136.70268928493263, 7.388460006760934, 5.05890266875215, 7.388460006760934, 131.48344928502215, -16.911227072020647, 5.05890266875215, -16.911227072020647, 131.87701051384445, 7.334170426835781, 4.432615772758575, 19.0, 0.0
35, 0 ,1.0,1.0,1.0,145.3281938642204,42.85656861478387,83.0372683290983,12.645560121759702,10.259576560163627,12.841954328194179,64.0,48.0,57.0,0.652784865550046,-0.08472230177860593,-0.7527908413962963,13.109558429320664,0.7128722092261038,-0.2674950383738514,0.6482743383464027,12.551708523729001,0.2562911091354963,0.9598273469883566,0.11422053822054341,10.03389176132071,63.22025771009247,62.72871280855898,47.270679142835405,19.912323736626128,5.795192521573511,69657.0,187462.5324594074, 0.0, 0.0,0.0,NaN, 108.263012110049,108.263012110049,0.0, 159.91019079303928, -14.780567855385199, -8.699297863409583, -14.780567855385199, 105.2589111938589, -5.321384098137694, -8.699297863409583, -5.321384098137694, 164.91579096742518, 7.333135327818779, 4.515106506298099, 17.0, 0.0
36, 0 ,1.0,1.0,1.0,85.64674611045179,35.29674367186357,108.30978199021314,11.609946987459704,11.617564422919251,10.767885618940086,58.0,62.0,55.0,0.6477270838651066,0.5248305036688198,-0.5522703751300961,12.45305948165392,0.6118935379839762,-0.7902380356286169,-0.03331884180575047,11.485031058851797,0.45391180090526034,0.31634915752149056,0.8329989721088411,9.935864532011264,61.78188791849235,59.160256510842345,52.884854735210794,18.877249580624742,5.418069872722563,61511.0,193295.8541937974, 0.0, 0.0,0.0,NaN, 130.33925468494775,130.33925468494775,0.0, 134.79086905162467, 3.112385479766601, -20.836708021892846, 3.112385479766601, 134.96780312067912, -15.461323188817763, -20.836708021892846, -15.461323188817763, 115.94736070257672, 6.542034389839991, 4.207684113087352, 16.0, 0.0
37, 0 ,1.0,1.0,1.0,16.27696026297979,72.4203615972155,170.99137580972638,10.299151164467771,11.154035423171633,11.0210947597507,40.0,55.0,56.0,-0.12064457091643584,-0.7219490380616792,0.6813475427050462,11.711574915037849,0.5866378489311305,-0.6055411661591638,-0.5377508068688093,10.644263020010914,-0.8008126633051234,-0.3348275414723449,-0.496577884889913,10.07413660834585,54.74163833254737,55.86420681525628,53.61506705371201,18.010427176539856,5.251101175171071,51715.0,163960.14032945933, 0.0, 0.0,0.0,NaN, 79.69409317312417,79.69409317312417,0.0, 106.07251470855783, -1.088984610981668, -6.658638223391833, -1.088984610981668, 124.41250622136761, -13.700986536356062, -6.658638223391833, -13.700986536356062, 121.46452970340434, 7.5501292351826725, 4.532342043522035, 12.0, 0.0
38, 0 ,1.0,1.0,1.0,186.75892656635975,111.2521446216034,65.71473164158994,8.856929897072556,14.765346962490165,9.536723535972143,38.0,70.0,52.0,0.15539977278939798,-0.9764949378715438,0.1493604597216168,15.007051267550368,0.49043823870936426,-0.054983116007171186,-0.8697397259903671,9.669352431549287,-0.8575087431791353,-0.20840943660350697,-0.4703660937035627,8.288655484066574,67.90656427184322,49.76973041733424,46.43440995798127,18.61165668973773,6.404374223081435,44530.0,156933.97587726705, 0.0, -1.4210854715202004E-14,0.0,12.447229533747374, 111.22020416572718,111.22020416572718,NaN, 78.44520720165767, -24.418509487695637, -6.943529212385633, -24.418509487695637, 218.01547092271753, -21.64120832858232, -6.943529212385633, -21.64120832858232, 90.94909580156502, 7.29163148650193, 4.651080229800267, 10.0, 0.0
39, 0 ,1.0,1.0,1.0,49.96354372623574,152.68619011406844,187.66287452471482,15.78546841704163,15.333898013827259,6.868460209787775,73.0,77.0,29.0,-0.7533138581666713,0.6462926326952394,0.12175411294038652,16.960552813363606,0.6539592149777296,0.755740240040427,0.03455480761558401,14.158322154309563,0.0696819649533236,-0.10565283956190757,0.9919586187199289,6.585343509430863,78.09971877561773,67.92645918560831,31.581195952177012,21.823803413251127,7.430127298849616,65750.0,167539.42439407893, 0.0, 0.0,0.0,NaN, 69.90820390053285,69.90820390053285,0.0, 249.18101314541875, -41.29887760146879, -18.856518475505663, -41.29887760146879, 235.12842829845553, 23.32552228241263, -18.856518475505663, 23.32552228241263, 47.175745653437936, 8.664118587800758, 5.2699610415997515, 12.0, 0.0
40, 0 ,1.0,1.0,1.0,80.77410153151504,106.42589541765818,74.4144395631216,12.64480689692157,11.4426526839052,10.664514967164088,63.0,60.0,52.0,0.905339723140495,-0.3473854992677881,0.24430165902498785,12.96764164435907,0.3698296381587948,0.9276759913104746,-0.05141297390214834,11.232324625827648,-0.2087726621069597,0.13689620171720504,0.968335378632928,10.499165446515033,63.930480776878895,57.922277726846204,51.35695111078055,19.33944292414437,5.526596490928768,65556.0,190174.74182990307, 0.0, 0.0,0.0,NaN, 144.28470931496526,144.28470931496526,0.0, 159.89114146043534, -12.752027499540732, 12.50917437748278, -12.752027499540732, 130.9343004444829, -5.676004524412023, 12.50917437748278, -5.676004524412023, 113.73187948486684, 6.221977023824807, 3.9760711203521555, 20.0, 0.0
41, 0 ,1.0,1.0,1.0,48.57083634361991,184.33947431795508,166.8112464306602,11.59184025884271,9.904164122298706,13.08209153447475,54.0,42.0,57.0,-0.42627497491821265,0.2603941855372144,0.8663050928494461,13.802983172589943,0.9038854206154903,0.0847223110300359,0.41930093776724087,11.043093341543385,-0.03578815666159585,-0.961778039961477,0.27148150892947476,9.546312976824636,69.38730934178201,56.80844081547819,47.08917467599741,19.176208856177354,5.989771311875573,58134.0,185615.39562352447, 7.105427357601002E-15, -2.8421709430404007E-14,0.0,71.19453854711853, 60.87587018879535,60.87587018879535,0.0, 134.37076058652661, -8.672265029781899, -25.023294677838486, -8.672265029781899, 98.0924669614289, 23.515310346628983, -25.023294677838486, 23.515310346628983, 171.14111891637594, 7.339742613005561, 4.501213025167083, 9.0, 0.0
42, 0 ,1.0,1.0,1.0,172.59149292149291,103.46639639639639,123.98738738738739,12.02519265496121,11.727023462584699,14.12815750503079,52.0,58.0,66.0,-0.34693758114303186,-0.008889951531122403,0.9378460873471706,14.430293385410735,-0.6406612293125398,-0.7280558814616651,-0.243901256095214,12.226915352978455,0.6849726301439842,-0.6854601390532141,0.24689449917481035,11.135634060527215,71.75849707083096,68.20289794308698,62.27761040043982,21.012176827862696,6.342049914862404,77700.0,304795.1854987463, 0.0, 0.0,1.4210854715202004E-14,20.307074965473078, 125.88836388310621,125.88836388310621,0.0, 144.60525838893304, 12.151658790450469, -23.422771389149435, 12.151658790450469, 137.52307929201203, 3.824994446183835, -23.422771389149435, 3.824994446183835, 199.60483448695786, 7.5589228149604155, 4.67213647719194, 16.0, 0.0
43, 0 ,1.0,1.0,1.0,115.2380688563514,152.4202216066482,63.2703007518797,9.262945951437834,12.318344742884912,10.66124464334482,45.0,54.0,49.0,-0.044657553836028444,-0.9000796874809228,0.4334308007855776,12.79922939869692,-0.36979072781392075,-0.3881518723322473,-0.8441522028803936,10.23605403194279,-0.9280412278063045,0.19797646372540237,0.3155072095888641,9.088940912105638,60.49529915880234,52.79427154924548,47.168590051992894,17.961785433045918,5.346043986563286,50540.0,150647.29060176684, 0.0, 0.0,0.0,NaN, 115.98082272683877,115.98082272683877,1.3486991523486091E-6, 85.80216769925856, 6.446198924194858, 5.348016251550903, 6.446198924194858, 151.74161720456036, -24.418849374128072, 5.348016251550903, -24.418849374128072, 113.6621373452486, 6.400840651563826, 3.990247317428578, 15.0, 0.0
44, 0 ,1.0,1.0,1.0,99.49231859033958,158.5799353610484,15.077323239031301,11.318034574955924,10.832873583370914,9.642127498725875,49.0,55.0,41.0,0.8126490173184261,0.33111299822887946,-0.47954745026459955,12.458820628328057,-0.21031166570570042,0.9340794665770314,0.2885559796421872,10.656888469132914,-0.5434800621177286,0.13364031024750983,-0.8287156868054684,8.34435115047827,63.625823758985206,50.25096220675161,49.096208418166654,17.579610023775746,5.420054504048057,45174.0,156973.28760710324, 0.0, 0.0,0.0,NaN, 108.81943249820222,108.81943249820222,1.9073486328125E-6, 128.0979066398977, 14.399394288092466, -36.02294835161983, 14.399394288092466, 117.35115007329539, -1.7473704833785435, -36.02294835161983, -1.7473704833785435, 92.97062270168571, 7.491553477870704, 4.33216797375519, 12.0, 0.0
45, 0 ,1.0,1.0,1.0,117.64539900725468,113.00920198549065,54.60725467735777,10.281939630864718,10.685253319423555,11.041731077399595,49.0,47.0,53.0,0.07180757475328178,0.6373086739125157,0.76725571119668,11.700772070047568,-0.8475755928843134,-0.3665202136277587,0.38376887230345635,10.461385089275812,0.5257939582715424,-0.6778647262973148,0.513848349503052,9.770573229718059,58.43941345980565,51.096055212596625,49.6804862884654,17.804120341155603,4.982574147593428,52380.0,148347.09938652857, 0.0, -1.4210854715202004E-14,0.0,50.40857441691823, 131.64965441380113,131.64965441380113,0.0, 105.71828257274649, 6.238467309631504, -2.2628264914616243, 6.238467309631504, 114.17463850025212, 18.29929941285835, -2.2628264914616243, 18.29929941285835, 121.91982518561203, 6.5841707092670365, 4.0228256020812765, 12.0, 0.0
46, 0 ,1.0,1.0,1.0,108.7623384309907,53.19848406743418,129.45477976974627,10.79757456505608,10.932287604325424,11.100403319321757,51.0,52.0,49.0,-0.4456100437219875,-0.5033350481597911,0.7403279801736992,12.294472782658152,0.711821175511715,-0.7007216597011182,-0.04795591432587656,10.90779553012735,0.5429017434372527,0.5056114960319744,0.670533155073707,9.44390905677593,56.57146681892195,51.97672712877835,47.23309203930387,18.195473194845814,5.314718978352695,52377.0,138884.16938479804, 1.4210854715202004E-14, 0.0,0.0,63.537624206992156, 127.00794342476823,127.00794342476823,0.0, 116.58761648794598, -0.9616295383198523, -21.459646436913165, -0.9616295383198523, 119.51491226368732, -22.089674675645313, -21.459646436913165, -22.089674675645313, 123.21895385160946, 7.102757259473055, 4.158908655414971, 17.0, 0.0
47, 0 ,1.0,1.0,1.0,16.771458446990362,49.487429532642295,91.91537097654118,9.387376952340084,10.834180008598201,9.930264584251242,38.0,56.0,44.0,0.11784011056287379,-0.8924412007369573,0.4355024817032703,11.149853027673107,0.48551428512705175,-0.33078829004107363,-0.8092311079718021,9.709368433294406,-0.8662503029033223,-0.3068025593095342,-0.39431282292238756,9.247778073953992,49.73440520102383,48.794540159543416,44.39419234795091,16.790688218336626,4.710121693959729,43992.0,107734.3801551724, 0.0, 0.0,0.0,NaN, 105.72947990954344,105.72947990954344,0.0, 88.12284604532579, -5.485528811575143, -1.446896258452777, -5.485528811575143, 117.37945645870893, -12.736822600699472, -1.446896258452777, -12.736822600699472, 98.6101547132345, 7.368005779904628, 4.260264788628539, 10.0, 0.0
48, 0 ,1.0,1.0,1.0,126.4267638708773,9.38333742245277,49.63856857453296,11.161254946005053,6.235206286462511,10.482367213641666,53.0,26.0,53.0,-0.9933886310842985,0.11478064911710985,0.00210480895063335,11.212824324312894,0.020137351867580464,0.1561732433559162,0.9875243820379603,10.571760080779137,0.11301997474882487,0.9810378793135097,-0.157452102748189,5.986809774214923,52.35962637374064,52.31372932455959,27.57413860712698,15.702819337516171,5.172320239448972,28531.0,75529.07642977149, 0.0, 0.0,0.0,NaN, 89.24716009948922,89.24716009948922,0.0, 124.57361196972225, -10.01014743457238, 1.3218179887310268, -10.01014743457238, 38.87779743474162, 11.730502803979673, 1.3218179887310268, 11.730502803979673, 109.88002240162974, 6.622254304395381, 4.208129264783897, 12.0, 0.0
49, 0 ,1.0,1.0,1.0,149.08793672278148,52.2336519752982,159.35574401488876,10.519375936509425,9.108823108678576,11.05855613426837,49.0,44.0,51.0,0.49938299705088807,-0.0841601226644603,0.8622839996251672,11.290121463484859,-0.8229742002105068,0.26500129091447006,0.5024816231480917,10.378163574096137,0.27079528807634223,0.960568263876528,-0.06307552923982,8.985903986947415,50.90377113384989,48.190920936590544,42.29897145853758,17.141150870310017,4.701121050860062,47284.0,103763.590391963, 0.0, 0.0,0.0,NaN, 83.50058760513801,83.50058760513801,9.5367431640625E-7, 110.65727009361353, -7.843213876010694, 8.96958413810361, -7.843213876010694, 82.97065842519683, 0.1994277160034465, 8.96958413810361, 0.1994277160034465, 122.2916637747646, 6.588566284171343, 4.0529730595138025, 14.0, 0.0
50, 0 ,1.0,1.0,1.0,134.45839874411303,116.8997002997003,184.95807050092765,9.995283768933426,10.238190169340195,8.01635869480373,50.0,47.0,33.0,-0.3404890596644713,0.9333650759845271,0.11356423372348537,10.302820114471078,-0.9397125472882109,-0.3418811580904851,-0.007589612098849043,9.956277206709158,-0.03174159286970836,0.10930191523988536,-0.993501667138504,7.982022560782908,48.87446050940542,53.21722688087027,34.7847310827583,15.75859761533186,4.544760003220157,35035.0,90473.8073329308, 0.0, 0.0,0.0,NaN, 106.90005120915694,106.90005120915694,0.0, 99.90569762150399, -2.10829704047913, -1.3882863492192854, -2.10829704047913, 104.8205379435742, 4.589914649357889, -1.3882863492192854, 4.589914649357889, 64.26200672375536, 6.990375221987772, 4.323717884989621, 13.0, 0.0
