// Sample: .//bubblelabels.tif, Map: .//bubblelabels.tif, Thickness:(8.191250068658265):/gpfs/home/mader/Foam/NewValid/InSilicoTest/LatticeData_OldFoam/out_Step_07000.vtk/distmap.tif, Neighbors:(1.0):
//LACUNA_NUMBER, TRIANGLES, SCALE_X, SCALE_Y, SCALE_Z, POS_X, POS_Y, POS_Z , STD_X, STD_Y, STD_Z,PROJ_X, PROJ_Y, PROJ_Z, PCA1_X, PCA1_Y, PCA1_Z, PCA1_S, PCA2_X, PCA2_Y, PCA2_Z, PCA2_S, PCA3_X, PCA3_Y, PCA3_Z, PCA3_S,PROJ_PCA1, PROJ_PCA2, PROJ_PCA3,OBJ_RADIUS, OBJ_RADIUS_STD, VOLUME, VOLUME_BOX, Mask_Grad_X,Mask_Grad_Y,Mask_Grad_Z,Mask_Angle, Mask_Distance_Mean,Mask_Distance_COV, Mask_Distance_STD, SHAPET_XX, SHAPET_XY, SHAPET_XZ, SHAPET_YX, SHAPET_YY, SHAPET_YZ, SHAPET_ZX, SHAPET_ZY, SHAPET_ZZ, Thickness, Thickness_STD, Neighbors, Neighbors_STD
1, 0 ,1.0,1.0,1.0,78.93058835084962,135.92814851193398,39.683418131814165,18.078560481932882,17.27143324581861,18.990021466494895,98.0,91.0,87.0,0.4109797875503499,-0.38339430490618814,0.8271060519610344,19.543674156004982,0.838882136236361,-0.19613589622660865,-0.5077474487527278,17.936026970691984,-0.3568926669582723,-0.9025184303807237,-0.24101474455834887,16.795874724232828,95.59025508516707,90.9917383236249,90.06396590549677,30.215217493076878,8.532192133777897,254525.0,783369.4834809748, 0.0, 0.0,0.0,NaN, 162.11499933663774,162.11499933663774,0.0, 326.83434909890525, -22.2492187417334, 17.075599442627308, -22.2492187417334, 298.3024063647684, -27.72078047030921, 17.075599442627308, -27.72078047030921, 360.62091529793685, 7.9039706893513335, 6.2226847461281, 42.0, 0.0
2, 0 ,1.0,1.0,1.0,57.24227975156997,258.00615892266364,14.510775955151296,17.67464385701598,18.00308750073776,9.23623536964427,98.0,88.0,38.0,0.6627202250878719,0.7408187562154048,-0.1094964551889245,18.774915135411874,0.7332854521190327,-0.6716285406568208,-0.10586571251247805,17.01853781673352,0.15196824987498395,0.010132808823284479,0.9883334342292003,8.926599076553934,99.18267648576744,84.32277730723033,42.78441173187305,25.425635837815015,8.68039636640065,115767.0,357821.3838809891, 0.0, 0.0,0.0,NaN, 72.46187893234743,72.46187893234743,0.0, 312.39303547235266, 30.541520938930248, -36.09493416941011, 30.541520938930248, 324.11115955922014, -7.202097171525307, -36.09493416941011, -7.202097171525307, 85.30804380346783, 8.333172280628844, 6.228881808441584, 26.0, 0.0
3, 0 ,1.0,1.0,1.0,258.60121125837543,140.135068867722,127.33050857033095,16.502807883718308,16.96638544783191,14.979003075383007,89.0,86.0,73.0,0.3761253769904134,0.8925249095534185,-0.24885535278647836,17.22386247084869,0.9254130764007695,-0.3752640545788847,0.05279703938176136,16.384673992711864,0.04626379589141778,0.2501523039423766,0.9671005563135813,14.81392777360186,89.08478970320053,93.19162434307438,76.74626672089661,26.905635004420997,7.788340089677506,177006.0,637144.1491821022, 0.0, 0.0,1.4210854715202004E-14,75.59021179581946, 193.8162935581371,193.8162935581371,NaN, 272.34266804691515, 8.900948223420617, -4.8324805997394495, 8.900948223420617, 287.8582351644024, -18.119785763756205, -4.8324805997394495, -18.119785763756205, 224.37053313233358, 6.841412647351747, 5.703540331922459, 43.0, 0.0
4, 0 ,1.0,1.0,1.0,78.48483840761712,16.981858596819784,261.36091153331176,16.158789184779977,10.26609594119294,16.77931395130684,78.0,45.0,78.0,0.32164531828747533,0.010511145628180894,0.9468018826773276,16.86405918487053,-0.9392498993645453,0.13006580056746306,0.31763581987306855,16.154029957480702,0.11980782848979563,0.9914496474054184,-0.05170764829531196,10.133873613306054,87.85578481468593,76.93344929250586,46.194188540705944,24.28957788930524,7.619775352849274,114269.0,312228.7638179319, 0.0, 0.0,0.0,NaN, 89.11359345693961,89.11359345693961,1.6518123698891422E-6, 261.10646791816237, -18.719083303267016, 8.119846845876493, -18.719083303267016, 105.39272587377818, 8.34645590324994, 8.119846845876493, 8.34645590324994, 281.54537667652033, 7.744648384213482, 5.938897339107412, 22.0, 0.0
5, 0 ,1.0,1.0,1.0,188.26577828013922,113.19099318837561,236.3061364109581,15.946273475698087,14.990336509406971,16.259655823830187,81.0,89.0,83.0,0.26698598889811653,0.177407047514116,-0.9472302894356891,16.28106636683236,-0.8847830385362384,-0.3444276646814144,-0.31389259073875553,16.124784665297483,0.3819390742653541,-0.9218982174266482,-0.06500938589844604,14.774587351023174,82.96005892569237,83.85419268397163,84.68728588317981,26.251029677614568,7.365709388876132,168095.0,589131.2341258874, 0.0, 0.0,0.0,NaN, 171.32905620826077,171.32905620826077,0.0, 254.28363776175235, 14.92995144600453, -0.24488503700867614, 14.92995144600453, 224.71018866525955, -3.351435256692901, -0.24488503700867614, -3.351435256692901, 264.3764075094149, 7.015489586210253, 5.682406871638552, 39.0, 0.0
6, 0 ,1.0,1.0,1.0,274.45698658570774,206.11182950905717,208.9117662847361,15.030929947798708,16.00088390611941,17.147604232244177,61.0,88.0,86.0,-0.23291475979593915,0.38914203861951124,0.8912458630749718,17.57914919288136,-0.1875020763248045,-0.9172250722072378,0.3514841935113364,15.709821330178242,-0.954250326718879,0.08524459333868717,-0.28660019759838723,14.838210781853613,89.93365564423416,84.85203765623095,71.57727212241628,26.717275378624752,7.885725592557012,167657.0,546210.0241068779, 0.0, 0.0,0.0,NaN, 133.2835339184312,133.2835339184312,0.0, 225.92885509563206, -3.474272124011759, -20.199453631149353, -3.474272124011759, 256.0282857771111, 22.232494282538486, -20.199453631149353, 22.232494282538486, 294.0403309056784, 7.855450119110076, 5.996700732144049, 37.0, 0.0
7, 0 ,1.0,1.0,1.0,263.5634444167554,279.5634670714302,27.827295862501227,17.5874282242285,11.442617532776902,15.770971176070338,80.0,51.0,69.0,-0.9815044505363488,0.11403267803624267,0.1537711348635486,17.70110349118274,-0.15258243355964096,0.019132856087747386,-0.9881055281633354,15.72129550875586,-0.11561840055267474,-0.9932927474605906,-0.0013795998815026036,11.335186901902198,84.10210364259103,74.15353012087172,56.19795614784806,25.0818226941346,7.7380120005210555,132423.0,350476.74819546443, 0.0, 0.0,3.552713678800501E-15,81.15446693521753, 50.19594461637884,50.19594461637884,0.0, 309.3176315423892, -21.03469162155091, -10.00576203672184, -21.03469162155091, 130.93349600141335, 0.9976627317281516, -10.00576203672184, 0.9976627317281516, 248.72353183644145, 7.2760661103411834, 5.792566791850191, 24.0, 0.0
8, 0 ,1.0,1.0,1.0,276.90553951245255,207.2118617980328,284.7258974772424,13.066475299131456,15.153252392936075,8.809125453641396,53.0,75.0,39.0,0.1427171566647765,0.9772229190375306,-0.15705788646638777,15.320356247280776,0.98801397829061,-0.15009057939992693,-0.03607210387205391,13.028524855925944,0.05882339582074163,0.15002727913003475,0.9869304046491598,8.573141234095754,76.9743736828471,58.49524594915255,43.10400553369408,20.78827722912412,6.76772162029943,68219.0,194081.60052340667, 0.0, 0.0,0.0,NaN, 96.83124962569657,96.83124962569657,0.0, 170.7327767428125, 8.211894595736085, -7.0437021453941355, 8.211894595736085, 229.6210580840229, -24.222231288039488, -7.0437021453941355, -24.222231288039488, 77.60069125799274, 7.121001996179567, 5.722858635241407, 16.0, 0.0
9, 0 ,1.0,1.0,1.0,154.38194588828725,178.1967673991846,15.229084367626985,16.867513803350167,16.479922423081828,9.573019444371749,82.0,77.0,41.0,-0.7438967497101786,-0.6681882019632026,0.01192277349505253,18.41322099997189,0.6674421107584958,-0.7437304337998862,-0.037229969461122336,14.739869961640297,0.03374395585694548,-0.019737492166304802,0.9992355962665206,9.562065267474985,87.57079954506256,74.27652663656632,41.89375271875552,24.24756726456871,7.732984418033071,110623.0,272496.02200862527, 0.0, 0.0,0.0,NaN, 190.45359058302455,190.45359058302455,0.0, 284.51302190620845, 60.617603788087976, -5.322909997929657, 60.617603788087976, 271.58784307079526, 1.5114806194900576, -5.322909997929657, 1.5114806194900576, 91.64270128231959, 8.679959281071948, 5.9445726524590965, 18.0, 0.0
10, 0 ,1.0,1.0,1.0,47.56766285461553,249.4356921716055,213.3606747962343,15.523741012575963,16.48732891504211,14.684716974367188,84.0,74.0,76.0,-0.3901544875659338,-0.8635402772677336,-0.3194959551677147,17.42297661146038,-0.7831806833944954,0.1287818280417819,0.6083118097850374,15.847873672786514,-0.48415647572855447,0.48755864293701545,-0.7265528726166608,13.181208155684713,81.63810268432485,76.79478937243292,73.21412166473631,25.94046970148963,7.453287466726033,158270.0,459007.21600502904, 0.0, 0.0,0.0,NaN, 111.02163954553582,111.02163954553582,NaN, 240.98653502553296, 35.92918223626813, -20.698018995342334, 35.92918223626813, 271.83201475278366, 41.8802170220261, -20.698018995342334, 41.8802170220261, 215.6409126172678, 7.463418276418089, 5.518319515991115, 33.0, 0.0
11, 0 ,1.0,1.0,1.0,14.192632850241546,164.84590665976535,13.6966011042098,8.842895674108014,15.07803488596401,8.230928486788116,35.0,74.0,33.0,-0.057873824943073124,0.9923657971031548,0.10890704810194478,15.159434241799328,0.9975154758212428,0.053092524431835396,0.046303988452128415,8.815135016005353,0.04016834429720009,0.11131625482954305,-0.9929729077508339,8.11030651691317,72.88832099339174,37.66463286140759,35.58540512480021,18.300304045692265,6.196046765102269,46368.0,97693.03437974205, 0.0, 0.0,0.0,NaN, 136.5857117551117,136.5857117551117,0.0, 78.19680390315823, -8.788855208010368, -0.482855440450327, -8.788855208010368, 227.34713602234774, 17.757121611662697, -0.482855440450327, 17.757121611662697, 67.7481837546201, 9.829692448552999, 5.6940590478497715, 12.0, 0.0
12, 0 ,1.0,1.0,1.0,24.259433699125765,132.3880985966003,190.83082697778946,13.536692939281734,14.894692274171062,14.5660742208258,61.0,73.0,70.0,-0.07579444601394508,-0.910195951714,0.4071836581161925,14.991839647938999,-0.10524985055007745,-0.398774164898638,-0.9109893711611459,14.484785721159177,-0.991553160911015,0.11190395387491442,0.0655731209760182,13.516662253080254,74.14824023942644,79.30506603069952,62.68411713786378,23.89896871833668,6.789972465421633,125481.0,368603.36274515244, 0.0, 0.0,0.0,NaN, 173.30042444200413,173.30042444200413,0.0, 183.24205573239996, 4.0390723558648505, 1.301322579235446, 4.0390723558648505, 221.85185794225114, -5.738250755025696, 1.301322579235446, -5.738250755025696, 212.17051820660595, 7.180308339858351, 5.3204578762672385, 28.0, 0.0
13, 0 ,1.0,1.0,1.0,123.11548145861205,234.93382731295668,76.67747247092724,14.332288666226262,14.556436644613072,16.509987014987036,75.0,70.0,79.0,-0.14352898184006618,0.39053635953530336,0.9093298539324803,16.945720404430077,0.8209859210156216,-0.46609061811775565,0.32975999332353817,14.406892729678454,-0.5526133810052787,-0.7938771237310728,0.25372734095953037,13.970254803908656,81.38026182823084,70.05646212913021,72.3990064945329,25.242248784571167,7.260364573062445,145755.0,412762.1737254445, 0.0, 0.0,0.0,NaN, 158.96686254517257,158.96686254517257,0.0, 205.41449841203777, -9.8975965238358, -8.651546887795673, -9.8975965238358, 211.88984778863428, 30.76346761333884, -8.651546887795673, 30.76346761333884, 272.5796712350405, 6.565649738598351, 5.131569963827613, 32.0, 0.0
14, 0 ,1.0,1.0,1.0,280.0963839834401,287.06478426806393,149.0335241606831,11.24431960253411,7.694983040410552,17.246051167693388,49.0,32.0,75.0,-0.0119372704034985,0.003682250771223511,0.9999219682578093,17.24682137503719,0.9857144345202513,-0.16796915002629206,0.012386210795333428,11.332290546337013,-0.16800165223513466,-0.9857853750531621,0.001624554573408687,7.5630755401356655,75.10348426755874,52.92464366292478,34.66397201042457,20.75408843745551,7.234748186710439,61836.0,137783.22749304492, 0.0, 0.0,0.0,NaN, 150.91211038322703,150.91211038322703,0.0, 126.43472332393287, -11.802544055851975, -1.998185587645975, -11.802544055851975, 59.21276399220603, 0.7364270362299256, -1.998185587645975, 0.7364270362299256, 297.42628087869844, 8.062270494724116, 5.886927111145786, 19.0, 0.0
15, 0 ,1.0,1.0,1.0,190.91173668469932,279.23035946548254,59.77157082853521,16.245580677605727,11.95292912387853,14.663226199475735,72.0,52.0,78.0,-0.9274279094949833,0.06315640108229131,0.3686309017053472,16.523270332668538,0.37399567672326856,0.15089154877308397,0.9150732070720706,14.421055850553659,-0.0021694428015641694,-0.9865307950141203,0.16356125460125936,11.86660416626506,77.8968929358815,73.24568853523786,57.03292302298465,23.93510619163223,6.993732934939467,120707.0,325407.7047775881, 0.0, 0.0,0.0,NaN, 126.11212408167601,126.11212408167601,0.0, 263.9188915525965, -3.9539856864537284, -22.215925210574216, -3.9539856864537284, 142.87251464046355, 12.34978668628772, -22.215925210574216, 12.34978668628772, 215.01020257699162, 7.203528932800608, 5.571114173855622, 30.0, 0.0
16, 0 ,1.0,1.0,1.0,172.62575644350667,100.19764971354053,12.036792826058289,14.279668259401198,15.499075036561058,7.54785807493664,70.0,77.0,30.0,-0.3069991262292363,-0.9501446501305654,-0.05455896189216854,15.667623615838684,0.9498198189584771,-0.3022745094690031,-0.08045142906723199,14.147717346749397,0.05994871148049584,-0.07651970173451554,0.995264229859734,7.4476894548434815,80.10047183222899,68.46936001851158,33.42511138798907,21.21988843796448,7.128586731408373,68247.0,183317.61825451927, 0.0, -1.4210854715202004E-14,0.0,18.16831127013835, 162.50738848201243,162.50738848201243,0.0, 203.90892559855004, 13.882268397637077, -7.873859282161027, 13.882268397637077, 240.22132698895012, 13.368348814882662, -7.873859282161027, 13.368348814882662, 56.97016151938623, 7.342453709983203, 5.27284372935943, 23.0, 0.0
17, 0 ,1.0,1.0,1.0,219.25125637357397,31.16472861108054,262.02124524656716,14.790152461632331,16.186458918893283,15.97406382292285,84.0,71.0,74.0,0.41945944747524766,0.6670507467117515,-0.6157085944138305,16.42870361772783,0.14056848034496497,-0.7178096478979572,-0.681901614397648,16.107773180761594,-0.8968245504318375,0.1994808529556304,-0.39485834807792414,14.372129897414489,81.30408017253092,83.95891204249384,72.31162640103372,26.11204003509478,7.35405618660698,163566.0,493613.7771430072, 0.0, 0.0,0.0,NaN, 94.51976364374796,94.51976364374796,0.0, 218.7486098383289, 12.385839039106068, -21.43045691585014, 12.385839039106068, 262.00145233301987, -0.12166606705245601, -21.43045691585014, -0.12166606705245601, 255.17071501881261, 7.897839940775641, 5.604469555704971, 38.0, 0.0
18, 0 ,1.0,1.0,1.0,158.44990816570987,254.29685101550092,279.4259957587642,17.227245868103314,14.267526890185257,10.889747039093624,82.0,78.0,49.0,-0.9524404647713238,0.2928583093453766,-0.0842090951949527,17.531153459804315,0.3012142743090376,0.9466315051115413,-0.11471161441954686,13.978438944031499,-0.04612073306729192,0.13462096485179048,0.9898232538204528,10.779091677616698,81.40202156156873,75.24182884335846,51.67741347101139,23.77851817114338,7.314983795080834,112703.0,316515.7327396125, 0.0, 0.0,0.0,NaN, 150.1615662408783,150.1615662408783,NaN, 296.77800020008266, -30.732927496091342, 12.59437157002121, -30.732927496091342, 203.56232356215938, -13.315236631724185, 12.59437157002121, -13.315236631724185, 118.58659057544835, 7.624565922798429, 5.550553254908395, 28.0, 0.0
19, 0 ,1.0,1.0,1.0,234.9231180907464,243.16210927700567,10.732744635659692,14.974001504341652,13.697352841623681,7.176741277276093,67.0,66.0,30.0,-0.9938671142249662,0.041517799735188377,-0.10249112921266493,15.035764959271564,0.04716493006892019,0.99746387060914,-0.05330381038000281,13.711879064036719,-0.10001814152308681,0.05781089114156822,0.9933047227470964,7.018116264617875,67.93567672124743,65.85492432597596,33.29798401065677,20.41850945960666,6.813830253892195,59793.0,148971.81235633686, -2.8421709430404007E-14, 0.0,0.0,6.348809189847659, 87.06743471748932,87.06743471748932,0.0, 224.22072105202608, -0.7680796021876187, 17.6625094424117, -0.7680796021876187, 187.61747486793632, -8.13017399617749, 17.6625094424117, -8.13017399617749, 51.50561536095849, 7.106627781559851, 5.130903472643013, 11.0, 0.0
20, 0 ,1.0,1.0,1.0,271.4169814455029,67.24994763717255,238.66284839336402,15.495366622688548,15.194260335821006,13.945284693383377,72.0,79.0,72.0,-0.9683591067794471,-0.06523723488073527,-0.2408832569989608,15.612342218959993,-0.022456348823430335,-0.9385345653503404,0.34445403472766717,15.388282205135495,-0.24854849167683973,0.33896455984035323,0.907373503281534,13.59773658801112,77.83174273780287,74.71559138037452,79.79437861281599,24.796661914912736,7.11115018693747,138457.0,464023.8362662905, 0.0, 0.0,0.0,NaN, 95.40330483848356,95.40330483848356,0.0, 240.1063867715303, 4.81139648494191, 13.32522812755954, 4.81139648494191, 230.86554715270347, -15.853840501738134, 13.32522812755954, -15.853840501738134, 194.4709651795127, 6.069982384571329, 4.958827971684442, 30.0, 0.0
21, 0 ,1.0,1.0,1.0,69.91904818749751,63.66995344395368,159.60800604830686,14.571520422331403,14.26988909081612,14.078787142046057,71.0,65.0,70.0,-0.8676969785474089,0.4604969021673723,0.18720191375611364,14.61390907936314,-0.4725885934847621,-0.6474090322372565,-0.5979310715172057,14.509515342692808,-0.15414919632548285,-0.6072924732547512,0.7793804444559379,13.786907391214498,79.43195957342476,78.43247891600441,80.0735589990997,23.8538879959613,6.720358394441804,125655.0,498861.91547088523, 0.0, 0.0,0.0,NaN, 169.27034068829977,169.27034068829977,0.0, 212.32920741842116, -3.128958127950561, 1.962696570163767, -3.128958127950561, 203.6297346641929, 9.940004192713511, 1.962696570163767, 9.940004192713511, 198.21224739104136, 7.01103723172851, 5.099264878582458, 29.0, 0.0
22, 0 ,1.0,1.0,1.0,277.5012631839302,207.05365439994347,12.391746020528947,13.15172653618181,13.551400075174577,7.822498413953218,55.0,72.0,31.0,-0.5397132518506869,0.8401791356864975,-0.05299646906960896,13.815755325023643,0.8387830093441869,0.5420488535896032,0.05124552231859818,12.898729426293928,-0.07178209395292136,0.016794650317465132,0.9972789332521008,7.781228714193585,63.26304226541188,67.0454671447306,32.526822977999544,19.458434675845524,6.258526686220474,56603.0,137962.52687177592, 0.0, 0.0,0.0,NaN, 96.43013889941889,96.43013889941889,0.0, 172.9679108825088, -10.981120016423084, 8.2767166079454, -10.981120016423084, 183.6404439974415, -2.8633417427406647, 8.2767166079454, -2.8633417427406647, 61.191481436300606, 7.5646502452205375, 5.570231754038088, 12.0, 0.0
23, 0 ,1.0,1.0,1.0,41.3174223977017,85.33648786707941,38.523639799359366,13.279389332323044,14.12165143393592,16.166808133217724,62.0,71.0,80.0,0.17348306493650126,-1.2064819546595777E-4,0.984836845180079,16.25080565397137,0.17161128327141453,0.984704519822575,-0.030109402101832664,14.1511460389151,-0.9697696600915994,0.17423258617435597,0.17085026274729442,13.144781734948056,79.82929378237091,72.43701648160996,59.65272177155789,24.264337250351982,6.954915044667353,130183.0,344947.5825164012, 0.0, 0.0,0.0,NaN, 102.34019923016115,102.34019923016115,0.0, 176.34218103941504, 4.640085970277803, 15.457476264727807, 4.640085970277803, 199.42103922158444, -0.8252924069267862, 15.457476264727807, -0.8252924069267862, 261.3656852162748, 6.861042852026587, 5.011668317229958, 23.0, 0.0
24, 0 ,1.0,1.0,1.0,65.59633961891298,42.636272430854824,35.73399913354767,14.869003255388728,13.123527572858755,15.854594843474118,77.0,69.0,76.0,0.24357753834465648,0.23956783627553166,-0.9398283006146481,16.017409601228163,-0.9177655527576533,-0.25643694141463036,-0.303226788475802,15.01352560807785,0.3136500804804562,-0.93640127450798,-0.1574048287519596,12.75613773432755,84.47588566352745,83.76254168603091,63.2043210984707,24.401374500058743,7.018214439793279,131571.0,447228.3970483027, 0.0, 0.0,0.0,NaN, 86.00959360602879,86.00959360602879,0.0, 221.08725780876057, 20.229081095398644, -4.036370522510953, 20.229081095398644, 172.226975955584, -16.253511316817207, -4.036370522510953, -16.253511316817207, 251.3681776507161, 6.480776966786932, 4.972775088366518, 24.0, 0.0
25, 0 ,1.0,1.0,1.0,29.809533200544305,282.097935196324,137.13393614293884,14.768273712509991,10.722627028325018,15.563039976733656,64.0,47.0,71.0,0.4612700899781139,0.007728642683607597,0.8872261110753288,15.844004866986552,0.8817552250407572,0.10722090748895718,-0.45935977197678923,14.505022183863398,0.09867941631822714,-0.9942051825853219,-0.042643026576222307,10.670365194037505,83.53839511847947,70.59574710482406,50.34106483286607,22.949304013925577,6.972395386808666,101414.0,296884.1854119159, 3.552713678800501E-15, 0.0,0.0,62.53090550253852, 141.47370298371706,141.47370298371706,0.0, 218.10190844761365, 9.61607585000288, 17.0368894880093, 9.61607585000288, 114.97473038856621, -3.8142096137781936, 17.0368894880093, -3.8142096137781936, 242.20821331740993, 7.198500641644369, 5.215059368884137, 25.0, 0.0
26, 0 ,1.0,1.0,1.0,280.7748940862399,105.23458882247112,168.96488886309558,11.574034072348772,12.279310732275244,14.6797444214052,49.0,59.0,70.0,0.19209151229100088,-0.14168161356235642,0.9710958610168844,14.8132466046197,0.4396780322134663,-0.8722320920697362,-0.2142297961361708,12.515447871260672,-0.8773733976447259,-0.4681212427801352,0.10525408858249352,11.142976382363777,68.50039447544967,69.38236736300183,57.234397633478466,21.44334143753876,6.357494871296147,86155.0,272019.03964971076, 0.0, 1.4210854715202004E-14,-2.8421709430404007E-14,28.622461183105667, 169.15709778986735,169.15709778986735,1.9073486328125E-6, 133.9582647078903, -15.04523689138168, 14.712449127861198, -15.04523689138168, 150.78147205976998, -7.039978745424362, 14.712449127861198, -7.039978745424362, 215.4948962777771, 6.955799504558497, 5.28593541782351, 18.0, 0.0
27, 0 ,1.0,1.0,1.0,35.842243770596745,179.1565549997234,207.5699597746114,13.581155946790119,14.851821280477619,14.67321959121666,69.0,70.0,74.0,-0.17124242646729687,-0.7248420199607564,0.6672930971295916,15.546435455671038,0.304639182575057,-0.683061761255387,-0.6637933403934463,14.052684982132254,-0.9369477038861846,-0.08961404136573076,-0.33778443388129603,13.459500539988618,75.75832569521285,68.36826234024898,74.5554259236517,23.96812011245126,6.77177846992254,126537.0,386157.2255127215, 0.0, 0.0,0.0,NaN, 156.30456478974858,156.30456478974858,0.0, 184.44779685103262, 4.117697992717379, -10.217244465879453, 4.117697992717379, 220.57659534724786, -21.879378388415784, -10.217244465879453, -21.879378388415784, 215.30337317206437, 6.599511830738308, 5.025236990737782, 33.0, 0.0
28, 0 ,1.0,1.0,1.0,124.01065659134395,187.36439083856072,114.23696384024801,13.975097460194393,13.965915906249812,15.060564767565783,70.0,72.0,73.0,-0.23645465735447502,-0.36610296362846106,0.9000321188923398,15.23563572696449,-0.7018310581551901,-0.5762432970555692,-0.4187801671608782,14.363694226869736,-0.6719541359528521,0.7306930153087442,0.12068701899902633,13.369011159867032,76.63221149317988,68.58806718216826,65.6994510439583,23.88558634168623,6.830046292250967,123867.0,345319.94590965525, -1.4210854715202004E-14, 0.0,0.0,76.32261463445333, 202.76959167198336,202.76959167198336,0.0, 195.30334902193175, 15.778334859915013, -3.2555062467740017, 15.778334859915013, 195.0468071004415, -10.936751514878278, -3.2555062467740017, -10.936751514878278, 226.82061111804376, 6.345510280895138, 4.766396617400422, 32.0, 0.0
29, 0 ,1.0,1.0,1.0,33.56576307009107,14.164654056685546,71.32661275959107,16.668359970941417,8.816277952382425,13.62927175028138,73.0,36.0,66.0,-0.9996673754919327,0.007169451992089691,0.024773722675530387,16.670358169111488,-0.024821571810421376,-0.006663822461917711,-0.9996696869681784,13.62738113656697,-0.007001996139035586,-0.999952095066723,0.006839562978712495,8.81542235912955,73.75087326584462,65.43628381480809,36.44934434243127,22.180050679778,7.025907865893957,84219.0,175903.91887734178, 0.0, 0.0,0.0,NaN, 80.0923439710671,80.0923439710671,0.0, 277.8342241208822, -1.416906357151628, -2.278089798845714, -1.416906357151628, 77.72675693366443, 0.7549705038382382, -2.278089798845714, 0.7549705038382382, 185.75704844301805, 7.105013901209273, 5.263524189593485, 21.0, 0.0
30, 0 ,1.0,1.0,1.0,234.97421719282454,273.36819722423786,95.94262935033204,13.516718544970564,13.038469074259957,14.310068320583516,68.0,60.0,68.0,-0.4894291925326565,-0.3077183548493983,0.8159463705327767,14.792664100362442,-0.6940516653167231,-0.42903804513298643,-0.5781164603257278,13.29669690611966,-0.5279690818295283,0.8492560096444685,0.003588692636520223,12.722277766374567,72.72151121715756,70.13378507908658,69.05457719493532,22.729483150392102,6.391557484715499,108871.0,352194.56035579275, 0.0, 0.0,0.0,NaN, 118.9226365139465,118.9226365139465,1.3486991523486091E-6, 182.70168022395117, 13.030003670476436, -16.752588287180426, 13.030003670476436, 170.00167580043333, -10.59619402905634, -16.752588287180426, -10.59619402905634, 204.77805533976792, 6.185692326091903, 4.758409855066732, 24.0, 0.0
31, 0 ,1.0,1.0,1.0,135.1683134807624,25.363248392395764,250.8368209471451,15.02307262165366,13.54029026375953,13.80421205626425,75.0,60.0,68.0,-0.9837474684066282,-0.14273545561947587,0.10893809302833671,15.032174409014043,0.17626986833639108,-0.6521224481861349,0.7373365894138121,14.828398413839942,-0.03420309810852307,0.7445555065143378,0.6666837674632226,12.399224771495366,71.33946537445621,74.0350166180823,67.43372223610135,23.575417515292322,6.617260074702376,121143.0,356159.19519105507, 0.0, 0.0,-2.8421709430404007E-14,83.74589508482984, 146.05062654035788,146.05062654035788,0.0, 225.69271099547973, 2.53875473844176, 0.8560810025152951, 2.53875473844176, 183.3394604268611, -32.92570190418845, 0.8560810025152951, -32.92570190418845, 190.5562704943113, 7.846323773926035, 5.284935036028285, 21.0, 0.0
32, 0 ,1.0,1.0,1.0,20.194394325591166,250.28831228341497,80.97170432740499,11.839050462324632,13.264887785309728,15.601735634883175,49.0,66.0,81.0,-0.043628848805189004,-0.08480858921238633,0.9954416239778897,15.627989869044024,0.3748414789083472,-0.924988069833383,-0.062377370541852134,13.500609926723932,0.9260617631895494,0.3704113576305627,0.07214594164986572,11.534035845557806,80.67929860781024,70.85631391984774,56.5830301944946,22.711956945313254,6.610713300491542,104751.0,323464.68409866217, 0.0, 2.8421709430404007E-14,0.0,85.13498190492761, 97.13641109024687,97.13641109024687,0.0, 140.1631158494691, -16.658627631499286, -5.980552120924365, -16.658627631499286, 175.95724795685925, -6.547101625683344, -5.980552120924365, -6.547101625683344, 243.4141548207835, 7.034519943048368, 5.376536493042341, 21.0, 0.0
33, 0 ,1.0,1.0,1.0,166.37872361172055,12.042676287520518,220.8193977215478,15.121754210133403,7.693418901421001,12.939503233908503,72.0,32.0,66.0,0.939856152348842,0.011034054795584784,0.3413922414566541,15.426130545041364,-0.3415676753407459,0.03443222826562384,0.9392262479397511,12.58062440026136,0.0013914217007296248,0.9993461218674098,-0.036130218020636554,7.684352596780563,72.11466620947652,64.36087859953125,33.08519844138955,20.27891591628173,6.637202572254518,61533.0,153560.4250632128, 0.0, 0.0,0.0,NaN, 155.7858765516868,155.7858765516868,0.0, 228.66745039168728, 0.688483769613406, 25.575378341654876, 0.688483769613406, 59.18869439274192, 3.882798849125246, 25.575378341654876, 3.882798849125246, 167.4307439403286, 6.9133005110604495, 4.934954613676741, 18.0, 0.0
34, 0 ,1.0,1.0,1.0,58.919685719067374,111.71722643553629,158.19409137753348,13.844623365194762,12.629179460414576,14.939079841629427,71.0,63.0,73.0,0.5072579385573655,0.15265312296573333,0.8481664976992079,15.512201688634551,-0.7875919785790803,-0.31740867442186527,0.5281577498055321,13.36315538135923,-0.34984033365011086,0.9359213414868595,0.04077969471460384,12.455663511303044,74.32924365871028,65.30004715966405,62.591318636679986,23.072087374009378,6.48264303260878,113529.0,303799.6783174222, 0.0, 0.0,0.0,NaN, 189.897824547639,189.897824547639,0.0, 191.67359612409672, 12.476800382626665, 27.032535521146464, 12.476800382626665, 159.4961738433574, 7.140262976798573, 27.032535521146464, 7.140262976798573, 223.17610651457872, 6.624657138199653, 4.938540398524121, 24.0, 0.0
35, 0 ,1.0,1.0,1.0,144.788954160692,152.5170636939729,58.360155418844535,13.281103806350828,13.92099926737978,13.76744457347226,65.0,66.0,64.0,0.5188143176857528,0.6531732962604093,0.5515399793456308,14.750940268219372,0.02755151483606242,-0.6576013848600388,0.752862094052023,13.451471356220146,-0.854442869824838,0.37539987171344424,0.3591689275578057,12.69614699652217,74.65363995741163,66.9023428201917,64.50368166821954,22.76431320381456,6.442865306657214,108095.0,322163.8582562703, 0.0, 0.0,0.0,NaN, 214.7579229944877,214.7579229944877,0.0, 176.38771831506645, 18.754112346089777, 16.54779800703178, 18.754112346089777, 193.7942206023884, 10.539619717192968, 16.54779800703178, 10.539619717192968, 189.54253008363077, 6.217111746141585, 4.736722335562896, 19.0, 0.0
36, 0 ,1.0,1.0,1.0,27.44270854251175,13.620306036387003,262.4288124021045,12.436164737733955,8.690245713506838,16.70410605776577,50.0,40.0,75.0,0.04101373782637138,0.07005240953999627,0.9966998210229349,16.73941526724505,0.9953266648266543,0.08441636248042253,-0.046890383135803654,12.452622401571185,-0.08742255769856087,0.9939650585725912,-0.06626280059148741,8.598249529344882,75.28057662897487,52.20483825693414,41.60282664238423,21.434796011321037,7.053739652646416,74697.0,163499.53832882197, 3.552713678800501E-15, 0.0,0.0,87.64942661243738, 48.478955498136976,48.478955498136976,0.0, 154.65819338405748, 7.410017801019093, 4.645509226271577, 7.410017801019093, 75.52037056112398, 14.081421976096514, 4.645509226271577, 14.081421976096514, 279.02715918908706, 6.929335931415837, 5.0717458663922255, 18.0, 0.0
37, 0 ,1.0,1.0,1.0,30.887008515478495,288.2479326139752,206.75391189400227,14.548869140926653,6.890601162388898,15.964558745275333,66.0,28.0,77.0,0.024100958877000173,0.0724531755237745,-0.9970805790595516,15.999134625287828,0.9990332452296136,0.03493418158184966,0.026686661147348332,14.555684206446108,-0.03676572734485447,0.9967598207761625,0.07154118379700128,6.795355922569595,78.19986654139842,66.29136830050452,31.414792987785574,21.463068193540614,7.304369740758688,65058.0,162853.53772983493, 0.0, 0.0,0.0,NaN, 98.92902167691946,98.92902167691946,0.0, 211.66959327980786, 6.1490293683379695, -0.6240430641455442, 6.1490293683379695, 47.48038437911523, -15.001500182149064, -0.6240430641455442, -15.001500182149064, 254.86713593134712, 6.069180857779655, 4.846228359988852, 19.0, 0.0
38, 0 ,1.0,1.0,1.0,53.301638015077074,20.162421212150463,164.90458586307082,14.346343349933113,11.58883334396478,14.781429880450354,77.0,47.0,76.0,-0.5443130764976807,0.005323152829615816,0.8388652685607993,15.088509679227547,-0.8371019664662918,0.06166500832379314,-0.5435602307809992,14.031631043614853,0.05462208794889087,0.9980827073907144,0.02910904869150695,11.578406669950361,78.20808139443486,67.48611718940019,48.897858470128384,22.683316227665646,6.6390104695422005,103601.0,258080.92867793413, 0.0, 0.0,0.0,NaN, 146.62318631463063,146.62318631463063,0.0, 205.81756751417004, -3.514345063075668, -14.152588374831815, -3.514345063075668, 134.3010582741899, -1.6879032665503717, -14.152588374831815, -1.6879032665503717, 218.49066931067057, 6.579763410210516, 4.839326311700396, 23.0, 0.0
39, 0 ,1.0,1.0,1.0,128.7176538240368,93.01309121621621,209.5262363427257,14.347629565159114,12.596061282422099,14.448885173551385,69.0,63.0,68.0,0.6434379380562234,0.0927574592831844,0.7598576666832305,15.333729791666933,-0.6546697885254539,0.5811245721286317,0.4834270365425916,14.277844266755226,0.39673049777146285,0.8085111535505513,-0.4346431026973326,11.58902111907925,71.68260395224706,70.37634871306373,58.76035294205032,23.03539694313329,6.531156436661285,111296.0,296431.87413596, 0.0, 0.0,0.0,NaN, 182.77081674565298,182.77081674565298,0.0, 205.8544741390279, -20.44329195677858, 27.280005128975134, -20.44329195677858, 158.66075983053304, 26.645066072891446, 27.280005128975134, 26.645066072891446, 208.77028275847306, 6.689856272651919, 4.829279452721968, 27.0, 0.0
40, 0 ,1.0,1.0,1.0,281.19959924167887,254.28131074368267,242.90854551126682,10.939230076056178,13.780168328410374,13.285786312685618,44.0,69.0,70.0,0.12492968828434826,0.9398510121057723,-0.31791924765407287,13.873729438601913,0.05416303973121861,-0.32641220171689644,-0.9436744352250953,13.238158042098597,-0.9906860946395937,0.10067348019257263,-0.0916837623228108,10.878543784875427,73.09324016653136,69.47480660942966,48.72810882121371,21.153901726487632,6.211630503231066,83342.0,247448.096402304, 0.0, 0.0,0.0,NaN, 75.51879098362393,75.51879098362393,0.0, 119.66675465689208, 7.698824071642623, -5.853167125578265, 7.698824071642623, 189.89303915932436, -4.623477352495151, -5.853167125578265, -4.623477352495151, 176.5121179463445, 6.604909981957167, 5.045496359202772, 17.0, 0.0
41, 0 ,1.0,1.0,1.0,133.93956236542988,277.99122727955535,54.651584797957035,13.190866578138907,12.205078486647738,14.777452888850704,59.0,52.0,71.0,-0.18016898043807295,0.0049357164278753815,0.9836232902850813,14.829413372754344,-0.9799363784666111,0.08574427695248958,-0.17992390927177487,13.139165107457638,0.08522812121388339,0.9963049521473025,0.010611770875459439,12.19782173704132,71.79443381292019,62.74687570369413,53.170171634241115,22.339129536373882,6.503791769947886,99855.0,239525.0521593888, 0.0, 0.0,7.105427357601002E-15,10.383539903367959, 146.3249403356494,146.3249403356494,0.0, 173.99896108226204, -2.067286999828599, -8.399365938053053, -2.067286999828599, 148.96394086523142, -0.022654966871801595, -8.399365938053053, -0.022654966871801595, 218.37311388220198, 6.3454107726726345, 4.678509197644771, 20.0, 0.0
42, 0 ,1.0,1.0,1.0,200.0373126634362,175.08618184885606,190.4669659677767,14.387125669917598,12.354499384707061,14.16080778890136,75.0,65.0,66.0,0.9081986794008073,0.297156661146299,0.29474239171013916,14.630439260694837,0.29981580215403913,0.02946893704558344,-0.95354185357966,14.123273738303213,-0.29203705845895545,0.9543738787738203,-0.06232861301884922,12.109289957508345,75.5077746322668,68.9689511656066,62.059521564666,22.75405080181726,6.511888315327047,106693.0,323186.8752940618, 0.0, 0.0,0.0,NaN, 193.89039782554696,193.89039782554696,NaN, 206.9893850420019, 18.660520465819577, 2.941955034372315, 18.660520465819577, 152.63365504672714, 4.4199361525713154, 2.941955034372315, 4.4199361525713154, 200.52847723420942, 6.710236761640602, 4.827859098670018, 35.0, 0.0
43, 0 ,1.0,1.0,1.0,104.62364217252396,216.28359270328764,275.1485004637741,13.8494430096441,13.732434323286991,12.025915563002197,72.0,66.0,54.0,-0.7877882425397502,0.5980781190697843,-0.147282885652339,14.136412675054398,0.5868306123869463,0.8014246837376287,0.11553488071402176,13.50226835815065,-0.18713502419828515,-0.004586914648260251,0.9823234919985964,11.952407921179482,73.51799773695393,67.22183582036305,55.97004601084828,22.027216323385836,6.309612531054607,97030.0,276604.7942711395, 0.0, 0.0,0.0,NaN, 136.27964037710257,136.27964037710257,0.0, 191.8070716773798, -8.291824813576609, 9.285807893806838, -8.291824813576609, 188.57975244339067, -1.3661268397575517, 9.285807893806838, -1.3661268397575517, 144.62264512845846, 5.5821285593541, 4.470999014512753, 26.0, 0.0
44, 0 ,1.0,1.0,1.0,176.30919683293413,279.22305431497034,173.98957211141212,12.394985996220354,11.280144165455292,16.208733923299913,68.0,50.0,75.0,0.1713097096527874,0.016629845216738087,0.9850768658468966,16.31491979944101,-0.9810976778063666,0.09421876751825696,0.16902712933223116,12.26493535970859,0.09000183321261714,0.9954126139925131,-0.03245609223181714,11.269211959860582,77.57093976894583,67.93948606857029,51.91893212806326,22.317941140972092,6.746101753189086,95609.0,273619.51044518885, 0.0, 0.0,0.0,NaN, 177.79123768278768,177.79123768278768,3.3036247397782844E-6, 153.6356778464987, -1.7696339430299766, 19.601295581403882, -1.7696339430299766, 127.24165239345507, 2.653216592078478, 19.601295581403882, 2.653216592078478, 262.7230553963334, 6.672809513083904, 4.9962363032492885, 27.0, 0.0
45, 0 ,1.0,1.0,1.0,240.07890358708002,93.8470317318617,186.74052507709789,13.611414186940197,12.294155796695595,13.47219251243423,66.0,62.0,68.0,0.7772919402438037,-0.3699037534292863,0.5089090811048165,14.263520863675353,0.44873250083656746,-0.2410043907526369,-0.8605556497582884,13.185196517009102,-0.44097208792051995,-0.8972670153509912,0.021342934150236328,11.858305080967453,70.11034385489182,67.15725854286967,60.08241649344865,21.925128193392577,6.09963832679679,98576.0,282893.1606690829, 0.0, 0.0,-2.8421709430404007E-14,59.40880853007355, 158.82541301699487,158.82541301699487,NaN, 185.27059616843684, -21.658397711516763, 12.021102458515882, -21.658397711516763, 151.1462667534239, -4.935497711029343, 12.021102458515882, -4.935497711029343, 181.4999710920889, 6.761427800381346, 4.7491300825568015, 19.0, 0.0
46, 0 ,1.0,1.0,1.0,119.07652838956388,169.33615373444988,271.247078755022,14.202727547934492,12.114348904570832,14.003813126798045,69.0,58.0,62.0,-0.7725230892883052,0.013097357841924642,-0.6348515855962034,14.572001074829368,-0.6010920683583407,-0.3373621786136954,0.72448263319262,13.827617107735156,-0.20468610571591053,0.9412838146162832,0.2684927903469168,11.875836436641283,71.89510114118383,70.60466161631248,58.354153977207545,22.446008822286615,6.3842297282153675,103295.0,296213.2300768881, 0.0, 0.0,0.0,NaN, 179.1060881554221,179.1060881554221,0.0, 201.71746980085732, 9.451761505679595, 13.124999684801397, 9.451761505679595, 146.7574493816765, -12.854507145657035, 13.124999684801397, -12.854507145657035, 196.10678209028126, 6.1910377565167805, 4.586195532835339, 18.0, 0.0
47, 0 ,1.0,1.0,1.0,91.89375084278862,265.87781009805246,42.01905183872397,12.3867779651853,13.861893314134916,14.492050138161243,63.0,65.0,71.0,0.4475238329614065,0.2668560747903017,-0.8535281215513899,15.264882215640974,-0.05827961508582285,0.9611131191429593,0.26993528609046386,13.759494459556796,-0.8923709460739855,0.07105918349379778,-0.44567329631044217,11.54398349696808,79.45466332847246,67.9661549069346,56.24264069155987,22.632083176542658,6.5873122674033455,103822.0,303723.08057402365, 0.0, 0.0,0.0,NaN, 106.6507665471114,106.6507665471114,1.3486991523486091E-6, 153.43226835880006, 8.772843166107506, -38.98502089313437, 8.772843166107506, 192.15208625245828, -8.176526250446456, -38.98502089313437, -8.176526250446456, 210.0195172069793, 7.003596110834884, 4.69485195282459, 19.0, 0.0
48, 0 ,1.0,1.0,1.0,278.7211602472658,235.45114386854758,48.46986844190838,11.745678591244443,13.543143525520302,13.878627179410987,50.0,60.0,64.0,0.16106038927777036,0.6004155535170966,0.7833011643681195,14.460913106561712,0.07494311099660952,-0.7988115706260754,0.5968949696119519,13.000039626944748,-0.9840950569532615,0.03743311005863027,0.17365391199594532,11.656541353638483,67.1582287401595,62.76352199351379,56.116578022275235,21.80459418872839,6.209159908682249,94635.0,236536.25663067398, 0.0, 0.0,0.0,NaN, 83.47857207617648,83.47857207617648,0.0, 137.96096556881807, 5.099728265475085, 10.722088956993382, 5.099728265475085, 183.41673655284248, 18.651930435263537, 10.722088956993382, 18.651930435263537, 192.61629238508536, 6.356845730172163, 4.5976622427811025, 14.0, 0.0
49, 0 ,1.0,1.0,1.0,51.58285977450102,187.17833499181722,47.33277959160176,15.825652100073379,11.620859809876615,15.458204989512698,74.0,60.0,76.0,-0.9729994099333256,-0.2019694697187407,0.11171607570502773,16.01250352777782,-0.08875632629628302,-0.11938972116148719,-0.9888722915641688,15.486327060538974,0.21305976347444974,-0.9720876646591667,0.09824006008598726,11.323654602560028,75.16467713824355,73.90541787413021,59.33579085964192,23.98036238212446,7.028084279029486,121597.0,329614.87956193654, 0.0, 0.0,7.105427357601002E-15,83.58575072027206, 132.77767712082328,132.77767712082328,0.0, 250.45126439255694, 26.37107564981033, -4.137506852761027, 26.37107564981033, 135.04438272080554, 10.283721428620256, -4.137506852761027, 10.283721428620256, 238.9561014977953, 6.572277513146817, 4.737820725319961, 29.0, 0.0
