// Sample: .//bubblelabels.tif, Map: .//bubblelabels.tif, Thickness:(8.191250068658265):/afs/psi.ch/project/tipl/test/LabelValidation/SmallStep0500//distmap.tif, Neighbors:(1.0):
//LACUNA_NUMBER, TRIANGLES, SCALE_X, SCALE_Y, SCALE_Z, POS_X, POS_Y, POS_Z , STD_X, STD_Y, STD_Z,PROJ_X, PROJ_Y, PROJ_Z, PCA1_X, PCA1_Y, PCA1_Z, PCA1_S, PCA2_X, PCA2_Y, PCA2_Z, PCA2_S, PCA3_X, PCA3_Y, PCA3_Z, PCA3_S,PROJ_PCA1, PROJ_PCA2, PROJ_PCA3,OBJ_RADIUS, OBJ_RADIUS_STD, VOLUME, VOLUME_BOX, Mask_Grad_X,Mask_Grad_Y,Mask_Grad_Z,Mask_Angle, Mask_Distance_Mean,Mask_Distance_COV, Mask_Distance_STD, SHAPET_XX, SHAPET_XY, SHAPET_XZ, SHAPET_YX, SHAPET_YY, SHAPET_YZ, SHAPET_ZX, SHAPET_ZY, SHAPET_ZZ, Thickness, Thickness_STD, Neighbors, Neighbors_STD
1, 0 ,0.3333333432674408,0.3333333432674408,0.3333333432674408,163.4572308677041,15.442197063647638,155.3039164699764,16.128936918890243,10.201143309476182,19.46794077321237,91.0,43.0,91.0,-0.1279623823466024,-0.0734202464889411,0.9890576808809917,19.557277075074587,0.991474076597092,0.015258176640423697,0.12940766392124498,16.06865475319809,-0.024592359385105553,0.9971843638220137,0.07084179845797989,10.125112183803322,91.39504925138777,86.76122407278731,46.40816632664983,25.834125902768594,8.706583011904787,124985.0,367995.7057777358, 0.0, 0.0,0.0,NaN, 199.5478535123732,199.5478535123732,0.0, 260.1426061335407, 4.9855163771948074, -15.458606348840117, 4.9855163771948074, 104.06332482047067, -20.023081613494902, -15.458606348840117, -20.023081613494902, 379.0007179493046, 3.5263455491254447, 4.527293956446737, 27.0, 0.0
2, 0 ,0.3333333432674408,0.3333333432674408,0.3333333432674408,228.6901001432405,269.65091855308344,217.5382339511231,16.031726634021858,16.508443420233213,15.05597931245967,91.0,71.0,74.0,0.6178845283788074,0.7575618337318951,0.2105202547567985,17.84499178761764,-0.5606943340463684,0.23682654661878594,0.7934324486589387,15.166679085019851,-0.5512173558210937,0.6082871483842058,-0.5710920869283806,14.413729209199852,96.5609838767441,84.58692277728781,81.53111781787563,26.3075890188002,8.008635096085431,159871.0,665929.57765172, 0.0, 0.0,0.0,NaN, 113.16409069202278,113.16409069202278,NaN, 257.01625886800576, 48.854026739020895, 4.489540084658336, 48.854026739020895, 272.52870415904124, 21.837924078439567, 4.489540084658336, 21.837924078439567, 226.68251305721353, 3.422710699239805, 3.996333082941996, 28.0, 0.0
3, 0 ,0.3333333432674408,0.3333333432674408,0.3333333432674408,124.37143481669078,154.03747588036663,206.8270546912687,15.0893931060092,15.120859395324084,14.316885762457144,76.0,72.0,74.0,0.6478241875752704,0.5116660947523037,-0.5643772049554865,16.145987053507362,0.5807294196268024,-0.8111820580179094,-0.06882593936697366,14.899056834866963,0.49302856222774516,0.2831633384298824,0.8226429119593055,13.365201030866077,81.97042458353803,76.62949077691383,75.09098521931313,24.665611204946213,7.273995805771603,132672.0,471672.90227500885, 0.0, 0.0,0.0,NaN, 213.2006331680109,213.2006331680109,0.0, 227.689784307678, 6.7790733997483885, -31.736918325878623, 6.7790733997483885, 228.64038885316063, -21.277497255826134, -31.736918325878623, -21.277497255826134, 204.97321793524804, 3.361443370483857, 4.053271423277327, 37.0, 0.0
4, 0 ,0.3333333432674408,0.3333333432674408,0.3333333432674408,119.81740989291718,31.13588531946154,269.93526055937207,15.98617425424272,15.131048959677422,15.161545382860476,79.0,66.0,64.0,0.8025653333402347,-0.0184372556517182,-0.5962792578352116,16.9967015061918,-0.28182829875553606,0.8692352235460217,-0.40620553438802093,15.632461387695729,-0.5257962492649011,-0.49405484892968154,-0.6924219165422414,13.457977454852756,88.304904234311,80.31740534296969,78.06368397262582,25.65527680220675,7.495708139050363,151098.0,553660.4949296839, -1.4210854715202004E-14, 0.0,0.0,36.62422333263418, 127.39522607110062,127.39522607110062,0.0, 255.55776728701278, -17.09100755748843, -44.33236109298195, -17.09100755748843, 228.94864262015517, -21.15038431881993, -44.33236109298195, -21.15038431881993, 229.87245839653784, 3.3243512086472924, 3.987700934977769, 27.0, 0.0
5, 0 ,0.3333333432674408,0.3333333432674408,0.3333333432674408,198.1973522384552,127.19544867024402,69.34352747640123,15.174987074062516,13.48393844347785,14.987779098415416,75.0,71.0,82.0,-0.7817468713298882,-0.1323909717750247,0.6093803900343326,15.89475100917957,-0.4662971439543696,-0.5247358385249288,-0.7121932836720218,14.771237297357738,0.41405169086229915,-0.8409072067475721,0.3484770680174913,12.880131599082956,81.3989688740929,85.71348173361659,69.03522863062399,24.22361468769468,7.067308003083588,127655.0,481658.0329584766, 0.0, -1.4210854715202004E-14,0.0,82.39222063967475, 177.06209661177132,177.06209661177132,3.3036247397782844E-6, 230.28023269796444, 21.772684670796604, -23.958109652680807, 21.772684670796604, 181.81659594749985, 12.543785903127732, -23.958109652680807, 12.543785903127732, 224.633522302898, 3.216184236380362, 4.108648028908334, 34.0, 0.0
6, 0 ,0.3333333432674408,0.3333333432674408,0.3333333432674408,112.67539400889522,111.37848874149607,168.05588960002478,13.913812728349837,14.66451292677508,16.02999614175027,71.0,82.0,75.0,0.24193236797274587,-0.3682693615414127,0.8976894823250297,16.450036317063226,-0.0864104670766799,-0.9296749259461663,-0.35810300647520377,14.364290007144787,-0.9664377685638582,-0.009066940877176617,0.2567407838198674,13.735588013682314,90.94276954429579,80.35226238741308,70.92892809332307,24.68174595066885,7.510946488314475,129058.0,518310.11200505507, 0.0, 0.0,-2.8421709430404007E-14,26.14399735238531, 206.1799224915952,206.1799224915952,0.0, 193.59418463958994, -5.881099747032322, 18.341826024065636, -5.881099747032322, 215.04793937955344, -21.206279651725595, 18.341826024065636, -21.206279651725595, 256.96077630452857, 3.909991265333224, 4.470628506363202, 37.0, 0.0
7, 0 ,0.3333333432674408,0.3333333432674408,0.3333333432674408,14.244304831954235,281.0797451220758,73.38529216467464,10.169466321015095,11.328107359184042,19.138784004368432,46.0,48.0,95.0,-0.14058294418653047,-0.15057137864884246,0.9785523469572968,19.396326087935105,-0.5453919973725163,-0.8131103232854626,-0.20346786323306174,11.998325401425808,-0.8263074518639318,0.5622987303012499,-0.032189018247506265,8.823822109115591,92.17890590259789,64.04616610719856,47.07317300718677,23.01227835367226,8.27479061574117,78312.0,277906.1512801993, 0.0, 0.0,0.0,NaN, 77.11210910671493,77.11210910671493,0.0, 103.4180452542603, 35.62851563393045, -33.709296272532725, 35.62851563393045, 128.32601634119965, -33.02490230831054, -33.709296272532725, -33.02490230831054, 366.2930531658689, 6.080408580934204, 5.531236153785134, 12.0, 0.0
8, 0 ,0.3333333432674408,0.3333333432674408,0.3333333432674408,270.435877680699,107.96819698173154,105.4582208101668,15.907738696651984,15.89950635425804,13.668263374735831,68.0,80.0,71.0,0.7083128292787899,0.6969585693201082,0.1119896804636198,18.68249310606102,0.18741016279897094,-0.33862445432821014,0.9220688205392181,13.774769074573152,-0.6805662104150773,0.6321251708183988,0.3704691642486203,12.40532404717271,94.73197574261744,71.65805135919271,69.8692452371045,25.07606878217306,7.991411068326013,125900.0,474294.0111131609, 0.0, 0.0,0.0,NaN, 153.79403507432423,153.79403507432423,0.0, 253.05615044095896, 94.06020853243409, 21.674950092142634, 94.06020853243409, 252.7943023090918, 4.037058904876261, 21.674950092142634, 4.037058904876261, 186.82142368114492, 2.8286009347857797, 3.6952042226645667, 35.0, 0.0
9, 0 ,0.3333333432674408,0.3333333432674408,0.3333333432674408,25.031921142355603,88.60616412922391,219.80037808459642,15.122562682354674,17.793495508470507,13.59520617302527,64.0,92.0,65.0,-0.2613331665105762,-0.962804882171467,-0.06864207855494517,18.03398916026306,0.873441178288681,-0.20560883703886865,-0.4413904328383256,15.248148575527464,0.410859445736904,-0.17530477745432907,0.8946858391918651,13.13008817049318,98.35819018235776,76.43884055665673,70.48827336151211,25.85242383830507,7.86016520585521,148115.0,529958.0487889035, 0.0, 0.0,0.0,NaN, 122.1049906971282,122.1049906971282,NaN, 228.6919020817462, 27.658454957276437, -20.43144305157422, 27.658454957276437, 316.60848240996006, 15.554997500649677, -20.43144305157422, 15.554997500649677, 184.8296308870644, 3.4397472126603517, 4.038641578796622, 28.0, 0.0
10, 0 ,0.3333333432674408,0.3333333432674408,0.3333333432674408,97.70457154100941,257.77139835372054,50.061259961302596,12.576824077532352,13.987697539414626,17.41609704771224,77.0,76.0,78.0,-0.07746209418401365,0.3455634442835627,0.9351927768858721,17.953660606827672,-0.4665846571628174,-0.841516736127132,0.2723019289652503,13.623588052052767,-0.8810779657129578,0.41525352351644257,-0.22642024985035192,12.21542230581832,83.22279822565419,61.82837986875353,68.15255403358613,24.481117301738422,7.6044407003518435,121972.0,350681.0646814757, 0.0, 0.0,0.0,NaN, 117.62469063051984,117.62469063051984,0.0, 158.1765038771975, 9.652383893663826, -17.163829063674186, 9.652383893663826, 195.65568245414596, 47.60843563687552, -17.163829063674186, 47.60843563687552, 303.3204363753309, 3.7809729528342877, 4.0919087820811715, 25.0, 0.0
11, 0 ,0.3333333432674408,0.3333333432674408,0.3333333432674408,227.12128546589742,96.83493045127638,133.0335691140441,13.530812439305992,12.417115092611654,14.197993630035123,68.0,58.0,77.0,0.4365528337131509,0.44505401134827366,0.7818878118757376,15.315287897628492,-0.8976668410746196,0.15738496010022546,0.41161173060223155,13.08176931928705,0.060132069747612524,-0.8815650295452181,0.46821707879017715,11.539494083324199,74.86206945426272,60.80905705230359,58.505972276120865,22.313010417450144,6.401579626940917,101224.0,266336.26091504574, 0.0, 0.0,0.0,NaN, 179.96177732748666,179.96177732748666,NaN, 183.08288526767777, 14.335834968482596, 20.580197107276568, 14.335834968482596, 154.18474722316415, 37.744684129521104, 20.580197107276568, 37.744684129521104, 201.58302311851793, 3.5136515053976463, 3.9734004508812015, 25.0, 0.0
12, 0 ,0.3333333432674408,0.3333333432674408,0.3333333432674408,256.47822647444787,36.23635839064841,265.4309845784433,13.778178985322384,13.7131001856746,14.978200074885182,82.0,70.0,67.0,0.3947880482870293,0.2928397429604013,0.8708543402157475,15.622740175969971,0.6637242025856925,-0.7463090617623787,-0.04992962280395266,14.002762278587078,0.6353051076700904,0.5977187208664665,-0.48899872279388484,12.731317618405848,79.84066598652635,74.09025205995518,72.44260371003998,23.431489920927,7.293770658760107,107447.0,428528.06952083844, 0.0, 0.0,0.0,NaN, 66.34934263005769,66.34934263005769,0.0, 189.83821615157936, -7.359079728099306, 27.059743765960764, -7.359079728099306, 188.04911670234873, 22.17411110264309, 27.059743765960764, 22.17411110264309, 224.34647748329047, 3.306880484121023, 3.7014380777510145, 18.0, 0.0
13, 0 ,0.3333333432674408,0.3333333432674408,0.3333333432674408,52.38072083813725,66.94502230688255,281.6629404982706,14.427521873128361,13.494279023162571,10.097329774270056,71.0,65.0,42.0,-0.8856313353365652,-0.44749184638054196,0.12412971156377202,14.895187351210689,0.4142087790313563,-0.8820482488537525,-0.2245483780110234,13.200868347008049,0.20997196299345536,-0.14745146359721806,0.9665246197794002,9.801810597140575,73.39375328237531,73.52309128183094,46.64614963693708,21.193919507985367,6.55917664146626,79796.0,251708.9496895087, 7.105427357601002E-15, 0.0,0.0,27.67068596522128, 86.95759701349752,86.95759701349752,0.0, 208.15338739959728, 21.286683822709303, -21.100821248401886, 21.286683822709303, 182.0955663549654, 8.498675622411167, -21.100821248401886, 8.498675622411167, 101.95606857036059, 3.896733524831586, 4.027844001663999, 16.0, 0.0
14, 0 ,0.3333333432674408,0.3333333432674408,0.3333333432674408,88.13447028423772,286.44935400516795,173.9287338501292,10.974980806499651,8.34812496112125,15.582160437245038,55.0,35.0,68.0,0.19482929422923634,0.03941489224266173,0.9800449032465995,15.758203340444576,-0.9520141305111098,0.24804716677464517,0.1792810596863119,10.88254599827015,0.23603101791356454,0.9679457987535105,-0.08585038880585251,8.135990292417492,71.70861507072891,54.352183437428224,37.964972756733005,19.755029238862587,6.533294554307602,58050.0,147969.2330398057, 0.0, 0.0,0.0,NaN, 154.41913420231316,154.41913420231316,0.0, 120.45020370303574, -10.936531565277326, 25.860074135502845, -10.936531565277326, 69.69119036649569, 9.358173600678548, 25.860074135502845, 9.358173600678548, 242.80372389204447, 4.13550884128387, 4.178025096762246, 14.0, 0.0
15, 0 ,0.3333333432674408,0.3333333432674408,0.3333333432674408,177.7983698323845,272.1690268153058,284.417801810945,11.69313377442329,15.471000460157649,8.531061505669756,58.0,67.0,35.0,0.06203461385566976,-0.9979125900924413,0.017949072922396454,15.48489786617054,0.987004876381485,0.06400762605404695,0.1473919869127731,11.738762289772373,-0.14823319696663018,0.008572417507378405,0.9889152809897982,8.442727112536698,67.4086933830607,58.76504987202037,39.05988155519918,20.15465993672399,6.530691077771415,63061.0,154726.94123132073, 0.0, 0.0,0.0,NaN, 126.29571007929299,126.29571007929299,0.0, 136.72937746655865, -6.2287756940642796, 9.864565262621323, -6.2287756940642796, 239.35185523819817, -2.3905956058873663, 9.864565262621323, -2.3905956058873663, 72.77901041352031, 3.529212223617412, 4.1138823807714635, 16.0, 0.0
16, 0 ,0.3333333432674408,0.3333333432674408,0.3333333432674408,201.6778073089701,193.03966777408638,13.187475083056478,18.260369291583515,15.764099108706308,8.50829914327125,95.0,84.0,37.0,-0.9551618395469367,0.2954909216198701,0.01873434048883419,18.510583906033233,-0.2941348321863179,-0.9542205829943894,0.054293457106485345,15.488600966259412,0.03391991698159499,0.04634861626938866,0.9983492600297127,8.473522599911032,96.36719884227254,85.82901015062782,38.84724238231097,24.010943912435092,8.8212036661323,90300.0,321309.47648885654, 0.0, 0.0,0.0,NaN, 145.88240382073522,145.88240382073522,0.0, 333.44108666500625, -29.263177251170863, -7.53094795053758, -29.263177251170863, 248.506820709115, -7.209385777934452, -7.53094795053758, -7.209385777934452, 72.3911543113903, 3.4143501907950093, 4.009690004279568, 29.0, 0.0
17, 0 ,0.3333333432674408,0.3333333432674408,0.3333333432674408,73.86943478149387,29.59442388396482,27.948965375772442,13.259308388127664,15.796028419117615,14.1088495390393,64.0,63.0,68.0,0.09023230927356377,0.9041346917125218,0.4176105717113296,16.293205742143762,-0.5935042270397486,-0.2879116562497785,0.7515714275313158,13.949540652905611,-0.7997567522997919,0.31566966505733973,-0.5106288277344674,12.81893795450312,78.22097303096454,71.74374191111535,71.04366867291823,23.909083944966582,7.2621699909123825,116999.0,398687.4990933562, 0.0, 0.0,0.0,NaN, 84.34256330902735,84.34256330902735,0.0, 175.8092589314726, 13.42299865171025, -9.688532422667283, 13.42299865171025, 249.51451381757133, 31.640512354901695, -9.688532422667283, 31.640512354901695, 199.05963531524944, 3.0969260171230153, 3.495073871190156, 18.0, 0.0
18, 0 ,0.3333333432674408,0.3333333432674408,0.3333333432674408,81.24926208833473,9.489740791756855,267.3653780791041,14.477071623739917,6.232571436856303,15.814207547334208,65.0,26.0,66.0,0.4781175112963034,0.03471127707112483,0.8776096926515344,16.378045695070675,-0.8758554870169378,0.09327921360504528,0.4734724428850602,13.894922449257228,0.06542790883217495,0.9950347308276808,-0.07500048794863041,6.100037639546109,73.1214409074434,65.53579635584263,27.042193071348418,21.04359049336778,7.462372880794355,55901.0,129588.13246493095, 0.0, 0.0,0.0,NaN, 88.07108673176151,88.07108673176151,0.0, 209.58560279889554, -8.899304989040221, 32.30682495564951, -8.899304989040221, 38.84494671551704, 13.921361770422005, 32.30682495564951, 13.921361770422005, 250.08916035016225, 3.5805117483306526, 3.972851242647733, 12.0, 0.0
19, 0 ,0.3333333432674408,0.3333333432674408,0.3333333432674408,263.23853529862583,271.42934036751205,53.649473327748765,15.13497654366532,15.459947994013579,13.38686917111382,76.0,71.0,81.0,0.7873533559927315,0.2853174962887113,0.5465058271588,16.301804884030673,0.3250820678713798,-0.945350065617516,0.02519727337284126,15.468374373074354,-0.5238285425169678,-0.15782008664456862,0.8370761484453189,11.927544799196186,89.11355468192363,77.8223656252263,76.5259206554125,24.230002352628734,7.758399264733199,112214.0,530709.3745100428, 0.0, 0.0,0.0,NaN, 71.03487782188888,71.03487782188888,0.0, 229.06751497729948, -2.071186782551204, 53.928266949187794, -2.071186782551204, 239.0099919776045, 16.943676136807703, 53.928266949187794, 16.943676136807703, 179.20826620451766, 2.9617244978982855, 3.5524083195670624, 28.0, 0.0
20, 0 ,0.3333333432674408,0.3333333432674408,0.3333333432674408,164.67353854509818,102.03224587628257,211.28904395876873,14.710064248360036,11.095189007631385,13.04263600321524,66.0,52.0,63.0,0.8860540360752797,0.08765459886918336,0.45521963539789134,15.326596113543268,0.42158834055161376,0.25602825814186025,-0.8698924083723121,12.440161023768761,0.19279916043811782,-0.9626869700634403,-0.18990071459694255,10.951593879127175,73.1714422809128,69.51345581390365,57.336536179060516,21.606303436528556,6.539664748807746,84693.0,291636.54729106947, 0.0, 0.0,0.0,NaN, 191.2941820605438,191.2941820605438,0.0, 216.3859901908801, 12.687560556755907, 33.60206600800602, 12.687560556755907, 123.10321911506432, -3.1676216340359997, 33.60206600800602, -3.1676216340359997, 170.11035391236638, 3.252725782116968, 3.7572379533484375, 25.0, 0.0
21, 0 ,0.3333333432674408,0.3333333432674408,0.3333333432674408,146.0988607503084,285.5431245918293,23.73245773165953,13.547184075133536,9.152597048390676,14.145703729920456,69.0,37.0,61.0,-0.5725592218987076,0.022770282004403015,0.8195471015604814,14.728448498355426,0.8092437005672544,0.17606513901497833,0.5604691783816946,13.01982135671955,0.1315316331190413,-0.9841151259284029,0.11923442627010682,8.997456295022946,78.99144619637049,65.85645718069719,43.030554858260274,20.579694976780395,6.623693665407341,68905.0,223849.11147532176, 0.0, 0.0,0.0,NaN, 148.71821646688204,148.71821646688204,0.0, 183.5261963655517, 10.84548632581753, -23.63623107275333, 10.84548632581753, 83.77003273020972, 11.276605498154973, -23.63623107275333, 11.276605498154973, 200.1009340146855, 3.714372469756316, 3.9441160568064064, 12.0, 0.0
22, 0 ,0.3333333432674408,0.3333333432674408,0.3333333432674408,181.9321456885697,283.19281350557293,119.6725621414914,13.67465070865682,10.295656894144962,15.785520504592487,67.0,40.0,85.0,-0.4758038765659505,0.06390792916601729,0.8772265657368825,16.531853316640028,-0.8126749890472126,0.34952219842707294,-0.46625486054712456,13.154108517591025,0.33640754037614323,0.9347459598181832,0.11436764132243156,9.790124386910026,81.93980748131267,68.01066526134224,47.53032237402675,22.11142850024891,7.298219657215965,85772.0,264876.06880838145, -2.8421709430404007E-14, 0.0,0.0,61.58829673792455, 168.94976137619344,168.94976137619344,0.0, 186.99607200376846, -27.31997418035681, -44.821733063663316, -27.31997418035681, 106.0005508819547, -2.6299355581777855, -44.821733063663316, -2.6299355581777855, 249.18265760090983, 3.570806675263137, 3.8906304891395536, 22.0, 0.0
23, 0 ,0.3333333432674408,0.3333333432674408,0.3333333432674408,103.51910286565008,35.12733775557846,164.01740708440147,13.470860356047114,12.346153894672245,17.063000681648784,68.0,72.0,83.0,-0.34560109057897587,-0.2149609163527867,0.9134285361381003,17.80309322837687,-0.9171932998012006,-0.12830340122532738,-0.3772196813977203,12.805205856987955,-0.1982834763423504,0.9681580664719902,0.15281891680943727,12.004755784558144,88.2188278837234,64.52368620867225,70.58763265531934,23.862561856005268,7.457595366695458,113517.0,401799.2026970105, 0.0, 0.0,0.0,NaN, 174.4746402545451,174.4746402545451,NaN, 181.46407873212178, 15.177113278866054, -47.6902556204134, 15.177113278866054, 152.42751599093063, -32.97543644921036, -47.6902556204134, -32.97543644921036, 291.14599226194684, 3.157230957376288, 3.609865343488872, 26.0, 0.0
24, 0 ,0.3333333432674408,0.3333333432674408,0.3333333432674408,256.1302867341427,10.4653265387596,25.499706455627834,13.890412143623895,6.751295153786791,11.460098589019825,69.0,29.0,46.0,-0.9898460493692911,-0.016143217511436575,-0.14122391821637276,13.939073155574757,0.1392932382747048,0.08780471397313504,-0.9863507114485406,11.4315388824043,0.028322999822627672,-0.996006891910128,-0.08466450819896745,6.699220386503722,68.45418729849953,52.282076822259654,30.858893079985847,18.17428186039088,6.289107591893799,42583.0,110441.72807641714, 0.0, 0.0,0.0,NaN, 51.810325524113324,51.810325524113324,0.0, 192.94354951973418, 3.436990544653049, 9.098857022383953, 3.436990544653049, 45.579986253545016, -7.09021636376636, 9.098857022383953, -7.09021636376636, 131.33385967005418, 4.8508147516149664, 4.09640010332972, 12.0, 0.0
25, 0 ,0.3333333432674408,0.3333333432674408,0.3333333432674408,150.53744685490025,95.57921193841831,158.2737987087709,11.871618392962636,12.6905077632031,13.593944160130084,55.0,64.0,66.0,0.26633654127372275,0.5373146294043631,0.8002236161288936,13.791556544380153,-0.5384620346193284,-0.6056444135921345,0.585878384614293,13.336203794653398,-0.7994519898380166,0.586930859056407,-0.1280182902219227,10.895791151422598,72.21878173501574,70.67241976914401,51.527976824657244,21.131454383722986,6.343600240670223,82557.0,262992.40723219776, 0.0, 0.0,0.0,NaN, 227.06993786026112,227.06993786026112,NaN, 140.93532326812877, 29.515757189485527, -3.4195337610153977, 29.515757189485527, 161.04898728791812, 9.754672448660216, -3.4195337610153977, 9.754672448660216, 184.7953178287348, 2.8090380118751423, 3.422787939717086, 22.0, 0.0
26, 0 ,0.3333333432674408,0.3333333432674408,0.3333333432674408,57.254678177177325,130.79944398380724,284.3952429725731,13.05077548808591,13.572672199530658,9.587484193531113,73.0,65.0,40.0,0.26659825856465125,0.9407988444161551,-0.20933920529972969,13.840966067207187,0.9600348191772973,-0.24001540520168274,0.14396440960558995,13.013523864312667,-0.0851969160093802,0.2393535870027835,0.9671873375367318,9.248560947354422,69.15295099170518,69.21732017741665,46.054732104596894,20.042986447019445,6.6887008396375665,61509.0,220444.7494042281, 0.0, 0.0,0.0,NaN, 143.63182503028463,143.63182503028463,0.0, 170.322740840424, 7.282441756387715, 5.6664312350166615, 7.282441756387715, 184.2174306359124, -23.779614083960478, 5.6664312350166615, -23.779614083960478, 91.91985316120893, 3.913695257239516, 3.9036681776350366, 16.0, 0.0
27, 0 ,0.3333333432674408,0.3333333432674408,0.3333333432674408,83.08024949110079,211.6520825721593,65.78643196408999,11.396542661449564,12.366078085965418,12.826698179120827,51.0,57.0,60.0,0.2886909449987341,-0.4567670792692232,0.8414400594050658,13.307754111204073,-0.31980745013929274,-0.8743858652631787,-0.36492814835713333,12.139890549614076,0.9024304588782128,-0.1637473478375299,-0.3985047966650253,11.083861962322398,62.41235801607343,59.737693869217225,56.63428252767743,20.341103529290386,5.793510615455514,76636.0,211153.57902328594, 0.0, 0.0,0.0,NaN, 137.96933354882148,137.96933354882148,0.0, 129.8811846342399, -0.29486543946420607, 16.039047489702657, -0.29486543946420607, 152.9198872281941, -13.022761685649836, 16.039047489702657, -13.022761685649836, 164.52418617826154, 3.5924480359718802, 3.769164570803704, 20.0, 0.0
28, 0 ,0.3333333432674408,0.3333333432674408,0.3333333432674408,184.96878478664192,13.714262523191094,10.251832096474953,17.56305231691,9.385406936877654,6.724967938045057,87.0,37.0,28.0,-0.9998066556960931,0.0043818536649322445,-0.019169000606526612,17.56587430849564,-0.008849465150096568,-0.9708201597845749,0.2396453720029011,9.532665515780383,-0.01755956128014379,0.23976867333809618,0.9706712342978636,6.506935666458294,87.00891438995382,42.32953451300722,28.27910690763067,19.543056057147247,7.735685087452409,43120.0,104153.27546450519, 0.0, 0.0,0.0,NaN, 116.29858783042562,116.29858783042562,0.0, 308.46080668651774, -0.7493646253196822, 4.99925709651801, -0.7493646253196822, 88.08586337079119, -11.313338978184854, 4.99925709651801, -11.313338978184854, 45.225193767733984, 4.246686111638022, 4.111526517391002, 10.0, 0.0
29, 0 ,0.3333333432674408,0.3333333432674408,0.3333333432674408,24.47769597688328,128.80424089832255,60.783578204842186,13.931991644618485,12.283106873348826,13.061698681843627,58.0,59.0,62.0,-0.7926232981822113,0.49349877778205176,-0.3580604187932173,14.665931779275006,0.50513304758446,0.2026290226953053,-0.8389172089065652,13.142821790513967,-0.3414511845297788,-0.8458134755897228,-0.40989102587644527,11.30308623923337,72.6631611454801,68.14733962854667,60.11981137180618,21.819347719881552,6.284834379841008,94131.0,297701.3493491171, 0.0, 0.0,0.0,NaN, 144.51412890480293,144.51412890480293,0.0, 194.10039118571927, -29.556506318151904, 5.726409179134042, -29.556506318151904, 150.87471446210918, -23.07646794806549, 5.726409179134042, -23.07646794806549, 170.60797245527556, 3.702270833201773, 3.736009903395273, 21.0, 0.0
30, 0 ,0.3333333432674408,0.3333333432674408,0.3333333432674408,237.3357189089228,33.914119278779474,93.80472491909386,14.19794112878295,13.107937105536465,13.977736404169775,68.0,68.0,77.0,0.7557220133870066,-0.34162309982394595,0.558728821655879,14.679726067280987,0.5865687266237121,-0.026322040009536522,-0.8094716049107423,13.683995398668502,-0.2912410812871797,-0.9394683644894138,-0.18049328157651703,12.885285210749096,72.5013853949389,72.10964288499729,66.13151472977816,22.89535598910442,6.676775911759119,108150.0,345738.8000795266, 0.0, 0.0,0.0,NaN, 117.79773354468111,117.79773354468111,NaN, 201.58153229638648, -13.097816391807806, 10.809736917591765, -13.097816391807806, 171.81801516269965, -8.989225288501569, 10.809736917591765, -8.989225288501569, 195.37711498445302, 3.9560576857610594, 3.978154078882477, 23.0, 0.0
31, 0 ,0.3333333432674408,0.3333333432674408,0.3333333432674408,142.4651806356694,275.93922374535856,82.83139113986128,12.808044865325112,12.436869684886156,13.142930276026819,62.0,52.0,68.0,-0.6275441945526974,0.09075329976733404,-0.7732736400942075,14.054879771972695,-0.47914910893683316,-0.8278479510888197,0.2916914487657838,12.89282948424467,0.6136810370935739,-0.5535626508891142,-0.5629955383947298,11.30016192614547,62.8950608332441,63.99123878137419,64.54263814642746,21.293838847362593,6.1669104269450115,85642.0,259766.87635756543, 0.0, 0.0,0.0,NaN, 166.542150837842,166.542150837842,0.0, 164.04601327218097, 11.306114584066954, 28.5084095231201, 11.306114584066954, 154.67572755884026, -14.206004169881906, 28.5084095231201, -14.206004169881906, 172.7366162405024, 3.470347557511889, 3.7125827651929577, 15.0, 0.0
32, 0 ,0.3333333432674408,0.3333333432674408,0.3333333432674408,9.22036846683008,169.94736564666192,94.73764529137345,5.985535791285061,12.522103900151816,12.956659685692296,24.0,62.0,64.0,0.13236914021815388,0.6485043860752028,0.7496135484095325,14.105382199384607,-0.05392992470785746,-0.7504361041178789,0.6587391113767148,11.35388422575382,-0.98973227386951,0.12762333202672252,0.06436078917699364,5.712465404994425,63.25082093050753,59.60063559176126,27.71758558998749,17.94522849784026,6.202703375635066,37941.0,104489.45284366692, 0.0, 0.0,0.0,NaN, 161.16427746948534,161.16427746948534,0.0, 35.82663870875449, 18.174536143703612, 13.083802422678184, 18.174536143703612, 156.8030860861973, 33.26296295951255, 13.083802422678184, 33.26296295951255, 167.875030210844, 4.607228788113651, 4.17457848614844, 11.0, 0.0
33, 0 ,0.3333333432674408,0.3333333432674408,0.3333333432674408,196.45724220501324,167.09601080089666,185.33971876910536,12.798196994792708,12.333504100517416,11.737315878224749,62.0,59.0,57.0,0.7289604186383517,0.6321621996696118,0.2626550234956057,13.60734595379133,-0.6036575867910301,0.4126769898917534,0.6821255162530659,11.992456971760676,-0.3228222823291934,0.6557961995336352,-0.6824346992269745,11.166685525013023,63.215847275324734,67.68937634338243,58.960121345701594,20.483662135591437,5.838950184339751,78512.0,252292.79294021183, 0.0, 0.0,0.0,NaN, 203.79291726842354,203.79291726842354,0.0, 163.79384631752112, 23.099428218089063, 3.7021784683600583, 23.099428218089063, 152.1153233974799, 15.423046157510866, 3.7021784683600583, 15.423046157510866, 137.7645840252268, 3.4585639629235927, 3.5961406195444257, 24.0, 0.0
34, 0 ,0.3333333432674408,0.3333333432674408,0.3333333432674408,75.1124349250399,244.33101376094146,186.1469885551533,13.879605527987511,13.796197211157748,11.722759255433663,70.0,65.0,67.0,0.6811054179321688,0.6304657188833995,0.37230147323947577,14.48930388778972,0.6868892597434799,-0.7262699697288979,-0.0267409034821173,13.592514215126068,-0.25353215676221336,-0.2739432575969418,0.9277265422012438,11.211834007932488,67.91026256579929,66.9522340764301,54.91251142480539,21.93810365624387,6.254694207593258,95851.0,249673.12061590425, 0.0, 0.0,0.0,NaN, 147.32081361543328,147.32081361543328,0.0, 192.64344961254147, 6.712821615823928, 20.275290861244052, 6.712821615823928, 190.33505748915684, 20.91868991582847, 20.275290861244052, 20.91868991582847, 137.4230845608556, 2.662677107051652, 3.3755565716635854, 30.0, 0.0
35, 0 ,0.3333333432674408,0.3333333432674408,0.3333333432674408,29.08244947576356,174.26537000455858,228.5648888213544,13.610746230219235,14.932911602643864,12.663695153648847,63.0,79.0,63.0,-0.346576094723214,0.8277472158047166,0.4412703902302387,15.791139760954314,0.8821368085219767,0.44756049614422927,-0.14671146288478215,13.475007537610269,-0.3189351997147186,0.3384141678752124,-0.8853000561189752,11.733606169107032,78.81762138008622,69.06261867761727,59.38044695268982,22.782263503834958,7.041442072636416,98715.0,323228.6349226225, 0.0, 0.0,-2.8421709430404007E-14,63.81503484469078, 147.50580041715767,147.50580041715767,0.0, 185.25241294342712, -14.707732831556742, -22.76133951392398, -14.707732831556742, 222.99184893237575, 37.91075492514634, -22.76133951392398, 37.91075492514634, 160.3691749445493, 2.814724350183295, 3.48231546793473, 27.0, 0.0
36, 0 ,0.3333333432674408,0.3333333432674408,0.3333333432674408,233.60443973106268,83.42149645295142,280.6191015516407,13.630418303821136,15.491048154335813,11.697958869923784,65.0,74.0,53.0,-0.33734303085655704,0.9224307228548756,0.18793946117285326,15.919660132947541,0.9403067054432789,0.3206358929750334,0.11408735177270853,13.311826764140182,-0.044977541405893606,-0.2152073085876342,0.9755320779449269,11.487506571596965,72.06024520039773,67.78595923276092,57.128360387177906,22.661658739186915,7.003737642723202,97123.0,279053.35057446774, 0.0, 0.0,0.0,NaN, 108.36574974843984,108.36574974843984,0.0, 185.78830313714226, -24.159096704905267, -2.8479593565792958, -24.159096704905267, 239.97257291995098, 22.713629519067375, -2.8479593565792958, 22.713629519067375, 136.84224172242855, 2.918929508614086, 3.6784307393548064, 18.0, 0.0
37, 0 ,0.3333333432674408,0.3333333432674408,0.3333333432674408,163.84053229185525,146.09594444300754,44.60851460052246,11.43842666085338,12.481166624913822,12.380699847216185,59.0,61.0,59.0,-0.11916261269976602,0.6995348162462727,0.7045930120245716,13.053387896044503,0.5590005764091626,0.6337573790922686,-0.534668065270708,12.124763125791873,0.820559947419315,-0.33015545627081644,0.46656055061033525,11.067883134560075,62.85435423083247,58.87431405477267,52.11501881319464,20.21271602400535,5.598657377835649,77326.0,192851.99143847823, 0.0, 2.8421709430404007E-14,0.0,45.61030585189261, 204.62977594701286,204.62977594701286,0.0, 130.8376044757214, 4.6915538231216, -11.347236459418445, 4.6915538231216, 155.7795203188627, 15.299969352853196, -11.347236459418445, 15.299969352853196, 153.28172870685887, 2.8708079455047635, 3.4027427232662735, 18.0, 0.0
38, 0 ,0.3333333432674408,0.3333333432674408,0.3333333432674408,132.05028124865817,171.08208453203946,132.76256315571013,11.898281419944281,13.670729137353696,10.680103499646728,60.0,67.0,52.0,0.45190753053070715,0.8914596552871307,0.03285219695831519,14.233626340457842,0.884446278404218,-0.4525469241311734,0.1138246988853564,11.230187088836491,0.11633728751593825,-0.022382235249498644,-0.9929575373995958,10.668145378096595,74.29541769898103,55.01916615442071,52.20637448091452,20.14801173398458,6.048154249477656,69867.0,213402.53157928772, 0.0, 0.0,0.0,NaN, 227.33896252540578,227.33896252540578,0.0, 141.5691007481913, 30.84218067240546, 2.557188882218953, 30.84218067240546, 186.88883514689132, 1.9662601843788778, 2.557188882218953, 1.9662601843788778, 114.0646107631663, 2.9966919237633496, 3.529504006194532, 28.0, 0.0
39, 0 ,0.3333333432674408,0.3333333432674408,0.3333333432674408,252.14323706275937,50.11803167612433,9.199796730752944,13.66870334482873,16.99673769149474,6.411094492507745,70.0,69.0,28.0,0.1486540151110621,0.9883579666603791,-0.032411626468309064,17.07496144820036,0.9886314603871108,-0.1477870485222568,0.027691583954852557,13.584624051350051,-0.022579178997666,0.03615961874855979,0.999090918108933,6.381877216009922,71.92645419457321,65.2879933424025,29.687298904460388,21.42335081805997,7.60688606465363,59035.0,139409.59221452152, 0.0, 0.0,0.0,NaN, 69.9051007996371,69.9051007996371,9.5367431640625E-7, 186.83345112893213, 15.840025817679237, 2.728644343944336, 15.840025817679237, 288.8890921534779, -8.62358234301495, 2.728644343944336, -8.62358234301495, 41.10213259186314, 3.1745633071122348, 3.396782567835505, 12.0, 0.0
40, 0 ,0.3333333432674408,0.3333333432674408,0.3333333432674408,127.99728752260398,209.05127026946906,105.29477069931521,12.187555732896989,11.990357725614288,11.586887606827226,65.0,57.0,58.0,0.6846961664639656,0.4884240157953978,0.5409557656813037,13.807251885995289,-0.33231302808953295,0.8697978483328376,-0.3647187332692563,11.367883567531603,-0.6486595493720215,0.06995486995100754,0.757856916032718,10.329190485979018,60.9491968791304,49.9464018418834,50.353878858974156,19.802146803402955,5.868231379247594,67466.0,153286.92953664297, 0.0, 0.0,0.0,NaN, 189.05545691506154,189.05545691506154,0.0, 148.53651474247027, 21.55997661724877, 33.82499248566663, 21.55997661724877, 143.76867838819823, 15.03107325395174, 33.82499248566663, 15.03107325395174, 134.25596441324637, 3.6351389021641722, 3.698284435743222, 19.0, 0.0
41, 0 ,0.3333333432674408,0.3333333432674408,0.3333333432674408,75.52371267971641,45.15954862582267,93.48193655904866,11.969918754167358,12.489571154001226,11.282375038548343,59.0,59.0,52.0,0.340922166646181,0.8175038973510361,0.46417610247096897,12.92105468570639,0.8703211230610606,-0.4611300481471868,0.1729168049945046,12.013034793208826,-0.355405710481708,-0.3450310949923777,0.8687003651693446,10.737488997378524,65.1802365177193,61.25742164095027,56.964475615668746,19.86039652275446,5.667890177273642,70806.0,227446.23335749292, 0.0, 0.0,0.0,NaN, 128.38258632636436,128.38258632636436,0.0, 143.27895498136743, 2.7515410820728308, 12.54229625338756, 2.7515410820728308, 155.98938761085952, 17.28927721792508, 12.54229625338756, 17.28927721792508, 127.29198651045874, 3.430809484097566, 3.6809236042815963, 22.0, 0.0
42, 0 ,0.3333333432674408,0.3333333432674408,0.3333333432674408,280.7739674770438,226.76827393713847,277.4385340398851,12.042194598206445,17.264477878053334,12.902396670054918,53.0,87.0,58.0,0.15050723142738037,0.946082981174777,0.286835433688922,17.782270260602754,-0.46914296565368396,-0.18703945894398838,0.8630881290897279,12.526003590849283,-0.8702025345089103,0.26446783080251385,-0.41569738440947857,11.680692847396644,89.45945907563998,73.50081658695129,65.5058107385334,23.36445006356267,7.97815518786227,98884.0,430723.1933240108, 5.6843418860808015E-14, 0.0,0.0,81.34367750314652, 79.00345419656779,79.00345419656779,0.0, 145.01445074107247, 27.393468010689105, -0.5245370906771232, 27.393468010689105, 298.062196401793, 45.481114932546234, -0.5245370906771232, 45.481114932546234, 166.47183983144424, 2.9808184808819123, 3.6463377487003763, 15.0, 0.0
43, 0 ,0.3333333432674408,0.3333333432674408,0.3333333432674408,157.04219572716818,280.1136960600375,183.86335411244931,13.352403002031416,12.272643146880396,12.885208393610439,64.0,53.0,67.0,-0.7671280786824244,-0.2522142596364599,0.589832584834921,14.780293766226727,0.1726177771373879,0.8043940799431609,0.5684657132743741,12.592890035403236,-0.6178329984009912,0.5379016000984083,-0.5735366201895159,10.857949522187793,67.74414793643317,65.79604531071726,59.05339834874374,21.29585336620518,6.435810787398351,82615.0,263218.5369036387, 0.0, 0.0,0.0,NaN, 185.25690109929022,185.25690109929022,0.0, 178.28666592865756, 25.106138782723562, -41.5096247949652, 25.106138782723562, 150.61776981067035, 3.6443928441779523, -41.5096247949652, 3.6443928441779523, 166.02859534676892, 3.193587602918188, 3.424582966385753, 19.0, 0.0
44, 0 ,0.3333333432674408,0.3333333432674408,0.3333333432674408,103.13815303146379,85.15813878472642,259.8872222894238,12.548369073385617,12.306467938157533,11.021144319674734,58.0,57.0,51.0,-0.9610585891947591,-0.18372383489668467,0.20642659863940727,12.647083901633975,0.14289231225635615,-0.9697623191490534,-0.19784547368257277,12.330922354488798,0.23653366617251584,-0.16064431782514252,0.9582511298806192,10.880071888664048,59.15983929519506,57.573607079497435,53.04927342260933,19.98503901437066,5.565479065079873,74403.0,180688.23066237793, 0.0, 0.0,0.0,NaN, 139.63675070581692,139.63675070581692,0.0, 157.4615664019006, 2.6739848048034975, -9.199572032216382, 2.6739848048034975, 151.44915311289932, 4.884452811615707, -9.199572032216382, 4.884452811615707, 121.46562211509865, 2.846059257292599, 3.2418909264426286, 25.0, 0.0
45, 0 ,0.3333333432674408,0.3333333432674408,0.3333333432674408,127.18779015460971,158.39394108380154,14.79557779977415,12.873444943886827,14.623690533409736,9.044863449182607,64.0,70.0,41.0,0.10405171494657414,0.9885888270514572,0.1089282867105775,14.689102416181491,0.9866907970011999,-0.11636665915888633,0.11357848277440961,12.90577656739587,-0.12495803987664889,-0.09566050211672764,0.9875396481179687,8.891494011355421,72.11466591210609,65.78560969934853,44.175051839955245,20.53460093203862,6.302192389677577,71729.0,209571.18437861445, 0.0, 0.0,0.0,NaN, 190.91338090511118,190.91338090511118,0.0, 165.72558472328532, 4.016082945547727, 11.35540112140191, 4.016082945547727, 213.85232481693754, 13.56529936443823, 11.35540112140191, 13.56529936443823, 81.8095548143595, 3.7998882317343097, 3.9232402178769, 19.0, 0.0
46, 0 ,0.3333333432674408,0.3333333432674408,0.3333333432674408,43.258434068104606,20.488415501303628,164.93245832345738,14.326823586359504,11.80293688309701,15.265881525868716,69.0,50.0,73.0,0.635352322057941,0.21108896326056245,0.7428114676317015,16.71987881376913,-0.5957564315576097,-0.4780302502295966,0.645415644467324,13.42393638359549,-0.49132647100815197,0.8526010376811709,0.1779600220040049,10.856238590089742,81.39754912888607,63.40503194157914,60.94453773836031,22.973717692011657,7.058514525782311,101256.0,314535.6248314557, 0.0, 0.0,0.0,NaN, 143.29796963782562,143.29796963782562,0.0, 205.25787407466703, 39.44102219287633, 52.34016187279535, 39.44102219287633, 139.30931906637176, 6.118958615918139, 52.34016187279535, 6.118958615918139, 233.04713876185977, 3.527882049857812, 3.7020490222330866, 20.0, 0.0
47, 0 ,0.3333333432674408,0.3333333432674408,0.3333333432674408,44.89761643758608,213.41643477527617,206.95176659077495,13.202846791072268,9.779427596184734,13.877312102799745,65.0,53.0,70.0,-0.6413536296481399,0.12027083568098951,0.7577601519093979,15.150856249498252,0.7067461307128216,-0.291793212829501,0.6444894317745589,12.003273389702159,-0.2986225518269057,-0.9488896917088067,-0.10214168839975563,9.428952303154736,74.13784565082202,63.98663474655115,52.1889307892439,20.523939706716448,6.426512087528591,71154.0,247575.48081108465, 0.0, 0.0,0.0,NaN, 134.7979357014722,134.7979357014722,0.0, 174.3151633885273, -22.22675144984281, -43.220583247409714, -22.22675144984281, 95.6372041090195, 2.441945697343014, -43.220583247409714, 2.441945697343014, 192.57979119851228, 3.1546897017426696, 3.494381184261213, 24.0, 0.0
