// Sample: .//bubblelabels.tif, Map: .//bubblelabels.tif, Thickness:(8.191250068658265):/gpfs/home/mader/Foam/NewValid/InSilicoTest/LatticeData_Phi_6.65/out_Step_06000.vtk/distmap.tif, Neighbors:(1.0):
//LACUNA_NUMBER, TRIANGLES, SCALE_X, SCALE_Y, SCALE_Z, POS_X, POS_Y, POS_Z , STD_X, STD_Y, STD_Z,PROJ_X, PROJ_Y, PROJ_Z, PCA1_X, PCA1_Y, PCA1_Z, PCA1_S, PCA2_X, PCA2_Y, PCA2_Z, PCA2_S, PCA3_X, PCA3_Y, PCA3_Z, PCA3_S,PROJ_PCA1, PROJ_PCA2, PROJ_PCA3,OBJ_RADIUS, OBJ_RADIUS_STD, VOLUME, VOLUME_BOX, Mask_Grad_X,Mask_Grad_Y,Mask_Grad_Z,Mask_Angle, Mask_Distance_Mean,Mask_Distance_COV, Mask_Distance_STD, SHAPET_XX, SHAPET_XY, SHAPET_XZ, SHAPET_YX, SHAPET_YY, SHAPET_YZ, SHAPET_ZX, SHAPET_ZY, SHAPET_ZZ, Thickness, Thickness_STD, Neighbors, Neighbors_STD
1, 0 ,1.0,1.0,1.0,182.75514282694544,35.27952381409918,20.785197498006283,11.469457279231484,18.662687813386793,14.008329908774938,49.0,84.0,65.0,0.18490264912927643,0.9694510004774051,0.1611699972647954,18.904796584968974,-0.45313975830029946,0.22962652054599586,-0.8613570807217447,14.886510318990865,-0.8720523893623149,0.0862346724658813,0.48175534399960773,9.852824475075888,96.7560110888991,77.37960758523985,54.58779363057589,24.564162302728928,8.525233363253744,104077.0,408695.65407665947, 0.0, 0.0,0.0,NaN, 44.4303312445425,44.4303312445425,NaN, 131.5484502801161, 33.704482113036384, 56.36349023356989, 33.704482113036384, 348.29591641993596, 16.042151814407127, 56.36349023356989, 16.042151814407127, 196.23330683307844, 10.13907071276764, 7.032151047361142, 8.0, 0.0
2, 0 ,1.0,1.0,1.0,61.24247278937014,84.30791033805879,34.11263638324186,16.38143897234287,17.97322064872601,18.226601285060045,79.0,84.0,77.0,0.09424760510725612,0.6786590590967692,0.7283812672202894,19.57597846148112,-0.5699274722137535,-0.563105423350234,0.5984103597111222,16.688632632031258,-0.8162720535137706,0.4715232377088551,-0.3337151044723187,16.182330049954675,99.08576946768855,88.69257614466297,79.81743838075899,29.21218764666931,8.381246362725129,227209.0,701449.3893307518, 0.0, 0.0,0.0,NaN, 109.6455023242731,109.6455023242731,0.0, 268.35154280459386, 13.102973929974851, 2.654549935850467, 13.102973929974851, 323.036660487791, 54.37855436460887, 2.654549935850467, 54.37855436460887, 332.20899440455247, 10.61569490379614, 6.648351828087449, 21.0, 0.0
3, 0 ,1.0,1.0,1.0,167.89597759196977,185.08070847694117,81.34150379541218,17.985554982050708,8.404455625243937,16.13120769177672,72.0,35.0,69.0,0.9271291269933726,0.06145689265879897,-0.36966827321969575,18.349230518336466,-0.36891296981996735,-0.023631232616716916,-0.9291634869836557,15.751526836952733,-0.06583921763750449,0.9978299530429721,7.630407209504126E-4,8.338229167755431,81.82585420287228,70.86906027810977,35.90019101025234,24.278927806832908,8.05385550620985,96037.0,208182.38569126, 0.0, 0.0,0.0,NaN, 88.71129439944148,88.71129439944148,0.0, 323.480188012369, 16.779712794908498, -30.351326854065032, 16.779712794908498, 70.63487435669447, -2.1484739831340613, -30.351326854065032, -2.1484739831340613, 260.21586159523645, 11.034551117640698, 6.83044819840351, 13.0, 0.0
4, 0 ,1.0,1.0,1.0,13.816175459318647,115.9873631752247,143.53993705858082,8.789855282602838,17.471352308577185,20.664118401757676,35.0,86.0,105.0,-0.00871902459446381,0.05044198047323914,0.9986889331598996,20.6719629202609,0.06795771428533247,-0.996387975528595,0.05091906608669615,17.49319975640018,-0.9976501028312655,-0.06831258176914086,-0.005259609567275122,8.727737851667282,104.06896000921945,86.52606429905163,37.55663618654563,26.809540125923686,9.52701710599612,123607.0,338185.39779459906, 0.0, 0.0,0.0,NaN, 102.16040601878639,102.16040601878639,0.0, 77.26155588910103, -15.717331008216936, -2.262408683611121, -15.717331008216936, 305.24815149042536, 6.028917307963856, -2.262408683611121, 6.028917307963856, 427.0057893218602, 11.362100922584078, 6.925652020894574, 17.0, 0.0
5, 0 ,1.0,1.0,1.0,58.49585578917339,150.26797430974796,185.39856899436387,18.455091904834923,21.698472868288935,8.403545436180506,90.0,91.0,36.0,0.052374141358909686,0.997241802871654,0.05259026451929263,21.733620455392572,0.9981171643167205,-0.05059128058143793,-0.034679224695474256,18.45278468161449,0.03192296372935836,-0.05430754030908069,0.99801383530105,8.31734316501607,93.52699478494654,89.88399118200984,38.74841232524608,27.851732830785956,10.310901815668597,129699.0,325741.6115988808, 0.0, 0.0,0.0,NaN, 78.15523853956311,78.15523853956311,0.0, 340.5904172159035, 7.356610584441357, -8.28121087414348, 7.356610584441357, 470.82372481587106, 21.620477690897992, -8.28121087414348, 21.620477690897992, 70.61957589795021, 9.571923253645123, 6.443692643316499, 15.0, 0.0
6, 0 ,1.0,1.0,1.0,186.38862903121316,176.56387100117908,139.09553116780472,8.562453500986098,14.26874797912498,17.049931758152386,37.0,58.0,77.0,0.015943420923056617,0.38731780496991414,0.9218083994423992,17.59793416541013,0.13547357239726296,-0.9142609257707289,0.3818034452316711,13.667239452365926,-0.9906526729945232,-0.11879342390106332,0.06704777346540676,8.433992569807543,79.52844330705392,68.88465668361829,40.66755246703843,22.52182293475259,7.770485409656113,77179.0,222788.62623164104, 0.0, 0.0,0.0,NaN, 66.66240234068341,66.66240234068341,0.0, 73.31560995654908, -12.852469542354344, 9.488483112671402, -12.852469542354344, 203.59716889178318, 44.79835938672817, 9.488483112671402, 44.79835938672817, 290.70017295765336, 11.451705177470306, 6.791875147173144, 7.0, 0.0
7, 0 ,1.0,1.0,1.0,81.63209352852931,22.271087889917748,43.29406135223216,17.811325654342657,13.86769774564866,19.677982745366233,97.0,57.0,86.0,-0.3395257789186963,0.0569977457511133,0.9388682029065337,19.979914405135197,0.9340631052772346,0.13787705214176987,0.32941771939673337,17.555914420615544,0.11067231275030706,-0.9888079568207299,0.10005230491353531,13.761259262005755,95.41779019452513,92.43450874036772,63.546255015954195,28.571471558036354,8.96941359649816,193310.0,560471.3961255496, 0.0, 0.0,0.0,NaN, 95.04828140488307,95.04828140488307,0.0, 317.2433215650448, 11.244067925771853, -30.319768023534237, 11.244067925771853, 192.31304076466895, 16.62594283222683, -30.319768023534237, 16.62594283222683, 387.22300492693114, 9.40083161595382, 6.1713085611466445, 14.0, 0.0
8, 0 ,1.0,1.0,1.0,51.77251219228983,183.33933755225266,121.83930852299117,14.939979771793851,9.53532376877596,12.335967383128974,64.0,35.0,56.0,-0.9835002456846198,0.03478975304767188,0.17753010961855187,15.027651484060948,-0.1737172139843548,0.0922857402812238,-0.9804619685159952,12.256576755993214,0.05049352734566074,0.9951246229611791,0.08471946926512529,9.499868595547145,63.107376547869045,59.44962899256676,38.75578012814819,20.630152316034078,6.379522055119523,68896.0,145400.45261080234, 7.105427357601002E-15, 0.0,1.4210854715202004E-14,79.12688582500807, 95.22113412506037,95.22113412506037,0.0, 223.20299558160946, -5.600580041563347, -13.457552216662494, -5.600580041563347, 90.92239937538378, -4.589412940650373, -13.457552216662494, -4.589412940650373, 152.1760912776219, 10.98819158575941, 6.540102107282318, 9.0, 0.0
9, 0 ,1.0,1.0,1.0,169.85672265093055,96.0124012709941,16.64837040399455,16.107308332674542,15.62792554468446,10.510591974045797,68.0,75.0,41.0,0.854923676661835,0.4956705176769926,0.15302367460243685,16.449413770558227,-0.5030819574466415,0.8641624477615726,0.011480765235079632,15.39320967049535,0.12654663636251234,0.08679862778033752,-0.9881558313549459,10.32549586431865,79.56171153618536,70.46243353174764,45.25503551589364,23.699101739135973,7.245864955763247,110150.0,253704.78910339667, 0.0, 0.0,0.0,NaN, 102.00081668434775,102.00081668434775,NaN, 259.4453817238467, 12.820433198899938, 20.698008004682748, 12.820433198899938, 244.23205683020112, 13.72989855676933, 20.698008004682748, 13.72989855676933, 110.47254364487593, 9.679520354182191, 6.078518464135497, 11.0, 0.0
10, 0 ,1.0,1.0,1.0,88.4955595401329,180.04442569349226,79.13828358471329,16.22487416981919,11.40416698249822,19.246250523957205,81.0,50.0,91.0,0.5027484015544388,-0.10540705563181556,0.8579821661068996,20.748272921386153,0.8642922134368904,0.043394948522929806,-0.5011146058887651,14.377137708715987,-0.0155889232090314,-0.9934818725400699,-0.11291923842932743,11.248413563982355,91.82368707764334,70.833750136969,54.46766700597303,26.30902243033087,8.459022661182926,142215.0,354269.477057118, 0.0, 0.0,0.0,NaN, 120.38503616711782,120.38503616711782,NaN, 263.24654182646594, -13.10098755528294, 96.38995412638774, -13.10098755528294, 130.05502456470253, -29.233186904955314, 96.38995412638774, -29.233186904955314, 370.4181592309229, 10.32589204564601, 6.203814284122952, 15.0, 0.0
11, 0 ,1.0,1.0,1.0,158.01315341875497,181.01947814693023,184.4538559423467,19.810356972718665,11.888389742570395,9.374516822339205,78.0,54.0,40.0,-0.9952740534455127,-0.021573376512946205,-0.0946791844280966,19.887145712059834,-0.022130611076187353,-0.8989590843392888,0.43747320002174045,12.596733273357277,-0.09455048699786478,0.43750103326700596,0.8942332197468222,8.215191171075121,78.13778136801739,66.02058794411502,43.3045731255352,23.42420627294716,8.54237555908483,79371.0,223395.39953533793, 0.0, 0.0,0.0,NaN, 48.62960097217718,48.62960097217718,0.0, 392.450243386543, 8.856971246609032, 30.02603185541537, 8.856971246609032, 141.333810671253, -35.19170303116771, 30.02603185541537, -35.19170303116771, 87.88156565232075, 10.652626936927446, 6.505567699791052, 9.0, 0.0
12, 0 ,1.0,1.0,1.0,21.69494335270721,45.95589439817575,57.311543728826884,12.586076525858836,16.430094717670514,17.249063989859756,55.0,85.0,84.0,0.16330730926444986,-0.06499433570331119,-0.9844320489842305,17.34716364242902,0.22787245248140617,-0.9683615662147697,0.1017350602210848,16.65484696150299,0.9598983634431901,0.24093902424589478,0.1433301030995291,12.148231538968098,86.87493075986008,89.95272009225562,64.79819530098993,25.852258529924917,7.586057749229101,152611.0,506374.3310965424, 0.0, 0.0,0.0,NaN, 76.5978318335101,76.5978318335101,0.0, 158.4093223147748, -30.27062489789667, -21.643224156217276, -30.27062489789667, 269.94801243162453, -2.9764826857909332, -21.643224156217276, -2.9764826857909332, 297.5302085262766, 11.011173325607626, 6.237661485444641, 13.0, 0.0
13, 0 ,1.0,1.0,1.0,133.35545774410548,117.86476630852398,118.24645115194328,13.192726482032262,16.725857100119,17.333564150344415,67.0,85.0,85.0,0.3516035217413348,0.7243423469112673,0.5930456373418231,17.537064781608088,-0.18839111645832948,-0.5657868771269283,0.8027415505070998,17.24805615460915,0.9169971378028802,-0.3939712859359631,-0.062472995120199604,12.215182833283846,81.7037872168867,85.78608203987623,65.90649987947195,26.33476315938845,7.793267816286056,148358.0,461941.80753487756, 0.0, 0.0,1.4210854715202004E-14,53.626564937836584, 133.6837102092199,133.6837102092199,0.0, 174.04803202971533, 56.131274004232644, 10.591133599147213, 56.131274004232644, 279.7542957336012, 0.6688655108684124, 10.591133599147213, 0.6688655108684124, 300.4524461541051, 9.49226485506773, 6.196468928282966, 26.0, 0.0
14, 0 ,1.0,1.0,1.0,77.56803563406055,91.05486461905961,158.98542093555847,14.17417363446314,18.221882039248648,17.838572871552564,77.0,95.0,83.0,0.13485462234750506,0.8094147501147504,0.571543518140297,18.750600252969882,-0.07536415357892422,-0.5667630146858218,0.8204266752974159,17.37994326914677,-0.9879951797386688,0.15371222293921616,0.015429754769295357,14.053875888183278,91.29859892936844,95.70566029039962,76.68305741033572,27.91288991800284,8.4870160711129,182522.0,670040.6588030903, 0.0, 0.0,0.0,NaN, 126.45150935736388,126.45150935736388,2.3360154559928683E-6, 200.90719821991001, 21.28339428211646, 5.4107972892164735, 21.28339428211646, 332.0369850522925, 22.661958529663686, 5.4107972892164735, 22.661958529663686, 318.21468209369107, 9.914927518429586, 6.305112795243555, 21.0, 0.0
15, 0 ,1.0,1.0,1.0,119.67167147681396,50.101580154545374,13.827139387065923,17.13133547421779,18.940381913786247,9.206660640225676,80.0,95.0,39.0,-0.5511689413013365,0.833599104941699,0.036405087352757194,20.26509661440382,0.8338474913108674,0.5487052382706483,0.06017410347420173,15.574172936338758,-0.030185416666605333,-0.06352238766568241,0.9975238076787513,9.15173857102829,102.4815382225186,72.4898712014679,42.23677807475339,25.70339008147606,8.736078103702669,118153.0,313771.6816301078, 0.0, -7.105427357601002E-15,-1.7763568394002505E-15,59.05976573008959, 95.6765304604039,95.6765304604039,NaN, 293.4826551301928, -77.54755614385357, 1.4082183122091694, -77.54755614385357, 358.7380670400812, 15.164368852897805, 1.4082183122091694, 15.164368852897805, 84.76260014428067, 9.50268302886391, 5.895016384042935, 8.0, 0.0
16, 0 ,1.0,1.0,1.0,15.791749509892524,97.69737079932706,23.41430418642159,9.477226208740866,13.222906291487634,14.608130427090833,38.0,59.0,58.0,-0.025781783677955417,0.3086052117977784,0.9508407452784258,14.78429788363195,-0.3127757039713711,-0.9058921741451178,0.2855358608438613,13.397519170643948,-0.9494770448176181,0.2900382596725471,-0.11987972843864678,8.943799983243629,65.79525493700321,65.40741010630504,42.34276234690424,20.914317603405657,6.375881206854138,71923.0,182221.96016191845, 0.0, -1.4210854715202004E-14,0.0,72.02480582881732, 101.69751842704264,101.69751842704264,0.0, 89.81781661164477, 27.0903635809453, -12.283686051690726, 27.0903635809453, 174.84525079346324, 14.92764129585322, -12.283686051690726, 14.92764129585322, 213.397474574897, 10.894311807374576, 6.507657428111052, 6.0, 0.0
17, 0 ,1.0,1.0,1.0,186.96819914719518,28.116536709129793,172.35129714004862,7.722944121201598,15.670344963055172,15.031464365584906,32.0,73.0,58.0,0.013859167997628857,0.8117392369936671,0.58385557682303,16.339387609224346,-0.058431375238179005,-0.5822563291649134,0.8109027941345223,14.320171716859592,-0.9981952203102301,0.04535392234790686,-0.03936145166875084,7.688016173850079,80.65446738020111,73.58956415963556,33.90268559366879,21.87606868844107,7.251628566939051,75281.0,201223.52863592625, 0.0, 3.552713678800501E-15,0.0,35.733790702525944, 41.530931121525455,41.530931121525455,0.0, 59.643865899202325, 7.304459144826063, -5.233950062388908, 7.304459144826063, 245.55971126114858, 29.601281467971646, -5.233950062388908, 29.601281467971646, 225.94492097384884, 8.964124496333067, 5.633003277979089, 9.0, 0.0
18, 0 ,1.0,1.0,1.0,24.084276541735104,176.22919715295407,46.35347170374795,15.31851027038945,12.41116117266915,13.089774721026851,66.0,55.0,73.0,-0.9824487982480102,-0.14785464861031278,-0.11372493880131031,15.419917708779723,-0.04037386816639635,-0.4266736530062127,0.9035040368474381,13.24435047394155,-0.18211070696234,0.8922379708993871,0.4132155535492603,12.118135136360568,69.81151056350342,72.78257313796239,63.96075343146438,22.64985431123062,6.857111672218587,100455.0,324988.51367800136, 0.0, 0.0,0.0,NaN, 57.39118210598263,57.39118210598263,6.743495761743046E-7, 234.65675690402705, 13.699732386671496, 9.116972859051971, 13.699732386671496, 154.03692165397027, -9.482438231119325, 9.116972859051971, -9.482438231119325, 171.34220224723356, 10.250299856000694, 6.13654030898386, 9.0, 0.0
19, 0 ,1.0,1.0,1.0,108.78214211517934,73.69806076322972,62.804134937066145,13.337133523762224,15.70753756737083,15.938346501220586,63.0,77.0,71.0,-0.32622084979410987,0.6449261723722735,0.6911224127091068,17.79064882904201,0.01657424498990783,-0.7271046300587344,0.6863265631972623,14.169415350672308,-0.9451482696183832,-0.23534886686873885,-0.22650752592569062,12.702646933448039,89.60251725765929,70.00443752704567,61.903558064820174,25.006238361520165,7.302383122013571,139591.0,388294.63778313383, 0.0, 0.0,-7.105427357601002E-15,46.280976642175986, 133.0280463757521,133.0280463757521,0.0, 177.87913063066216, -33.11674301444501, -34.531520315986924, -33.11674301444501, 246.72673643036592, 49.484527507700946, -34.531520315986924, 49.484527507700946, 254.0308891929705, 9.313319169435957, 5.638667710192945, 12.0, 0.0
20, 0 ,1.0,1.0,1.0,141.47265155451464,40.321232754542564,86.80400474613602,15.444080134548498,12.556238089520862,16.386061923679527,89.0,66.0,82.0,-0.46098070423048604,-0.048272100518597136,0.8860962671395742,16.685049680214124,0.8473530944077782,0.27267021082366044,0.4556793714081686,15.335533484134016,0.26360865639187225,-0.9608958114389422,0.08479219206016951,12.2927735460937,80.53988966714121,74.25768551491163,61.32580571540001,24.704478173491147,7.3736361250862235,128947.0,366771.6018280182, 0.0, 0.0,0.0,NaN, 112.18817926534174,112.18817926534174,0.0, 238.51961120235555, 22.25561530945971, -19.530114521956925, 22.25561530945971, 157.6591149607345, 5.001074204173138, -19.530114521956925, 5.001074204173138, 268.50302536666004, 8.901268284178018, 5.692628219283489, 15.0, 0.0
21, 0 ,1.0,1.0,1.0,57.62439686883646,80.60506937288008,92.52389661973561,14.970520100884421,16.515936909508937,13.99703584336385,71.0,74.0,62.0,0.38507628359216334,0.9064636812817295,0.17332008057932274,16.984889574920864,-0.8556548314625609,0.28030513712585386,0.43506762634748225,14.734503221556633,0.3457904932319916,-0.3158363890023304,0.8835588889102663,13.682748168111491,84.19356181753086,72.0459219102654,74.97095186674855,25.30128661263594,7.256345652969844,146527.0,454759.0082565379, 0.0, 0.0,0.0,NaN, 135.5670305376772,135.5670305376772,0.0, 224.11647209098453, 28.180209777077533, -4.367501045107674, 28.180209777077533, 272.7761719988796, 19.555077559704312, -4.367501045107674, 19.555077559704312, 195.91701240041235, 8.781711289113508, 5.511558657487812, 11.0, 0.0
22, 0 ,1.0,1.0,1.0,116.81595817425494,151.4446692119209,159.48571855946207,16.722398663683993,13.49226551683727,15.253008343651372,77.0,73.0,78.0,0.908956009704228,0.40538594122446214,-0.09726875695784104,17.43309153703477,-0.12095554865432023,0.0331599027128803,-0.9921039139635546,15.246143947781775,-0.3989595564368644,0.9135440107130185,0.07917457178963301,12.568871212658609,88.83007281687156,80.54063361636678,67.19711409657256,25.25368077304418,7.5223478242340205,140392.0,480757.07244824857, 0.0, 0.0,0.0,NaN, 104.49216220870444,104.49216220870444,0.0, 279.63861706718023, 53.47557811768329, -3.9664154927674367, 53.47557811768329, 182.04122877683605, -8.204331003405482, -3.9664154927674367, -8.204331003405482, 232.65426353149834, 8.990750481362408, 5.784001113065307, 16.0, 0.0
23, 0 ,1.0,1.0,1.0,184.15059908102134,20.497193625312626,114.79408771011458,10.054203159993087,11.571274012961931,16.104713309706543,40.0,44.0,81.0,-0.22656247159925144,-0.31941447408626633,0.920132512308435,16.90224553232757,-0.16808452213255,-0.9177024597818491,-0.3599580374568901,10.881013074779176,-0.9593836770981206,0.23621301626823493,-0.15422830824187853,9.50056970316515,92.32979774556777,55.80361298512031,46.121096522429866,20.945993167301914,7.457113683502521,68772.0,237631.39982621867, 2.8421709430404007E-14, 0.0,0.0,76.90522586257399, 89.05832889267418,89.05832889267418,0.0, 101.08700118241495, 18.482355691598688, -39.03747697338587, 18.482355691598688, 133.8943822830481, -48.141979891118, -39.03747697338587, -48.141979891118, 259.3617907878391, 9.239803447899952, 5.82047302904374, 8.0, 0.0
24, 0 ,1.0,1.0,1.0,175.20754413155936,61.2408466013164,113.69628228095247,14.044224900781199,11.9000763186041,14.624251315609243,60.0,57.0,74.0,-0.5931983193771366,0.021265640697728426,0.8047754509264408,15.250357039966934,-0.7485757654074955,0.35325887262092187,-0.5611082715119945,13.591705088347007,0.29622639540176593,0.9352838828079472,0.1936336262816101,11.636707392529745,81.56967307070917,71.92712531189423,60.74715986888555,22.53223018899347,6.70964967076748,99362.0,356407.96661487164, 0.0, 0.0,1.4210854715202004E-14,36.41142503932849, 108.689644642733,108.689644642733,1.9073486328125E-6, 197.2402530637227, -14.26827900618375, -25.666952488856634, -14.26827900618375, 141.6118163886021, -8.113521580337208, -25.666952488856634, -8.113521580337208, 213.86872654209867, 9.754823515155794, 5.5961604540618, 10.0, 0.0
25, 0 ,1.0,1.0,1.0,98.74309446712657,185.635590595523,142.2619878924398,13.474169022907569,8.66085845605176,15.10357859130618,66.0,35.0,65.0,-0.2518500320208003,0.06902845022612342,0.9653013179471484,15.267826992059197,0.9522218522546695,0.1957320913330625,0.23444080811810877,13.476653504598831,0.17275736007420384,-0.9782249339910352,0.11502553220231826,8.363913890932889,71.05939957967598,68.92194004994587,38.325441256512335,20.975034501969834,6.688027658324233,71030.0,187700.82912885433, 0.0, 0.0,0.0,NaN, 115.2831861314393,115.2831861314393,0.0, 181.5532308578819, 17.97583073612699, -14.735861536515898, 17.97583073612699, 75.01046919576326, 15.995358223397426, -14.735861536515898, 15.995358223397426, 228.11808626376236, 9.70657143862998, 5.539628717619435, 7.0, 0.0
26, 0 ,1.0,1.0,1.0,175.85540001733554,150.6938978937332,93.05137817456878,14.140339767014463,11.449186026003758,14.053976747673872,60.0,53.0,69.0,-0.7074616795252509,-0.12966068016062815,0.6947561298927808,15.144877790404333,-0.7067504597740594,0.12794565766193336,-0.695797166058192,13.056496737246515,-0.001326503851151094,0.9832690459410075,0.1821543951756153,11.344950483488104,76.1538350512292,64.50233026706013,54.14217950219455,22.026857040636205,6.585203164681844,92296.0,265951.79016426817, 0.0, 0.0,0.0,NaN, 108.03986483434299,108.03986483434299,NaN, 199.94920872661064, 5.456929458370461, -28.937692932329274, 5.456929458370461, 131.08386065803973, -12.785683711233851, -28.937692932329274, -12.785683711233851, 197.51426242415786, 9.283039551281563, 5.530643872328397, 9.0, 0.0
27, 0 ,1.0,1.0,1.0,20.095059741797062,75.83520142048607,175.0622017534125,11.664523539060642,15.846767821703994,14.548963588496003,47.0,74.0,60.0,0.041762233195333086,0.8404288944951344,0.5403102712111114,16.694885259437598,0.09781800644557438,-0.541623334806757,0.8349106543863366,13.593987865533773,-0.9943276891918238,-0.01798434014618817,0.10482847903100577,11.633477613061752,84.57995047613349,69.5107587057451,49.10589119852091,23.36350766467629,7.280110637225288,108132.0,288704.16720023705, 0.0, 0.0,0.0,NaN, 82.32061091792012,82.32061091792012,0.0, 136.0611093932998, 2.4120793530021687, 7.274596124890551, 2.4120793530021687, 251.12005039499311, 42.74281836316523, 7.274596124890551, 42.74281836316523, 211.6723414993825, 8.36859728809024, 5.1434550917404644, 7.0, 0.0
28, 0 ,1.0,1.0,1.0,50.24898521054675,13.00507100584754,119.02350781829092,16.255533237674733,8.30716620293334,15.94717869900962,72.0,33.0,74.0,-0.7786216460061355,0.08647740832040975,0.6215062270169798,16.93702818325393,0.6190950819588119,-0.055638514276947465,0.7833426039884887,15.292295406105216,-0.10232112130498143,-0.9946989562572384,0.010216386624057005,8.17598050110979,84.36053746360818,80.55804318095494,37.224559262474244,22.94469476653674,7.816959875354389,84993.0,252975.12007375067, 0.0, 0.0,0.0,NaN, 96.1835987713668,96.1835987713668,0.0, 264.242360841148, -20.567062141891117, -25.477256626436176, -20.567062141891117, 69.00901032315792, 4.546184604971089, -25.477256626436176, 4.546184604971089, 254.3125084581461, 8.525340752966617, 5.675709295229059, 8.0, 0.0
29, 0 ,1.0,1.0,1.0,88.76658303277404,34.320566096910774,107.72904970989494,12.848557334095764,14.761436949632909,16.290913626724077,67.0,69.0,77.0,-0.3491854703780875,0.4938519125514775,0.7963540643118999,17.468459302336164,0.21991913095846066,-0.782922095901059,0.5819523757047205,14.170826964383846,-0.9108814868660517,-0.3783428078068094,-0.1647775368961148,11.933981143232753,81.3363506852163,67.96409166697187,64.51467762123238,24.408235944310412,7.2537804809481985,127540.0,356633.9891756563, 0.0, 0.0,0.0,NaN, 132.55691527779993,132.55691527779993,0.0, 165.08542556754603, -38.11561664807071, -37.77719296014169, -38.11561664807071, 217.9000208179877, 37.392541968095884, -37.77719296014169, 37.392541968095884, 265.39386679338423, 8.186565985313418, 5.155662252885091, 11.0, 0.0
30, 0 ,1.0,1.0,1.0,104.28689555994967,161.81456722991192,18.143357900413445,11.569350751386686,17.919989912661507,11.00677195070354,55.0,84.0,45.0,-0.08312465247983973,0.9962724080636011,-0.023056042185494077,17.96277949430401,-0.7691659690814978,-0.04943111469805613,0.6371344260881127,12.531860479491398,0.6336197630732701,0.07069550078230584,0.7704077764483641,9.81916339689228,84.7213906752094,68.43210983408163,53.51481270036682,22.727333188710695,7.71966775079668,89008.0,310260.8769434713, 0.0, 0.0,0.0,NaN, 104.63415825290225,104.63415825290225,0.0, 133.84987680861167, -16.431217292636664, -29.279624161254866, -16.431217292636664, 321.1260384698902, -7.106427263321023, -29.279624161254866, -7.106427263321023, 121.14902877479422, 8.043069922139741, 5.242905897866955, 12.0, 0.0
31, 0 ,1.0,1.0,1.0,153.29191610225038,90.07640375792003,69.35220668560193,10.842742185162376,13.280268041334617,14.845781213567667,53.0,65.0,67.0,-0.1329595365289023,-0.2599792122907265,0.9564165257996712,15.0705638749582,0.25285781765877274,-0.9419492773378175,-0.22089473278375404,13.259121156221276,0.9583238939392373,0.2124673341938867,0.19097891560505076,10.55469600889397,69.74691345667844,68.98051776684952,48.96582656849486,21.78643160676346,6.299142404205635,91540.0,235583.31747240966, 0.0, 0.0,0.0,NaN, 122.90293807522055,122.90293807522055,0.0, 117.56505809389976, -11.339312445041847, -18.312744888056166, -11.339312445041847, 176.36551924969356, -15.373294008729642, -18.312744888056166, -15.373294008729642, 220.39721984111867, 7.891445297537047, 5.070689575763251, 9.0, 0.0
32, 0 ,1.0,1.0,1.0,153.2270010605777,49.54704597916277,156.99135317237506,12.383098716244838,11.412826247093747,13.078392283535232,56.0,58.0,59.0,0.5242890538219108,-0.13127597117443707,0.8413605692179392,13.337602080866164,-0.6767957560305744,0.5353898698652612,0.5052773415310274,12.64388562273449,0.5167866993852775,0.834340641847122,-0.19185202813784258,10.811041049609097,65.44651642751887,58.37302741260848,56.03714477327384,20.54179758513429,5.71599802799489,80145.0,214079.33725604476, 0.0, 0.0,0.0,NaN, 80.57522508185653,80.57522508185653,0.0, 153.34113381626457, -19.776447782131317, 12.212818163765423, -19.776447782131317, 130.25260294635194, 4.890549664527473, 12.212818163765423, 4.890549664527473, 171.0443447220339, 8.047161743084828, 5.0189231452578476, 13.0, 0.0
33, 0 ,1.0,1.0,1.0,119.68548323985914,79.20006521455589,179.3376809703926,13.260506387182986,12.031392462506192,12.401851239771224,62.0,57.0,50.0,0.7517922161030212,0.1972977623882692,-0.6291915898702798,14.144671459265034,-0.5239682601315079,0.7580444420762412,-0.38836308554248666,12.825065217113359,-0.4003320199305429,-0.6216447673663015,-0.6732696762994965,10.480807215621764,69.04959242164337,62.577594257339456,56.46819988326473,20.850653188902747,6.296952437560967,76670.0,243996.68491905392, 0.0, 0.0,0.0,NaN, 114.67346406246796,114.67346406246796,0.0, 175.84102964452077, -8.317824800002631, -31.560403822615957, -8.317824800002631, 144.75440458685082, -27.2846313865246, -31.560403822615957, -27.2846313865246, 153.80591417341506, 8.423192777129278, 5.058992289268269, 9.0, 0.0
34, 0 ,1.0,1.0,1.0,48.855605954873226,32.06718616732574,11.024540590835079,12.664281714325913,13.601039483790492,7.450876747723024,58.0,59.0,31.0,-0.5357429118871309,0.8412673604951073,0.07244833005869133,14.181233373016559,0.8352636165503282,0.5405784449260475,-0.1005466844237176,12.08179395102761,0.12375064941229175,-0.006646280684095455,0.9922910882009893,7.335580797329643,70.71748822150923,60.54207180491821,33.37307993325698,19.018962953303543,6.258347934563599,51588.0,142882.94541948408, 0.0, 0.0,0.0,NaN, 59.47028801970562,59.47028801970562,0.0, 160.3840313398097, -24.77489978753961, -13.456912404800873, -24.77489978753961, 184.98827503962792, 3.9683442333907846, -13.456912404800873, 3.9683442333907846, 55.515564309759625, 8.038403870732996, 4.870078958108494, 2.0, 0.0
35, 0 ,1.0,1.0,1.0,50.36669523045508,25.115200189614935,169.2570740956826,14.587403518770573,12.703738263284949,14.39894526326833,64.0,52.0,60.0,-0.7499558082108302,-0.10067835848670097,0.6537814266735207,15.584595705762354,0.5248385359162758,0.5110182139592021,0.6807384932697772,13.706388383236492,0.40262985103951293,-0.8536534736849433,0.33040119539361423,12.278527035108935,76.39037654083774,76.6666661177919,64.25404754095739,23.13805854779733,6.792435396446198,109696.0,376309.96522694925, -7.105427357601002E-15, 0.0,-2.8421709430404007E-14,61.51892141295968, 64.1303731640502,64.1303731640502,0.0, 212.79234141944008, 16.906323588578687, -31.909794390849832, 16.906323588578687, 161.38496586205008, 6.8436438398195705, -31.909794390849832, 6.8436438398195705, 207.32962469459744, 8.012776243259431, 4.799178449353932, 8.0, 0.0
36, 0 ,1.0,1.0,1.0,114.4079528048651,155.11052639560808,61.810142707654045,9.86644006795865,12.237094016726704,14.074440437151393,46.0,54.0,62.0,0.12490616159119627,-0.3895430987882761,0.9124991095792814,14.596705237003198,-0.35110553197045186,-0.8775439100135388,-0.3265602416368164,11.97798923538702,0.9279673249723288,-0.2795940989802489,-0.24638137835299734,9.415251101736311,63.26253638202659,56.055029628661714,48.66924723252422,20.22765229227899,6.002088465725834,65939.0,172590.07425524874, 0.0, 0.0,0.0,NaN, 114.72382980477141,114.72382980477141,0.0, 97.34663961461989, 10.838575652620534, 20.466736850181263, 10.838575652620534, 149.7464699742085, -28.513600753019304, 20.466736850181263, -28.513600753019304, 198.0898736189223, 8.041015288027072, 4.982663007674285, 8.0, 0.0
37, 0 ,1.0,1.0,1.0,34.985013338129065,54.564207855009045,127.96313281179751,14.500180965399064,13.29271215994932,12.524757311224096,71.0,64.0,61.0,-0.9473388591203987,-0.11646334475246818,-0.2983041657931194,14.655228501647198,-0.2520224271617333,0.8458540463883853,0.47012299286027726,13.797687106065469,0.19756968949707326,0.5205451195981606,-0.8306617821078365,11.775784406538268,74.84941809495265,65.94468152397171,53.54845982716915,22.397431480494394,6.494309307248608,100089.0,264310.9694416023, 0.0, 0.0,-1.4210854715202004E-14,72.64422417130483, 96.90466537481271,96.90466537481271,0.0, 210.25524802932134, -2.6257499647063023, 15.381027877365959, -2.6257499647063023, 176.6961965672645, 23.20565623579987, 15.381027877365959, 23.20565623579987, 156.86954570506146, 8.25143594829523, 4.932730769950038, 6.0, 0.0
38, 0 ,1.0,1.0,1.0,60.19851135281439,142.4359179990978,86.40540574407298,12.24881818705264,14.188483289285069,10.803678728145917,62.0,60.0,52.0,0.44041461177759983,-0.8976252419020867,0.017432579642899737,14.750213269666705,0.893789212646299,0.4401992242204767,0.08582241171628573,11.573093353043683,-0.08471017111241762,-0.022216392504424032,0.9961579286509716,10.796332610283457,65.6802518361408,55.28232499856111,53.43879333332342,20.779264899467695,6.02397122573623,79804.0,194033.9622210895, 0.0, 0.0,0.0,NaN, 120.01407603901885,120.01407603901885,NaN, 150.0335469794715, -33.09482999525952, 2.1083349481529408, -33.09482999525952, 201.31305805032162, -0.9241298058343883, 2.1083349481529408, -0.9241298058343883, 116.71947406099257, 7.169275331487333, 4.588670005514126, 11.0, 0.0
39, 0 ,1.0,1.0,1.0,169.99035600826988,152.6555519136705,166.918990469467,12.308418719619672,12.280279929081805,13.494411086175951,53.0,67.0,64.0,0.4947634779967708,-0.38491293431946066,0.7791348624173619,14.60710122936043,-0.17215274911455497,-0.9222031918695475,-0.34627258609066885,11.829556946487296,0.851805454204679,0.03719282053301619,-0.522536278441946,11.449705376202177,71.83655879277923,63.576118993680325,63.28568753618404,21.052083502569207,6.419607252601599,79324.0,289031.40600227925, 0.0, 0.0,0.0,NaN, 65.08785361854197,65.08785361854197,0.0, 151.49717137748397, -14.264024794337956, 32.24181871450178, -14.264024794337956, 150.80527513660945, -21.849433001396097, 32.24181871450178, -21.849433001396097, 182.0991305627084, 7.201033319958017, 4.699947123931387, 10.0, 0.0
40, 0 ,1.0,1.0,1.0,130.69850479803614,120.1455719018763,183.60632070451308,15.023340203118622,10.496707031313576,9.209047923487713,70.0,50.0,37.0,-0.9809715310888241,-0.07883371730715849,0.17742632332543945,15.218922326905396,0.0092131754509412,-0.9317263823824384,-0.36304416504145004,10.698625639741024,0.19393290744831915,-0.3545013305871621,0.9147233647505528,8.637822969085317,70.26444041107196,53.14442149161496,42.96795963651678,19.499445445946513,6.360801861205014,58253.0,160449.3666533607, 0.0, -1.4210854715202004E-14,2.8421709430404007E-14,78.92221923972828, 106.99616649651287,106.99616649651287,1.9073486328125E-6, 225.70075085864025, 11.799592798871318, -27.459790731234783, 11.799592798871318, 110.18085850122789, 11.283065257166712, -27.459790731234783, 11.283065257166712, 84.80656365709335, 7.807743352725676, 4.912457352048231, 5.0, 0.0
41, 0 ,1.0,1.0,1.0,125.39036118598382,10.404614555256064,43.12038814016172,9.580578165369575,7.124894003066948,18.130115449454674,44.0,29.0,84.0,-0.1631547143529231,0.010932808279464948,0.9865399195610591,18.315455304597712,0.9196944207247476,0.3636447313902829,0.1480698545277212,9.552013237900432,0.35713122472305275,-0.9314735546622963,0.06938519505340429,6.6750145195729065,86.99195233506991,48.65103818577927,32.91687722582369,20.100932533979098,8.197877165013042,46375.0,139312.41397115905, 0.0, 0.0,0.0,NaN, 86.79989678196395,86.79989678196395,0.0, 91.78747798275624, 15.094582484230703, -40.46534526148389, 15.094582484230703, 50.764114554939354, 5.6512999878815, -40.46534526148389, 5.6512999878815, 328.7010862105551, 8.355386055865377, 4.540122530492165, 4.0, 0.0
42, 0 ,1.0,1.0,1.0,48.65692558203991,183.27418237250555,164.21038317627495,15.034567529996579,9.923545597748292,9.556176078998698,62.0,42.0,43.0,-0.9940973987338189,0.050483368726255556,0.09603015834988449,15.078916017325797,-0.10088554514837633,-0.7557231688887537,-0.6470738742870519,11.009671454535823,0.03990574658830346,-0.6529425100931854,0.756355478530063,8.200543000500549,63.719784154281115,53.256763287830495,41.95410634552235,19.443193633487375,6.147983460305325,57728.0,142371.65683046976, -7.105427357601002E-15, 0.0,0.0,6.228352836240147, 62.67492365207506,62.67492365207506,NaN, 226.03822081402745, -3.921629332603364, -11.763258058375008, -3.921629332603364, 98.47675723058951, 27.16512013383318, -11.763258058375008, 27.16512013383318, 91.32050125282694, 8.519203993148519, 5.16261145862085, 6.0, 0.0
43, 0 ,1.0,1.0,1.0,117.75037562458506,116.16253188441246,52.24585065865334,13.399101708822867,8.901938260985345,11.424452903316757,63.0,42.0,57.0,-0.9515180338168605,-0.12746375397560503,0.27994003419257885,13.639245645419743,-0.2795683326477402,-0.021166912645152573,-0.9598924466780825,11.216533870192666,-0.12827696091605212,0.9916173421393549,0.015494130069892819,8.801073895190099,66.74163565257699,59.357645358223294,41.10672851579055,18.880422584412155,5.729589739230339,57238.0,162849.49842678232, 1.4210854715202004E-14, 1.4210854715202004E-14,0.0,59.191624514276064, 128.54318605424137,128.54318605424137,0.0, 179.5359266033799, 13.453951143724186, -15.944150490743265, 13.453951143724186, 79.2445048023948, -2.8916130661003505, -15.944150490743265, -2.8916130661003505, 130.51812414010269, 6.8547994283950615, 4.258773034331514, 8.0, 0.0
44, 0 ,1.0,1.0,1.0,170.3337064014825,103.56233601820084,120.89565711979157,7.830320515791915,12.81114880494047,16.302936216012487,41.0,54.0,69.0,-0.08080859497013768,0.044746857715802224,0.995724705781429,16.354319765963947,0.14945581096392385,0.9882413026908373,-0.03228139131191201,12.893689926337938,-0.9854607711867922,0.146208229523781,-0.08654606906990765,7.583809558644215,67.81611015424708,55.69890462905417,37.729488596861984,21.119215524783968,6.723385900231722,54503.0,142514.95782981347, 0.0, 0.0,0.0,NaN, 128.21001939259438,128.21001939259438,0.0, 61.31391938003176, 15.3005381814023, -17.417797400047345, 15.3005381814023, 164.1255337023276, 5.8856394131610195, -17.417797400047345, 5.8856394131610195, 265.78572926337154, 9.627087284823093, 5.398029486411334, 8.0, 0.0
45, 0 ,1.0,1.0,1.0,159.65785314366846,52.03670068847277,42.28220686329663,12.78836432299626,12.824157632951575,11.06848261247931,66.0,60.0,57.0,-0.7965234655808772,-0.45189781374993243,-0.40166993254046474,14.044069781810355,-0.26312032421764425,0.8572248940500776,-0.4426433959796936,12.703081554174934,0.5443510482791706,-0.24688832890370763,-0.8017032426580942,9.586887471273059,66.25489826698444,60.14253784929455,48.63259186848095,20.361707954232337,5.992782123671833,74658.0,193788.12356667145, 0.0, 0.0,0.0,NaN, 78.25018880967721,78.25018880967721,0.0, 163.54226205768362, 22.24543226963445, 41.78831059117665, 22.24543226963445, 164.45901899479014, -7.237807693822943, 41.78831059117665, -7.237807693822943, 122.5113073427568, 7.334133142883806, 4.393858730183321, 4.0, 0.0
46, 0 ,1.0,1.0,1.0,50.733923913233774,140.0780125702481,49.912393424254624,10.550161529109442,13.63851697942166,9.54498115896163,49.0,58.0,40.0,-0.3741296128961783,-0.9196283699950093,0.11962731232656948,14.243739271918399,-0.8625100706636541,0.29765766845890546,-0.40923867169585365,9.88658951482322,0.3407395057194484,-0.25628806743180854,-0.9045512786648058,9.369789663178329,67.03801324949421,52.41286647904321,46.46731684355609,18.85686751175235,5.730642778731258,57119.0,163270.0940245027, 0.0, 0.0,0.0,NaN, 93.0366735782332,93.0366735782332,0.0, 111.30590829030089, 37.04335921571819, -1.6383592979250106, 37.04335921571819, 186.0091453979729, -13.873730721799845, -1.6383592979250106, -13.873730721799845, 91.10666532493251, 7.235681907838127, 4.340731960844195, 5.0, 0.0
47, 0 ,1.0,1.0,1.0,141.18979232799174,147.84109075610968,17.680536964087658,8.741739415880769,13.685333732006544,10.324187368046383,38.0,56.0,40.0,-0.06544897767585875,-0.9721326317793356,0.2251101453754727,13.862003074285083,0.22271292614899277,-0.2341342371852675,-0.946350945212095,10.182094906219337,-0.9726846271260478,0.011802762704317722,-0.23183034949119005,8.62931203928455,60.444029774124616,48.13221027168227,40.83363375628693,18.41925068026571,5.570136134747218,52294.0,118797.4846777957, 0.0, 0.0,0.0,NaN, 80.57166826667793,80.57166826667793,0.0, 76.41800801516345, 5.96489414169124, -7.890395253156505, 5.96489414169124, 187.28835935639617, -19.282780774628865, -7.890395253156505, -19.282780774628865, 106.58884481052851, 7.897853347313524, 4.442998779601285, 5.0, 0.0
48, 0 ,1.0,1.0,1.0,44.443170477949764,149.64324691593944,123.71849587022528,11.83929426051384,8.658850094703904,10.795209509912484,52.0,39.0,52.0,0.885460187361938,-0.061050518980653015,0.4606876281485694,12.242967731023333,-0.4383665702972287,0.21933126224205612,0.8716240860882354,10.43202520269541,0.15425630179284885,0.9737384821067202,-0.1674465939387666,8.541879958179223,59.178191723050034,47.402982560386235,39.968433632879396,17.49615265727295,5.0562598930342455,47097.0,112120.36091566672, 0.0, 0.0,1.4210854715202004E-14,62.56851220475977, 101.63594765437071,101.63594765437071,0.0, 140.16888858703598, -7.606659651983947, 17.6768277002076, -7.606659651983947, 74.9756849625538, 4.692595443691225, 17.6768277002076, 4.692595443691225, 116.53654836290491, 6.637718559199262, 4.269154935853479, 9.0, 0.0
49, 0 ,1.0,1.0,1.0,179.14408934707905,144.10795532646048,16.991443298969074,11.43730382006307,11.982322830908675,10.401415561510156,43.0,48.0,42.0,0.2292543441277309,0.8811183239470256,-0.4136096528169391,12.49823168800502,-0.9647693263591651,0.1493424227688355,-0.2166032956305549,11.401511601244069,0.12908366517513792,-0.4486951525995341,-0.8843133310194042,9.817187105246294,63.814003064822,50.30103604314709,48.08141259461626,18.76117882307122,5.531328407218805,58200.0,154337.02961431709, 0.0, 0.0,0.0,NaN, 62.029015890417284,62.029015890417284,6.743495761743046E-7, 130.8119186724293, 7.241781557256085, 1.3520233074716224, 7.241781557256085, 143.57606042411527, -22.891344299783963, 1.3520233074716224, -22.891344299783963, 108.18944568322563, 7.040888325045609, 4.259708100656112, 4.0, 0.0
