// Sample: .//bubblelabels.tif, Map: .//bubblelabels.tif, Thickness:(8.191250068658265):/gpfs/home/mader/Foam/NewValid/InSilicoTest/LatticeDataPhi_16.0/out_Step_05000.vtk/distmap.tif, Neighbors:(1.0):
//LACUNA_NUMBER, TRIANGLES, SCALE_X, SCALE_Y, SCALE_Z, POS_X, POS_Y, POS_Z , STD_X, STD_Y, STD_Z,PROJ_X, PROJ_Y, PROJ_Z, PCA1_X, PCA1_Y, PCA1_Z, PCA1_S, PCA2_X, PCA2_Y, PCA2_Z, PCA2_S, PCA3_X, PCA3_Y, PCA3_Z, PCA3_S,PROJ_PCA1, PROJ_PCA2, PROJ_PCA3,OBJ_RADIUS, OBJ_RADIUS_STD, VOLUME, VOLUME_BOX, Mask_Grad_X,Mask_Grad_Y,Mask_Grad_Z,Mask_Angle, Mask_Distance_Mean,Mask_Distance_COV, Mask_Distance_STD, SHAPET_XX, SHAPET_XY, SHAPET_XZ, SHAPET_YX, SHAPET_YY, SHAPET_YZ, SHAPET_ZX, SHAPET_ZY, SHAPET_ZZ, Thickness, Thickness_STD, Neighbors, Neighbors_STD
1, 0 ,1.0,1.0,1.0,129.74676628636175,15.1439437283344,180.4003186035293,21.479815085613698,9.467789410116875,11.415696276790163,86.0,38.0,47.0,-0.98444093861179,-0.04503559174854782,0.16984650087945988,21.737919693393767,0.14335951941972985,0.3530845890316029,0.9245427633052612,11.185589748488406,0.1016075124037699,-0.9345068584361711,0.34113464344577415,9.147952956398193,87.32372664094662,55.82867448952652,46.1660556608984,24.390213398805923,9.298231244224151,89139.0,225067.27308235175, 0.0, -1.7763568394002505E-15,-2.8421709430404007E-14,80.50870203561644, 74.49163301816652,74.49163301816652,0.0, 461.3824561121578, 19.336937163078964, -59.52603919903287, 19.336937163078964, 89.63903631432126, 10.550875733383814, -59.52603919903287, 10.550875733383814, 130.3181214839208, 11.063388533443325, 6.4615516360643355, 11.0, 0.0
2, 0 ,1.0,1.0,1.0,180.76518634622082,165.71367990247302,92.18955067920585,11.33182269690453,16.21042847044296,15.455039189080567,49.0,67.0,80.0,0.15296145947994969,0.8992529550060187,0.4098132682414116,16.551830251777684,0.07483772630496881,0.4029618713922557,-0.9121518760193138,15.224210576451336,-0.9853943914165872,0.17019357542808394,-0.005660410562743654,11.149294184191634,81.56023793395667,84.32276454022326,54.86141470269334,23.97274918308561,7.440008721107008,114840.0,377303.0562444614, 0.0, 0.0,0.0,NaN, 100.22196893176445,100.22196893176445,0.0, 128.41020563408063, 23.82632438392629, 2.045048969135102, 23.82632438392629, 262.7779911953477, 15.650344965891342, 2.045048969135102, 15.650344965891342, 238.85823633601615, 7.843936545640044, 5.532341747209839, 16.0, 0.0
3, 0 ,1.0,1.0,1.0,169.5970792876242,62.68949522316711,169.63246402303662,15.4234468869346,14.911139109575913,14.518398641004747,65.0,73.0,63.0,-0.80917803182252,-0.5655268265659923,-0.15940615185754764,16.071460716221544,0.2321034132037516,-0.5568939645395485,0.7974942744864025,14.724182707197862,-0.5397767301347863,0.6083161354868232,0.5818870688642046,13.996973836167175,78.7186658324662,75.35912841180556,74.54005390927806,24.90692973354508,7.117129601638971,140993.0,442184.27509305446, 0.0, 0.0,0.0,NaN, 76.00327388008141,76.00327388008141,0.0, 237.88271387409264, 25.844563447354997, 11.911900936108033, 25.844563447354997, 222.34206954512433, -3.652857642120404, 11.911900936108033, -3.652857642120404, 210.7838990991285, 8.005479767661873, 5.5268926374392215, 16.0, 0.0
4, 0 ,1.0,1.0,1.0,16.015293016587346,44.42977757422489,15.885043509428701,10.044533601376475,11.950076954002112,10.454371331147046,44.0,57.0,41.0,0.16924095043483683,0.9212120027192534,-0.3503226323575101,12.154248879305905,0.617148294910452,-0.3761912778639482,-0.6910919653332774,10.821035042114184,-0.7684305321790874,-0.09923995417709525,-0.6321913861402203,9.389904642885924,56.10100915407286,61.2842574080611,47.73485924921538,17.993386820733818,5.406376339538476,50219.0,164117.63420256384, 0.0, 0.0,-1.7763568394002505E-15,69.49294998453801, 49.827997682012985,49.827997682012985,0.0, 100.89265526918106, 2.5698227926278956, -15.867454816209914, 2.5698227926278956, 142.8043392065724, -11.699952091121233, -15.867454816209914, -11.699952091121233, 109.29387992950926, 9.555833146960298, 5.8882129811124875, 7.0, 0.0
5, 0 ,1.0,1.0,1.0,30.69239511528405,108.607907951034,173.96080193724745,16.13083990755076,14.564668854313991,13.637456239341613,75.0,71.0,64.0,-0.98621792564921,0.0018183435422299314,0.16544152064983964,16.19764466728831,0.06726006858643087,-0.909178564641863,0.41093846348268426,14.820383179370145,0.15116311157791607,0.41640248705131805,0.8965258961544611,13.278039662831361,79.10230493800469,76.58522199480727,71.79776556825553,24.621681691800998,7.217103179726583,134624.0,434955.7161911027, 0.0, 0.0,0.0,NaN, 99.86279308506569,99.86279308506569,0.0, 260.2039961230323, -2.804469662465315, -12.843402595203425, -2.804469662465315, 212.12957883582405, -16.16568420001148, -12.843402595203425, -16.16568420001148, 185.9802126799575, 7.599170017227732, 5.179089598774094, 18.0, 0.0
6, 0 ,1.0,1.0,1.0,48.713747149617845,12.90127078343971,24.193367633409345,19.862251838285456,8.319103163450016,13.970403283663757,85.0,35.0,61.0,-0.9823660350908124,-0.025952014147307016,0.18515794895616733,20.050484200551132,-0.18617106477671652,0.044446305375780856,-0.9815115183116023,13.71566911353123,-0.01724261406690846,0.9986746311487744,0.048494054893345864,8.291392978949682,87.13136344765167,68.16787691865895,35.67240798393251,24.111579292524045,8.804569124049294,87269.0,211878.40967879537, 0.0, 0.0,0.0,NaN, 55.89982993381854,55.89982993381854,NaN, 394.509048087474, 7.50887079536946, -38.80749731462355, 7.50887079536946, 69.20747744412408, -6.80902662423704, -38.80749731462355, -6.80902662423704, 195.17216790820305, 7.640835953545057, 5.082305703720467, 10.0, 0.0
7, 0 ,1.0,1.0,1.0,161.49081035214255,175.9594314806958,138.54081459482393,15.362657850698735,14.137046371785752,14.715402296866925,73.0,59.0,79.0,0.8047043362370471,-0.4337103623947608,0.4053964143806636,16.66310821788142,-0.09984313967428288,0.574264096306645,0.8125589794920085,14.728559750600647,0.5852198550128618,0.6943457850700311,-0.4188098041524423,12.562673015980797,89.4881781932296,83.15899406077358,73.74762611481499,24.33418342787285,7.7625973754234465,117850.0,548811.1664647504, 0.0, 0.0,0.0,NaN, 76.40770964198454,76.40770964198454,1.6518123698891422E-6, 236.01125623763545, -45.21377544086958, 34.29872042601637, -45.21377544086958, 199.85608011802069, 6.511435168245539, 34.29872042601637, 6.511435168245539, 216.54306475863638, 7.667369054386208, 5.037988591110694, 20.0, 0.0
8, 0 ,1.0,1.0,1.0,88.7305991281937,123.68168464369425,79.44955296064144,13.739528170379788,12.429340374264223,12.740405048585014,74.0,60.0,63.0,-0.9036555381013529,-0.34705170679574254,-0.2509218628755098,13.840689029703743,0.41156225182760325,-0.5417367447449257,-0.7328968633196369,13.410610209439621,0.11841951414081466,-0.7655562763137223,0.6323767915312202,11.583260261234622,71.20162852844567,71.71541198541864,57.911354043444625,21.646696396284405,6.082893424438212,94287.0,295710.09040788026, 0.0, 0.0,0.0,NaN, 141.45612728375718,141.45612728375718,0.0, 188.7746343446598, 7.8161620545193795, -0.7627022309200778, 7.8161620545193795, 154.48850213931468, 23.131624009754752, -0.7627022309200778, 23.131624009754752, 162.31792080201052, 7.335621783477077, 4.966611827890024, 22.0, 0.0
9, 0 ,1.0,1.0,1.0,171.70976537358843,38.5440875314493,16.24185828798783,15.281519710565156,13.908075909708705,10.950386393994755,69.0,69.0,50.0,0.8126811938636098,0.48806736592578814,0.31833869299643824,16.478980093516334,0.5254434490577067,-0.8499683409228718,-0.03824919961466303,13.138384835935486,-0.25190962463303973,-0.19835338602374286,0.9472050861720268,10.133925267770108,88.37348203920266,74.76540713748889,56.081861760277064,22.164810720637753,7.4559739853829825,85455.0,370548.5279492851, 0.0, 0.0,0.0,NaN, 50.4953663170842,50.4953663170842,NaN, 233.5248446643914, 35.749990743140174, 42.280247724049765, 35.749990743140174, 193.43457551021962, 28.50911940670545, 42.280247724049765, 28.50911940670545, 119.91096217778546, 7.662547370054355, 5.030653852069015, 11.0, 0.0
10, 0 ,1.0,1.0,1.0,75.96874254151182,54.65223839885438,43.51433734528965,12.79632981069045,14.34695124082466,16.789319054453905,64.0,69.0,80.0,-0.22926622621728712,0.5208659137307832,0.8222747092240404,18.44330147123713,0.5695958543658571,-0.6132372094599395,0.5472665599349338,12.689782782601775,-0.7893019448888453,-0.5938340044551033,0.15608848435263775,12.258725244260114,89.14460059636396,63.88276201386478,64.06879923344613,24.318277979225304,7.751364845495071,117316.0,364859.20960397815, 0.0, 0.0,0.0,NaN, 103.20665947478093,103.20665947478093,0.0, 163.74605662396507, -26.431204966001005, -32.443638761591465, -26.431204966001005, 205.83500990660025, 77.71504257742382, -32.443638761591465, 77.71504257742382, 281.88123431224903, 7.4929818463060185, 4.790787737566677, 18.0, 0.0
11, 0 ,1.0,1.0,1.0,60.13300751272316,73.81931092980047,139.09613054366267,12.349757081421838,15.39371242021416,12.01195853991136,63.0,70.0,60.0,-0.010254979868138097,0.9749605713858651,0.2221412155158313,15.560216958154697,-0.844649932374306,0.1104612405128971,-0.523798440322642,12.70722153619567,-0.5352208209029097,-0.19300310512346408,0.8223676028910168,11.409478474327118,69.38921667963169,65.66106481790135,54.207542338356916,22.20641974607543,6.375339369167953,99032.0,246978.77026495754, 7.105427357601002E-15, 0.0,0.0,89.4124226355329, 113.02455739099516,113.02455739099516,0.0, 152.51649997012885, -4.039310158002943, 13.591725588485243, -4.039310158002943, 236.96638207625566, 22.433901768603146, 13.591725588485243, 22.433901768603146, 144.28714796454943, 8.01568793181653, 5.1560008811929015, 21.0, 0.0
12, 0 ,1.0,1.0,1.0,41.14709236031927,55.01903520815396,176.81832778721522,13.407259057122928,12.226236954294718,12.437050846254891,70.0,60.0,50.0,0.8151058881161471,0.2607377721998749,0.5173182824013013,13.984522582639416,-0.5044247290044239,0.7585756320776857,0.41245448620029934,12.347323896345104,-0.28488257919219956,-0.5971422146910946,0.7498420443710891,11.657290421624118,73.82354440660363,67.47029095103278,61.95193370106682,21.144275600744084,6.069209879334874,85946.0,308576.1400122426, 0.0, 7.105427357601002E-15,0.0,74.88615656963415, 72.50908475167596,72.50908475167596,0.0, 179.75459542480482, 6.344429722133795, 21.716702349313387, 6.344429722133795, 149.4808700625618, 13.23165959721082, 21.716702349313387, 13.23165959721082, 154.68023375232949, 7.4263047494556504, 4.904389766271505, 11.0, 0.0
13, 0 ,1.0,1.0,1.0,78.65982428115016,185.95725239616613,27.539904153354634,12.349780403208129,8.15952334420727,14.999488979273426,59.0,33.0,60.0,-0.22030063318129273,0.020374686594589145,0.9752192077507978,15.131180545801243,0.97543202166986,0.004554404912529068,0.22025355501544697,12.190908871305695,-4.6054004210820335E-5,-0.9997820410179736,0.02087746002184402,8.15528558870614,63.06053727061221,60.9046899941695,33.014698001707586,20.05775005581483,6.462679749915245,62600.0,126798.9719775208, 0.0, 0.0,0.0,NaN, 84.516347749902,84.516347749902,0.0, 152.51707600746354, -0.3643659780134464, -17.259069345915634, -0.3643659780134464, 66.57782120466341, 3.310092388408502, -17.259069345915634, 3.310092388408502, 224.984669639345, 7.260681460031305, 4.902623466164313, 10.0, 0.0
14, 0 ,1.0,1.0,1.0,183.65052802599513,19.19637151367452,176.92123837891506,9.519685754357818,11.480532009892025,12.412096452035401,37.0,45.0,53.0,0.10704659840329549,0.5371296437596741,0.8366796110608224,13.008507298319579,-0.19474321467885305,-0.8138877978759582,0.5474136761217882,10.895382974452133,-0.9749954390184755,0.2215364490625178,-0.017478433280495854,9.410448349366424,70.86987852028145,58.03296978871299,41.949987292322646,18.564228524911073,5.644164216373481,55395.0,172531.46806212753, 0.0, 3.552713678800501E-15,0.0,57.511545799496425, 34.18238071115949,34.18238071115949,0.0, 90.62441686172318, 9.417249862500656, 4.010186005549606, 9.417249862500656, 131.80261523015542, 22.81707318195079, 4.010186005549606, 22.81707318195079, 154.06013833462978, 7.962573620749893, 5.193925448527008, 3.0, 0.0
15, 0 ,1.0,1.0,1.0,184.77442232308644,14.468640396121312,97.20989787497422,8.444563504199502,8.634943634208325,13.567736370469879,35.0,31.0,68.0,-0.21787532457586192,-0.12022326785068828,0.9685436019138555,13.865463971695934,0.5266729458338221,-0.8499690354084362,0.012971005110503158,8.797707039045267,0.8216726544480397,0.512931773936997,0.24850562210573587,7.7656702393109365,71.23506603273952,40.99309357831248,42.651895045394525,17.232354268860306,5.744766393291495,38776.0,124549.74910524148, 0.0, 0.0,0.0,NaN, 99.45312471396221,99.45312471396221,0.0, 71.31065277645817, -4.1960955863195455, -27.726584054249773, -4.1960955863195455, 74.56225156595487, -15.552384572519891, -27.726584054249773, -15.552384572519891, 184.08347021857116, 7.888716498068191, 5.358741351035707, 8.0, 0.0
16, 0 ,1.0,1.0,1.0,101.12582240625719,85.08441453876236,13.839912583390845,14.450317313038985,17.20367358015897,9.427015483510228,74.0,83.0,38.0,-0.14506247796415642,0.9800222694654064,0.1360633265754344,17.389560797841934,0.9870758736202909,0.1338779176160329,0.08807907181353983,14.400876029667826,-0.06810357702528239,-0.14708179536118474,0.9867770002739685,9.157762874349455,86.49210436122858,72.66666802210723,42.57943800220039,22.982134272458893,8.091240962241473,86940.0,267615.72918568767, 0.0, 0.0,0.0,NaN, 131.17546940094724,131.17546940094724,0.0, 208.81167044751425, -14.744552687365172, 6.425652130783133, -14.744552687365172, 295.9663846526597, 30.596732016914363, 6.425652130783133, 30.596732016914363, 88.86862092634159, 7.670834595571037, 4.863643996480844, 15.0, 0.0
17, 0 ,1.0,1.0,1.0,77.27339239719336,123.56453725908162,126.43212096989076,11.069330275325306,13.7314493248458,14.060377347712604,57.0,62.0,66.0,0.04768019515307206,-0.6608560250065614,0.7489966042664626,14.862374205510443,0.4069707006681862,-0.6719357041933045,-0.6187707638761659,13.2791211509957,-0.9121959481316559,-0.3343227836130455,-0.236911014031459,10.56180661144995,69.96759621305759,62.263521578529364,56.07125738207198,21.64692177235193,6.339381850526986,90072.0,244270.4481713397, 0.0, 0.0,0.0,NaN, 131.2470569650144,131.2470569650144,0.0, 122.53007274423341, -21.160746180887195, -12.40910581405493, -21.160746180887195, 188.55270056080818, -27.18498444797479, -12.40910581405493, -27.18498444797479, 197.69421116006973, 7.2578943883106, 4.5966222419983325, 18.0, 0.0
18, 0 ,1.0,1.0,1.0,182.37893300824337,148.43906014164634,36.282770231046094,10.509324269309353,13.899036408048818,11.332681835835853,43.0,67.0,52.0,0.017686888522674388,-0.999784466149447,0.010871762536603788,13.90008873175594,-0.4318103927468592,-0.0174452508078472,-0.9017956797080229,11.566465435184412,0.9017909728369375,0.0112554196064436,-0.4320258751964897,10.250034041311324,67.19114896350452,57.93942426295983,49.576995240633124,19.938789268934173,5.873965419640791,68904.0,193004.05982352272, 0.0, 0.0,0.0,NaN, 65.46351607302822,65.46351607302822,0.0, 110.44589659749457, -1.34240189681857, 11.200625061931696, -1.34240189681857, 193.1832130722666, -0.5063080198514706, 11.200625061931696, -0.5063080198514706, 128.4296775922839, 7.85931827455913, 5.217467108624121, 14.0, 0.0
19, 0 ,1.0,1.0,1.0,187.12373865274478,56.17372501655823,94.67954961623875,8.20827950894327,13.22658192143665,13.504774772658418,34.0,60.0,70.0,-0.11543862051198259,0.6571972546994868,0.7448259483327284,14.896756859138582,-0.16221193440550724,-0.7522455317967874,0.6386031226264026,11.812253877895532,-0.9799802106321914,0.04710019434383197,-0.19344342444771645,7.953273344069956,85.4754200727013,57.7899385278862,38.48243633884542,19.417626697056395,6.903117914060033,51334.0,190088.5841592765, 0.0, -7.105427357601002E-15,0.0,48.91353182527918, 110.83998648525962,110.83998648525962,0.0, 67.37585249693798, -2.7295067850776817, -21.5429831916929, -2.7295067850776817, 174.94246932447479, 41.02173562399961, -21.5429831916929, 41.02173562399961, 182.37894166023125, 7.977702070385939, 5.11423585571023, 11.0, 0.0
20, 0 ,1.0,1.0,1.0,151.81163639043444,186.8619698588747,10.452890673937876,13.232647301748425,7.717789705795509,6.717994764391287,65.0,30.0,25.0,-0.9980870717463874,-0.059085966325439776,-0.018194663946078347,13.249856402337764,0.054485061913037036,-0.9797295938106184,0.19277266673471477,7.7276457716585325,-0.029216010012564672,0.1914125690624047,0.9810747439231509,6.672591876845065,65.13019819276303,34.96154564923444,29.242838407028174,15.709869022959102,5.744449624742177,27139.0,66587.47529740946, 0.0, 0.0,0.0,NaN, 51.02929694595171,51.02929694595171,0.0, 175.1029546124699, 6.916518291704488, 2.5391568268974907, 6.916518291704488, 59.56427794288313, -2.728563010259374, 2.5391568268974907, -2.728563010259374, 45.13145365438874, 7.6938687813658015, 5.076993743443901, 5.0, 0.0
21, 0 ,1.0,1.0,1.0,19.15852049353158,84.98623335283155,25.444178422276938,11.415255559270918,11.23603128893939,13.873941382627756,45.0,51.0,58.0,-0.13736605629139984,-0.34735382434458284,0.9276183952963313,14.325877311404746,0.9544233905899407,-0.2969294395964473,0.03014795840088204,11.403058475043272,0.26496520162796755,0.889482000163091,0.37231064087951865,10.666874179974378,66.34771684642531,51.504260552454916,51.65000184737763,20.32793478966811,5.9847953419543645,73511.0,176497.87474638614, 0.0, 0.0,0.0,NaN, 90.75855322000055,90.75855322000055,0.0, 130.3080594834656, -0.24106021222057142, -11.185169718202593, -0.24106021222057142, 126.24839912602496, -29.61124854017309, -11.185169718202593, -29.61124854017309, 192.48624948859094, 8.026872391722135, 4.925520352236752, 10.0, 0.0
22, 0 ,1.0,1.0,1.0,41.136227705944364,174.35427378929026,187.0429637916568,11.759224897834228,13.32914086837773,7.115300980434156,63.0,60.0,30.0,-0.1852215335424592,-0.9807223030021934,0.06226353592796651,13.412277257110729,0.9766893612057136,-0.17672417054247483,0.12184604734520034,11.742532774116539,-0.10849366442218773,0.0833806448772597,0.9905941615213052,6.98545756241194,63.31944705827203,62.92104351839844,33.26397290496644,18.237097455049145,5.829335377563333,46481.0,132527.8487997115, 0.0, 0.0,0.0,NaN, 50.17745798717095,50.17745798717095,0.0, 138.2793701978444, 8.435656254517193, 9.09044455306979, 8.435656254517193, 177.6659962890574, -9.923333937678173, 9.09044455306979, -9.923333937678173, 50.62750804216726, 7.428853320975032, 4.893595367860121, 9.0, 0.0
23, 0 ,1.0,1.0,1.0,67.73026378440149,188.64089134368155,74.63586801257023,13.358197164993415,6.780611888103039,11.438596146094781,64.0,26.0,51.0,0.9902216364380705,0.056864373286978034,0.12738741609982301,13.401308865648287,0.13093461631778353,-0.0637463250507698,-0.9893394424019679,11.422300058449514,-0.048137687726199516,0.9963447440987484,-0.07056850520716812,6.722766761655317,65.31677270295259,50.38912327123335,29.418011446842314,17.91198377741732,5.866894240304921,42004.0,96822.17465828263, 0.0, 0.0,0.0,NaN, 101.42450776691231,101.42450776691231,1.3486991523486091E-6, 178.4414314988381, 6.856068444050869, 5.9071846629468645, 6.856068444050869, 45.97669757708425, 6.351476837958618, 5.9071846629468645, 6.351476837958618, 130.8414817934544, 6.945089269534098, 4.745983981066454, 10.0, 0.0
24, 0 ,1.0,1.0,1.0,113.92678227360308,83.69101418812402,64.76469901325393,11.334853496008915,12.229559076397841,11.189409307806216,54.0,54.0,55.0,0.40623767369899166,-0.8989745560402465,0.16375500010647995,12.51171535444105,0.6107733343209495,0.13384462445469855,-0.7804111420187763,11.281846419945726,-0.6796520334333603,-0.41704959428924315,-0.6034424159379886,10.927983340164488,59.5241706402931,52.190073124748196,51.27626076664363,19.369075326628995,5.29932265748085,68508.0,159293.33537467703, 0.0, 0.0,0.0,NaN, 136.40839748303577,136.40839748303577,0.0, 128.47890377598551, -12.914446091439977, -1.276643162105448, -12.914446091439977, 149.5621152031048, -6.285745479176852, -1.276643162105448, -6.285745479176852, 125.20288065762036, 6.9639765912895415, 4.510338491186055, 14.0, 0.0
25, 0 ,1.0,1.0,1.0,49.903292570748334,85.05195876846491,77.29527622964126,12.911296624394284,11.895179052994825,11.704540830229034,65.0,65.0,57.0,-0.8462265132760014,-0.08529962446049301,0.5259511976368534,13.61494359830172,0.1196294542353868,-0.9923174517394492,0.031541538527322395,11.889444964775308,0.519220070787027,0.08961054089908166,0.8499296847690928,10.884279972374967,66.85086487088597,66.66589597820678,54.05524763629619,20.252749024831033,5.917710554730352,73924.0,240906.5520290655, 0.0, 0.0,0.0,NaN, 125.29458897801976,125.29458897801976,NaN, 166.70158052309523, 2.1115260705015046, -29.688681216307465, 2.1115260705015046, 141.49528470280686, -3.7178068827182122, -29.688681216307465, -3.7178068827182122, 136.99627604649854, 7.003314797897278, 4.451062496174318, 14.0, 0.0
26, 0 ,1.0,1.0,1.0,102.4312812738956,20.887434098439826,103.7220396281341,11.634044952188834,12.616003699838572,11.831785787385922,56.0,51.0,61.0,-0.07507726355871147,-0.9332989347890723,0.35116449538374256,12.763827493645646,-0.6723473403873349,-0.21269188676690054,-0.709021307985601,11.93357016582584,-0.7364186705744312,0.28933589411809746,0.6115327317521674,11.365751934308856,64.08908885425842,60.86543484487606,58.27740406472021,20.049240341600402,5.703829235452154,74543.0,227329.0958140883, 0.0, 0.0,0.0,NaN, 138.655636129358,138.655636129358,0.0, 135.35100194955047, 4.255689751811142, 5.41734499544094, 4.255689751811142, 159.16354935434055, -9.061258139333294, 5.41734499544094, -9.061258139333294, 139.9911549185875, 7.31114381398659, 4.789761947383302, 13.0, 0.0
27, 0 ,1.0,1.0,1.0,143.1602676111767,72.81597796143251,113.2823927587564,12.691100927271066,9.989750577745456,11.55854604691418,59.0,47.0,58.0,-0.8531510657272604,0.27564842519862714,0.44288960784145354,13.116841545816332,0.5144101911983125,0.3034504333568813,0.802059841711849,11.527054822112515,0.08669148885418276,0.91210513658297,-0.400685419723762,9.462273567189918,60.67215353755719,58.18966182908167,44.47018204228467,19.12488539344629,5.357042538371055,63525.0,157001.62624321308, 0.0, 0.0,0.0,NaN, 126.69990224999961,126.69990224999961,1.9073486328125E-6, 161.0640427461805, -12.640448195597793, -13.298276909514463, -12.640448195597793, 99.79511660556565, 20.621742170009988, -13.298276909514463, 20.621742170009988, 133.59998671863542, 6.722128648942777, 4.557095527504112, 16.0, 0.0
28, 0 ,1.0,1.0,1.0,137.12701136100162,141.16311925187418,18.33529639075663,10.53876972544064,13.307816376058831,10.920129447649996,47.0,65.0,44.0,-0.15970480526403164,-0.9745834806299823,0.1571031968443866,13.450744900932209,-0.5298748887448695,-0.04964518546785541,-0.8466214962056382,11.077133125703057,-0.8329027418931874,0.21845456013324696,0.5084787386939593,10.187612797102886,66.17838539256745,52.50809671324281,58.08663440142655,19.37244162266516,5.667572386359573,64695.0,201845.30748350738, 0.0, 0.0,0.0,NaN, 88.03961795865366,88.03961795865366,0.0, 111.06566732586417, 12.503325590962989, 6.550195062325528, 12.503325590962989, 177.0979766988996, -11.015138462194212, 6.550195062325528, -11.015138462194212, 119.24922715343261, 7.489570521669877, 4.689503831949435, 8.0, 0.0
29, 0 ,1.0,1.0,1.0,182.41004227417824,94.5741868691226,79.55613838322837,10.16348950626437,9.599876864483786,14.66740291260834,38.0,50.0,77.0,0.10416829054734965,-0.011336951439301017,0.9944950682514755,14.71135386237561,0.8099121610441672,0.5813139424406794,-0.0782073635717365,10.598343531434066,-0.5772272157800696,0.8136003772468018,0.06973641449524304,9.046438242958635,76.82001202611221,55.56106986683051,49.07046778272347,19.29124171649764,6.19958514688855,57955.0,209442.67144738196, 0.0, 0.0,0.0,NaN, 124.83133656739922,124.83133656739922,1.3486991523486091E-6, 103.29651894394594, 14.194668678149693, 12.011335130031306, 14.194668678149693, 92.15763581325106, -2.90341846223255, 12.011335130031306, -2.90341846223255, 215.1327082007916, 7.322542675076686, 4.611396548785593, 12.0, 0.0
30, 0 ,1.0,1.0,1.0,59.84963212752913,10.782897762109135,109.14785790925812,11.910083555541688,7.0681042228447994,15.374941728811658,59.0,29.0,72.0,0.17626304997113557,0.0105982446137051,0.9842860429905428,15.477493724234238,-0.9839500168018667,0.030153321184956578,0.17587820119936073,11.780843691321646,0.027815492993634804,0.9994890967052246,-0.01574305932454513,7.060873225477975,73.51254084488612,56.30703457768787,29.795503726922377,19.53839178453945,6.815296563113322,52192.0,123331.72943899473, 0.0, 0.0,-1.4210854715202004E-14,10.170698098828565, 109.326854305907,109.326854305907,1.3486991523486091E-6, 141.85009029998452, -2.284197163606818, 17.520911037550935, -2.284197163606818, 49.958097304996485, 2.450497738538541, 17.520911037550935, 2.450497738538541, 236.38883316435403, 6.7564099466777625, 4.485185980863996, 13.0, 0.0
31, 0 ,1.0,1.0,1.0,56.59530014378145,147.93553798226696,20.939806494128923,11.440589831487102,12.135880822380653,12.268855631654537,54.0,62.0,49.0,-0.5114762270043384,0.4048706946865018,0.7579391728849197,13.997757231471374,-0.5098453914357186,-0.8529976005603637,0.11159198120842358,12.050958593535587,-0.6917006187948406,0.3293551487715532,-0.6427094521916595,9.355677794976458,65.02829561808944,61.8670775647669,52.32180868689609,19.806908189917415,6.031409909294499,66768.0,210496.42360555514, 0.0, 0.0,0.0,NaN, 79.70076348173987,79.70076348173987,0.0, 130.88709569232608, 2.642780550845231, -45.309137441919106, 2.642780550845231, 147.2796033350265, 27.774995913471468, -45.309137441919106, 27.774995913471468, 150.52481851038124, 7.248202570529488, 4.5385302501802585, 11.0, 0.0
32, 0 ,1.0,1.0,1.0,90.65603065865574,74.80639002751418,100.47919591217924,11.734644192405607,12.7470123309489,10.574160859167607,56.0,56.0,53.0,0.1478165212430915,0.9790260917437608,0.14020765932190588,12.797629263494965,-0.950838938908548,0.1796827763340992,-0.2522288884012628,11.808496070006889,-0.2721315643266271,-0.09603130517600539,0.9574562131624273,10.42982173203566,58.852618327148974,55.055111457136576,50.95606109775969,19.58445488386565,5.333873120460806,71236.0,165104.64245565276, 0.0, 0.0,-1.4210854715202004E-14,81.94013722877244, 154.0094228611292,154.0094228611292,0.0, 137.70187432235866, 2.7209834191164406, 8.492851050538054, 2.7209834191164406, 162.48632336536332, 6.15990608710162, 8.492851050538054, 6.15990608710162, 111.81287787555222, 6.818248383496687, 4.448217305247507, 8.0, 0.0
33, 0 ,1.0,1.0,1.0,12.527634269303407,101.41561441570806,107.36082973044687,8.635581162087329,16.217533644133464,12.337619917470024,35.0,76.0,60.0,0.02452098219195125,0.9381038707542546,0.34548494773032695,16.74989704317809,-0.03338538705377396,-0.34462766366547487,0.9381456120281895,11.612819938812015,-0.9991417003426548,0.03453840054723026,-0.022868352018179477,8.624493425425946,75.73676646739746,54.910743749990075,36.64784062003862,20.856413046470195,7.403280324870547,64069.0,152409.65340064449, 0.0, 0.0,0.0,NaN, 135.85962818162366,135.85962818162366,0.0, 74.57326200699754, 5.438545235246151, -0.14746365695975644, 5.438545235246151, 263.0083974986008, 47.26972211112546, -0.14746365695975644, 47.26972211112546, 152.21686522795304, 7.252731099642204, 4.48740143068298, 19.0, 0.0
34, 0 ,1.0,1.0,1.0,27.5751466867632,42.08673359530602,102.33028745222587,13.132295946048862,12.156339029144913,11.62320042931851,54.0,57.0,54.0,0.7555846200896525,-0.4938309752667336,0.4303752429579124,14.485362351427092,0.46249634474030776,0.8674511694449744,0.18337284349216085,11.305455683194928,-0.46388469794317394,0.060493276449972634,0.8838277832918112,10.848664109898845,72.28803663678802,57.401652246070086,58.78288810808857,20.44687908077373,6.1039085414566685,74308.0,243916.8161590852, 0.0, 0.0,0.0,NaN, 109.86835126042256,109.86835126042256,0.0, 172.45719681461136, -30.31739274904698, 30.8182587994129, -30.31739274904698, 147.77657859151188, -17.971371893061, 30.8182587994129, -17.971371893061, 135.09878822011, 7.043887314722507, 4.463383317597509, 12.0, 0.0
35, 0 ,1.0,1.0,1.0,22.199653675178332,177.2805747958234,100.81443192391193,12.968172192225392,12.899785984486225,11.241740735170247,52.0,59.0,58.0,0.6920836559762191,0.7020926592948381,0.1675891132946647,14.216769861665549,-0.681867933306268,0.5597450003880536,0.4708945275422267,11.791533968892132,0.23680442280335284,-0.4401720485274817,0.8661248368658475,10.945221997311988,77.04490257645332,61.299082347468584,64.56127781089246,20.569615819450057,6.151878432635292,77384.0,304908.8296046037, 0.0, 0.0,0.0,NaN, 104.14784596659854,104.14784596659854,0.0, 168.17349000720793, 32.654917287869694, 3.3692885709650175, 32.654917287869694, 166.40447844554726, 14.75779300718508, 3.3692885709650175, 14.75779300718508, 126.37673475678606, 7.181488041916475, 4.611089922322818, 10.0, 0.0
36, 0 ,1.0,1.0,1.0,132.6563932652647,42.187260801947396,32.32443031983231,11.743441299369726,11.057371639447508,15.62664887955483,63.0,52.0,65.0,0.47020150985664744,0.06023336098736198,0.880501267661038,16.97515194771024,0.3151907137779442,-0.9433363590516224,-0.10378500681398564,11.195842251402112,0.8243575401951988,0.32632568994088607,-0.46254317637159653,9.532227911845235,77.9327826007671,52.39889679120469,51.138127985317084,21.264811107540893,7.223146467442593,73945.0,208827.24175223042, 0.0, 0.0,0.0,NaN, 85.78924837947879,85.78924837947879,NaN, 137.9084135517425, -4.665333390278338, 80.55360234723503, -4.665333390278338, 122.26546757285806, 13.839591769034445, 80.55360234723503, 13.839591769034445, 244.19215520489223, 6.517320545601211, 4.251063204509547, 11.0, 0.0
37, 0 ,1.0,1.0,1.0,18.57459461270437,130.69416711337442,16.928353658536587,11.035887092103474,13.326911247711617,9.746389218447773,51.0,55.0,42.0,-0.24855308356743935,0.9499846803969153,0.1890779512801209,13.577800600613475,0.9338288812173701,0.28686217417589666,-0.21371409319787937,10.943021737586115,-0.2572644267158438,0.12344715484063556,-0.9584236092189717,9.501740693799814,66.70930919284004,54.54300215513219,48.12528764504225,18.99976828551942,5.779124086578361,59696.0,175105.1101168254, 0.0, 0.0,0.0,NaN, 73.72166028192574,73.72166028192574,0.0, 121.79080390965606, -14.319278111696885, -10.301803451512196, -14.319278111696885, 177.6065634043824, 15.091110840657585, -10.301803451512196, 15.091110840657585, 94.99210279747497, 7.0093866940403045, 4.46212465873782, 8.0, 0.0
38, 0 ,1.0,1.0,1.0,98.29297210300429,134.5263590844063,16.511105150214593,10.466327605981435,12.835944274869776,10.816443120021141,48.0,58.0,44.0,-0.06251827368398798,-0.9361886103707301,0.34589355482242784,13.180943105099672,-0.7138892298898418,-0.20024723250510953,-0.6710165521962431,11.432689198507754,0.6974622806309045,-0.28888047993273364,-0.655815854802986,9.319725173115001,65.64682233783749,62.29960553079856,47.02917606061875,18.866367553030067,5.9465196632905775,55920.0,192338.56680247217, 0.0, 0.0,0.0,NaN, 119.2515098976425,119.2515098976425,0.0, 109.5440135557291, 11.353409497856873, 19.126351293348517, 11.353409497856873, 164.7614654275622, -22.241646441193154, 19.126351293348517, -22.241646441193154, 116.99544176865267, 7.1162351847457055, 4.529029936353068, 7.0, 0.0
39, 0 ,1.0,1.0,1.0,145.8139534883721,103.43298217716823,82.93983966076989,9.5105474211748,12.857524591152975,11.112048880358694,45.0,62.0,49.0,-0.11898402126757363,0.9578157600999762,0.2615946719394394,13.035508858084182,0.04357355574191136,-0.25817529969672715,0.9651149464527591,10.957632980608444,-0.9919395888475286,-0.12623186733392844,0.01101670306331994,9.447214904673764,64.7767642551041,49.47491245403238,46.20714742146254,18.74808965486027,5.268132066994463,60372.0,148085.8092477812, 0.0, 0.0,0.0,NaN, 138.34859439368955,138.34859439368955,0.0, 90.45051225041465, -9.540776256974237, -1.2149625808360092, -9.540776256974237, 165.31593861210348, 12.53444628747598, -1.2149625808360092, 12.53444628747598, 123.4776303194809, 7.538212406552254, 4.4971111588617125, 12.0, 0.0
40, 0 ,1.0,1.0,1.0,29.64686966134057,146.43559692493216,126.97993920209024,15.5247584137613,11.325641098177307,10.830535976258897,66.0,65.0,56.0,-0.9722074032753966,-0.2329283346026854,0.02360415123934167,15.746236701568744,0.23178193603880717,-0.9433722054115525,0.2373310265916489,11.031012152933624,-0.033013620562012756,0.23620599695215846,0.9711420224978552,10.814877726697311,71.10944352956878,63.134605206191466,56.9134864283221,21.10097748823341,6.429426775729269,79608.0,255511.1988949908, 0.0, 0.0,0.0,NaN, 95.28909400574283,95.28909400574283,0.0, 241.01812380565227, 28.629151602272213, -2.746067595603934, 28.629151602272213, 128.2701462847229, -1.7772881081158631, -2.746067595603934, -1.7772881081158631, 117.30050953303825, 7.234084217703102, 4.481486042437441, 12.0, 0.0
41, 0 ,1.0,1.0,1.0,124.59171757399845,73.86757906105505,166.21379391812076,10.26767868307748,9.885265978228942,13.546620459142108,48.0,45.0,64.0,-0.08854468727345449,0.011378366756268991,0.9960072143943564,13.570833682599542,0.8020687326497831,0.5937363180304835,0.06452079321563951,10.641262008403913,-0.5906315149576906,0.8045792176172359,-0.06169842880672657,9.44725626258879,64.66404369424212,51.58170885215871,47.58830004348055,18.8664690977222,5.541748699461365,59258.0,158729.91225897876, 0.0, 0.0,2.8421709430404007E-14,5.121771927858909, 110.83472387382957,110.83472387382957,0.0, 105.4252255389237, 11.326828576785726, -7.129560058472938, 11.326828576785726, 97.7184834603306, 1.9945431988169349, -7.129560058472938, 1.9945431988169349, 183.51092586404755, 7.263869159757224, 4.5612710367426885, 14.0, 0.0
42, 0 ,1.0,1.0,1.0,179.35300164132832,83.1606843841703,20.576835717956794,11.487891361962266,10.88066585660298,11.204829593744856,50.0,53.0,45.0,0.8770794720007526,0.4764892275866907,-0.06074220763784993,11.733130327730754,-0.06833341677975652,-0.001398412578777125,-0.9976615601462568,11.203389331221178,-0.4754599288542462,0.8791791969991657,0.031333618013512546,10.617271959299043,64.52523700917885,47.5569766358345,55.778677491320806,18.656214566121154,5.277726945854114,60317.0,171163.85475156707, 0.0, 0.0,0.0,NaN, 88.12153049414404,88.12153049414404,0.0, 131.97164794424722, 10.424071291547133, -0.4567864135606389, 10.424071291547133, 118.38888948304584, -0.703992104687433, -0.4567864135606389, -0.703992104687433, 125.54820622486054, 6.962148377707876, 4.407598192477289, 8.0, 0.0
43, 0 ,1.0,1.0,1.0,149.1889266065785,113.96023477868263,129.88644002608652,11.931464786953988,10.698108003880344,10.646311772261745,57.0,55.0,52.0,-0.9921304854035788,-0.09546082070497452,0.08102056308858965,11.95199187571592,-0.024663055191762373,0.7834051912133227,0.6210217710262866,10.765676307871843,-0.12275517765645369,0.6141364165153784,-0.779594528115855,10.554782092215747,57.54374566529316,50.01588862135398,54.03349522460283,18.548737188965738,5.1085878549666806,59801.0,155513.88765739708, 0.0, 0.0,0.0,NaN, 122.0676766017386,122.0676766017386,0.0, 142.35985196232298, 2.891427693022575, -2.5966455312574164, 2.891427693022575, 114.4495148626887, 1.9443145496236, -2.5966455312574164, 1.9443145496236, 113.343954352199, 6.533469479153606, 4.377972149724116, 15.0, 0.0
44, 0 ,1.0,1.0,1.0,10.125112492841364,167.51507404074286,161.71465679456762,6.704452148815324,15.892876668708373,11.564077726406804,27.0,69.0,66.0,0.0446134429832543,0.9818756738018044,0.18420043947133413,16.0418596273293,9.743020745807823E-4,-0.18442670268537448,0.9828457875333587,11.375140505562896,-0.9990038495624769,0.043668667633135545,0.009184553690809052,6.67278197311076,74.24105031680449,65.59578576719737,28.23707304831973,19.54222781939036,7.025840372522673,48892.0,137511.72293348968, 0.0, 0.0,0.0,NaN, 51.220658155951675,51.220658155951675,0.0, 44.949678615754415, 9.307090977926341, 1.8301448987079956, 9.307090977926341, 252.58352880677498, 23.10678225358738, 1.8301448987079956, 23.10678225358738, 133.72789366237797, 7.712352954312656, 4.776292848399118, 6.0, 0.0
45, 0 ,1.0,1.0,1.0,118.05086134954698,178.36404685264665,31.479390200286122,10.447675883346546,10.882488418379523,14.062070475952673,57.0,46.0,61.0,0.1252777063322906,0.1312848359033253,0.9833970653596429,14.16395021992599,-0.06807426776186094,-0.9877325462714419,0.14053580008247565,10.81922053194617,-0.9897835068159136,0.0845500378354264,0.11480374879428437,10.375514100942581,64.67142517246069,50.29515039272863,56.6534784811368,19.732546849848653,5.995907473337986,67104.0,184274.44978803882, 0.0, -2.8421709430404007E-14,3.552713678800501E-15,86.57263718540045, 90.41420132660308,90.41420132660308,0.0, 109.15393136346104, 2.1613541382319585, 11.363254668073928, 2.1613541382319585, 118.42855417616445, 10.696992381933196, 11.363254668073928, 10.696992381933196, 197.74182607065984, 6.257767851686955, 4.17920543684982, 8.0, 0.0
46, 0 ,1.0,1.0,1.0,16.034203222312485,150.00150622799893,60.8391551584078,10.278087301759037,10.26744721329008,13.513076057033821,40.0,49.0,66.0,-0.10563488889196163,0.0621681667306763,0.9924597670909031,13.553182857595095,0.6923108694012395,-0.7118398844206548,0.11827780458263563,10.604810285955729,-0.7138255601739701,-0.6995849469459268,-0.032155429541246956,9.874816889995339,65.62617101595909,52.48093004094919,53.25669134979725,18.97370424465162,5.801837865708086,59088.0,183422.56841783834, 0.0, 0.0,-7.105427357601002E-15,7.040496369201053, 80.36384667767008,80.36384667767008,0.0, 105.63907858258034, -7.9335067033381055, -7.810451065786431, -7.9335067033381055, 105.42047227769824, 4.058342052377883, -7.810451065786431, 4.058342052377883, 182.6032245231807, 6.9591386341170836, 4.399159988048541, 10.0, 0.0
47, 0 ,1.0,1.0,1.0,120.72239188257315,152.84256066725774,110.44772272025745,12.270809051111312,12.370808303273899,9.287964254407486,66.0,56.0,45.0,-0.5809845824985893,-0.8137446700708321,0.016629095894037584,12.486133642007617,0.8111272057416857,-0.5771846411249975,0.09450156694517327,12.177214744116872,-0.06730208766914339,0.06839226550364522,0.9953858181703483,9.256772687385448,58.399418353753646,60.11627800416891,44.940048127017974,18.962427863875114,5.5047490718174075,60906.0,157773.52872867984, 0.0, 0.0,0.0,NaN, 128.56272243239664,128.56272243239664,0.0, 150.57275476883532, 3.8901752825993436, 4.119841981974071, 3.8901752825993436, 153.03689807635044, -4.364476190119991, 4.119841981974071, -4.364476190119991, 86.26627999115121, 6.629506281343065, 4.418013543913581, 14.0, 0.0
48, 0 ,1.0,1.0,1.0,112.60420918104425,30.06530208397749,65.03188835982108,9.421188617800821,13.011402031811265,9.668320545444924,44.0,57.0,52.0,-0.2626800197909702,0.9648602428659607,0.006627136580405065,13.257228184458725,0.14583185789267855,0.032910938051955885,0.9887618213604883,9.681609681417457,-0.9537988658130109,-0.2606944224435579,0.14935240768275118,9.057821747912215,58.70768980333537,54.430984682754826,42.722843347631354,17.95462711558144,5.400293058297583,48513.0,136521.58777583105, 0.0, 0.0,0.0,NaN, 113.00926132806869,113.00926132806869,0.0, 88.75879497217973, -23.694641326768853, 1.5224020035233015, -23.694641326768853, 169.29658283342232, 0.9795926385935005, 1.5224020035233015, 0.9795926385935005, 93.47642216947246, 6.5359182124734945, 4.197685451033425, 8.0, 0.0
49, 0 ,1.0,1.0,1.0,142.11323320158104,37.308379446640316,127.59606324110672,12.660136949105626,9.74677006104218,11.961289882289938,60.0,45.0,63.0,-0.9885796392129977,0.13799449229691252,-0.060562505143169465,12.720155312157106,0.034778186108384825,-0.18211901248011556,-0.9826612555017511,12.026140596297243,-0.14663142468280665,-0.9735451635075713,0.1752399495163862,9.587525282042389,57.63739296385741,62.558350692375825,44.51408095642116,19.20078600029877,5.448014942329602,63250.0,160504.43247818912, 0.0, 0.0,0.0,NaN, 99.92558734125534,99.92558734125534,0.0, 160.2790675701095, -9.866997843428274, 2.382592807386379, -9.866997843428274, 94.9995266228282, 8.848565794185275, 2.382592807386379, 8.848565794185275, 143.07245564817165, 6.835839545479405, 4.5512470193118775, 11.0, 0.0
