// Sample: .//bubblelabels.tif, Map: .//bubblelabels.tif, Thickness:(8.191250068658265):/gpfs/home/mader/Foam/NewValid/InSilicoTest/LatticeData_Phi_6.65/out_Step_06000.vtk/distmap.tif, Neighbors:(1.0):
//LACUNA_NUMBER, TRIANGLES, SCALE_X, SCALE_Y, SCALE_Z, POS_X, POS_Y, POS_Z , STD_X, STD_Y, STD_Z,PROJ_X, PROJ_Y, PROJ_Z, PCA1_X, PCA1_Y, PCA1_Z, PCA1_S, PCA2_X, PCA2_Y, PCA2_Z, PCA2_S, PCA3_X, PCA3_Y, PCA3_Z, PCA3_S,PROJ_PCA1, PROJ_PCA2, PROJ_PCA3,OBJ_RADIUS, OBJ_RADIUS_STD, VOLUME, VOLUME_BOX, Mask_Grad_X,Mask_Grad_Y,Mask_Grad_Z,Mask_Angle, Mask_Distance_Mean,Mask_Distance_COV, Mask_Distance_STD, SHAPET_XX, SHAPET_XY, SHAPET_XZ, SHAPET_YX, SHAPET_YY, SHAPET_YZ, SHAPET_ZX, SHAPET_ZY, SHAPET_ZZ, Thickness, Thickness_STD, Neighbors, Neighbors_STD
1, 0 ,1.0,1.0,1.0,182.38448323848095,34.87848978377497,20.717487067765866,11.746095338790278,18.259897752675073,13.90104885101405,50.0,82.0,64.0,0.1891237627883909,0.9702657634278029,0.15105148350354747,18.477387393109755,-0.47776378405363995,0.22531424191163488,-0.8491026198514127,14.860579144160225,-0.8578892521739082,0.08841855411420907,0.5061701199131031,10.11845459689752,94.34161730877256,77.56304598750616,56.34839276194292,24.395796086151968,8.335401257719822,104197.0,412325.03658353764, 0.0, 0.0,0.0,NaN, 44.22702511785412,44.22702511785412,0.0, 137.9707557079507, 31.11102951411669, 54.881657179105204, 31.11102951411669, 333.4238659381482, 12.370405134168768, 54.881657179105204, 12.370405134168768, 193.23915915827902, 10.124522211241404, 7.034362229854452, 8.0, 0.0
2, 0 ,1.0,1.0,1.0,60.577998457815,83.11090360452314,33.1135912853176,16.472991287041435,18.034510634952923,17.61129657291204,79.0,85.0,72.0,-0.05935575633775138,0.7689606155178462,0.6365347327302643,18.837416037197325,-0.5481344239225487,-0.5580332158995486,0.6230149141584839,16.97879715001911,-0.8342814558053347,0.31192707759222127,-0.45461626759730844,16.23677884139217,94.77995854200242,89.70147102744255,79.73652594092447,28.978974821428874,8.184118832411869,224357.0,677912.1058588971, 7.105427357601002E-15, 0.0,0.0,86.59716558294794, 108.04455619292642,108.04455619292642,0.0, 271.359441942943, 3.3755543280246174, -11.8629964329057, 3.3755543280246174, 325.24357384223015, 36.078444718189736, -11.8629964329057, 36.078444718189736, 310.15776697906335, 10.552570908071374, 6.712927511866583, 21.0, 0.0
3, 0 ,1.0,1.0,1.0,56.384287089190764,151.7702466038718,14.266956974487622,15.752707653533264,21.783067567367958,9.528832440037348,82.0,89.0,41.0,0.19493781982616065,-0.9805546717628781,0.022622601208043096,21.994838593222667,0.9660635422255827,0.19594008091221632,0.1683113694159551,15.605750358395172,-0.16947117390277108,-0.010955381148502977,0.9854742517386781,9.280954139636897,96.22450881783162,72.74014422315906,44.29065147210298,26.889687740697212,9.507532379138949,126762.0,310007.30601742375, -7.105427357601002E-15, 0.0,0.0,78.75890877640761, 75.5568858842098,75.5568858842098,0.0, 248.1477984176855, -46.212193108458436, 27.347278560623852, -46.212193108458436, 474.50203264451784, -3.62966145276191, 27.347278560623852, -3.62966145276191, 90.79864767030813, 10.019462413790691, 6.648829994338466, 12.0, 0.0
5, 0 ,1.0,1.0,1.0,167.2995835730795,184.98237743687767,82.844898038795,17.77575026103419,8.56916955877232,17.574794366745923,73.0,35.0,80.0,-0.7358380236942224,-0.024564154641404927,0.6767119070864165,18.941263035046365,0.6743387827213735,0.06450700712905615,0.7355991110306677,16.342026607918825,0.06172203013217791,-0.9976148797697464,0.03090214650080919,8.511643923844023,87.81287872014649,79.99235601431812,36.61498716931345,25.029388498698015,8.474141412810969,102539.0,257196.81675291105, 0.0, 0.0,0.0,NaN, 90.32233031205932,90.32233031205932,0.0, 315.97729734265704, 13.640979017901119, -46.038028680343324, 13.640979017901119, 73.4306669269902, 4.475162920996937, -46.038028680343324, 4.475162920996937, 308.8733970334042, 10.696840516633674, 6.798762085340444, 12.0, 0.0
6, 0 ,1.0,1.0,1.0,14.242737198943592,113.89417793369861,142.50304702589776,9.11765593898627,18.276497807590896,19.699129183429363,37.0,93.0,103.0,-0.043242819127987636,0.24075586844603353,0.969621921370727,19.79597917030535,0.05305292788173279,-0.9686070382899176,0.24286990801334316,18.206802234584497,-0.99765497314304,-0.06194366137088025,-0.02911249523709534,9.047058836860211,95.00975139915805,95.91795013457295,39.04407544530639,26.794770860032955,9.341197304229475,126845.0,355814.14901305456, 0.0, 0.0,0.0,NaN, 104.51300281753392,104.51300281753392,0.0, 83.1316498217316, -16.056003299920125, -9.782788583920185, -16.056003299920125, 334.0303721108748, 13.64812487862061, -9.782788583920185, 13.64812487862061, 388.05569058543836, 11.221419155951288, 6.9128023574893165, 16.0, 0.0
7, 0 ,1.0,1.0,1.0,57.86289721991251,148.81430895484618,184.7959871298941,18.621718637810606,22.22661875152448,8.743751123450396,92.0,94.0,39.0,0.10096076479816721,0.9936036243147333,0.05058420425385767,22.289494378540027,0.9930818308938467,-0.09758253900143707,-0.06531558183587284,18.60675065686064,0.059961663751890076,-0.056828565270116274,0.9965817141857689,8.614606212862627,97.84018376186609,91.26829090574668,43.09306678740961,28.385292939676773,10.560270573662901,138305.0,384808.43229840137, 7.105427357601002E-15, 0.0,0.0,84.20550174078225, 78.73532783831185,78.73532783831185,0.0, 346.7684050257829, 16.03532718557811, -15.484635349719133, 16.03532718557811, 494.02258112561964, 22.974292624778712, -15.484635349719133, 22.974292624778712, 76.45318370884006, 9.259936282205365, 6.414730888353699, 18.0, 0.0
8, 0 ,1.0,1.0,1.0,183.5672443386302,176.5853828691656,137.2659653396822,10.750805686998193,14.533540002719766,15.758769237077924,43.0,60.0,77.0,0.02869721091560129,0.46899565771581997,0.8827341293557032,16.265696490045848,-0.3567520251689462,0.8297450706745779,-0.4292448138639472,14.447393093499258,0.9337582463483367,0.30259905937551185,-0.19112651998488966,10.091697889519974,78.24348322888957,73.02159826875746,54.02375623686763,22.796677189079368,7.446739214892755,90305.0,308662.7971812225, 0.0, 0.0,0.0,NaN, 68.9480881444279,68.9480881444279,0.0, 115.57982291959269, -29.449147195316048, 20.489983118042154, -29.449147195316048, 211.22378501065566, 29.30169175846728, 20.489983118042154, 29.30169175846728, 248.33880786747355, 10.578959512036343, 6.754451391737678, 7.0, 0.0
9, 0 ,1.0,1.0,1.0,81.40449528375075,21.92566356530253,43.025333454605764,17.34643509006428,13.64965069291749,19.70307621260382,94.0,56.0,86.0,-0.3289735572953119,0.06460238930950087,0.9421268120035499,20.046772121639496,0.9400459069337116,0.11742611766440231,0.3201949402277335,17.017736325818678,0.08994493569759301,-0.9909781219511207,0.09935929929597072,13.562690163095212,95.65903296058514,90.22004413636733,62.09116300021635,28.232350304321066,8.851970566282251,186907.0,535869.2246051596, 0.0, 0.0,0.0,NaN, 94.64991227709115,94.64991227709115,1.9073486328125E-6, 300.8988103338133, 7.031545407461534, -35.74053558811935, 7.031545407461534, 186.3129640386629, 17.236416950773414, -35.74053558811935, 17.236416950773414, 388.2112122396744, 9.570516710047121, 6.185452201391047, 14.0, 0.0
10, 0 ,1.0,1.0,1.0,51.8046759225955,183.23982447305949,121.80641680454643,14.675238023276885,9.684300457929757,12.597217283609908,62.0,36.0,58.0,-0.9707651210461017,0.02521681321246155,0.2387031463800926,14.804843712504985,-0.2344370524603927,0.11384428821092352,-0.96544225434535,12.480556167284645,0.05152036678859431,0.9931785289529557,0.10460430886351069,9.637971264396112,63.253609767119116,62.33736817574406,41.170397473914136,20.670695122300256,6.3687151648263685,69505.0,162337.49405059923, 0.0, 0.0,0.0,NaN, 95.28307501378889,95.28307501378889,0.0, 215.36261103983165, -4.769658915959221, -15.034617444234096, -4.769658915959221, 93.78567535945848, -6.150264897704991, -15.034617444234096, -6.150264897704991, 158.6898832904802, 10.911893020972581, 6.5633837360724065, 9.0, 0.0
11, 0 ,1.0,1.0,1.0,169.74096228400782,95.32271324872046,16.574689897726966,16.1143958560606,15.822977815183034,10.413379822561605,68.0,76.0,41.0,0.8061038677975327,0.5779903716845688,0.12697907135347947,16.52230024221924,0.5810610405807034,-0.8137186294445716,0.015167702994142461,15.484893387868865,-0.11209202220108327,-0.061555847283441704,0.9917894213108392,10.281562699649685,80.14203985353376,71.49219228204826,44.494639074769765,23.782822174440337,7.270228984940765,111173.0,254933.37489466203, 0.0, 0.0,0.0,NaN, 101.37430330118889,101.37430330118889,0.0, 259.673753805823, 14.545559588539204, 18.303697117778025, 14.545559588539204, 250.36662693977448, 10.622083154536043, 18.303697117778025, 10.622083154536043, 108.43847932893317, 9.620946561005969, 6.0854852171431, 12.0, 0.0
12, 0 ,1.0,1.0,1.0,88.5193251288463,178.802619814345,81.1762922793984,16.52772486635511,11.709481794058101,17.51992383994376,83.0,53.0,84.0,0.6337582321617385,-0.04425177866066561,0.7722643868861203,19.41514315258616,0.772712683354478,-0.009698287801050117,-0.6346818511639122,14.27033722847988,-0.03557544308017008,-0.9989733346286556,-0.028047540900302072,11.68910074602785,89.36718707184997,69.9231131827003,54.90830726871437,25.574695938225737,7.947346234308222,137567.0,343112.78403685096, 0.0, 0.0,0.0,NaN, 121.96142946125187,121.96142946125187,0.0, 273.16568925793314, -7.241705967102853, 84.75374418992133, -7.241705967102853, 137.11196388537812, -7.800011163560116, 84.75374418992133, -7.800011163560116, 306.9477313574298, 10.35111996139544, 6.320735262533463, 16.0, 0.0
13, 0 ,1.0,1.0,1.0,154.9348666503548,181.53765598238317,181.953290922437,17.835057433975066,11.875152424497255,10.66488539936617,79.0,54.0,47.0,-0.9928459886444523,-0.11499739390525972,-0.032131639043449664,17.916925749713393,0.07353991318658377,-0.8009449031754398,0.5942046307845428,12.968739724273707,-0.09406765650918346,0.5875907261625932,0.8036718326074307,9.145701777509943,80.4791232268133,70.9580226787875,49.6252560903003,22.628554915107504,7.797230393788453,81740.0,283391.9452000681, 0.0, 0.0,0.0,NaN, 51.936577659452404,51.936577659452404,6.743495761743046E-7, 318.0892736731893, 22.12213702532669, 11.26699682983932, 22.12213702532669, 141.01924510504304, -39.35967983189709, 11.26699682983932, -39.35967983189709, 113.7397805816137, 10.286482558855734, 6.645373612232185, 8.0, 0.0
14, 0 ,1.0,1.0,1.0,21.639738981291032,45.08349707241101,57.3110144375152,12.484796605619417,16.83223411696173,17.079850879641963,54.0,85.0,83.0,-0.2681842719895688,0.6133969068032383,0.7428468422101852,17.325114455856923,0.09987422584971431,-0.7492359369816125,0.654729447746323,16.959382933419747,-0.9581765678977672,-0.2497793935846273,-0.13967075310225344,11.963916471281115,80.1022803774984,77.2936029588559,63.62383404542785,25.916354294141502,7.697930749441922,152173.0,393920.2151784053, 0.0, 0.0,7.105427357601002E-15,42.02550916662517, 76.06150397746269,76.06150397746269,0.0, 155.8701462836861, -36.64277843964619, -21.834369871833772, -36.64277843964619, 283.32410536821044, 0.6728411121349926, -21.834369871833772, 0.6728411121349926, 291.7213060708063, 10.987921203743577, 6.260817369093807, 13.0, 0.0
15, 0 ,1.0,1.0,1.0,133.36541809583204,117.9370452655649,116.52142448809894,13.051936827513188,16.464751515587405,18.155471626251675,68.0,84.0,87.0,-0.09652178901765582,-0.07383173015584199,-0.9925887465949962,18.185658867066007,0.37952349148637354,0.9191728609444567,-0.10527664087144208,17.10390903056172,-0.920133394489529,0.38687223643649743,0.060699332943611184,12.157316925869598,87.54193403440874,82.69460398658386,65.55466845138955,26.635045971588795,7.850896348982214,153936.0,474566.3429956648, 0.0, 0.0,0.0,NaN, 134.69657981844,134.69657981844,0.0, 170.35305494939502, 51.79692383046687, 11.741492250805145, 51.79692383046687, 271.08804247003775, -0.6013919764436253, 11.741492250805145, -0.6013919764436253, 329.6211499716296, 9.276673600728905, 6.196752018383824, 26.0, 0.0
16, 0 ,1.0,1.0,1.0,78.03156180343633,91.63001317391232,159.25049888549813,14.23238683713882,17.220507533652135,18.31579397834957,76.0,83.0,84.0,0.07111631119581219,0.04663613101087462,0.9963772084738977,18.332328422297874,-0.2293718495153345,-0.9713725958504082,0.06183716261887848,17.38449360702983,-0.9707373614587085,0.23293851402285437,0.05838342018937759,14.01000144539704,85.29990780104914,82.91989764240364,76.86463808884072,27.660715064235376,8.334258574758525,179901.0,543668.1681618317, 0.0, 0.0,0.0,NaN, 127.06496681940163,127.06496681940163,0.0, 202.56083508196238, 24.067763854556905, 8.40299757826878, 24.067763854556905, 296.54587971656997, 0.13231975540821184, 8.40299757826878, 0.13231975540821184, 335.4683090573464, 9.959441357893636, 6.315707001474509, 21.0, 0.0
17, 0 ,1.0,1.0,1.0,119.39136918791515,50.496070280694234,14.12467109492179,16.89042413115726,18.533942697427914,9.294079544819718,79.0,93.0,39.0,-0.5537712901336885,0.8321418491593005,0.029619269089745538,19.768505852081418,-0.8316816616836264,-0.55103314066579,-0.06832343307502847,15.459124562336587,-0.04053358906921825,-0.062469358614735286,0.9972234490782048,9.240942482763419,98.16312526044096,71.44617859186172,42.286995648791205,25.370325676228468,8.456946784091839,116675.0,296574.77709124173, 1.4210854715202004E-14, 0.0,0.0,56.37387406360633, 96.16189894512029,96.16189894512029,0.0, 285.2864273303795, -70.34509584081745, 3.7182270734312084, -70.34509584081745, 343.50703191154145, 13.309707835414626, 3.7182270734312084, 13.309707835414626, 86.3799145854363, 9.509640993322527, 5.887997172335987, 8.0, 0.0
18, 0 ,1.0,1.0,1.0,49.121438501057725,13.084799032940465,118.97247506799637,15.764326579052366,8.369820250272284,15.713244928784789,69.0,34.0,73.0,-0.7264845031095246,0.09060643370540333,0.6811833386929655,16.83137807110449,0.6736248539476231,-0.10203802044385515,0.7319957640095622,14.678254819762312,-0.13583012510393486,-0.9906456059333669,-0.013094294908916287,8.168690065030814,82.91322900129236,77.9269884463207,38.15401853265571,22.54151481657964,7.573246297246055,82725.0,246519.91425188252, 0.0, 0.0,0.0,NaN, 95.65347606204442,95.65347606204442,0.0, 248.51399249101684, -24.477967858385497, -33.838482738387256, -24.477967858385497, 70.05389102186798, 2.2580971580296776, -33.838482738387256, 2.2580971580296776, 246.90606619198087, 8.636625195313307, 5.688650047861421, 9.0, 0.0
19, 0 ,1.0,1.0,1.0,15.489199925958623,97.81001267246657,23.162990702111603,9.416823298563607,13.259512386322712,14.574004486593456,38.0,60.0,58.0,-0.05681877742068758,0.2608943202916888,0.9636938207604925,14.723711551761795,0.32369928228907213,0.9179247991285915,-0.22941847743866273,13.526591027143349,0.9444524345767545,-0.2989117207208048,0.13660666908233177,8.782738175511277,64.68463014979355,65.42004346472137,43.84890068685221,20.873446284716305,6.418105385058745,70231.0,185554.13527025297, 0.0, 0.0,0.0,NaN, 101.70171105542175,101.70171105542175,0.0, 88.67656103637036, 29.375936475517772, -15.506099465370697, 29.375936475517772, 175.8146687230454, 12.824333769108748, -15.506099465370697, 12.824333769108748, 212.40160677524617, 11.000199000089774, 6.522694513233965, 5.0, 0.0
20, 0 ,1.0,1.0,1.0,186.58926602767798,27.980000259400008,172.0936174628085,7.929076019004203,15.488420539459273,15.076879060013958,32.0,71.0,59.0,0.010364083177400974,0.7821447208302044,0.6230106110310916,16.187949366827038,-0.04689812339011964,-0.6219782438102957,0.7816288315109323,14.334908426972486,-0.9988459099392542,0.03731889473312395,-0.0302348853730419,7.90786919466529,80.69562524362003,73.63282384529795,33.612695878044406,21.88074100428692,7.162881586057271,77101.0,199721.48805243467, 0.0, 0.0,0.0,NaN, 41.73121597203324,41.73121597203324,0.0, 62.870246515147535, 5.787261490962264, -3.952041117336749, 5.787261490962264, 239.89117080714388, 27.72216129657986, -3.952041117336749, 27.72216129657986, 227.3122821902874, 8.836697710947131, 5.641249665471792, 9.0, 0.0
21, 0 ,1.0,1.0,1.0,22.736053007445722,178.33601244052298,41.32022514642124,14.692225664891247,12.64328334553548,17.26208328562145,65.0,54.0,74.0,0.337373669137094,-0.3074522790830513,0.889748337149113,18.362559364042944,-0.9093301893136843,-0.3509279466199275,0.22353564164101583,14.325735397931217,0.2435110144854109,-0.8844900634646833,-0.3979694880974256,11.45789452795647,86.56808152388251,76.05193994323146,65.79132924656517,24.655600531530773,8.111411130800965,118323.0,433148.43595430115, 0.0, 0.0,0.0,NaN, 51.90007196031138,51.90007196031138,NaN, 215.86149498808905, 2.2387448300835695, 46.77635752599061, 2.2387448300835695, 159.85261375549481, -62.12555049628149, 46.77635752599061, -62.12555049628149, 297.97951935973146, 10.000200349360778, 5.967066337503894, 8.0, 0.0
22, 0 ,1.0,1.0,1.0,110.23569060427874,70.37749437007382,61.18802389590892,13.112540201737033,14.305647835464253,15.72994483755546,62.0,68.0,69.0,-0.22350709261936166,0.20627347908924462,0.9526257561987597,15.954063009697796,0.17403524577479926,0.9700904296640684,-0.1692226093117847,14.24996322897881,-0.9590392655032146,0.1279680041987161,-0.2527209471422029,12.9006920970301,68.99255432908043,67.46067993128308,59.269203220888386,24.043874939169072,6.775951079843356,127888.0,275855.74130095425, 0.0, 0.0,0.0,NaN, 129.4395504603862,129.4395504603862,0.0, 171.9387105421699, 2.1229244706090826, -19.83792393555662, 2.1229244706090826, 204.6515599923231, 11.298798717449623, -19.83792393555662, 11.298798717449623, 247.43116459253764, 9.265249736818436, 5.743204857427012, 10.0, 0.0
23, 0 ,1.0,1.0,1.0,141.32489624628346,40.245981479187314,86.27055717294351,15.28554253383054,12.570883761513574,16.628498434208247,88.0,65.0,86.0,-0.38500931602844723,-0.013956339708539923,0.9228071559937358,16.888070552647818,0.8731414731878152,0.318412431007346,0.36910363257411083,15.280431072672025,0.29898460557480083,-0.947849536773602,0.11040589326366934,12.226339947735912,76.99442698566341,77.74594521862,62.6346722643709,24.760072464894872,7.424331674205428,129152.0,374931.4301912965, 0.0, -7.105427357601002E-15,0.0,89.20033467609261, 111.82627535898084,111.82627535898084,0.0, 233.64781055354257, 24.08516609229298, -21.14699617143998, 24.08516609229298, 158.02711854548565, 8.125260694164608, -21.14699617143998, 8.125260694164608, 276.50696017646607, 8.920816082028097, 5.681927640335474, 15.0, 0.0
24, 0 ,1.0,1.0,1.0,55.47469227504244,77.64995907106476,93.00916353383458,14.14881073908248,15.521523128779403,14.229131419241378,70.0,76.0,63.0,-0.13503951341514026,0.8622590754962233,0.4881327857673563,16.244342092038185,-0.8558586146971997,0.1467303375868193,-0.49595991741293805,14.437934298576401,-0.49926982831450206,-0.48474683573599087,0.7181574644733227,13.085950851981664,78.17996158181407,71.8812989238065,63.19410250616269,24.40230283911917,6.935583801056357,131936.0,355130.45628986444, 0.0, 0.0,0.0,NaN, 133.25787829622783,133.25787829622783,0.0, 200.18884533037573, -15.459588638898424, 9.689024201426943, -15.459588638898424, 240.91768023723398, 36.2824414828649, 9.689024201426943, 36.2824414828649, 202.46818094604214, 8.58656672998362, 5.55513596593832, 11.0, 0.0
25, 0 ,1.0,1.0,1.0,117.60719391249962,150.98175834648717,159.0465050480984,16.557888798329596,13.017153966046765,14.89489177356207,77.0,68.0,77.0,-0.9359221551840838,-0.35218705497702013,-0.003741355662515841,17.072046032112,0.02087629875765222,-0.066075548300531,0.9975962119349521,14.906165522195202,0.35158768406439,-0.9335942910190688,-0.06919393174868096,12.321495586255374,84.28164383788707,78.35936165387317,64.05649993933659,24.750717518760844,7.271159610836987,134308.0,423045.51191030303, 0.0, 0.0,0.0,NaN, 104.2523441393528,104.2523441393528,0.0, 274.16368145784867, 45.929532306978125, 1.9545780357278006, 45.929532306978125, 169.44629737576702, -4.454865403640618, 1.9545780357278006, -4.454865403640618, 221.85780094612704, 9.239208446959564, 5.773222491932999, 16.0, 0.0
26, 0 ,1.0,1.0,1.0,174.85961731535906,60.97577760232379,113.81741088399568,14.314460015002052,12.082376716230767,14.82559753791978,62.0,57.0,76.0,-0.6217181847862501,0.0032659178538949896,0.7832342130465586,15.650525535882725,-0.7245279528142274,0.37747244401407853,-0.5766921185527534,13.656354477205607,0.29753276172030946,0.9260150580798403,0.2323152339225205,11.800464729576118,84.36394673032413,73.32866471487472,60.67932990771338,22.876789617236778,6.880293002413041,102591.0,375380.26942314114, 0.0, 7.105427357601002E-15,1.4210854715202004E-14,53.70897847520399, 108.52429664584918,108.52429664584918,1.9073486328125E-6, 204.9037655210925, -13.135614732006951, -31.724485076163557, -13.135614732006951, 145.98382711291538, -10.014209179686683, -31.724485076163557, -10.014209179686683, 219.79834235637304, 9.544004253455064, 5.63339041626214, 11.0, 0.0
27, 0 ,1.0,1.0,1.0,183.79226656902233,20.096052727938485,114.81914317099964,10.287313568550944,11.350845150357667,15.884311146727681,42.0,43.0,81.0,-0.23126088515757648,-0.3133618629618421,0.9210443777784094,16.648728223366863,-0.26870814820854577,-0.8893093423800208,-0.37003354529278826,10.73456324880153,-0.935047771016256,0.333066414393135,-0.1214595797820492,9.724754346156777,91.61912607717497,53.135024422655604,47.35480768945965,20.82003626863228,7.31491192455012,68275.0,230531.94087448256, 0.0, 0.0,0.0,NaN, 89.00741726584573,89.00741726584573,0.0, 105.82882045769237, 18.1704037472038, -36.84181753798243, 18.1704037472038, 128.8416856273982, -45.90605552420954, -36.84181753798243, -45.90605552420954, 252.31134060605723, 9.254052183570026, 5.837081054332351, 7.0, 0.0
28, 0 ,1.0,1.0,1.0,11.407826518191245,24.744390845017506,170.52357122462166,7.123043913525555,14.048218354384312,16.060200556212124,29.0,52.0,61.0,0.03246783996250573,-0.29240050059494255,0.9557446241648431,16.256899863350288,0.04013203415927579,-0.9550961956841069,-0.29356545577432297,13.83649651481186,-0.9986667408111717,-0.04788741214112838,0.01927528355220406,7.091178072847314,72.69241246033542,65.75155201564067,29.024363910927683,21.335859188347946,7.1275064452592165,66543.0,138725.97992919333, 0.0, 0.0,0.0,NaN, 40.140792686618504,40.140792686618504,0.0, 50.73775459401345, -7.442454935186048, 4.9775832785750795, -7.442454935186048, 197.35243893246027, -20.225066153320558, 4.9775832785750795, -20.225066153320558, 257.9300419057562, 8.579186102359126, 5.216355725379513, 5.0, 0.0
29, 0 ,1.0,1.0,1.0,98.38631560288523,184.755355268002,141.79627483330833,13.151040845626765,9.234522691238261,14.987825155092485,63.0,37.0,63.0,-0.31092195349028345,0.04933701307583149,0.9491540433346645,15.234234964830138,-0.9201284008925353,-0.26580350147156057,-0.2875973304403288,13.135440481646304,0.23809927490173455,-0.9627639158933066,0.12804053086837403,8.84530813072305,69.91375554400565,66.83482519800106,42.28470853925434,20.98498809162895,6.5185475630764,73339.0,197582.64257402899, 0.0, 0.0,0.0,NaN, 115.32536544141168,115.32536544141168,0.0, 172.94987532334355, 20.703408480439744, -20.446516295248976, 20.703408480439744, 85.27640933499433, 14.412928497242154, -20.446516295248976, 14.412928497242154, 224.6349028796231, 9.468618864339469, 5.603817341101777, 7.0, 0.0
30, 0 ,1.0,1.0,1.0,175.6278635346756,150.22061521252797,92.55786353467562,14.42448374997923,11.036811400286425,13.911919579895596,60.0,51.0,67.0,-0.7682055797219745,-0.1109235291184365,0.6305205452417363,15.28228192172039,-0.6386783043673957,0.20072123099291697,-0.7428330976464876,13.100715637820851,0.044161191270318,0.9733483231179885,0.22503962110923265,10.873893174866307,75.62363189590408,65.9314523234087,52.48038872048343,21.89823182482743,6.624642381480595,89400.0,261665.95237889746, 0.0, 0.0,0.0,NaN, 107.88394823979715,107.88394823979715,0.0, 208.06573145341483, 2.9814725671766844, -30.52242100743704, 2.9814725671766844, 121.81120588549238, -16.024650363472066, -30.52242100743704, -16.024650363472066, 193.54150639748244, 9.410064338229313, 5.5425210498150514, 8.0, 0.0
31, 0 ,1.0,1.0,1.0,20.091947931821906,75.48755624500178,175.2852476707102,11.711077246415494,15.470381298898655,14.18064178215681,48.0,72.0,58.0,-0.008641116928152413,0.8253331077620786,0.5645800141078529,16.52089290660644,-0.05418108261798081,-0.5641581414217551,0.8238871292561223,12.945392131711738,-0.9984937362770872,0.02347025136933633,-0.049592397765006554,11.706816359853438,82.83086608729485,66.78533075888001,49.8542439729241,22.961087104223775,7.096556076778665,103787.0,275788.03359367186, 0.0, 0.0,0.0,NaN, 81.93214571970813,81.93214571970813,0.0, 137.1493302715107, -0.03583058808954253, -2.0259485149545324, -0.03583058808954253, 239.33269753331322, 49.12825206785721, -2.0259485149545324, 49.12825206785721, 201.09060135385147, 8.53862657204641, 5.146760076846981, 8.0, 0.0
32, 0 ,1.0,1.0,1.0,88.91226714739463,33.81756373937677,104.62114344578934,13.234346279835782,14.97141032111117,13.936341211016195,67.0,68.0,62.0,-0.4146461652537688,0.7385713511638091,0.5315834053847154,16.567732504440183,-0.17011748603278615,-0.6367847074080496,0.7520407418199699,12.840414856947179,-0.8939399300770883,-0.2213991771694545,-0.3896842385348158,12.415580565175034,82.72193383523543,64.24280503006503,63.454247577782354,23.40816109523035,6.750603598736157,116490.0,337214.2141628386, 0.0, 0.0,0.0,NaN, 134.70762838141414,134.70762838141414,0.0, 175.1479214546032, -35.69225254170795, -27.89860858429088, -35.69225254170795, 224.14312700307406, 42.10990248527689, -27.89860858429088, 42.10990248527689, 194.22160634986835, 8.266883858199979, 5.220582081908228, 10.0, 0.0
33, 0 ,1.0,1.0,1.0,105.1492694207926,161.44773818283753,18.0651389326886,11.148182840447937,17.57253888073933,11.086808131919158,54.0,83.0,44.0,-0.01682886361250215,0.9965097217247924,-0.08176285132925115,17.611888817991264,-0.7247983769036842,0.04417216115628128,0.6875435499054359,12.200256462485921,0.6887554734354544,0.07083215856347276,0.7215252615993026,9.847260148154279,84.19886709069678,66.06661625398473,54.044742305373504,22.35649100310478,7.495380440063547,85617.0,300636.5385735987, 0.0, 0.0,0.0,NaN, 103.96772204528564,103.96772204528564,0.0, 124.28198064405784, -5.236472826385624, -25.55887820829642, -5.236472826385624, 308.7941227150955, -15.796279195085948, -25.55887820829642, -15.796279195085948, 122.91731455398877, 8.184667116525272, 5.262611661727398, 12.0, 0.0
34, 0 ,1.0,1.0,1.0,153.52151075537768,89.413843285279,68.7574355359498,10.714886569095714,12.721037691567817,14.992509494198924,52.0,62.0,69.0,-0.09435876371369811,-0.25889979802355595,0.9612842026652597,15.215539132021794,0.28604322308284635,-0.9319270390193933,-0.22291538411003237,12.66199516036071,0.9535594885683847,0.2539348115716081,0.16199201595539314,10.467577683181387,69.36584510946872,65.55903764602436,48.22615047420712,21.511697692494092,6.2173786646078,87956.0,219311.21885192872, 0.0, 0.0,0.0,NaN, 121.9945501856013,121.9945501856013,1.3486991523486091E-6, 114.80879418858773, -10.551093631994878, -14.297234617695201, -10.551093631994878, 161.82479995028905, -19.804500585617458, -14.297234617695201, -19.804500585617458, 224.77534093364486, 8.054430155243889, 5.081055947077386, 8.0, 0.0
35, 0 ,1.0,1.0,1.0,152.95326224565707,49.61668776674193,157.55470575183702,12.287391387367519,11.45402366081522,12.546746249413085,55.0,56.0,57.0,0.6787012154738259,-0.19037831274857406,0.7093100578374436,12.915061550191865,0.5366931823908359,-0.530712492481845,-0.6559761263177989,12.334691260506546,-0.5013233368690793,-0.8258936664963072,0.25802047118734167,10.98417330702538,59.3177265612029,60.02662206000679,56.34696119059981,20.20590942201536,5.596133576432777,76619.0,200631.3990590376, 0.0, 0.0,0.0,NaN, 80.47865705938074,80.47865705938074,0.0, 150.97998710635346, -14.932636044678702, 11.128289344644793, -14.932636044678702, 131.19465802251491, 4.732118054604091, 11.128289344644793, 4.732118054604091, 157.4208414471613, 8.209743080956194, 5.033070067047491, 13.0, 0.0
36, 0 ,1.0,1.0,1.0,120.56060666693345,79.20622407192498,178.7716461909907,12.584659822965484,11.993801103119681,12.687512979128192,60.0,55.0,52.0,0.48484225722220764,0.40548842503521176,-0.7749239464451577,13.90741804206382,0.7584642178537792,-0.6361274127903711,0.14168254985030476,12.653502099463953,0.4354997311676891,0.6564457722151099,0.6159699118412992,10.472369425237153,68.73147715533905,59.4507613868995,58.038090577082755,20.61855004838443,6.1703571419177345,74967.0,237151.68497075685, 0.0, 0.0,0.0,NaN, 114.17042590048496,114.17042590048496,0.0, 158.37366285976168, -7.872330212904211, -26.044205776792182, -7.872330212904211, 143.8512649011949, -30.860934145860487, -26.044205776792182, -30.860934145860487, 160.97298559554633, 8.49664165069198, 5.080641931993645, 10.0, 0.0
37, 0 ,1.0,1.0,1.0,48.66715110569936,31.524804587768568,11.030558937900153,12.644051833184893,13.45358329838652,7.497900841777243,59.0,59.0,31.0,-0.5765964709415736,0.8137541892494019,0.07307960848808862,14.187166314967016,0.8075509123296981,0.5812079761808279,-0.10029363100046931,11.884896986393493,0.1240888137311148,-0.0011865508144660933,0.9922704058894278,7.3866773947624775,70.57987953788731,58.93262305526753,33.85904327340673,18.92662137056116,6.23477913445541,50918.0,140835.24932254947, -7.105427357601002E-15, 0.0,0.0,54.788489137961186, 59.025233006947616,59.025233006947616,NaN, 159.87204676026624, -28.151392667553726, -13.203132234582315, -28.151392667553726, 180.9989035666247, 3.6716761078880418, -13.203132234582315, 3.6716761078880418, 56.21851703312389, 8.077844228487068, 4.877273380339458, 2.0, 0.0
38, 0 ,1.0,1.0,1.0,46.33621474067334,22.740606433656264,166.8160894931221,11.992187476091907,13.20432433017214,11.514969774306177,52.0,52.0,55.0,0.35041202214388834,-0.9164358430062629,0.19327897037813313,13.408370802138176,0.7586011184381958,0.3987393920747481,0.5152972349161006,12.084202807866644,-0.5493047950285429,-0.03394470299267041,0.8349323321667391,11.178054630033467,64.02663828523117,65.49655235093361,61.32749219636469,20.39451912226377,5.901259200621648,74732.0,257178.31445146067, 0.0, 0.0,0.0,NaN, 61.362463232767354,61.362463232767354,NaN, 143.8125604617356, -11.233253188086055, 11.953767266978293, -11.233253188086055, 174.35418101637592, -5.38179234030712, 11.953767266978293, -5.38179234030712, 132.59452890318485, 8.03159037218601, 4.886091552542224, 6.0, 0.0
39, 0 ,1.0,1.0,1.0,114.58214247829184,154.67255148585372,61.71554349967419,10.018065480929495,12.468878041567462,13.926603558275366,51.0,55.0,60.0,0.14832460554036261,-0.46650188545464744,0.8719952994475111,14.710689366461525,-0.389269365468077,-0.838107491889083,-0.3821585968514524,12.005549133827389,-0.9091034993329289,0.28275753377522844,0.3059068560754632,9.447076300304492,62.648585329503995,55.89229685754569,48.36125344278078,20.323058262404082,6.062849588112893,65989.0,169340.47520944173, 0.0, 0.0,0.0,NaN, 114.71528355830182,114.71528355830182,0.0, 100.36163598019112, 9.108047321082884, 24.611274552728652, 9.108047321082884, 155.47291961548322, -34.1465022361152, 24.611274552728652, -34.1465022361152, 193.9502866693681, 7.982638957013551, 5.006437685433404, 8.0, 0.0
40, 0 ,1.0,1.0,1.0,35.015341890120865,54.34673711801294,128.0307357866489,14.27709257423519,13.07059192679927,12.354390489320306,70.0,63.0,61.0,-0.9064368775988682,-0.2612311676916674,-0.33185910256502243,14.498550041772283,-0.39147607946706575,0.8145516878549298,0.42807946343848335,13.443516550805473,0.1584886940255039,0.5179419126109915,-0.8406054419446483,11.677783158084589,71.34457195860794,64.79910631749708,53.676793512607276,22.065255920143795,6.358552605063488,96142.0,248151.27875102308, 0.0, 0.0,0.0,NaN, 96.74304623314069,96.74304623314069,0.0, 203.83537237328161, 3.3392956538342493, 14.777398688551257, 3.3392956538342493, 170.84037331691027, 21.868251043417594, 14.777398688551257, 21.868251043417594, 152.630964362608, 8.377612622394354, 4.933236728887245, 6.0, 0.0
41, 0 ,1.0,1.0,1.0,59.045467097451194,143.42646287244912,86.53692044293486,11.92543804803668,12.950568042390659,10.874642986691878,61.0,59.0,51.0,0.4612498088930599,-0.8773714141317746,0.13216662006923696,13.331751492039887,0.8467708773570555,0.4797751587699288,0.22977136089437414,11.585407323452685,-0.2650050849626822,0.005932848531715995,0.9642287624066301,10.781181969076453,59.20392346140598,54.93588428437445,52.50071426986144,19.922188968403198,5.594419724458625,72426.0,170754.367249483, 0.0, 0.0,0.0,NaN, 119.0612064764397,119.0612064764397,0.0, 142.2160726375609, -17.58126007564924, 7.24902550163499, -17.58126007564924, 167.7172126205902, -5.148743016608933, 7.24902550163499, -5.148743016608933, 118.25786008800684, 7.2780716768222256, 4.660075632592993, 11.0, 0.0
42, 0 ,1.0,1.0,1.0,130.62094235433761,119.9995527343414,183.57872735717604,15.236974538073284,10.340107510874098,9.372730397837083,69.0,50.0,37.0,-0.9822352110647515,-0.08629236468441766,0.16663618437108493,15.424057372880522,-4.039224948462367E-4,-0.8870231075821441,-0.46172485688116705,10.678132993264894,0.18765347583032116,-0.453589720355838,0.8712304738680297,8.660670958829085,69.81523985107364,54.61838204903347,43.606358480453,19.62546455948426,6.463159625545884,58131.0,166279.5674448329, 0.0, 0.0,0.0,NaN, 107.15961645002061,107.15961645002061,0.0, 232.16539307389357, 13.820803779415652, -26.654603269935617, 13.820803779415652, 106.91782333643495, 13.636803889684614, -26.654603269935617, 13.636803889684614, 87.84807511053928, 7.730977052315449, 4.952668110396764, 8.0, 0.0
43, 0 ,1.0,1.0,1.0,125.24507925815212,10.420478706608003,42.97776982506368,9.490006496150851,7.102417713341263,18.68696754800897,44.0,29.0,84.0,-0.14206236106364128,0.013643301515327043,0.9897636818416733,18.835324358736617,0.9283132284340284,0.3489119979177698,0.12843273579356945,9.489414583962473,0.3435881771589562,-0.9370561765618919,0.06223251950382284,6.699916713435532,87.5713690707041,48.71304118953336,33.16990011086874,20.452097946900285,8.450976652583726,47503.0,141498.40577928277, 0.0, 0.0,0.0,NaN, 86.85604901635224,86.85604901635224,0.0, 90.06022329698536, 14.026730667487804, -38.187487028259056, 14.026730667487804, 50.444337374783736, 6.208218965416412, -38.187487028259056, 6.208218965416412, 349.2027561403403, 8.33437777063627, 4.582308845022753, 4.0, 0.0
44, 0 ,1.0,1.0,1.0,170.88565988041003,103.72286090546697,121.07668351366742,8.176099133297381,12.736714454273757,16.80311429358823,43.0,54.0,72.0,-0.12110786360481664,0.005473766855074424,0.9926242608608222,16.9005669313477,0.1739779494355456,0.9846228350879305,0.01579701660468545,12.861699421903902,-0.9772740447199446,0.17460787639686332,-0.1201978827471511,7.769470218118776,71.19320346084594,55.93375083100288,39.64864686706275,21.528790063155693,6.923029720224813,56192.0,157884.99179886212, 0.0, 0.0,-1.4210854715202004E-14,6.963181300486545, 127.85078098325815,127.85078098325815,0.0, 66.84859703750618, 17.847493972765243, -26.791345893093034, 17.847493972765243, 162.22389508970608, 2.858043713666523, -26.791345893093034, 2.858043713666523, 282.34464996338903, 9.374775059623559, 5.470527641356446, 9.0, 0.0
45, 0 ,1.0,1.0,1.0,48.51270083475451,183.35056099093438,164.44550758459744,15.118721309367592,9.889501926858712,9.216270582399932,62.0,43.0,42.0,-0.994962454517385,0.033387140181244744,0.09452519754678457,15.161408744012169,-0.08383743129306948,-0.7940960519314542,-0.6019823464363855,10.822059803659034,0.05496361719283594,-0.606874582741273,0.7928948490233018,8.02074387714113,63.25643757079592,52.941500476733665,40.81931782324166,19.319614485472805,6.170099024523584,55705.0,136699.43464726018, 0.0, 0.0,0.0,NaN, 62.40839600979908,62.40839600979908,0.0, 228.57573403032572, -1.9847952948763208, -12.904527360490144, -1.9847952948763208, 97.80224836134218, 25.75515892447715, -12.904527360490144, 25.75515892447715, 84.93964344801039, 8.615404924785906, 5.187772315453811, 6.0, 0.0
47, 0 ,1.0,1.0,1.0,159.66580571100587,51.7321997417133,42.51199598220692,12.58413990130708,12.540648240165755,10.874589019573795,64.0,58.0,56.0,-0.8086839426162117,-0.39164848528184903,-0.4389097229854144,13.864295497726394,-0.20558014927768847,0.8872538787430251,-0.41293747332788844,12.483921136778854,0.551150690081817,-0.24370477761400308,-0.7980231188320588,9.26380834680241,65.85819057792622,57.70312255310902,47.22707264860932,19.977805293477655,5.896814168663493,69690.0,179473.41913294973, 0.0, 0.0,0.0,NaN, 78.16864794436466,78.16864794436466,0.0, 158.36057705566893, 20.925540708631036, 43.71071009363794, 20.925540708631036, 157.26785828357245, -7.367593901335491, 43.71071009363794, -7.367593901335491, 118.25668634463497, 7.5232695311325015, 4.399795191543005, 3.0, 0.0
48, 0 ,1.0,1.0,1.0,8.498800067601826,118.14443129964509,68.40824742268042,6.033936495913946,9.739090558661442,12.739252911104726,24.0,47.0,55.0,-0.0723357430191656,0.025094864488525243,0.9970645857005289,12.766568677627452,-0.05456233832044897,0.9980868508312752,-0.029079020525327196,9.746631671238767,-0.9958867864967732,-0.056505627808299805,-0.07082811946621069,5.963617571931322,55.646040788525546,47.51714571737159,25.641772201615314,16.219158423405656,5.521389255984457,29585.0,67800.46192797717, 0.0, 0.0,0.0,NaN, 107.01519539434693,107.01519539434693,0.0, 36.40838963672227, -3.4678510288613285, -9.095707528020759, -3.4678510288613285, 94.84988490980844, 1.46329419512882, -9.095707528020759, 1.46329419512882, 162.28856473309023, 7.4601094574819085, 4.592450783162678, 8.0, 0.0
49, 0 ,1.0,1.0,1.0,50.61492029374888,140.1274225326885,49.84329213684399,10.59950097625584,13.715905095547441,9.219812520561543,50.0,58.0,40.0,-0.37461808437883365,-0.9217235262521191,0.10043421732503852,14.306489406347056,0.9089421361628633,-0.343709838345898,0.2359824996306458,9.89232540972801,-0.18299039309216228,0.17969220399782718,0.9665532721264667,9.107506536047346,66.708453692723,49.69337297161114,42.097872855923924,18.776840181043255,5.736783878232764,55830.0,139553.10432018057, 0.0, 0.0,0.0,NaN, 92.90290339898179,92.90290339898179,0.0, 112.3494209456485, 37.373803636580114, -1.3815701656812565, 37.373803636580114, 188.12605259006426, -12.478222823956923, -1.3815701656812565, -12.478222823956923, 85.00494291430338, 7.298658072905751, 4.35308660752363, 5.0, 0.0
50, 0 ,1.0,1.0,1.0,141.3720961383903,147.60499827777565,17.44416165945884,8.68818007471169,13.917497713075925,10.25605394385071,37.0,60.0,40.0,-0.035777133649539494,-0.9795893916291404,0.19779944518495077,14.054083898199046,0.22833376853354276,-0.20070338124729312,-0.9526708995782197,10.151322940584427,-0.972925324398072,-0.011080458634686917,-0.2308539291009609,8.590764019667477,63.28897360335276,47.442227142462116,42.006331844532866,18.504106128408903,5.653840685044072,52258.0,126126.94598030997, 0.0, 0.0,0.0,NaN, 80.54046245632921,80.54046245632921,0.0, 75.48447301061724, 2.9954994161401673, -7.237757347548232, 2.9954994161401673, 193.6967425934736, -18.379130755586758, -7.237757347548232, -18.379130755586758, 105.1866424991757, 7.886289406226065, 4.453662565860411, 6.0, 0.0
51, 0 ,1.0,1.0,1.0,9.009221466364323,22.60695389266818,113.04383975812547,5.858713471244992,12.981946183067821,14.644516806035082,24.0,53.0,61.0,0.009557706825221082,-0.1839695219031216,0.9828854792146334,14.701633239693473,0.01629705952122333,-0.9827711664200258,-0.1841066003824509,12.919234474999966,-0.99982151211664,-0.017777780068350568,0.006394876436376992,5.854287607042636,63.13128463857183,57.24185663096999,24.875140499887493,19.34815170456385,6.554872106887725,46305.0,89892.58734396749, 0.0, 0.0,0.0,NaN, 90.29736563015437,90.29736563015437,0.0, 34.324523538147545, -2.4440809699204866, 1.3105124807964732, -2.4440809699204866, 168.5309267000692, -8.886990959985258, 1.3105124807964732, -8.886990959985258, 214.46187248224393, 7.381997759647136, 4.48209763357998, 2.0, 0.0
