// Sample: .//bubblelabels.tif, Map: .//bubblelabels.tif, Thickness:(8.191250068658265):/afs/psi.ch/project/tipl/test/LabelValidation/Step4900//distmap.tif, Neighbors:(1.0):
//LACUNA_NUMBER, TRIANGLES, SCALE_X, SCALE_Y, SCALE_Z, POS_X, POS_Y, POS_Z , STD_X, STD_Y, STD_Z,PROJ_X, PROJ_Y, PROJ_Z, PCA1_X, PCA1_Y, PCA1_Z, PCA1_S, PCA2_X, PCA2_Y, PCA2_Z, PCA2_S, PCA3_X, PCA3_Y, PCA3_Z, PCA3_S,PROJ_PCA1, PROJ_PCA2, PROJ_PCA3,OBJ_RADIUS, OBJ_RADIUS_STD, VOLUME, VOLUME_BOX, Mask_Grad_X,Mask_Grad_Y,Mask_Grad_Z,Mask_Angle, Mask_Distance_Mean,Mask_Distance_COV, Mask_Distance_STD, SHAPET_XX, SHAPET_XY, SHAPET_XZ, SHAPET_YX, SHAPET_YY, SHAPET_YZ, SHAPET_ZX, SHAPET_ZY, SHAPET_ZZ, Thickness, Thickness_STD, Neighbors, Neighbors_STD
1, 0 ,1.0,1.0,1.0,94.34848399172161,279.54190651753504,16.832430476233558,17.066443469326217,12.5656200161291,10.617808799594824,79.0,53.0,48.0,-0.954224514597291,0.2907061395522555,0.07032436397287277,17.460586932263347,-0.29175216755749894,-0.8529469935576773,-0.43285343813630517,12.463815938224622,-0.0658501971680087,-0.4335566475185723,0.8987170772414367,10.083519178597196,86.67185962911323,70.90688715739697,52.79838183145259,22.510134614365874,7.428997404046768,88423.0,324479.41281137033, 0.0, 0.0,0.0,NaN, 97.99745270266294,97.99745270266294,0.0, 291.2634926917075, -43.01043062813203, -6.857746431297899, -43.01043062813203, 157.8948063897443, 23.968836489039322, -6.857746431297899, 23.968836489039322, 112.73786370475327, 8.616755355393064, 6.4939560998540315, 17.0, 0.0
2, 0 ,1.0,1.0,1.0,29.20181054197561,167.97986879901242,17.341953454510925,16.647737970690553,16.85634640424547,10.80757304179735,66.0,82.0,48.0,-0.5967551534982988,0.802422788624469,9.77276497700015E-4,17.11015098139329,0.8010487873448209,0.5958036937041441,-0.05778234039817844,16.40233134877839,-0.04694813166265456,-0.03369906326042275,-0.9983287264567499,10.783945864723375,84.40446185437422,84.39492494765383,49.78906620606669,24.88151280048365,7.680986229240915,126371.0,354662.8647434231, 0.0, 0.0,0.0,NaN, 136.318759277195,136.318759277195,0.0, 277.1471795407721, -11.600356046729132, -7.172846926513183, -11.600356046729132, 284.1364140999192, -5.12009140081004, -7.172846926513183, -5.12009140081004, 116.8036350537848, 8.147849395846753, 5.831516515983916, 19.0, 0.0
3, 0 ,1.0,1.0,1.0,70.1584339231219,251.05850360841671,206.3083374049837,15.600934001700155,13.12340837993335,13.917162850850692,75.0,72.0,71.0,0.9279675517488548,0.014337457057483764,0.37238509667595665,15.904400052294957,-0.37195351851836145,-0.025910302124464407,0.9278896681748483,13.570233814028896,-0.022952188633061664,0.9995614506216932,0.018711052028375377,13.122470204125234,75.11248843207304,74.23579146182504,71.7396506838167,23.771381658321353,6.6499492557067255,124847.0,400022.8050679892, 0.0, 0.0,0.0,NaN, 126.86844981874256,126.86844981874256,0.0, 243.38914172540402, 1.1895503986921425, 23.779298550465114, 1.1895503986921425, 172.22384750650485, 0.14378321941223723, 23.779298550465114, 0.14378321941223723, 193.68742181709857, 7.084959432940686, 5.177078050878052, 33.0, 0.0
4, 0 ,1.0,1.0,1.0,130.13813401883695,190.40204570984187,18.702832022811716,14.621228128188053,13.485393804778827,11.188743970348101,71.0,63.0,44.0,-0.9940257792056862,-0.02832409949677607,-0.10540633596812209,14.661153155214485,-0.007290741576407987,-0.9463529608075639,0.3230525013957071,13.761873364084124,-0.10890176932352356,0.32189100478027355,0.9404927355805319,10.792848528110724,70.76044374556734,71.25012658112198,51.98550468911008,21.895292458797876,6.435861855587614,92584.0,262094.82896573964, 0.0, 0.0,0.0,NaN, 171.1649538783155,171.1649538783155,0.0, 213.78031197651748, 3.275244506792038, 10.144997853411661, 3.275244506792038, 181.85584606996716, -21.994237842231424, 10.144997853411661, -21.994237842231424, 125.18799163400101, 7.554024166978717, 5.3163739514262645, 21.0, 0.0
5, 0 ,1.0,1.0,1.0,138.02239777619798,208.0868992179949,191.801391473828,13.640198441094963,14.54760729294417,14.899623627412076,69.0,78.0,71.0,-0.11344651277173654,0.6309062098356671,0.7675201906990631,15.380159673000506,0.5357770046054742,-0.6117119342573311,0.5820236342479067,14.363847334538018,-0.8367035855522065,-0.47724822040312387,0.26862845353039844,13.297264902370046,74.2995481453874,71.85049047412193,67.68379125573017,23.946193183969893,6.801948816090123,125191.0,361327.14297590044, 0.0, -2.8421709430404007E-14,0.0,50.882987256451614, 198.0028769241848,198.0028769241848,0.0, 186.05501351244948, -13.94457002026735, 3.9990007133688086, -13.94457002026735, 211.6328779497224, 18.420323043639115, 3.9990007133688086, 18.420323043639115, 221.99878423853622, 7.02016584854236, 5.095339917044902, 34.0, 0.0
6, 0 ,1.0,1.0,1.0,207.73818679528122,52.184325823574994,100.66123530817528,15.43119911871757,16.136931829788107,13.35698274325977,80.0,78.0,72.0,-0.31133575239006805,0.949032514106861,-0.049064615067486585,16.22758578337745,0.950290924107281,0.31069216141172384,-0.02043380524134468,15.34329915030332,0.0041483542568116535,0.052987432522456024,0.9985865626732804,13.348411664011005,76.33797776037991,78.96672510076897,71.45252805493614,24.971832571688577,7.303358209494013,138087.0,430727.2789901868, 0.0, 0.0,0.0,NaN, 146.1784195127697,146.1784195127697,0.0, 238.12190624150992, -8.261364708483082, 0.18935627609023403, -8.261364708483082, 260.40056887922856, -4.328498861579943, 0.18935627609023403, -4.328498861579943, 178.40898800373932, 6.131200101818328, 4.861557917834941, 39.0, 0.0
7, 0 ,1.0,1.0,1.0,149.18787605985725,60.75414067739002,174.2881617505213,14.790289302352553,12.405883688487984,13.689143229374437,71.0,62.0,71.0,0.9228831884671083,0.1336376971549564,0.3611475963424149,15.001585522045792,-0.3804919558082446,0.17211905554369772,0.9086258318383658,13.540578550876253,-0.05926628054805324,0.9759692600783415,-0.20969385153631445,12.314885887664593,73.13493910746152,76.96608386723422,64.7815612283149,22.773998614131962,6.433990769135369,108859.0,364649.56854796415, 0.0, 0.0,0.0,NaN, 204.33197069661543,204.33197069661543,4.672030911985737E-6, 218.7526576472844, 6.976045295896713, 13.504740222474652, 6.976045295896713, 153.90595009229224, 8.498262533101343, 13.504740222474652, 8.498262533101343, 187.392642354328, 6.890068413212911, 5.005123194229111, 32.0, 0.0
8, 0 ,1.0,1.0,1.0,137.91282856238038,103.7163176229226,284.5487903947568,13.032334966791788,15.356248584157713,8.93785474131623,67.0,72.0,38.0,0.27408087700287376,0.9507687205513576,0.14463233691837857,15.6733471711159,0.9617054102834266,-0.27120436592650166,-0.03963452704385945,12.79392016043071,-0.0015416526592686025,-0.14995676684811515,0.9886913529426353,8.729442595273586,73.82990630792503,67.87235305191707,40.58173997005662,20.999967496220606,6.674034596807868,72627.0,203355.48316598183, 0.0, 1.4210854715202004E-14,0.0,18.053284833875825, 173.2505777814338,173.2505777814338,NaN, 169.8417546866639, 21.339983847201925, 3.382686769234675, 21.339983847201925, 235.8143705784458, 24.241820927521793, 3.382686769234675, 24.241820927521793, 79.88524737686899, 6.857734763616293, 5.171187477251707, 18.0, 0.0
9, 0 ,1.0,1.0,1.0,286.1891507636385,76.78380675988626,31.277079119397296,8.11936426102487,14.362878569345563,14.528170801796918,34.0,77.0,63.0,-0.06421213348697496,0.08598092217740008,0.9942253682815458,14.558213032737061,0.1432524680778504,0.9867573613949372,-0.0760831132545597,14.458458004053675,0.9876008972771623,-0.13753977880753468,0.07567877471866907,7.892751680220236,66.58584945897628,78.62603060763477,35.82052028023344,20.918427684013977,6.7604354057876686,68226.0,187534.07263198684, 0.0, 0.0,0.0,NaN, 84.05205658049124,84.05205658049124,0.0, 65.92407600320793, 19.917919470050354, -11.153060505318448, 19.917919470050354, 206.29228079776607, 1.7749526135360634, -11.153060505318448, 1.7749526135360634, 211.0677468461845, 6.672805667369514, 5.1049244523707555, 20.0, 0.0
10, 0 ,1.0,1.0,1.0,57.070402899763,11.173304211781836,181.13563207707918,12.879757204673705,7.377550970462523,16.817396580842658,65.0,31.0,69.0,-0.20534188449387183,0.07014369119861302,0.9761734339027768,17.015688209132396,0.9783787244854399,0.03987891893642983,0.20294024563576674,12.669391272538983,0.02469376331685937,-0.9967394516168685,0.07681590749158444,7.286570611979335,72.17047293535572,60.39889044159932,32.2185487206327,21.24691062064892,7.190968002206271,64557.0,140441.185090767, 0.0, 0.0,0.0,NaN, 132.32766746174357,132.32766746174357,0.0, 165.88814565134422, 0.7856054704749579, -26.06576278002887, 0.7856054704749579, 54.42825832177251, 17.05893316482555, -26.06576278002887, 17.05893316482555, 282.8248277573383, 8.38155406382164, 5.269869771913847, 18.0, 0.0
11, 0 ,1.0,1.0,1.0,159.41994095765585,113.1923720216062,156.05627302057343,14.274211665375528,14.54028586773112,12.507551949764252,65.0,71.0,60.0,-0.631880190272686,-0.7718195458652748,0.07086616795957999,15.217431842444551,0.7415897520736172,-0.5754746813842188,0.3447804093986826,13.72462733956163,-0.2253265735778748,0.2704135346206863,0.9360045168339742,12.31569161963905,75.58898022789774,71.57669023114155,60.10520711622222,22.976527509662027,6.609922174806136,109413.0,325193.75489046396, 0.0, 0.0,0.0,NaN, 230.85723428334308,230.85723428334308,0.0, 203.7531186679428, 23.306408586943846, 5.803317919476791, 23.306408586943846, 211.4199131153413, -11.64945147776659, 5.803317919476791, -11.64945147776659, 156.43885577605155, 6.375910002683182, 4.621569411262405, 34.0, 0.0
12, 0 ,1.0,1.0,1.0,260.68646655358066,75.84290876908327,285.64252525997495,16.55069407434911,13.214364935288579,8.075033110860662,74.0,65.0,34.0,0.9432077910745245,0.3315411058704399,0.02096563794693743,16.9706975627215,-0.33181798239637045,0.9432745358886029,0.011400723772760609,12.674807314941724,0.015996543836661416,0.01771002716956192,-0.9997151922037272,8.068194252180191,86.1705965194675,68.88513822575464,35.06607503430058,21.337085405198223,7.647212638501414,67795.0,208147.7838703344, 0.0, 0.0,0.0,NaN, 86.62469511351065,86.62469511351065,0.0, 273.92547434269477, 39.79802151774667, 4.0465302297519585, 39.79802151774667, 174.61944064298433, 2.577032141289753, 4.0465302297519585, 2.577032141289753, 65.20615974149604, 6.171831040167775, 4.883231568848859, 20.0, 0.0
13, 0 ,1.0,1.0,1.0,26.290614909510026,196.82744877220458,140.65561900069505,13.326067274481765,15.150508750206237,13.364762714675532,59.0,88.0,73.0,0.2304269039360387,-0.925450805369402,0.3007395031976632,15.399038449291004,0.6861377192499096,0.373673056328691,0.6241662256134237,13.59442452639529,-0.6900133854969657,0.06252402590285135,0.7210910303282912,12.798441446014836,74.60728302676043,70.83336246226997,68.73413384653836,23.236145452742292,6.769077582110228,113659.0,363238.2269471991, 0.0, 0.0,0.0,NaN, 176.40797860539334,176.40797860539334,NaN, 177.58406900401388, -10.251255601357464, 14.07876409952601, -10.251255601357464, 229.53791539007577, -15.509409726975838, 14.07876409952601, -15.509409726975838, 178.61688241958132, 6.2032742878026585, 4.7116393918820085, 29.0, 0.0
14, 0 ,1.0,1.0,1.0,286.17894261183915,142.81406111223646,131.730978387896,8.502308350416328,14.301686375633542,13.755859972818769,40.0,72.0,74.0,0.017999874303868665,0.7861608882699339,0.6177597124122555,15.182287123542581,-0.1692484693512689,-0.6065475180439247,0.7768237019922906,12.88718918140766,-0.9854090318985804,0.11853761474478133,-0.12213874791940621,8.334847135086587,77.71997036229115,68.13947700777452,42.71770860294191,20.462952202342265,6.878862640663577,64177.0,226224.36148883257, 0.0, 0.0,0.0,NaN, 194.78174541195787,194.78174541195787,0.0, 72.28924728555923, 12.196446112892087, -10.911300868014909, 12.196446112892087, 204.53823318698207, 32.68591185475199, -10.911300868014909, 32.68591185475199, 189.22368359179757, 6.477254532045512, 4.861671187820544, 21.0, 0.0
15, 0 ,1.0,1.0,1.0,22.757807341231306,141.52762672363565,90.90753544377549,14.183404719589591,12.143834528334619,15.512242001026296,58.0,64.0,79.0,-0.3732507702472178,-0.21964859242854456,0.9013536255843307,15.88256456428392,-0.8998749308939881,-0.150574700769562,-0.4093316115775776,14.00615567246694,-0.2256301647794432,0.963888870841611,0.14145413889061487,11.86773291448824,84.61022419029268,67.51413172891294,64.36955179832938,23.103807193017342,7.448854380206005,102980.0,367703.7150352839, 0.0, 0.0,0.0,NaN, 169.74147083569954,169.74147083569954,0.0, 201.16896943967626, 16.631098641621644, -17.102302956853546, 16.631098641621644, 147.4727170515721, -18.647396954142256, -17.102302956853546, -18.647396954142256, 240.62965189840432, 6.373883043353443, 4.516064794558421, 29.0, 0.0
16, 0 ,1.0,1.0,1.0,284.2223997926745,161.5205165860401,62.71072333563695,8.860170115000722,14.354659453988289,13.23161092683515,36.0,72.0,62.0,0.07097633552560288,-0.8515099078601895,0.5195124989942865,14.998594864902437,-0.01914578370311879,-0.5218930463721598,-0.8527960407475985,12.527754605564292,-0.9972942388090641,-0.050581863986196074,0.053344880484743236,8.816570016007097,69.5677619877061,62.06478451459759,39.12984770872248,20.45912267668952,6.407705480593208,69456.0,168951.2626313716, 0.0, 0.0,0.0,NaN, 152.8336835130862,152.8336835130862,0.0, 78.5026144667519, -8.106404338063887, 6.722017631801636, -8.106404338063887, 206.05624803997534, -29.873269130863466, 6.722017631801636, -29.873269130863466, 175.07552771914334, 6.681569284527543, 4.8180355384207925, 20.0, 0.0
17, 0 ,1.0,1.0,1.0,118.38091806360646,110.51250718053161,91.06317823385034,14.083631697217983,12.69878700179929,12.549451540983336,67.0,65.0,64.0,-0.9087842069085883,-0.39817062873990683,-0.12478547865194871,14.339200945433484,0.35857988832706944,-0.5922972517896172,-0.7215292296295515,13.1464496457924,0.2133816509470179,-0.7004599317101127,0.6810463678104378,11.77517664566283,66.56341263034409,67.46237624771672,58.417591167417335,21.871130396996396,6.224970862339675,95745.0,262325.71124692983, 0.0, 0.0,0.0,NaN, 185.79439828735246,185.79439828735246,0.0, 198.34868178288312, 16.970644426537334, -1.2485578710820988, 16.970644426537334, 161.25919131706664, 17.931608377094957, -1.2485578710820988, 17.931608377094957, 157.48873397948904, 5.8888708105833825, 4.577679944814949, 28.0, 0.0
18, 0 ,1.0,1.0,1.0,131.09055397339793,17.291695309175424,163.7932501882222,14.794640857752336,10.86448149763556,13.643537282479922,73.0,46.0,67.0,-0.9983600246737204,-0.051451515919888786,-0.025099853446462792,14.806060226586679,-0.011517311535257728,-0.24896072345865122,0.9684450989653184,13.817534345403576,-0.05607684609968984,0.9671459557297909,0.24795985087715572,10.62641948546359,73.75996480792752,66.79851539997804,51.347252487611506,21.927443686588276,6.500129173534443,91647.0,252990.79590432934, 0.0, 0.0,0.0,NaN, 189.83154311653777,189.83154311653777,0.0, 218.88139810987477, 5.683920047891869, 1.793662822437739, 5.683920047891869, 118.03695821246545, -18.669732312915297, 1.793662822437739, -18.669732312915297, 186.1461095784196, 6.6000425370614, 4.945663916576923, 23.0, 0.0
19, 0 ,1.0,1.0,1.0,231.16273511647972,52.62962036238137,26.841337359792924,15.286520833078576,12.392113788723755,15.025465112112132,80.0,63.0,64.0,0.7320874699131706,-0.13718657141634963,0.6672539104562515,16.54899659658233,0.6752977380456886,0.017375296794892546,-0.7373405346593025,13.707366363269767,-0.08955948518447783,-0.9903928229164002,-0.10536201843726753,12.298195973293343,85.76750450590177,69.45281513372902,62.231466796873065,23.71637074483006,7.109188692233886,115900.0,370700.0675394171, -2.8421709430404007E-14, 7.105427357601002E-15,-3.552713678800501E-15,33.15218513557912, 90.71330314454731,90.71330314454731,0.0, 233.67771918014532, -11.885420790810167, 41.653145263647815, -11.885420790810167, 153.5644841526774, -11.694252900398162, 41.653145263647815, -11.694252900398162, 225.76460183529883, 6.311612948775291, 4.6226721490082445, 24.0, 0.0
20, 0 ,1.0,1.0,1.0,288.2933621852518,209.75663219424462,280.734403102518,6.80854612702868,11.914474850367567,10.757033580989168,28.0,52.0,43.0,0.052246852337816126,0.963147667558138,-0.2638500272846478,12.007342660275668,0.08270124293407767,-0.2674763562883248,-0.9600088037324868,10.68786777769741,-0.9952038840548951,0.02833671300698405,-0.09362830692696904,6.754108926544535,52.808087729907584,50.94193349835302,29.028685526862603,16.611532306521287,5.299224208865502,35584.0,78091.40496407622, 0.0, 0.0,0.0,NaN, 93.01652555146751,93.01652555146751,0.0, 46.35630036387723, 3.441842303402699, -6.806076719513969, 3.441842303402699, 141.95471096004124, -7.427975189191644, -6.806076719513969, -7.427975189191644, 115.71377146252865, 7.317907629905624, 5.181922722770135, 11.0, 0.0
21, 0 ,1.0,1.0,1.0,193.10551346880465,64.21801981314736,285.1395191458165,13.056777538296581,12.233052070075146,8.384903423831846,63.0,63.0,36.0,-0.8873461549038514,-0.4579072767842687,0.05420080484057131,13.32292571418459,0.4606446653352681,-0.8750721862305945,0.14850980164207053,12.026258126267404,-0.020574102058395913,0.1567469130593121,0.987424483983898,8.264525029027945,63.957254158444954,60.2695725508122,38.48136095926526,18.821730503692276,6.014654512696903,53197.0,148333.19276177243, 0.0, 0.0,0.0,NaN, 125.58351488434799,125.58351488434799,NaN, 170.4794396845661, 13.601749248807218, -0.030210744317686025, 13.601749248807218, 149.6475629491698, -12.629587064179843, -0.030210744317686025, -12.629587064179843, 70.30660542698702, 6.084879923202284, 4.555593350982896, 20.0, 0.0
22, 0 ,1.0,1.0,1.0,128.93757838486286,138.93235727138884,14.810185942526855,13.235697773785391,14.43725570975789,9.34784493814069,67.0,68.0,38.0,-0.05351228763440456,0.9797396931823065,0.19299370112823233,14.607352616468866,0.9981866572162205,0.05781849171750859,-0.01674572694809884,13.234221928579354,0.027565058092459058,-0.19174763523588262,0.9810570890390664,9.081898064760276,71.80695649050232,67.14168834905134,40.751403627250305,20.73153989127787,6.418995771288891,73356.0,196472.3092039091, 0.0, 0.0,0.0,NaN, 190.12217288993332,190.12217288993332,0.0, 175.18369555898755, -1.514555538119699, -2.900719212731789, -1.514555538119699, 208.4343524289368, 24.66016607566946, -2.900719212731789, 24.66016607566946, 87.38220498752254, 6.974245358870531, 4.653377219221059, 16.0, 0.0
23, 0 ,1.0,1.0,1.0,72.48904513779898,217.69995605499403,129.58081486596774,12.904951861926103,11.60084404345242,12.449962167712846,60.0,54.0,62.0,-0.7584144609131153,-0.3968129371586811,-0.5170560882354737,13.254819945304215,-0.6324293982924872,0.25620110177113187,0.7310226067822126,12.489606162620111,-0.15760888824324532,0.8814195870042596,-0.4452627875670381,11.15519651000483,65.11254965524674,61.67055601492429,59.969308990922215,20.551404920776157,5.810221926821141,79645.0,240808.38786737595, 0.0, 0.0,0.0,NaN, 169.76202896898934,169.76202896898934,1.9073486328125E-6, 166.53778255862997, 10.311855253411746, 5.51098325030523, 10.311855253411746, 134.5795825205055, 16.4248820748575, 5.51098325030523, 16.4248820748575, 155.00155797748113, 6.231933107363526, 4.498671880662895, 25.0, 0.0
24, 0 ,1.0,1.0,1.0,273.4785032150059,9.992409542289693,178.44418445382948,14.411821186062516,6.335488609647778,14.70640635498185,60.0,26.0,64.0,0.6869393385930328,-0.005182361790243962,0.726696283339637,16.991028528475727,0.7261527203155848,0.04421571116353898,-0.6861101935291287,11.639474928613584,0.02857572171692065,-0.9990085655351395,-0.03413669749374722,6.320203052953874,79.21371649655663,64.7685298505037,27.48488174074648,20.2816738327496,7.264371978487876,52566.0,141012.72386546526, 0.0, 0.0,0.0,NaN, 124.81608202980867,124.81608202980867,NaN, 207.70058989904038, 2.181750994612227, 76.57888042523354, 2.181750994612227, 40.13841592297673, -3.8349459803469905, 76.57888042523354, -3.8349459803469905, 216.27838787785055, 6.003749567221748, 4.43519905374627, 12.0, 0.0
25, 0 ,1.0,1.0,1.0,122.18602108741072,231.0020528642923,239.51526893736943,13.33323380030296,12.50319557475749,11.600993910111647,60.0,63.0,54.0,0.8284379676110936,0.47997990845966654,0.28863440767768905,13.677230584112293,-0.559703198399546,0.7283999275720789,0.39517828282220646,12.549566183331462,0.020563645632987737,0.4889302946106315,-0.8720804455382781,11.141356964743155,68.12743093490096,62.000831630176435,53.493005513390614,20.82361662261491,5.921576953047403,82324.0,225952.17513803625, 0.0, -2.8421709430404007E-14,0.0,61.31591018763952, 152.8023008656409,152.8023008656409,0.0, 177.7751235735413, 11.424597473837853, 7.670134729764366, 11.424597473837853, 156.32989958063527, 18.322298716651304, 7.670134729764366, 18.322298716651304, 134.58305970244754, 6.048352977342491, 4.400811126309331, 23.0, 0.0
26, 0 ,1.0,1.0,1.0,86.01306914735201,165.12410434295126,13.853103484521995,12.222640354557013,12.560831009710514,8.78898864577204,52.0,57.0,36.0,-0.40427342973921576,0.9145895214639497,0.0094340465991692,12.646131795629993,0.905712101142283,0.39886927821733376,0.14348828781059053,12.196459284277415,0.1274699331266901,0.06655303240820287,-0.9896070482903556,8.702612587113139,61.89200834117145,55.55880322643027,38.52126158468164,18.798570086058028,5.570233121369037,57081.0,132460.9787008188, 0.0, 0.0,0.0,NaN, 160.56669570490368,160.56669570490368,0.0, 149.3929372368456, -4.749874421258218, 9.168279896998197, -4.749874421258218, 157.77447565450524, 4.905460922472638, 9.168279896998197, 4.905460922472638, 77.24632141550985, 7.009324449418971, 4.817008840989891, 11.0, 0.0
27, 0 ,1.0,1.0,1.0,273.21988615067465,219.8092906671664,196.94644865067465,14.057639747016863,11.235655767914196,12.979587846165673,60.0,58.0,64.0,-0.8303623834618112,0.016966438030875428,0.556965395794177,14.878271663421216,0.552740236604696,0.15162103763213056,0.8194445019557706,12.049822390889432,0.0705446168733291,-0.9882930744105722,0.13527843916269386,11.214531158535364,72.88126433255825,64.3229485630028,58.56770488487902,21.273554614191504,6.305772793661193,85376.0,274561.7585770918, 0.0, 0.0,0.0,NaN, 133.29575689718658,133.29575689718658,0.0, 197.61723525690834, 0.28177926238384376, -35.41035748356905, 0.28177926238384376, 126.23996053506353, 3.31775999028194, -35.41035748356905, 3.31775999028194, 168.46970065633167, 5.826790031627577, 4.271202225327402, 26.0, 0.0
28, 0 ,1.0,1.0,1.0,26.130674097560014,272.43667657890074,232.93812402764922,13.968987865622465,13.226821993749896,12.90399694043785,60.0,58.0,67.0,-0.8392843075279132,0.533629633978011,-0.10412139490942936,14.53030118591926,-0.22722918511371196,-0.5182556504905894,-0.8244864936232339,13.096678622638908,-0.49393192706075373,-0.6683191561485203,0.5562200616257742,12.407333943473482,73.7535622111848,65.64966774273745,68.68083306982487,22.282736255407897,6.33042210717539,101558.0,332545.50957140606, 0.0, 0.0,0.0,NaN, 77.07038429734195,77.07038429734195,0.0, 195.13262198990768, -23.542095500882265, 8.291253825686457, -23.542095500882265, 174.94882005434596, 4.334814348665388, 8.291253825686457, 4.334814348665388, 166.51313703882937, 6.492980616054393, 4.595471357492432, 19.0, 0.0
29, 0 ,1.0,1.0,1.0,87.22709124430715,216.3146115432046,276.8023955751456,12.772192111920425,12.910541131623184,11.73363526282446,62.0,65.0,52.0,0.5890742521194682,0.80493417036261,0.07122153376996372,13.051741684642288,-0.7963875990792669,0.5932305026027815,-0.11766207041528395,12.646981670300283,-0.13696100730737018,0.012591749850907226,0.9904964060071305,11.713029230928854,66.73680330871699,65.32516627990344,55.425767083828276,20.78655707782808,5.950479391295496,81901.0,241633.773623908, 0.0, 0.0,0.0,NaN, 123.0850865830603,123.0850865830603,2.3360154559928683E-6, 163.12889134380234, 4.971423302618136, 3.522804907117954, 4.971423302618136, 166.68207231133403, 0.31256850606490544, 3.522804907117954, 0.31256850606490544, 137.67819648099766, 5.686721810774816, 4.26036772807494, 18.0, 0.0
30, 0 ,1.0,1.0,1.0,260.5794385610198,256.0117860269007,221.05883150666355,11.68271672927898,12.76945384479312,12.615125293299105,57.0,63.0,61.0,0.009323886492168676,-0.7280170556758537,0.6854956103329491,13.852397806497025,-0.7924044087401249,-0.4235164233529324,-0.43900921648588775,12.05998088583291,0.6099248463129652,-0.5390964716963013,-0.5808327436144636,11.01608568777553,67.63190275459007,60.19968248483502,57.50478893956243,20.615172568389106,5.80524485375261,81113.0,234126.09440098234, 0.0, 0.0,0.0,NaN, 98.5933654755781,98.5933654755781,0.0, 136.48587017657493, 7.605390710929989, 8.830728972998296, 7.605390710929989, 163.05895149430177, -30.72174920074912, 8.830728972998296, -30.72174920074912, 159.14138616563483, 5.877973897166966, 4.339781267551272, 22.0, 0.0
31, 0 ,1.0,1.0,1.0,124.05852909630066,277.79752465877306,230.97290163830996,15.046572993239277,12.717412242995477,11.958015915935059,68.0,48.0,59.0,-0.9797449032975163,-0.18787913720085,-0.06929180519516125,15.156114010511697,0.1264388591399727,-0.8487290865748792,0.5134901678719402,12.961868602397068,-0.15528406023131353,0.4943281980692944,0.8552932206159725,11.550248831929515,71.6967804669562,63.2335724943199,60.651629142690126,22.10320195795067,6.524916922916706,95098.0,274972.86818569415, 0.0, 0.0,0.0,NaN, 143.6948463273819,143.6948463273819,0.0, 226.39935884087757, 14.01300740025298, 8.784136674599905, 14.01300740025298, 161.73257415829127, -13.826271624580457, 8.784136674599905, -13.826271624580457, 142.9941446457562, 5.984527040860157, 4.2894851923844355, 17.0, 0.0
32, 0 ,1.0,1.0,1.0,190.77010350079755,222.04713303990118,25.538875763063526,13.969225236746945,11.162393048411149,13.18573217040863,71.0,55.0,59.0,0.9141457274793687,0.12732353176740513,0.38487180617640665,14.18395437058154,-0.38389125968099413,-0.03314896268232325,0.9227830985738876,13.005054455309336,-0.13025010430611714,0.991307149440253,-0.018575408390803398,11.1034139875821,69.84774074862844,65.84224104806677,56.19153662663891,21.303305004516822,6.306425377063411,83381.0,258421.0437297727, 0.0, -2.8421709430404007E-14,0.0,82.68504331487651, 136.60180793740082,136.60180793740082,0.0, 195.13925371496774, 9.6502259896364, 11.166293394204542, 9.6502259896364, 124.59901856721753, 2.4149052931864206, 11.166293394204542, 2.4149052931864206, 173.86353286974904, 5.960594518634787, 4.338954611598771, 22.0, 0.0
33, 0 ,1.0,1.0,1.0,57.15955165017643,237.83669826333633,58.83523143983948,11.80251974585892,11.450583544310419,12.484716236145418,63.0,57.0,61.0,-0.5706465952453382,0.22355791021119448,0.790179931482005,13.190891093942057,0.22387374230802354,-0.8834322035709106,0.4116164345587361,11.417913688311625,0.790090508005193,0.4117880552855423,0.4540788331162856,11.041517762867631,62.087098439417886,62.06160826839934,56.263730896995014,19.87184895102085,5.602954097749471,72265.0,216796.82471818526, 0.0, 0.0,0.0,NaN, 102.92266458964302,102.92266458964302,0.0, 139.29947235138968, -8.316489738826087, -22.706596810369483, -8.316489738826087, 131.11586350523257, 6.1267358502946685, -22.706596810369483, 6.1267358502946685, 155.868139497073, 5.800633543159841, 4.290589408495835, 23.0, 0.0
34, 0 ,1.0,1.0,1.0,10.8035497681056,112.13558687120941,174.11990724224046,7.149064556881611,13.638321911017904,15.947683590639707,31.0,69.0,72.0,0.09772739242406081,-0.12243490878326374,0.9876533044956758,16.044826634073072,0.015462265949566662,0.9924707308800508,0.12150212622881473,13.598467674321585,-0.995093098710718,0.003397272089759533,0.09888469770722697,7.006195521618087,70.46487915617078,67.2543889052212,33.37775712823885,20.75547401005835,7.787930348430721,56060.0,158179.60714404346, 0.0, 0.0,0.0,NaN, 168.9286958549217,168.9286958549217,0.0, 51.10912403846086, -0.40850484815192056, 20.365261121276745, -0.40850484815192056, 186.00382454855108, -8.814759453233863, 20.365261121276745, -8.814759453233863, 254.328611907159, 7.498908776668961, 4.646399473319668, 20.0, 0.0
35, 0 ,1.0,1.0,1.0,89.45115967561114,17.72726875646084,219.0661590204272,12.976621903657463,10.465668008706823,12.123613723524764,61.0,42.0,58.0,-0.8120341280541696,0.059249670253716934,0.5805945671896436,13.81370315077922,0.5835812636142351,0.0922996533981097,0.8067922178237721,11.179372911428608,0.005786504447106064,-0.9939669262895091,0.10952746600222703,10.445485110111386,67.19212494301833,54.54265663349395,45.91981150264544,19.77498721953048,5.818488900372542,68683.0,168288.62419310753, 0.0, 0.0,0.0,NaN, 121.92642306154254,121.92642306154254,0.0, 168.39271603048266, -3.0764654566115888, -31.05116360039632, -3.0764654566115888, 109.53020686846943, 3.9926370538656246, -31.05116360039632, 3.9926370538656246, 146.982009717238, 6.431911464052629, 4.668961530868514, 19.0, 0.0
36, 0 ,1.0,1.0,1.0,129.1358029937639,63.12151409236261,246.9799636668827,12.810680544061322,13.09107564460225,13.264712556804666,60.0,60.0,61.0,0.6647244762006588,0.7301401695596237,-0.15822990720848296,14.28781468731785,-0.0746684604202526,-0.14580555913742932,-0.9864914393663491,13.240415205286228,-0.7433478269008593,0.6675597888729267,-0.04240208157277262,11.488783808647055,70.40535643596415,61.94752189339212,57.07501439855832,21.754839298777917,6.1781359513757765,94129.0,248929.10007640332, 0.0, 0.0,0.0,NaN, 153.20412986901368,153.20412986901368,0.0, 164.11353600199126, 35.48877269871497, -4.397952549732437, 35.48877269871497, 171.37626153269824, -2.104971097343186, -4.397952549732437, -2.104971097343186, 175.95259921465137, 6.156354850677595, 4.412878164256691, 28.0, 0.0
37, 0 ,1.0,1.0,1.0,201.32551092217324,184.05576699363772,86.55851728446481,12.320806990409617,12.227067980963396,11.229509990726685,65.0,56.0,55.0,-0.8255148542695567,0.12716038083625683,0.5498685869604576,13.055223293635832,0.1972474446478047,0.977851981933807,0.06999247822471281,12.263264524545578,0.5287898173756972,-0.1662400041316882,0.8323133965436774,10.323703739074825,59.76324546803282,55.81164087487605,52.014607010007836,19.86248418272151,5.734726935876507,69629.0,173493.93072586416, 2.8421709430404007E-14, 0.0,0.0,34.35927558954216, 175.13451081008785,175.13451081008785,0.0, 151.8022848949265, 1.7462270187594162, -28.382811676921747, 1.7462270187594162, 149.5011914111003, 7.463560835060374, -28.382811676921747, 7.463560835060374, 126.10189463183042, 5.715264804495097, 4.2130071398317765, 24.0, 0.0
38, 0 ,1.0,1.0,1.0,71.52185849422578,259.7314165497896,137.35318253707737,11.805433466726983,10.902533728515738,12.011605510822905,64.0,49.0,60.0,-0.30569954476972655,0.34241263356465723,-0.888426348496542,12.176857778315089,-0.9324091132990051,0.0812570693093956,0.3521512943667992,11.809403261201027,-0.19277197349341507,-0.9360293142111336,-0.29442841094719474,10.71327668117434,61.13810512631572,61.66736457921033,50.743234716737504,19.31934180766632,5.4106561621435505,67022.0,191313.45364358416, 0.0, 0.0,0.0,NaN, 160.00884915722102,160.00884915722102,0.0, 139.36825933731748, -5.377249638110516, 0.9925559903193404, -5.377249638110516, 118.8652417014233, -9.485025232760382, 0.9925559903193404, -9.485025232760382, 144.2786669476312, 6.013118955557806, 4.420426039796087, 24.0, 0.0
39, 0 ,1.0,1.0,1.0,191.06118993135013,244.82395881006866,86.57104118993135,12.332622529158547,13.058468862841602,12.708622861102196,61.0,62.0,64.0,0.43313651256134833,0.6198983937426782,-0.6543078349839948,13.483309632289611,-0.46955442306515294,0.7748376349564357,0.4232555767323922,12.811441261968126,-0.7693577875515041,-0.12390569353490842,-0.6266865036391711,11.755578108506139,66.1519478959728,60.94459852707962,61.96800180418049,21.17891486897589,5.96488453257753,87400.0,249830.43813960915, -2.8421709430404007E-14, 0.0,0.0,64.33322357060676, 149.68835971202023,149.68835971202023,0.0, 152.09357844670896, 2.270749065031027, -17.51338590713707, 2.270749065031027, 170.52360904180367, -9.179850803795324, -17.51338590713707, -9.179850803795324, 161.50909502572935, 6.1294237875488315, 4.394314045029904, 30.0, 0.0
40, 0 ,1.0,1.0,1.0,68.06042841037204,43.78742327445823,169.70093949642992,12.23421197073087,12.341973964686705,12.581428738862828,57.0,60.0,58.0,-0.5556953348400813,0.4330158850326445,0.7097182103809693,12.895495120785135,0.2152284032559395,-0.7496289225441454,0.6258859424185869,12.348352260919443,-0.8030438526437204,-0.5005534155259553,-0.3233679775989447,11.896092426965884,62.467735911437074,60.62199026693136,64.09712689030732,20.620828645420325,5.922333912994899,79830.0,242730.59423456044, 0.0, 0.0,0.0,NaN, 153.38645807414994,153.38645807414994,0.0, 149.67594254477453, -7.73098496650365, -8.294592661039434, -7.73098496650365, 152.32432134500445, 2.4698978235552542, -8.294592661039434, 2.4698978235552542, 158.2923491110835, 5.835944749008933, 4.189108609393708, 25.0, 0.0
41, 0 ,1.0,1.0,1.0,110.49374204087933,171.37062811129263,171.19950862479257,12.93326408885472,10.334347115309896,13.494523143235472,59.0,50.0,61.0,-0.5958053555066257,0.08761653954206142,0.7983353432914626,14.123031509978082,0.7849041149867307,-0.1470359795542055,0.6019185584391229,12.314342380297813,-0.17012204039018533,-0.985242996785671,-0.01883424164309672,10.250227210362617,66.72394748839831,66.01315731112464,48.01322745949449,20.524341265744777,5.909451815721593,77741.0,211481.8676557294, 0.0, 0.0,0.0,NaN, 212.94118653086971,212.94118653086971,0.0, 167.26931999205914, -10.302815623980388, -22.893504573571292, -10.302815623980388, 106.79873029971395, 2.4803971905930946, -22.893504573571292, 2.4803971905930946, 182.10215486331776, 5.860362135608852, 4.273143114622952, 22.0, 0.0
42, 0 ,1.0,1.0,1.0,221.5325049194665,191.52230158151738,233.57299030682896,12.21533254790165,12.711654660368197,12.571878175190735,58.0,62.0,62.0,0.10440474562033306,0.7605306409597478,-0.6408531760499506,13.459235901704306,-0.7946216166585333,-0.3237019680595526,-0.5136083354204368,12.726295570050313,0.5980603108641577,-0.5628589344016206,-0.5705380658057261,11.213518819626374,66.64423482755109,67.19879919215998,54.857842712406594,20.81198410260547,5.976115128157923,82326.0,245676.05146071815, 0.0, 0.0,0.0,NaN, 149.4560351914952,149.4560351914952,0.0, 149.2143492558254, 13.714960291620024, 11.073217184594505, 13.714960291620024, 161.5861642044605, -20.984172803285567, 11.073217184594505, -20.984172803285567, 158.05212085183712, 5.760893546812455, 4.2490536201622895, 33.0, 0.0
43, 0 ,1.0,1.0,1.0,234.6431318767931,160.72913711024938,16.562911819414232,12.515733572167814,12.165998492742453,10.17287937030783,60.0,59.0,42.0,0.913485610805028,0.3556428917701705,-0.1976415249524152,12.662162581125378,0.36643228992814514,-0.9302355646188627,0.019727422949837516,12.110071695617009,0.17683725781118947,0.09044295357614562,0.9800758421664327,10.057752390763014,68.66665305184333,59.540105199654036,46.30361179553799,19.358560397984395,5.778297342238753,63438.0,189308.60079520723, 0.0, 0.0,0.0,NaN, 154.73274866319562,154.73274866319562,0.0, 156.64358684948854, 3.715516489153763, -10.354192113879273, 3.715516489153763, 148.01151932541165, -4.994080617405915, -10.354192113879273, -4.994080617405915, 103.48747468283463, 5.933397423626665, 4.370084910247084, 18.0, 0.0
44, 0 ,1.0,1.0,1.0,23.484816671182156,59.475921159577354,105.28717375598302,11.641893350410578,13.986213167355253,13.450079955300854,51.0,72.0,72.0,-0.34790952915190765,-0.9372008879736686,-0.024768025893584324,14.323826146400988,0.03909069059900416,-0.04089665500645234,0.9983984082107586,13.454836093364678,-0.9367128041367812,0.3463841208696649,0.05086416592807336,11.218194176309844,76.4250395884794,71.80830997438407,61.00514385120488,21.679210094233756,6.4857027405744585,88584.0,334793.35810032475, 0.0, 0.0,-1.4210854715202004E-14,88.58075151665918, 123.18405241500159,123.18405241500159,NaN, 135.53368078233405, 25.77628707170165, 2.8372928373273156, 25.77628707170165, 195.61415876270146, -0.4119362230028358, 2.8372928373273156, -0.4119362230028358, 180.90465080398585, 5.486331117363571, 4.03888860845977, 23.0, 0.0
45, 0 ,1.0,1.0,1.0,112.50922941693524,212.25709186799136,151.33477612337853,11.40066269685451,12.879282469519536,11.60261829529508,54.0,61.0,55.0,-0.07809058958322684,0.9298254076302774,0.35962003718332014,13.101434821192973,0.9365989254402205,-0.05517234157262419,0.3460324632019628,11.393582894381066,0.3415908556779119,0.36384161945904747,-0.8665650369514394,11.358276833144135,62.16113848629044,50.19013558276353,55.91750381902311,19.995339466593148,5.536982732423382,75086.0,174455.67638939645, 0.0, 0.0,0.0,NaN, 206.054588451072,206.054588451072,0.0, 129.97510992744998, -3.1374179562704376, -0.9370388601537589, -3.1374179562704376, 165.87591692967325, 14.24183578449123, -0.9370388601537589, 14.24183578449123, 134.62075130631612, 6.425159821522016, 4.3815916272377615, 16.0, 0.0
46, 0 ,1.0,1.0,1.0,180.89617768595042,9.779073199527746,142.40584415584416,12.966062289722801,6.383051773862664,12.41192660960633,65.0,26.0,59.0,0.8176855083900467,-0.00629316293851192,0.5756307891948973,13.489865509003758,-0.5754179938836483,0.020365547833694434,0.8176058810798461,11.842512638830478,0.016868363401017012,0.999772794469655,-0.01303141414077479,6.379378211014598,66.15197460796577,56.435739945163775,26.51542028856226,18.01565121440774,6.193089272071498,40656.0,98990.96346241153, 0.0, 0.0,0.0,NaN, 185.9052855951035,185.9052855951035,0.0, 168.11877130097167, -1.8935835307160964, 19.664208682158105, -1.8935835307160964, 40.743349947811296, 1.145791327425005, 19.664208682158105, 1.145791327425005, 154.05592216225367, 5.579417691551756, 4.177244122592137, 16.0, 0.0
47, 0 ,1.0,1.0,1.0,284.19806049964086,288.30696783462366,246.13799984037033,8.832782074675974,7.098597547015293,10.093067592705642,34.0,27.0,44.0,-0.35096000448717474,0.2264752849628906,0.9085901279187114,10.445714064063687,0.9309224176934966,-0.020320114659418194,0.3646512651505868,8.600090229768767,-0.1010471547647814,-0.9738049282280333,0.20369937229342833,6.870490919562549,50.32653678307429,43.0799942893712,32.69883038143479,14.480246667601406,4.538787964814656,25058.0,70893.2523817335, 0.0, 0.0,-2.8421709430404007E-14,24.688760987949482, 57.337102772894646,57.337102772894646,0.0, 78.01803917871719, -5.426948733467824, -10.658268545285226, -5.426948733467824, 50.390087134491544, 12.541005077335702, -10.658268545285226, 12.541005077335702, 101.87001343092486, 7.470994408597198, 4.719695929838185, 7.0, 0.0
48, 0 ,1.0,1.0,1.0,9.248814126838601,211.9307210906047,283.2329493363096,6.022555305584974,11.513648451291287,9.351079361153324,24.0,53.0,37.0,0.19247436125353645,0.9804359034061496,0.04121965031644857,11.677266709004988,-0.14450648720110576,0.06986586349295877,-0.9870342629692139,9.420578424984248,-0.9706036757692809,0.1840222824294666,0.15512673577629954,5.583198244091359,54.749366922227324,40.49960272847926,27.685178910995,15.188950662071436,5.057048158016072,25087.0,61387.11158674997, 0.0, 0.0,0.0,NaN, 90.1269795251812,90.1269795251812,0.0, 36.27117240882972, 19.268323791304077, 9.046634920187989, 19.268323791304077, 132.56410065992225, 0.28053836435231677, 9.046634920187989, 0.28053836435231677, 87.44268521858768, 7.303988437560735, 4.520356123112946, 9.0, 0.0
49, 0 ,1.0,1.0,1.0,20.795321877826193,259.70528104360216,15.11147195045082,12.577677594670355,15.940698973231695,9.682525358507267,49.0,74.0,37.0,0.4163038745477231,-0.8976454061989909,0.1446506438506319,16.891326269842004,0.9081362092347022,0.40272395862867544,-0.11446413684326716,11.473904000820726,0.04449392670217822,0.17901435103448465,0.9828398407728102,9.438632240663612,79.48020361685232,56.377573320365386,43.62190651295812,21.277940359594506,7.300986837567938,72978.0,195465.44481797473, 0.0, 0.0,0.0,NaN, 47.79609160053515,47.79609160053515,0.0, 158.19797367547267, -57.76312336665474, 7.392297083009562, -57.76312336665474, 254.10588375519004, -27.441399617551877, 7.392297083009562, -27.441399617551877, 93.75129731813628, 7.5462830726838, 5.004526000580298, 10.0, 0.0
