// Sample: .//bubblelabels.tif, Map: .//bubblelabels.tif, Thickness:(8.191250068658265):/gpfs/home/mader/Foam/NewValid/InSilicoTest/LatticeData_Phi_6.65/out_Step_03000.vtk/distmap.tif, Neighbors:(1.0):
//LACUNA_NUMBER, TRIANGLES, SCALE_X, SCALE_Y, SCALE_Z, POS_X, POS_Y, POS_Z , STD_X, STD_Y, STD_Z,PROJ_X, PROJ_Y, PROJ_Z, PCA1_X, PCA1_Y, PCA1_Z, PCA1_S, PCA2_X, PCA2_Y, PCA2_Z, PCA2_S, PCA3_X, PCA3_Y, PCA3_Z, PCA3_S,PROJ_PCA1, PROJ_PCA2, PROJ_PCA3,OBJ_RADIUS, OBJ_RADIUS_STD, VOLUME, VOLUME_BOX, Mask_Grad_X,Mask_Grad_Y,Mask_Grad_Z,Mask_Angle, Mask_Distance_Mean,Mask_Distance_COV, Mask_Distance_STD, SHAPET_XX, SHAPET_XY, SHAPET_XZ, SHAPET_YX, SHAPET_YY, SHAPET_YZ, SHAPET_ZX, SHAPET_ZY, SHAPET_ZZ, Thickness, Thickness_STD, Neighbors, Neighbors_STD
1, 0 ,1.0,1.0,1.0,155.98167952314165,182.04957924263675,183.64984221598877,15.718884899405344,11.58228821277202,9.306163879937165,73.0,54.0,41.0,-0.9534371099330168,-0.30154062016318894,0.005561635926282299,16.110381220306923,-0.27056674852308904,0.847063687589209,-0.45746775160814845,11.58989644070468,0.13323404968783542,-0.4376715247298715,-0.8892088193694486,8.600427100722452,78.54209228094575,66.87400914583218,45.719861185109295,20.37872248251719,7.248799822401825,57040.0,240140.12348426852, 0.0, 0.0,0.0,NaN, 50.270844458113565,50.270844458113565,0.0, 247.08334248075334, 39.52003524383849, 6.486835293052415, 39.52003524383849, 134.14940024371768, -23.70034631463553, 6.486835293052415, -23.70034631463553, 86.60468616024716, 9.731850837753122, 6.4142522174259975, 12.0, 0.0
2, 0 ,1.0,1.0,1.0,184.52662633628904,35.906356178006135,15.846772188613574,9.278604409573573,16.0975247892608,10.161291780506934,43.0,72.0,47.0,0.049154643417449066,-0.9987631199313767,0.007486741310224534,16.110531920261288,0.4759166230227888,0.0300113147535919,0.8789782073051334,10.514983247080838,0.8781157036297031,0.039642795709984885,-0.476803166712647,8.852149080233202,72.10658155892693,61.41625475627809,43.3258770855399,20.045811410794805,6.829355728154059,60335.0,191869.34779983913, 0.0, 0.0,-1.7763568394002505E-15,89.5710373132352, 42.1878169062643,42.1878169062643,0.0, 86.09249978935816, -8.435279045329676, 13.538404913880777, -8.435279045329676, 259.13030434086596, -0.5053076511865257, 13.538404913880777, -0.5053076511865257, 103.25185064859778, 8.446438490462755, 5.894583313879726, 13.0, 0.0
3, 0 ,1.0,1.0,1.0,170.9156386524493,186.96686894976563,78.9296214163358,16.265900993621802,7.603353964871548,15.643802320550801,64.0,32.0,64.0,-0.8686122984602078,-0.020360574969111006,0.4950738550464988,16.56632262804965,0.4942048498606897,0.03638174391506333,0.8685838676166346,15.335911974124492,0.03569651716691393,-0.9991305298591501,0.021539335308367026,7.581941453162258,73.55635391312194,78.85361525834058,33.023961635356216,22.66764456843634,7.3004772044673505,75307.0,191545.06813630546, 0.0, 0.0,0.0,NaN, 85.1213705064338,85.1213705064338,0.0, 264.5795351343067, 7.032115453249532, -17.01642762481599, 7.032115453249532, 57.81099151512789, 3.428637516217021, -17.01642762481599, 3.428637516217021, 244.72855104447063, 8.397616732190878, 5.576404317531029, 12.0, 0.0
4, 0 ,1.0,1.0,1.0,55.97583014418802,80.56462368085353,32.669817155668945,13.645611003957713,13.59505475370681,13.634233834726745,67.0,68.0,66.0,-0.16097864373190335,0.7042823026831975,0.6914277362020481,14.663065521889212,-0.9643624166362665,0.03680476002530504,-0.2620124787466033,13.670320442511406,0.20997858376914647,0.7089653360826127,-0.6732586030579712,12.451401294130074,75.66794923185935,68.55254707412844,71.86467441223729,22.672766011644676,6.547230488449217,103476.0,372778.64188702084, 0.0, 0.0,0.0,NaN, 103.3985933277304,103.3985933277304,0.0, 186.2026996713318, -7.928958175559411, 1.3704840997560257, -7.928958175559411, 184.8255137562861, 28.895037812439437, 1.3704840997560257, 28.895037812439437, 185.89233226000755, 8.515921191911545, 5.420076861069118, 24.0, 0.0
5, 0 ,1.0,1.0,1.0,13.487035907967782,106.57179989089626,138.47734492828033,7.9712796574756455,15.341282322216008,12.225551121796475,32.0,76.0,60.0,0.002926943639014812,0.9993816161572345,-0.03504023812545043,15.344774359674584,0.0019765953121182404,-0.035046101625471726,-0.9993837420289712,12.221241815906389,-0.9999937630165031,0.0028558795162522623,-0.0020779509817384816,7.971166240086565,75.90349404271475,59.98621105149104,32.15663880463838,20.118886694355204,6.60232845888311,62326.0,146414.41843385025, 0.0, -1.4210854715202004E-14,0.0,2.0150650925943987, 112.67548890634262,112.67548890634262,0.0, 63.54129937768505, 0.49695174264101866, -0.18715793245134862, 0.49695174264101866, 235.35494328993738, -3.014706840708629, -0.18715793245134862, -3.014706840708629, 149.46410023165902, 9.21480969863849, 5.4506627447362375, 16.0, 0.0
6, 0 ,1.0,1.0,1.0,51.73906128332146,186.0287778127537,121.14834573137395,14.587173687763704,8.205416859311468,12.039630181782156,65.0,33.0,54.0,-0.9626689377531554,0.022220598531302874,0.26976797676173764,14.78644852862067,0.2698800192213364,0.0021513719591395412,0.962891555069305,11.797217940462218,-0.020815655413698165,-0.9997507772438108,0.008067954517354413,8.200840549713568,65.31581879676916,57.400198474046604,34.03255841973066,19.68853743867354,6.117899187801536,60359.0,127592.85882768426, 7.105427357601002E-15, 0.0,0.0,15.704828686934912, 95.33996482474508,95.33996482474508,0.0, 212.7856361969857, -3.196536547145042, -20.62468819448365, -3.196536547145042, 67.32886583507288, 1.0564509595023974, -20.62468819448365, 1.0564509595023974, 144.95269491407984, 9.546780885480528, 5.4243486302367, 11.0, 0.0
7, 0 ,1.0,1.0,1.0,56.64927801352506,149.65307162885546,11.899536669115772,12.960934548293801,16.97946764261919,8.258186320020902,59.0,87.0,32.0,-0.25168598314614604,0.965169152459348,-0.07143299677782664,17.25610426604396,0.957411648728396,0.2590929310969231,0.12741188302030626,12.698646319490837,-0.14148180366016272,0.03632299817620141,0.9892742486472388,8.090552162861911,93.91438173435125,58.0816541539093,36.72920410365326,21.35576260449556,8.271468471111145,66691.0,200346.88658829744, 0.0, 0.0,0.0,NaN, 76.71735702435561,76.71735702435561,0.0, 167.98582436515585, -32.670460101079065, 15.862787522913516, -32.670460101079065, 288.30232142675214, -12.85455938712413, 15.862787522913516, -12.85455938712413, 68.19764129618038, 8.374587642951857, 5.3098744039468135, 18.0, 0.0
8, 0 ,1.0,1.0,1.0,26.558726482764275,51.12670615239578,50.42253145878592,13.737270929890338,13.178449068189307,12.991790747124906,64.0,66.0,63.0,0.8128767575386104,-0.20320358153029863,0.545838512297157,14.789137406637145,-0.11594117418130846,0.8619551370924811,0.49354937520914915,13.580165753367805,0.5707793104019924,0.4644799738343314,-0.6771036351430143,11.315090460964608,75.73830812435727,67.38792197996621,61.19732039895267,22.14935370356968,6.3699991974376475,97588.0,312341.7722909651, -3.552713678800501E-15, 0.0,0.0,35.62204174936359, 76.56198608377375,76.56198608377375,0.0, 188.71261260121017, -20.615041326386258, 37.01114350339965, -20.615041326386258, 173.6715198428596, 13.930425856786737, 37.01114350339965, 13.930425856786737, 168.78662681708033, 7.9391960759856035, 5.129110256075903, 21.0, 0.0
9, 0 ,1.0,1.0,1.0,90.53418064995073,179.58774590740953,86.07081877407877,13.173073555331348,12.393733791885294,12.223043705281592,63.0,57.0,60.0,-0.7902274809090725,-0.5805925268611595,0.1960939728015031,14.145264609140932,-0.09823856495718394,-0.19583254231009112,-0.9757042583321648,12.147480382089457,-0.6048881820396684,0.7902923086588539,-0.09771567992601696,11.352863564918348,80.53232886210077,57.76302837151209,59.99276110003647,20.85254396653603,6.45822822012127,78129.0,279073.79796200263, 0.0, 0.0,0.0,NaN, 126.57521016193772,126.57521016193772,0.0, 173.52986689417008, 33.02628248863128, -9.243310698156245, 33.02628248863128, 153.60463730411942, -4.538199619932597, -9.243310698156245, -4.538199619932597, 149.40279742122394, 8.395413746887693, 5.2133944994784684, 19.0, 0.0
10, 0 ,1.0,1.0,1.0,186.5037560218829,20.276680003266105,111.03645790805912,8.2939734561077,10.997908267791235,13.386273196059628,33.0,44.0,66.0,0.025498968267232414,-0.34826582184880317,0.9370489421312443,13.73037559076695,0.08467586077783489,-0.9332326245492113,-0.3491516390889826,10.583662149762814,-0.9960822261333845,-0.08824843233150491,-0.005693239165221147,8.270379294389315,74.30399601228125,56.010178336175976,34.76662660983189,18.290981606201626,5.863129191694362,48988.0,144691.05364730116, 0.0, 0.0,0.0,NaN, 92.23775894402601,92.23775894402601,0.0, 68.78999569061912, -4.513287113591146, 1.5807604259188637, -4.513287113591146, 120.9539862667508, -24.990123101286798, 1.5807604259188637, -24.990123101286798, 179.19231007954446, 8.819998771994344, 5.3800260301153635, 10.0, 0.0
11, 0 ,1.0,1.0,1.0,77.17462515127274,100.44861854655097,160.2900129222817,11.905236619664203,14.650785996500085,13.58952498686917,59.0,80.0,76.0,0.166326147789408,0.842364072201042,0.5125996317072555,15.316543943718688,0.03417422473577334,-0.5244525936947355,0.8507535479388694,12.938326788212901,-0.9854784294571063,0.12398486533340507,0.11601731872014845,11.792309366520406,73.22706595950072,69.08192461858977,62.11521469477279,22.292088527595137,6.642150836288326,97506.0,314220.1650747057, 0.0, 0.0,0.0,NaN, 132.07302294655835,132.07302294655835,0.0, 141.73465897019352, 12.877590835516463, 8.969447520894082, 12.877590835516463, 214.64553031524298, 28.60734687855739, 8.969447520894082, 28.60734687855739, 184.67518936874154, 7.547959147961685, 4.847561015710627, 30.0, 0.0
12, 0 ,1.0,1.0,1.0,21.32620625919883,177.73526760756215,47.69074811459605,13.0798476713838,12.670317836603603,13.757626747353982,54.0,51.0,81.0,0.19340911471270086,-0.5505206292401686,0.8121083370628932,14.743404708704167,0.9754072226890828,0.19707348090812749,-0.09870558772796979,13.026901981121233,-0.10570555459397266,0.8112268979168301,0.5750976054759903,11.56821097993501,92.19059668029736,62.340576938847136,62.341312950081004,21.78875018618604,6.7927923735916655,87647.0,358288.9279953627, 0.0, 0.0,0.0,NaN, 56.788492123374866,56.788492123374866,0.0, 171.0824151066042, -1.9989963851338073, 9.668121220983762, -1.9989963851338073, 160.5369540805554, -38.04914682187936, 9.668121220983762, -38.04914682187936, 189.2722937195097, 7.6908342988164335, 4.818104217289781, 13.0, 0.0
13, 0 ,1.0,1.0,1.0,175.2113858089611,61.146381422486236,109.64851124100244,13.016200144229298,13.256694867748633,13.121374384410688,54.0,67.0,65.0,-0.6251817535733034,-0.6034682805435102,0.4949482895988916,14.401783288050039,5.047855932035737E-4,-0.6344719988265841,-0.7729456823713448,12.840359155161595,-0.7804790325117732,0.48298169435586086,-0.39696493891353646,12.043492252565164,77.63551442442534,66.19343751572043,66.8918691638379,21.854123613399395,6.303108109289121,94609.0,343754.7451827195, 0.0, -7.105427357601002E-15,0.0,52.881299121713845, 111.87826811111981,111.87826811111981,0.0, 169.4214661946348, 23.522799288986523, -19.305706394833752, 23.522799288986523, 175.73995881659295, -8.90327804095422, -19.305706394833752, -8.90327804095422, 172.17046573586893, 7.211895954784816, 4.5080910538771, 20.0, 0.0
14, 0 ,1.0,1.0,1.0,169.8883119058587,186.69109538367044,23.19332188673451,16.29200822475393,7.5708077581440145,14.820163632594738,74.0,35.0,51.0,0.9347738609681758,0.00926730042618703,0.35512243803153215,16.52433382520688,-0.35443724348414873,0.0916357874780093,0.9305789181389417,14.60661920353102,0.023917969855460134,0.9957494662795936,-0.08894341528127522,7.481776478836383,86.35815224355134,66.60912674272697,35.18608289776222,22.018551019597616,7.587313305808047,71637.0,202398.8324760593, 0.0, 0.0,0.0,NaN, 40.27121654615225,40.27121654615225,0.0, 265.4295319954496, -3.230949730379997, 20.152850739362787, -3.230949730379997, 57.3171301107736, 14.13456761215018, 20.152850739362787, 14.13456761215018, 219.63725009688366, 8.413854406187312, 4.981296280395316, 10.0, 0.0
15, 0 ,1.0,1.0,1.0,164.50877333546993,10.429893438025799,80.22622386026761,13.034567544464432,7.033746683035396,13.935120583786942,68.0,29.0,67.0,-0.5581793618038108,-0.037667662640230734,0.8288648546340422,14.652010418018051,-0.8296370266601693,0.011183648301095521,-0.5581911231873457,12.233292474833158,-0.011756021893626751,0.9992277384069655,0.03749296930542315,7.016143890519944,75.01853155227673,57.34793438530298,30.209791089860968,19.19971407282976,6.703141702111571,49924.0,129967.28913314278, 0.0, 0.0,0.0,NaN, 88.34396890653825,88.34396890653825,NaN, 169.89995107120555, 2.5469454906286497, -30.041264442969254, 2.5469454906286497, 49.47359240111144, -5.792669186945357, -30.041264442969254, -5.792669186945357, 194.18758568468252, 7.567822269608234, 5.030674876448111, 14.0, 0.0
16, 0 ,1.0,1.0,1.0,189.71313276026743,24.431518624641832,175.88779847182425,6.301334694699647,13.13196337809757,12.819312009124145,27.0,55.0,54.0,-0.022936033893704848,0.7997040690967038,0.5999561152446082,13.530089340247436,0.01038023362861423,-0.5998911408127693,0.8000142935749146,12.401921998594458,-0.9996830443190693,-0.02457683959603743,-0.005458008467237706,6.294366899958838,74.71910188115596,61.878525817375476,27.7095337444064,18.382361309528942,6.211186212916368,41880.0,128115.2474744162, 0.0, 0.0,0.0,NaN, 35.83457830712488,35.83457830712488,0.0, 39.70681893462549, -3.3421140220523626, -1.0256205625476962, -3.3421140220523626, 172.44846216369572, 14.021172541002718, -1.0256205625476962, 14.021172541002718, 164.33476038727454, 7.910376146111954, 4.933046821670577, 10.0, 0.0
17, 0 ,1.0,1.0,1.0,188.83315404029955,177.31476271256568,138.40853986511647,6.707364105189317,12.955235906517807,14.75980621728584,28.0,54.0,70.0,0.014191620956683656,0.525344635994978,0.850771186233952,15.768801715503308,-0.02314187001806716,-0.8504563909690197,0.5255362793490252,11.710052873681233,-0.9996314579617274,0.027146647882450105,-8.810254006309971E-5,6.700619699525559,75.91122003377086,65.36777946822423,28.80152528574004,19.53301138274169,7.010008311452825,48338.0,142917.42793496078, -2.8421709430404007E-14, -2.8421709430404007E-14,0.0,80.88280876292659, 66.57947432221005,66.57947432221005,0.0, 44.98873323958209, 3.334241410005417, 1.3384681619463779, 3.334241410005417, 167.83813739352826, 49.848236707192285, 1.3384681619463779, 49.848236707192285, 217.85187957182973, 7.52296801985563, 4.868393725520804, 9.0, 0.0
18, 0 ,1.0,1.0,1.0,21.060338889654222,9.732332277173164,20.32175230748037,12.308541860147944,6.3570629888006325,12.098496644830673,57.0,25.0,47.0,-0.7281970202090694,0.05275878436153005,0.6833341864939332,13.733575498231312,0.6848975891340541,0.01908883162838494,0.728389256445634,10.473865956735887,-0.025384880480168508,-0.9984248229985856,0.05003479452591793,6.322429089067085,73.7822132702164,55.26243680711616,27.019396814871467,17.35043402553201,6.103155966975285,36295.0,110168.48053506424, 0.0, 0.0,0.0,NaN, 30.84201327000189,30.84201327000189,NaN, 151.5002027230142, -4.7988650692109545, -39.17681877816187, -4.7988650692109545, 40.41224984357883, 6.3281946181891, -39.17681877816187, 6.3281946181891, 146.37362106497906, 7.970812887811418, 4.663727669675946, 4.0, 0.0
19, 0 ,1.0,1.0,1.0,22.40296018632085,39.456169122004326,145.0704353458374,13.984057696540978,13.118526680381047,11.13345249162673,58.0,64.0,60.0,0.8510322624740781,0.35860606117813987,0.3835958564877258,14.451894811200518,-0.4600017221210501,0.8614388990758757,0.2152241594352533,13.317243865242048,0.25326370421740185,0.3596174579261184,-0.8980717009687129,10.266310364830892,73.66136507083733,63.017193258476716,50.94350872549826,21.169328581013872,6.592640118832452,72563.0,236476.32771410714, 0.0, 0.0,0.0,NaN, 71.24562428661785,71.24562428661785,0.0, 195.55386966018693, 3.0626299198295692, 26.651330161207625, 3.0626299198295692, 172.09574226386937, 27.572006664793882, 26.651330161207625, 27.572006664793882, 123.95376438330946, 7.724189967957776, 4.793394195493225, 17.0, 0.0
20, 0 ,1.0,1.0,1.0,121.85509272050578,78.94332753660875,179.59838450161712,11.46859669480064,11.191384039239463,11.60246874365613,55.0,55.0,47.0,-0.34186227097789007,0.663330846591896,-0.6656743765847672,12.527785726153184,-0.8485761220318275,0.08647070955203687,0.5219591760923384,11.600449871522994,-0.403792957837634,-0.743313530314931,-0.5333256442845113,9.993858883690917,60.34400367758795,60.70723601661449,49.98029817820057,19.00935291728375,5.480654110177852,61529.0,183093.70964014233, -1.4210854715202004E-14, 0.0,-2.8421709430404007E-14,42.0212134345004, 112.93759963456321,112.93759963456321,0.0, 131.52871014799217, -15.486913352786463, -2.379443900982989, -15.486913352786463, 125.24707671374378, -23.63331816286382, -2.379443900982989, -23.63331816286382, 134.61728094751746, 7.758100113544733, 4.817622236666966, 16.0, 0.0
21, 0 ,1.0,1.0,1.0,170.85734402253053,93.7113916758677,9.313267085913623,13.11062496839588,19.693335909436858,6.522264575811599,58.0,104.0,26.0,0.2338874832803905,0.9715685400560393,-0.03675890556232958,20.038965786514876,0.9719419251266689,-0.23461549122254957,-0.01686610386148464,12.596619231301734,0.025010784590445423,0.03178275085289162,0.9991818239952092,6.482355717577751,111.05019699141614,66.22648228869387,27.75025314980001,22.778689924020856,9.131658493726801,62493.0,204088.23512283817, 0.0, 1.4210854715202004E-14,0.0,13.695301117655147, 98.57918781904519,98.57918781904519,0.0, 171.88848706192547, 55.09998010641785, -5.003411965005364, 55.09998010641785, 387.8274792419152, -12.37890507478369, -5.003411965005364, -12.37890507478369, 42.53993519688686, 7.194300222922957, 4.772654646941189, 13.0, 0.0
22, 0 ,1.0,1.0,1.0,15.58464017001731,101.36658268634206,22.312492501756733,9.784887694354149,11.876138318890893,12.651578650792286,39.0,52.0,54.0,0.030883808818466613,0.40508295955887375,-0.9137581661620804,12.812341060705242,-0.354392039457594,-0.8503637755422667,-0.3889572362285971,11.998172612000097,0.9345867925034846,-0.33584110099945397,-0.11729570391759046,9.420026615384494,57.02288380008236,65.7315233976972,46.1179243751553,19.052023963106873,5.819752041706503,58347.0,172859.2512159506, 1.7763568394002505E-15, 0.0,0.0,88.23020668235439, 102.31949639164604,102.31949639164604,0.0, 95.74402719112325, 17.584522450228775, 5.483251165956647, 17.584522450228775, 141.0426613694286, -9.652199806675135, 5.483251165956647, -9.652199806675135, 160.06244235718316, 7.806243594482196, 4.866067984133611, 9.0, 0.0
23, 0 ,1.0,1.0,1.0,80.66204879054602,23.196863280796936,41.70706341740016,11.95115060321888,11.630669847768312,13.491650879697655,63.0,49.0,67.0,-0.44302063829564253,-0.024417037146442444,0.8961788450644831,13.97763195268104,-0.5953904819109486,0.755362548412914,-0.2737473187174564,12.35083716959929,-0.6702558377917869,-0.6548520663112682,-0.34917886985597046,10.592910436404496,62.95251328639911,61.753171669278956,61.85618800760084,20.600125941322947,5.980128469348697,77597.0,240467.00470220312, 0.0, 0.0,0.0,NaN, 93.72267452468186,93.72267452468186,0.0, 142.830000740819, -17.239770317465595, -26.44461730404644, -17.239770317465595, 135.27248110778694, -10.159891500498757, -26.44461730404644, -10.159891500498757, 182.0246434596465, 6.8385629824121565, 4.524974131389178, 19.0, 0.0
24, 0 ,1.0,1.0,1.0,152.83854567398356,85.6390435241759,71.3622539035981,10.569683937475569,12.671009459888637,11.564927066101678,47.0,61.0,59.0,-0.26356094443797157,0.9076145078256651,0.3267591372117109,13.003611306234017,0.05278995244164127,-0.3246576499881067,0.9443572582584464,11.382339466627759,-0.9631972017651287,-0.26614529018672733,-0.03765415014641733,10.361885860102818,64.89053782127547,55.82909957310173,47.90378436020197,19.379756263770016,5.517724573765295,66285.0,173544.88614989363, 0.0, 0.0,0.0,NaN, 121.04057101683811,121.04057101683811,0.0, 111.71821853812902, -15.145688409206718, -4.20965767102199, -15.145688409206718, 160.55448073258734, 11.502953713471808, -4.20965767102199, 11.502953713471808, 133.74753804425117, 6.9522225975702545, 4.368125269321106, 18.0, 0.0
25, 0 ,1.0,1.0,1.0,136.98930919848277,117.91170569541467,122.49334387768552,10.242315679178152,12.249264136418105,14.189517580304333,49.0,61.0,73.0,0.243015281420473,0.45806105373423617,0.8550576846318672,14.85844323459047,-0.40312776927088734,-0.7540647371458615,0.5185309767369942,12.186330260009722,-0.8822876938044679,0.4707084482405481,-0.0014078764749981365,9.328018597530098,75.978793632789,61.52103005945101,48.22821482675253,20.3789254068535,6.4024456873397115,68283.0,225432.8381690868, 0.0, 0.0,0.0,NaN, 129.29082318704346,129.29082318704346,0.0, 104.90503047193862, 33.583198529028465, 14.94006035222103, 33.583198529028465, 150.0444718837388, 28.345347600992312, 14.94006035222103, 28.345347600992312, 201.34240916176572, 7.141263782803477, 4.539068327011973, 23.0, 0.0
26, 0 ,1.0,1.0,1.0,118.87986663798667,56.56798697108441,14.40646221921765,14.693956483756995,11.83321434382329,9.395411726761536,71.0,59.0,40.0,-0.9166735629269708,0.35196295171178965,0.18929252402854865,15.288572504044378,0.37298454669707026,0.9235595169972919,0.08899632851365215,11.312670464034321,-0.14349950158782765,0.15218376781396117,-0.9778793350194042,9.082627270207757,76.15757400982272,53.66965408197015,45.25504792840466,20.06689826155256,6.444429728791487,65086.0,184973.24969398268, 0.0, 0.0,0.0,NaN, 99.93977856842264,99.93977856842264,0.0, 215.91235714654425, -33.129903663969046, -24.734426326827784, -33.129903663969046, 140.02496170686524, 13.81498178840239, -24.734426326827784, 13.81498178840239, 88.2737615153682, 7.145510957027809, 4.648011421236119, 16.0, 0.0
27, 0 ,1.0,1.0,1.0,150.82328383041656,151.27877742174022,55.06413298003451,10.068389731719222,14.5320924611015,10.880660490699979,47.0,65.0,50.0,-0.02378380445023362,-0.9679298154899776,0.25009238879144513,14.75605329387746,0.5314705029711967,-0.22412573117143134,-0.8168884630709474,10.898556070202291,-0.8467428388344459,-0.11348801219692602,-0.5197567084417227,9.717166386070412,67.91728578267747,57.191098756928874,52.588773756386956,19.853544946708165,6.064627676182945,64912.0,204268.6911449328, 0.0, 0.0,0.0,NaN, 88.45431410387525,88.45431410387525,0.0, 101.37247178978906, -0.06219411195492032, -11.307375070649883, -0.06219411195492032, 211.18171129800305, -25.392678555686192, -11.307375070649883, -25.392678555686192, 118.3887727138795, 6.647377665411054, 4.529444285628413, 20.0, 0.0
28, 0 ,1.0,1.0,1.0,10.671284080914688,83.58911295388867,105.56919839175775,7.043055416421244,11.425614743859551,10.67888818977316,28.0,55.0,47.0,-0.04444139381523955,-0.7664495557883076,0.640765199544782,12.990636131224154,0.05157139257530624,-0.6423038185116958,-0.7647131463451753,8.725480494469359,-0.9976799857587616,9.397644380985285E-4,-0.06807174787823835,7.021204874544423,64.53706615860905,44.290086908418985,29.719001512651,16.238905696831175,5.521403500287109,31836.0,84947.3754054817, 0.0, 0.0,0.0,NaN, 126.56299775498663,126.56299775498663,0.0, 49.60462959878062, 3.180081262170021, -4.460150107747663, 3.180081262170021, 130.54467227510077, -45.48656602077581, -4.460150107747663, -45.48656602077581, 114.03865296967668, 8.596349060221831, 4.673676557976804, 10.0, 0.0
29, 0 ,1.0,1.0,1.0,57.02754111639882,69.71942487668697,93.59248115950415,14.236719499541275,10.332132613788252,11.08538805615627,64.0,47.0,53.0,-0.9896214832199456,-0.056123017688113584,-0.13228577714605128,14.28790437254878,0.14077655084800744,-0.5633534776279048,-0.8141344004375959,11.624653289757632,-0.02883197323967692,-0.8243076283343036,0.5654075089605561,9.646045788141693,63.41193768553445,58.65430456442566,53.25112385228279,19.943510211671313,5.880423050263019,69133.0,198061.33043317028, 0.0, 0.0,0.0,NaN, 129.89415375801443,129.89415375801443,0.0, 202.68418210861876, 2.832702400225481, 9.72059531442739, 2.832702400225481, 106.75296434890687, 20.127541941632547, 9.72059531442739, 20.127541941632547, 122.8858283555721, 7.464046976997936, 4.566662979863356, 16.0, 0.0
30, 0 ,1.0,1.0,1.0,97.24338863523349,187.0963338004611,138.93901722345282,10.990314675311081,7.71596585907622,12.577886697310987,54.0,32.0,59.0,0.07283366241793848,-0.1045247975084449,0.9918517148871642,12.627633744654883,0.9954068515686226,-0.05433659088606388,-0.07882090294536714,10.991981440029324,0.06213257977126174,0.9930368077753717,0.10008716668119183,7.6318798211243335,58.65546711094164,53.59969614558236,34.71428507424051,17.57684857024034,5.438821003673149,44242.0,109138.7690027453, 0.0, 0.0,0.0,NaN, 115.54750041558654,115.54750041558654,0.0, 120.78701666235811, -4.155176582509051, 2.40173732059717, -4.155176582509051, 59.53612913842982, -10.224901482897437, 2.40173732059717, -10.224901482897437, 158.20323377039267, 7.27861964000963, 4.743841733653914, 11.0, 0.0
31, 0 ,1.0,1.0,1.0,46.626165945253916,121.5168566725599,144.80607205998902,11.082504295311644,10.734970691744255,13.401717211482664,52.0,55.0,62.0,0.19339273580679778,0.3693267327351744,0.9089538020297416,13.869671755658693,-0.8400444975565081,-0.4162975259708068,0.34788160629101805,11.343426015451412,-0.5068771960368663,0.8308394155056352,-0.22974197217761072,9.829873501069246,63.145858362786385,56.28242827913189,50.459610743176135,19.59529565993997,5.804473225386328,65612.0,179333.56983419837, 0.0, 0.0,0.0,NaN, 106.67695542504477,106.67695542504477,0.0, 122.82190145560105, 18.04541029788069, 7.464645727723882, 18.04541029788069, 115.23959575260814, 27.499367254490554, 7.464645727723882, 27.499367254490554, 179.60602421655065, 7.008577453460023, 4.433774924318341, 16.0, 0.0
32, 0 ,1.0,1.0,1.0,17.457953430927386,139.89676341312799,23.27687166261034,10.172945234508646,10.214655718966416,12.494331141001213,39.0,45.0,52.0,0.18361918142004588,-0.22590659032269514,0.9566871007092163,12.671734684104035,0.6849244617632018,-0.668692100806278,-0.2893602529679474,10.394564212658622,-0.705097495310415,-0.7083904903145298,-0.03194425361343257,9.763016531119339,59.590817304514474,56.1691879174834,49.88406179884359,18.326655658176154,5.298113744437963,55058.0,166970.32615120633, 0.0, 0.0,0.0,NaN, 66.77568375248262,66.77568375248262,0.0, 103.48881474431217, -8.537487607588572, 8.94028039338394, -8.537487607588572, 104.33919145701331, -11.640075220126466, 8.94028039338394, -11.640075220126466, 156.10831066099266, 7.517220086177794, 4.631182804483563, 8.0, 0.0
33, 0 ,1.0,1.0,1.0,113.0220152537401,71.4913024347316,65.52843942505133,10.03436012069217,11.897512528920503,13.255321471592124,48.0,58.0,60.0,-0.06343577850276061,-0.2749332399760356,0.9593683419636215,13.38349576473601,0.02756751318128047,-0.9614203940483104,-0.2736984803118049,11.767853608145566,-0.9976050993367811,-0.009085123239183382,-0.06856767688189697,10.017105235314114,60.223139474252136,60.82679306632088,47.258850552989216,19.64321787897824,5.664514637797543,68180.0,173117.69708567965, 0.0, 0.0,0.0,NaN, 130.26953798880805,130.26953798880805,0.0, 100.68838303173739, 0.3630324881998798, -5.081918268949876, 0.3630324881998798, 141.55080437582032, -10.741891103269818, -5.081918268949876, -10.741891103269818, 175.70354731525117, 7.388914937039263, 4.500945930117685, 19.0, 0.0
34, 0 ,1.0,1.0,1.0,188.63495227105844,10.26444980593727,46.796811077310394,7.066346013144028,6.7377196319366846,10.481802641762753,31.0,29.0,49.0,-0.07216556130921312,0.04590070444655804,0.9963359157895674,10.505117546157592,0.8278777708219194,0.5598667038462565,0.034171194056662905,7.296041483292306,-0.5562468232177653,0.8273103403533874,-0.07840326781777633,6.450471490706384,49.09586410036815,41.10663873025567,30.86539954329639,13.573711664713196,4.577406479673861,19066.0,62291.498352028575, 0.0, 0.0,0.0,NaN, 49.238854238347244,49.238854238347244,0.0, 49.93324597747651, 5.1598432103914655, -4.614297435325676, 5.1598432103914655, 45.39686583858501, 3.366436512546, -4.614297435325676, 3.366436512546, 109.86818662086462, 8.339127401224303, 4.697672232446173, 5.0, 0.0
35, 0 ,1.0,1.0,1.0,172.5918192775769,103.68017159816996,124.27891182912762,11.999206546258945,11.899716728586958,13.830855250525364,52.0,59.0,64.0,-0.3810060294371685,0.04239166424992496,0.9236002123942182,14.202629211964581,0.5749769115510257,0.7931495495640654,0.20078681034760237,12.353524854914628,-0.7240414053876802,0.6075497830041924,-0.32656898881521307,11.07034417025223,71.42676343230615,64.87953013994755,60.96935739295286,20.915271842234926,6.279185989184714,77157.0,282540.22393197805, 0.0, 0.0,0.0,NaN, 125.54840065748357,125.54840065748357,0.0, 143.98095773978352, 12.428714495285725, -24.38692472301257, 12.428714495285725, 141.6032582206123, 7.886137449711406, -24.38692472301257, 7.886137449711406, 191.29255696098502, 7.584460207423988, 4.66819235181392, 18.0, 0.0
36, 0 ,1.0,1.0,1.0,123.8295356379137,151.31461628878534,162.78533697761034,13.02226062602715,11.27003554670395,11.36020116234245,69.0,53.0,60.0,-0.9796506312063236,0.10500103913056015,0.1710538586485404,13.108652299710155,0.05145884790006604,-0.6923592877494658,0.7197156408192411,11.819195192778263,0.19400161790523823,0.7138721163125473,0.6728669807633559,10.682556031462934,68.15984696850168,57.64103169005614,52.67311866928071,19.8156854010511,5.743322694364479,70613.0,206942.35400566828, 0.0, 0.0,0.0,NaN, 97.76061258049727,97.76061258049727,0.0, 169.579271812177, -6.848540123375158, -8.725035033216354, -6.848540123375158, 127.0137012239706, -11.708057245756429, -8.725035033216354, -11.708057245756429, 129.05417044888677, 7.284416193296978, 4.370346074517284, 22.0, 0.0
37, 0 ,1.0,1.0,1.0,145.48201682653348,42.716306413826636,82.87327056535385,12.439624071004829,10.154065053518519,12.725471694505769,63.0,48.0,57.0,0.1579315778461667,0.08241322283440283,-0.9840049173764669,12.76389381212946,0.9601142360887069,-0.24566763341067588,0.13352178681472537,12.559248642123839,0.23073419854633453,0.9658444360229262,0.11792478545554277,9.956666223423888,58.340691587240784,61.182628250718224,46.985964462931435,19.6869684409094,5.675401976363028,67869.0,167713.43276462625, 0.0, 0.0,0.0,NaN, 108.00403833718742,108.00403833718742,0.0, 154.74424702792277, -12.991649324756915, -2.399802167042141, -12.991649324756915, 103.10503711108605, -7.094565243847255, -2.399802167042141, -7.094565243847255, 161.93762984766752, 7.447091308972036, 4.508762060952729, 15.0, 0.0
38, 0 ,1.0,1.0,1.0,85.00723545372324,34.6178106052993,108.50750343349077,11.330680964852338,11.20153807148927,11.063231365205903,59.0,61.0,55.0,0.6320765157150071,0.28533781978144684,-0.7204593027256622,11.972978740891048,0.574901456017817,-0.7960736209309229,0.18909020579216443,11.663499266196476,0.5195840587914246,0.5337125805715092,0.6672205686199506,9.841973352533097,60.86115762537083,56.07659328793238,47.33407112572587,18.654874169144236,5.315030034510503,59706.0,161545.80680596823, -1.4210854715202004E-14, 0.0,0.0,50.796509200642035, 129.59745297868247,129.59745297868247,0.0, 128.3843311272671, -9.54364543230977, -16.911453480107046, -9.54364543230977, 125.47445516702358, -15.45335944714385, -16.911453480107046, -15.45335944714385, 122.39508824007565, 6.530306601907302, 4.251634675177899, 16.0, 0.0
39, 0 ,1.0,1.0,1.0,16.649755149784887,72.12496282638435,170.00840619362,10.10295400869175,11.351833341388197,10.54074788815457,40.0,56.0,57.0,0.023575098468149022,-0.8437830367417736,0.5361663936121405,11.861087948659016,-0.8036015207218239,-0.3350301409040895,-0.4919140174658151,10.26481651824576,0.5947006058730642,-0.41926720786703264,-0.6859637000465794,9.79741294806713,56.31952855200942,54.87841757120363,52.53112063101747,17.771793302310897,5.119035922316465,50439.0,162359.3321400103, 0.0, 0.0,0.0,NaN, 79.86689118966635,79.86689118966635,0.0, 102.06967970174071, 1.6355120698448709, 4.2717838144390585, 1.6355120698448709, 128.86412021065271, -18.675469066365125, 4.2717838144390585, -18.675469066365125, 111.10736604163503, 7.578949208077149, 4.565890438013436, 12.0, 0.0
40, 0 ,1.0,1.0,1.0,185.90302765568265,116.0347538835349,65.34641950367195,9.14788745467356,11.529856193179105,9.683550244981285,39.0,50.0,54.0,-0.005046461423512179,-0.9404483862484091,0.33989905270515935,11.78002379178715,0.6478273352589655,-0.26200628722034314,-0.715312833065561,9.953347222215717,-0.761770488348275,-0.21658609895322173,-0.610570376633076,8.517892497841295,54.91934629650618,47.73983722184944,45.24595554874401,16.800469660939047,5.30441261947949,36629.0,118627.6856200626, 0.0, 0.0,0.0,NaN, 107.32679873463516,107.32679873463516,0.0, 83.6838448833739, -4.18620639945627, -12.400434571594772, -4.18620639945627, 132.93758383539057, -16.19667454825886, -12.400434571594772, -16.19667454825886, 93.77114534707711, 7.531910230170668, 4.849991566626544, 10.0, 0.0
41, 0 ,1.0,1.0,1.0,50.41873348811144,151.01580337843248,187.3321751661196,15.938909111420466,14.015962058010155,6.803071511245237,74.0,63.0,29.0,-0.9147733409648461,0.39393454877409334,0.08947237530190603,16.381224103956693,0.39888993019633684,0.9158476173613127,0.04593435927025242,13.573556019788203,0.06384793064755385,-0.07770915683340619,0.9949295094107253,6.647696736046173,69.53684249876173,61.62446908365746,30.99857633721541,21.14224634917097,7.055722313964747,62455.0,132834.20038446377, 0.0, 0.0,0.0,NaN, 71.42810365134632,71.42810365134632,0.0, 254.04882366212237, -29.612589703831024, -15.780114401478793, -29.612589703831024, 196.44719241158026, 13.792268723257763, -15.780114401478793, 13.792268723257763, 46.28178198711656, 8.818824254510192, 5.329593783441378, 14.0, 0.0
42, 0 ,1.0,1.0,1.0,81.3526464702229,105.27365951280105,76.28347250017252,12.294014217968241,12.126902358217855,11.8127646457222,63.0,64.0,63.0,0.553309854268384,-0.6200006422485653,0.5562799733774945,13.931474683832759,-0.8326460706927086,-0.4304573965948924,0.3484350020832301,11.49830673218068,0.02342490404446947,-0.6559768542624916,-0.7544174179738913,10.55693660106921,62.41410375589841,53.17305886866406,53.18747737376533,20.083914129929642,5.863646322399987,72455.0,176515.87741380092, 0.0, 0.0,0.0,NaN, 146.32327513587984,146.32327513587984,0.0, 151.14278559160527, -20.907311768843805, 19.411717537065392, -20.907311768843805, 147.06176080574977, -31.615067182850034, 19.411717537065392, -31.615067182850034, 139.54140857522435, 6.286245509010361, 3.9411847565932505, 23.0, 0.0
43, 0 ,1.0,1.0,1.0,49.18893799171637,182.92079031331127,162.68853173738134,11.777999960680702,9.909329533966277,10.679329092325661,54.0,42.0,46.0,-0.9384916215140686,0.0685570369653904,0.33842784907631485,11.955367316092628,-0.2933672403449792,0.3586284216491358,-0.8861835687247994,10.59020453633231,0.18212396503553827,0.9309594985110661,0.31645738021376313,9.791880563235793,56.203124627693555,51.00565006478712,49.193366960828996,17.94791311804177,5.369970154102821,50461.0,141021.4890593248, 0.0, 2.8421709430404007E-14,0.0,86.06888759972489, 64.05776056175552,64.05776056175552,0.0, 138.7212830737946, -4.739121595828639, -10.713371942375103, -4.739121595828639, 98.1948118127363, -4.07962463379012, -10.713371942375103, -4.07962463379012, 114.04806986219322, 7.2032868399563785, 4.49731846359954, 10.0, 0.0
44, 0 ,1.0,1.0,1.0,178.35965809100813,154.77780943601778,88.44161568758904,12.611059366797404,8.939015539847945,12.77714590358353,51.0,41.0,56.0,0.5639178879017951,0.10758850147737387,-0.8187926050314768,12.940471113142683,-0.8214583368911201,-0.02881492153626423,-0.5695400785273446,12.487135033323046,0.08486940824851835,-0.993777849746467,-0.07213022179942515,8.877834231695752,64.66978392965443,60.01247172690435,41.54675856895278,19.22391940687926,5.713247522543764,59665.0,161242.7032619311, 2.8421709430404007E-14, 0.0,0.0,55.6728187878225, 101.66253145960113,101.66253145960113,0.0, 159.03881835288854, 7.203150713357818, -4.850442152685507, 7.203150713357818, 79.90599882164305, -6.543006801804031, -4.850442152685507, -6.543006801804031, 163.2554574414614, 7.703367492648729, 4.6032534768218625, 11.0, 0.0
45, 0 ,1.0,1.0,1.0,115.32606472924614,152.51651657556334,63.234417397459595,9.37875817010434,12.216159285278513,10.633573935591318,46.0,54.0,49.0,-0.04156102697273257,-0.897512121429946,0.43902696149927906,12.693393998388302,-0.39875791912286457,-0.3879946437263448,-0.8309345812857163,10.220667829598286,-0.9161139683324202,0.20959997215167872,0.34176461007576686,9.20240430860201,60.2389050938621,52.717586220322005,47.353349289297284,17.945460520977377,5.3130964446631825,50858.0,150377.64819091136, 0.0, 0.0,7.105427357601002E-15,63.958186074923695, 115.85744713202818,115.85744713202818,0.0, 87.96110481329892, 5.91119598937101, 5.158493379565216, 5.91119598937101, 149.23454768329643, -23.742693590268235, 5.158493379565216, -23.742693590268235, 113.07289464368704, 6.3821267824590855, 3.979745805151603, 15.0, 0.0
46, 0 ,1.0,1.0,1.0,99.51445341806787,158.6056313164747,15.057217882519087,11.411254786419862,10.80028432740346,9.677219967631478,50.0,55.0,41.0,0.8160894043459916,0.32134591428001147,-0.48034871446663374,12.553525150858459,-0.20624506937873344,0.93836960511546,0.27735438621448993,10.61595435630139,-0.5398713323294408,0.12727642189737493,-0.8320695024803131,8.379855789150676,63.72892822276552,50.13841219523333,48.740695505094294,17.62473802477443,5.466266844323348,45318.0,155739.54916162635, 0.0, 0.0,-1.7763568394002505E-15,61.29182041982106, 108.82711063042181,108.82711063042181,1.3486991523486091E-6, 130.21673580059021, 14.691608444496863, -36.6790894945292, 14.691608444496863, 116.64614155275682, -2.4311399886053837, -36.6790894945292, -2.4311399886053837, 93.64858630192539, 7.476522710996848, 4.3343564270936525, 12.0, 0.0
47, 0 ,1.0,1.0,1.0,95.74762828058999,8.506024513537843,133.2510906446922,11.345542310887474,5.7192694155054955,10.807394441882105,57.0,23.0,54.0,-0.8324230133846042,0.010580640621309614,0.5540396888596862,11.750031714180508,0.5530293729812483,0.07915161119478668,0.8293934742118706,10.389614732050026,0.03507761975480713,-0.9968064368217696,0.07173902775355369,5.676601803281603,65.80548597964125,51.58413989306783,24.75351757225041,15.836030208578224,5.239398327164158,28882.0,84026.2954812275, 0.0, 0.0,0.0,NaN, 117.02725184548274,117.02725184548274,0.0, 128.72133032813787, 2.382328532621601, -14.081358641743583, 2.382328532621601, 32.710042647136575, 5.59131328259199, -14.081358641743583, 5.59131328259199, 116.79977462242421, 6.535459726302836, 4.15724241706016, 9.0, 0.0
48, 0 ,1.0,1.0,1.0,118.8263693174856,112.97600084023317,55.98379050186427,10.80207564751656,10.590973209207574,11.79986315721099,52.0,48.0,55.0,0.41278069594805833,0.44561837572634894,0.7943779706585825,12.71838756328053,-0.9017871518984869,0.3225392024789555,0.2876602084666104,10.373188653417488,-0.12803136226507647,-0.8351004287385136,0.5349908823496892,9.936291928709117,65.34701207105485,51.601575769191065,49.857335050675644,18.446175521850304,5.275313351719969,57127.0,168119.37226992543, 0.0, 0.0,0.0,NaN, 131.51623301667732,131.51623301667732,0.0, 116.6848382946703, 9.012585158231168, 18.365190155058006, 9.012585158231168, 112.16871351815259, 23.13432836973852, 18.365190155058006, 23.13432836973852, 139.23677052890528, 6.470682176899233, 3.940989209426088, 13.0, 0.0
49, 0 ,1.0,1.0,1.0,108.38617328024166,50.86576044670237,132.8655087189345,11.295623489898034,10.721737860459816,8.817537772681915,52.0,51.0,40.0,-0.9463433302679432,0.16142676379647147,0.2799566059009454,11.499410137250075,0.19182308741387058,0.9777741876972182,0.08462588852151803,10.736580561169454,0.2600734596078374,-0.1337872856561648,0.9562754612580865,8.531421305706019,50.2436659776361,51.598969685550045,42.09485032425363,17.181899024874365,5.007803015859544,43698.0,109131.80019738335, 0.0, 0.0,0.0,NaN, 124.4486189221346,124.4486189221346,0.0, 127.59111002553625, -1.1128588845737168, -15.060997291226489, -1.1128588845737168, 114.95566274841742, 6.202505243838797, -15.060997291226489, 6.202505243838797, 77.74897237267236, 7.03090250603263, 4.2333356780184435, 13.0, 0.0
