// Sample: .//bubblelabels.tif, Map: .//bubblelabels.tif, Thickness:(8.191250068658265):/gpfs/home/mader/Foam/NewValid/InSilicoTest/LatticeDataPhi_16.0/out_Step_02000.vtk/distmap.tif, Neighbors:(1.0):
//LACUNA_NUMBER, TRIANGLES, SCALE_X, SCALE_Y, SCALE_Z, POS_X, POS_Y, POS_Z , STD_X, STD_Y, STD_Z,PROJ_X, PROJ_Y, PROJ_Z, PCA1_X, PCA1_Y, PCA1_Z, PCA1_S, PCA2_X, PCA2_Y, PCA2_Z, PCA2_S, PCA3_X, PCA3_Y, PCA3_Z, PCA3_S,PROJ_PCA1, PROJ_PCA2, PROJ_PCA3,OBJ_RADIUS, OBJ_RADIUS_STD, VOLUME, VOLUME_BOX, Mask_Grad_X,Mask_Grad_Y,Mask_Grad_Z,Mask_Angle, Mask_Distance_Mean,Mask_Distance_COV, Mask_Distance_STD, SHAPET_XX, SHAPET_XY, SHAPET_XZ, SHAPET_YX, SHAPET_YY, SHAPET_YZ, SHAPET_ZX, SHAPET_ZY, SHAPET_ZZ, Thickness, Thickness_STD, Neighbors, Neighbors_STD
1, 0 ,1.0,1.0,1.0,170.27352653390122,61.92769368021181,167.62394957983193,12.91929412440171,12.250385369659801,10.92033501026917,59.0,59.0,59.0,-0.8402206041418042,-0.5421925359866581,-0.0075226521878050566,13.377046907214035,-0.5406166227887026,0.8386914665201429,-0.06580494776861406,11.752453721567141,0.041988135706645606,-0.05122380214947955,-0.997804148394479,10.916421880776873,68.70996466265612,58.87665794346633,58.636987273920056,20.00383546264721,6.006695089465649,69496.0,237210.83568556, 0.0, -7.105427357601002E-15,0.0,57.166980636354715, 75.94018113021647,75.94018113021647,0.0, 166.90816067280053, 18.63915147393886, 1.0520510883644556, 18.63915147393886, 150.07194170517488, -0.8021418982579441, 1.0520510883644556, -0.8021418982579441, 119.25371673651057, 5.94771328581924, 4.242919370803193, 27.0, 0.0
2, 0 ,1.0,1.0,1.0,41.76954546662062,8.938262093881997,26.207236405174932,14.047713395838985,5.902043133077185,12.061747673876441,73.0,23.0,54.0,0.8689189945654263,-0.023405581653001842,0.49440060642245637,14.920306154017215,-0.48984285562980356,0.10251871630851406,0.8657620282704095,11.010480575438304,0.070948979357333,0.9944556760127318,-0.07761540294434927,5.8148003846128065,78.75750540237226,54.064600167768425,25.370239388063293,18.239274556970283,6.707233809855341,37643.0,108026.30273218261, 0.0, 0.0,0.0,NaN, 50.1139371606716,50.1139371606716,0.0, 197.33825165163407, -8.229805709841791, 44.03572445912614, -8.229805709841791, 34.83411314470355, 5.574226746157941, 44.03572445912614, 5.574226746157941, 145.48575694826374, 6.249967034817774, 4.245208357678833, 17.0, 0.0
3, 0 ,1.0,1.0,1.0,170.08686282960468,40.314206793872195,11.919327665243115,14.79299684830306,11.344741454320353,8.237111966167866,65.0,60.0,31.0,0.931906763238137,0.35770397661025854,0.059980411370931574,15.32766109106412,0.3598308670024082,-0.9325625706287949,-0.02913415546243523,10.641486077511907,0.04551408335135415,0.04873311994343815,-0.9977742987455951,8.198018510717338,73.51779865466511,63.34534891762598,33.93081858358638,19.229276411744525,6.7543213310585255,51046.0,158016.18206273255, 0.0, 0.0,0.0,NaN, 51.59555617284697,51.59555617284697,0.0, 218.83275575390428, 40.464851449201944, 8.892855485881555, 40.464851449201944, 128.70315866537467, 4.849388856661963, 8.892855485881555, 4.849388856661963, 67.85001354318584, 6.137819859929272, 4.069212611599976, 14.0, 0.0
4, 0 ,1.0,1.0,1.0,9.488398078140714,30.055868002532684,135.04707810346753,6.210866943415213,10.510398622237748,10.559505935556283,24.0,53.0,56.0,0.04338699111613493,-0.6980034677062721,0.7147787966020731,11.582071082055764,-0.013119840444928109,-0.7157888886498356,-0.698193480829013,9.381688306191847,-0.9989721911988279,-0.020914730585234707,0.04021362027919132,6.195649035078098,65.08169713598743,45.26441750777846,25.85424425765768,15.29183131337112,5.167824307543257,26849.0,76163.6332219817, 0.0, 0.0,0.0,NaN, 72.19603148630803,72.19603148630803,0.0, 38.574868188807834, -2.433893147499397, 3.424286373020341, -2.433893147499397, 110.46847919833715, -22.972498683569434, 3.424286373020341, -22.972498683569434, 111.50316560304837, 6.186128965795735, 4.117547147431618, 12.0, 0.0
5, 0 ,1.0,1.0,1.0,59.11357601109205,74.17707329682983,142.43136794115574,9.841839153625154,9.912294579449023,10.605158492400486,50.0,56.0,56.0,-0.5990511651591424,0.3616385586685613,0.714391527389288,11.521094205355999,0.1970749398145825,-0.7981595866811584,0.569300221575613,9.976674531722391,-0.7760793578098526,-0.4818286283245204,-0.4068685332000482,8.678428544611752,55.13137674225197,53.87984108305172,48.41619398275401,16.83240630811411,4.924922972302507,42553.0,143818.8429070166, 0.0, 0.0,0.0,NaN, 110.95404665368909,110.95404665368909,0.0, 96.86179792582907, -16.24914330936883, -21.856268682810132, -16.24914330936883, 98.2535838297745, 3.829780334251192, -21.856268682810132, 3.829780334251192, 112.46938664893413, 5.9521933762127315, 3.8625264419952665, 21.0, 0.0
6, 0 ,1.0,1.0,1.0,28.926570048309177,106.81307679493587,174.02495418957187,12.176498065001146,12.201898038996447,9.974933282820851,59.0,58.0,49.0,-0.7020767530102212,0.7111855632479972,0.0361016275291534,12.569192615970351,-0.7024999285329867,-0.700017012968753,0.12833562235580914,11.828958998100731,0.11654219533616683,0.06474006627995763,0.9910734788724261,9.936993553467623,65.88320901487431,60.22803765781413,48.994049930297905,19.072864886079913,5.733981157548093,60030.0,194409.1933105882, 0.0, -1.4210854715202004E-14,0.0,44.66854194214205, 100.97154111946642,100.97154111946642,0.0, 148.26710512697665, -9.3283517822409, -5.214176277400701, -9.3283517822409, 148.88631575406532, -2.17852722037003, -5.214176277400701, -2.17852722037003, 99.49929399672716, 6.030343544633611, 3.747282800799799, 25.0, 0.0
7, 0 ,1.0,1.0,1.0,136.12208060119355,16.507828040963677,180.27552862300155,13.44593237769715,9.97051727768146,9.672835915470088,65.0,41.0,39.0,0.9616558772165134,0.27185355175973913,0.03624389894248497,13.711221298219126,0.06845837652845418,-0.36590468231678824,0.9281310328513637,9.677275796439252,-0.2655775301075501,0.8900614640878823,0.3704850410579463,9.597958668835275,70.39026539393845,45.99394071890504,49.151391437243234,18.4724649297868,5.704042983322014,54292.0,159128.89266000676, 0.0, 0.0,2.8421709430404007E-14,87.92292263966209, 68.86183082413996,68.86183082413996,0.0, 180.79309750560458, 25.02672798468463, 3.4388454337056067, 25.02672798468463, 99.41121478454451, 0.4254660048483649, 3.4388454337056067, 0.4254660048483649, 93.56375464760806, 6.139800320836761, 3.9541143146793156, 14.0, 0.0
8, 0 ,1.0,1.0,1.0,185.19657766174683,155.333109313206,91.1987747822266,8.34658121739222,10.809335570420071,10.302260354215457,32.0,56.0,52.0,0.18457974383709852,0.8158233827043289,0.5480533973965478,11.429120116319531,-0.21172317129370094,-0.5115351713924625,0.8327695162323266,9.792050308219984,-0.9597414323151678,0.26974798731659133,-0.07830968290242811,8.13232353184144,55.381124496417414,47.3023572951481,38.142869051754374,16.3984228034715,4.871904294739326,38687.0,99921.26207378854, 0.0, 0.0,0.0,NaN, 102.62304301827143,102.62304301827143,0.0, 69.6654180185246, 12.933199877816001, 1.2784480001335496, 12.933199877816001, 116.84173547394862, 16.161433798987897, 1.2784480001335496, 16.161433798987897, 106.1365684060396, 6.149067254928884, 4.074306885517396, 18.0, 0.0
9, 0 ,1.0,1.0,1.0,79.33606245239909,146.63371776738114,44.833451202263085,9.626679942610483,8.891834880650556,10.422240085214682,45.0,40.0,48.0,-0.5849052334569731,-0.08647088086923495,0.806479171855258,11.258252882916278,0.10356015294272793,-0.9941248148517036,-0.031482490666159976,8.872534194312129,0.8044632761022239,0.06510483282955803,0.5904237445641161,8.653939082934311,54.609875330653956,40.65229435110885,42.06593443728346,16.08867451879168,4.638462556111608,36764.0,93387.0780632186, 0.0, 0.0,0.0,NaN, 105.60402090587368,105.60402090587368,0.0, 92.67296671745898, 2.228386926993977, -24.474439386463597, 2.228386926993977, 79.0647275447539, -3.4964842266979703, -24.474439386463597, -3.4964842266979703, 108.62308839385572, 5.9898928284666155, 3.942533409976353, 14.0, 0.0
10, 0 ,1.0,1.0,1.0,153.08482540711336,10.677225958032894,87.30300575224824,9.552505406421831,6.80113622559225,9.57870876203931,48.0,26.0,46.0,-0.6999315339508356,-0.05310479980436377,0.7122329169723685,9.797529493128494,0.7080231738268246,0.07938247989531937,0.701713336918901,9.349531524187329,0.09380316148947407,-0.9954287026821196,0.01796287201902846,6.77142164956923,49.368148134922706,50.27421950747424,27.629488260438762,14.425939675796213,4.598884594882528,24686.0,68574.8734459237, 0.0, 0.0,0.0,NaN, 99.68375782752683,99.68375782752683,0.0, 91.25035953971833, 4.199622816328249, -4.346208135996109, 4.199622816328249, 46.2554539590632, 0.4187130290011472, -4.346208135996109, 0.4187130290011472, 91.75166154796865, 6.344360222521317, 4.0532362304126925, 15.0, 0.0
11, 0 ,1.0,1.0,1.0,99.07873888812122,90.9034590760444,12.862258762839113,11.21584451379611,11.423063217775784,8.334638334086316,60.0,55.0,33.0,0.5705352950252617,0.8168940903821487,0.08469664827582564,11.609759419779902,0.8162049147649811,-0.5754305887233336,0.051857252867916315,11.050396092805755,-0.09109892559150508,-0.03954342752265364,0.9950564321162062,8.297588203924594,58.28102483790309,60.07840656865024,36.18200794273408,17.245275325725228,5.324304324031762,43422.0,126688.80806829712, -1.4210854715202004E-14, 0.0,-1.7763568394002505E-15,55.8029793133411, 135.0758049101793,135.0758049101793,0.0, 125.7951681576503, 5.715652743286919, 5.440558640547552, 5.715652743286919, 130.48637327730205, 2.972700214955949, 5.440558640547552, 2.972700214955949, 69.46619616002111, 6.131500721318895, 3.8466328785297033, 12.0, 0.0
12, 0 ,1.0,1.0,1.0,154.76822866776504,9.79160121077436,39.89179662056017,10.190553928598456,6.227156865160314,9.735315516210573,46.0,24.0,48.0,-0.9551729805491009,0.013549235025579582,0.2957380520987596,10.23833628553321,-0.29570556924831665,0.004386973084477417,-0.9552690567492935,9.685732517310319,-0.014240559837172822,-0.9998985812058031,-1.8373390057073704E-4,6.226097967636597,52.959140253502795,49.71902198961659,24.38371466964808,14.71059998578799,4.582519858471242,26099.0,64204.189951857574, 0.0, 0.0,0.0,NaN, 61.09946014277512,61.09946014277512,0.0, 103.84738937167342, -0.9263421692794859, -3.110292434278386, -0.9263421692794859, 38.777482623313226, 0.034004437688233934, -3.110292434278386, 0.034004437688233934, 94.77636820017032, 5.862077184901017, 3.875561527987594, 14.0, 0.0
13, 0 ,1.0,1.0,1.0,188.66648642385385,59.006372870881776,92.9656637441582,6.93261460027976,9.437601544382732,9.715628487711394,28.0,46.0,55.0,-0.14486520349262413,0.4676545086540722,-0.8719594791918714,9.842089688440922,0.07994729537531897,-0.8728418289836436,-0.4814099827991314,9.376030966460405,0.9862162555845508,0.1394503571598383,-0.08905669603562306,6.837120658467059,53.94141791339106,45.604402324241484,29.83700140098503,14.541101878128895,4.480988862699581,25891.0,73398.01270195832, 0.0, 0.0,0.0,NaN, 110.69243517399964,110.69243517399964,1.3486991523486091E-6, 48.0611451960121, -6.267968416049423, 4.74676553361426, -6.267968416049423, 89.06832291053533, -3.141143042670654, 4.74676553361426, -3.141143042670654, 94.39343691122919, 6.16607470785723, 3.9438981152263133, 11.0, 0.0
14, 0 ,1.0,1.0,1.0,69.20572337042925,187.46177000529943,23.59904610492846,12.653693566843529,7.278630295340681,13.668001504273601,62.0,29.0,55.0,0.5030324628888416,-0.02261750228209166,0.8639715214464573,14.14906481032431,-0.8585749872061995,0.10146818986685,0.5025467120467708,12.157188134446798,0.09903197778425578,0.994581648249989,-0.0316229717211111,7.205236057032563,69.92327207404928,60.90225744454828,31.257902833788535,18.95814213715357,6.363767098840159,47175.0,133111.3140131643, 0.0, 0.0,0.0,NaN, 74.18594432698775,74.18594432698775,0.0, 160.11596088357732, -10.040073723400738, 23.073095019642707, -10.040073723400738, 52.97845897625117, 1.9917197594116278, 23.073095019642707, 1.9917197594116278, 186.8142651208254, 5.433090750303734, 3.633131519326196, 12.0, 0.0
15, 0 ,1.0,1.0,1.0,185.46047741192484,149.14186253468043,34.12361932680731,8.485435327783025,11.610340562819834,9.169592729248382,36.0,56.0,49.0,-0.1988436270373322,0.9799004661172509,-0.01600901276885275,11.72644907567485,-0.006456205093639568,-0.01764461049388527,-0.9998234769879669,9.168923748512539,-0.9800099639301773,-0.1987051690915816,0.009834956728871075,8.324979331896255,58.44518457172747,49.23837491932477,40.684738093874586,16.331256512665146,4.916717627081693,38206.0,117080.33865606057, 0.0, 0.0,0.0,NaN, 62.9473530777216,62.9473530777216,6.743495761743046E-7, 72.00261270198821, -13.287724115914695, 0.3124159865852763, -13.287724115914695, 134.8000079846596, -0.8094806248048729, 0.3124159865852763, -0.8094806248048729, 84.0814308202848, 5.943361165676043, 3.913798044568233, 17.0, 0.0
16, 0 ,1.0,1.0,1.0,152.46813559322035,109.9989406779661,10.091186440677966,10.346058854081827,9.628887006271409,5.789301086222542,58.0,50.0,24.0,0.9137441309395171,0.4021380010013193,0.057936959915500956,10.527107587361488,0.4015568703575667,-0.915573155406794,0.0218603972306896,9.445825160368827,-0.06183642164795641,-0.003290174632151268,0.9980808743326697,5.764442622011624,52.32200474002883,43.43489773988638,24.76885738523505,14.577537186137821,4.557171869192617,23600.0,56289.72821550417, 0.0, 0.0,0.0,NaN, 102.28050086332817,102.28050086332817,0.0, 107.04093381212495, 7.9242247199080635, 4.599176788279336, 7.9242247199080635, 92.71546497954238, 0.6870457483481645, 4.599176788279336, 0.6870457483481645, 33.516007066937505, 6.056912684244877, 3.939031021530526, 17.0, 0.0
17, 0 ,1.0,1.0,1.0,11.384322839636594,46.76885696175787,14.400633847454046,7.035431694229669,9.254738560670445,8.763644314612195,27.0,45.0,38.0,-0.18382774053297024,-0.8526864122470088,0.48901251945105373,9.540658986094343,0.05206427663567939,-0.5052385393619481,-0.8614077602632848,8.54107273825816,-0.9815786636377882,0.13289055915575593,-0.13727136037179827,6.92638789084231,48.26178592388354,40.785165574869836,29.973370590008088,13.946718619459865,4.1758815085170085,23665.0,58998.53149860485, 0.0, 0.0,-1.7763568394002505E-15,60.724302011858995, 50.24248245493924,50.24248245493924,0.0, 49.49729912417135, 6.090904117169352, -4.989975273297897, 6.090904117169352, 85.65018582636044, -7.080901451697695, -4.989975273297897, -7.080901451697695, 76.80146167303465, 7.2808594901579875, 4.1420578208453795, 10.0, 0.0
18, 0 ,1.0,1.0,1.0,62.05033905720223,12.03196434430712,104.83665098982829,10.624848662696909,7.344430200720638,11.992868283694463,50.0,28.0,57.0,0.3419297365625531,0.14364753521936774,0.9286815605360446,12.328348407271353,-0.9325009732704539,0.1741723818761943,0.31639518997802313,10.421487293020649,-0.11630129020745748,-0.9741813830170302,0.19350618305136164,7.075406836278271,60.602910746873704,55.42389453857072,35.29100082807618,16.74617344074445,5.497511149694305,36572.0,118537.15462634695, 0.0, 0.0,0.0,NaN, 114.24130486793375,114.24130486793375,0.0, 112.8874091052123, -4.5024293546393706, 15.09287776243364, -4.5024293546393706, 53.940654973257395, 16.82363433755041, 15.09287776243364, 16.82363433755041, 143.8288896700446, 5.5880387845688215, 3.695265624966034, 18.0, 0.0
19, 0 ,1.0,1.0,1.0,191.68438647448895,134.70904806269525,118.52320929467858,4.824544611336744,9.693229418614422,9.707956499899538,19.0,47.0,46.0,0.023602115188797096,0.7040823053733856,0.7097260368752955,10.73446447081811,0.02158947190822799,-0.7101172084743153,0.7037524031442944,8.546864165117091,-0.999488286505319,0.0012874349477472017,0.03196103330489694,4.816817636198537,49.020874556720344,46.11281058245115,19.93002175892056,13.825617883453942,4.509061633347849,18247.0,45051.6209250204, 0.0, 0.0,0.0,NaN, 104.74027523748376,104.74027523748376,0.0, 23.276230706778417, 0.7650796181871994, 2.2989073452103854, 0.7650796181871994, 93.95869656189207, 21.07544901328705, 2.2989073452103854, 21.07544901328705, 94.24441940394169, 6.171093121291043, 3.839243971730993, 8.0, 0.0
20, 0 ,1.0,1.0,1.0,40.275487568167115,172.9859506423884,190.31273685183473,9.87348760060522,10.271779862755455,5.006727656707088,48.0,49.0,20.0,-0.395340331127753,0.9183091048936786,0.020357073787034784,10.362993841935342,0.9185174501431697,0.3950999155676162,0.014891289432181272,9.780254486107687,-0.005631728534717899,-0.024585454802281304,0.9996818689192458,5.001751852664205,49.136833044409215,44.38606107906324,20.634373850452107,14.385161973723331,4.596700530422951,21638.0,45003.3727788096, 0.0, 0.0,0.0,NaN, 49.4541891941508,49.4541891941508,NaN, 97.485757399305, -4.271293639859377, 0.3032061940203838, -4.271293639859377, 105.50946154890848, 1.9554982901819868, 0.3032061940203838, 1.9554982901819868, 25.067321828435656, 6.155292449390087, 4.036018360918637, 11.0, 0.0
21, 0 ,1.0,1.0,1.0,11.506006727534839,153.43648886753164,188.05793155000268,7.276546745176774,10.156542629667884,6.093642266124656,29.0,56.0,23.0,0.06686649609130739,0.9974680461774947,0.02421504811730224,10.169486637258103,0.9965540319673842,-0.0679597093369004,0.047555644001466175,7.263570281901007,-0.04908088293848587,-0.02095172455183808,0.9985750308155534,6.087532758434896,56.55109059497009,30.68726190980535,24.598927405587006,13.202853005542947,4.349786121699353,18729.0,42688.93257963843, 0.0, 0.0,0.0,NaN, 49.428349746496735,49.428349746496735,0.0, 52.948132534742705, 3.362667254119451, 0.8515661648045741, 3.362667254119451, 103.155358188261, 1.5521068705605376, 0.8515661648045741, 1.5521068705605376, 37.13247606750083, 6.156194851083275, 4.072471674522225, 8.0, 0.0
22, 0 ,1.0,1.0,1.0,8.464851080209787,19.19554443535582,55.162440456142036,5.3352689911849565,10.369155297410114,9.622218833051901,21.0,42.0,45.0,0.008236312544432252,0.9444566431407959,0.32853281781717025,10.466959997507495,-0.05703221180964119,0.3284528416745405,-0.9427969333912892,9.526701331022748,-0.9983383644695673,-0.010971783042824344,0.056569691576767,5.315663855184417,45.38457982777334,44.33565573006442,21.815045098064296,14.365007746107125,4.713610560443881,20783.0,43895.254396912555, 0.0, 0.0,-7.105427357601002E-15,70.82025231906292, 59.01709470193585,59.01709470193585,NaN, 28.465095208299743, -0.5383801563764817, 3.5806987804076384, -0.5383801563764817, 107.51938158180822, 5.871906942512595, 3.5806987804076384, 5.871906942512595, 92.58709527113871, 5.512358373312348, 3.7780881241119, 11.0, 0.0
23, 0 ,1.0,1.0,1.0,101.15950461107624,18.665346917097196,103.12804789725267,9.847545271239971,9.989999150283655,10.810557702438402,45.0,41.0,52.0,-0.5656552404566806,0.2664655268656631,0.7804039158897781,11.82873708798925,-0.05495407055956659,-0.9564317452647061,0.2867374526964384,9.851185402492263,0.8228087256907459,0.119308170894171,0.5556539942131778,8.756569750678063,59.96581222907952,48.43228701279995,45.88243747895896,16.92925677925281,5.200255150624833,41422.0,133255.51107979816, 0.0, 0.0,0.0,NaN, 139.64961084249543,139.64961084249543,0.0, 96.97414786912073, -8.461685748666428, -28.238255334294557, -8.461685748666428, 99.80008302266815, 7.565206893721167, -28.238255334294557, 7.565206893721167, 116.86815783775027, 5.370088279201237, 3.3802096415989125, 19.0, 0.0
24, 0 ,1.0,1.0,1.0,121.94385796545106,10.048264555342291,144.53934740882917,9.332477517766819,6.492363324490495,10.401303351519283,42.0,26.0,49.0,-0.04232363265193016,0.0782757660037961,0.9960329384993571,10.426278621620307,0.9753133335139216,0.21949618143848287,0.02419354880720425,9.455898249136048,0.21673165802232597,-0.9724681644097377,0.08563327402622167,6.26990685524656,49.96928434037385,43.83794084785619,29.608563190740533,14.673819025307825,4.7023467311172,25008.0,64859.05382326604, 0.0, 0.0,0.0,NaN, 96.27882901100514,96.27882901100514,1.3486991523486091E-6, 87.09513661962312, 10.495871858433299, -1.7431924279431796, 10.495871858433299, 42.15078153718927, 5.676503825877977, -1.7431924279431796, 5.676503825877977, 108.1871114103263, 5.845573896563642, 3.719226285081545, 9.0, 0.0
25, 0 ,1.0,1.0,1.0,57.064515380689464,151.81867953417157,19.449983760961352,8.57517917738908,11.373197520694603,11.72215683299292,40.0,53.0,46.0,0.17650643462241253,0.5696839351965205,-0.8026865468636503,12.418892703772789,0.24195314250761224,-0.8155802143482603,-0.5256306600592637,10.870207690012128,0.9540986088280264,0.10143533872695779,0.2817919741400954,8.240265127683937,60.65746845364393,56.9940545963635,42.992800648901884,17.584510398942104,5.574699509015689,43106.0,148631.05896997335, 0.0, 0.0,0.0,NaN, 77.17577615913858,77.17577615913858,0.0, 73.53369792432724, -1.2373856953679492, -18.622637332140304, -1.2373856953679492, 129.34962184473386, -17.929451281128514, -18.622637332140304, -17.929451281128514, 137.40896081728263, 5.40830679343277, 3.614040912898286, 11.0, 0.0
26, 0 ,1.0,1.0,1.0,139.70684413770437,36.36901925341659,35.586202174567966,8.773811159744982,8.988533816101354,10.943729024362007,40.0,44.0,55.0,0.23793366878397249,0.42156571744892607,0.8750256654126041,11.56983412236608,-0.8199657526556466,-0.39571036801525405,0.4136054510243916,8.712054727605569,-0.5206186067850989,0.8159017407243374,-0.251516631164101,8.232724226698323,56.65852254729567,42.08275976583835,41.56264284764951,15.972457002226436,4.734904930488721,36513.0,99099.76249680381, 0.0, 0.0,0.0,NaN, 78.89453713977723,78.89453713977723,0.0, 76.97976226686558, 9.263850740519011, 11.003853643266178, 9.263850740519011, 80.79374016319757, 23.047531342258218, 11.003853643266178, 23.047531342258218, 119.76520495866339, 5.484736468229233, 3.5312472062401454, 16.0, 0.0
27, 0 ,1.0,1.0,1.0,71.0205643374206,63.818584724479244,46.749386910917416,9.065083182924573,9.225931118294133,9.495998021510545,43.0,39.0,49.0,0.4882652401679242,0.5960633908952989,0.6374209670838864,9.926379243359909,-0.4445742052002887,-0.45863399070491334,0.7694209762156323,9.191398568187148,-0.7509665980017293,0.6590624375614831,-0.04105937263555846,8.628598033000662,53.73074066718786,48.000249873372866,44.46762192827885,15.43181771267779,4.396193651338745,33845.0,114685.95358893355, 0.0, 0.0,0.0,NaN, 106.31198188157292,106.31198188157292,0.0, 82.17573311334189, 9.053161915549232, 4.063921604668373, 9.053161915549232, 85.11780499950804, 5.610052759138226, 4.063921604668373, 5.610052759138226, 90.17397842453218, 5.668841017205706, 3.610837965346176, 24.0, 0.0
28, 0 ,1.0,1.0,1.0,92.12153153153153,126.72525525525525,77.13318318318318,8.990577586679303,8.151311838876115,10.259521809774647,44.0,39.0,46.0,-0.08390132813286882,-0.10500368887333865,0.9909262295754069,10.28789617233747,0.9880178020256586,0.12051150729061078,0.09642509782692142,8.994932928775002,-0.1295430045117334,0.987142949087687,0.09363443836824605,8.110643116053557,45.75091733156346,44.87066909771677,39.520827790451435,15.313591354030946,4.245712854597568,33300.0,81131.29059898318, 0.0, 0.0,0.0,NaN, 140.73056788449676,140.73056788449676,0.0, 80.83048534210023, 2.153960720179625, -1.8893691394096745, 2.153960720179625, 66.44388469460192, -3.992327539250945, -1.8893691394096745, -3.992327539250945, 105.25778776524163, 5.777035341919722, 3.625639777894466, 19.0, 0.0
29, 0 ,1.0,1.0,1.0,67.60172595243107,190.48730793517154,72.59966322879394,10.278465367706092,5.513332888819197,10.113905678744667,52.0,22.0,46.0,-0.7555309691698393,0.04294249584489469,0.6537039824537516,10.73788480658408,0.6549418123967303,0.026706190353463777,0.7552072574937896,9.635216038459674,-0.014972541526734093,-0.9987205422175995,0.048302189938081094,5.495017716928018,46.253874746130435,48.55977967949363,22.759659509323228,14.694925677377107,4.732223290692809,23755.0,51119.969760198874, 0.0, 0.0,0.0,NaN, 99.65538501758017,99.65538501758017,NaN, 105.64685031513352, -1.6655684961204804, -11.049908911487318, -1.6655684961204804, 30.396839542935428, 3.652506775983222, -11.049908911487318, 3.652506775983222, 102.29108807854361, 5.407405651398544, 3.6683433686147358, 15.0, 0.0
30, 0 ,1.0,1.0,1.0,125.8497860410211,74.86793566474842,165.56305149771285,8.978040218578217,9.04267914392863,9.37281307408814,43.0,43.0,44.0,-0.4905464867407094,-0.36418311857626745,0.7916658389057921,9.793033049697586,0.45505857231097785,-0.8818292660384704,-0.1236884850111237,8.958110716706878,0.7431593638733495,0.29957937462735496,0.5983028983593858,8.606604049391349,48.678639910789684,42.565515287664496,43.33433000987711,15.267589790682564,4.138306316802866,33885.0,89790.09210165446, 0.0, 0.0,0.0,NaN, 110.85741041090773,110.85741041090773,0.0, 80.60520616640798, 1.4223046343092633, -8.825116360532396, 1.4223046343092633, 81.77004610004182, -5.6203731606237035, -8.825116360532396, -5.6203731606237035, 87.84962492179757, 5.622622641830014, 3.6348117890347384, 18.0, 0.0
31, 0 ,1.0,1.0,1.0,44.49171670002224,56.48323882588392,171.54486324216145,9.038381350408606,11.377373456966646,8.017332358990972,43.0,54.0,40.0,0.24486128937743634,-0.9662577987534182,0.07993006513583134,11.533197539167919,0.9420521373476395,0.25660217901165705,0.21608584462017238,8.906640193649134,-0.22930486144685894,0.022387230169638173,0.9730971649543371,7.941769157601594,50.996221932882825,45.197929717791325,37.648832894700604,15.923601040978854,4.674774032718201,35976.0,86777.68551443183, 0.0, 0.0,0.0,NaN, 77.32764014945867,77.32764014945867,0.0, 81.69233743541412, -12.618703992380704, 4.678156805818846, -12.618703992380704, 129.4446267792892, -4.500512771430202, 4.678156805818846, -4.500512771430202, 64.27761815452375, 5.494369413539658, 3.531821451756795, 20.0, 0.0
32, 0 ,1.0,1.0,1.0,188.2888644458412,183.70647391577623,185.9998952440813,6.678412209399451,9.924629751701508,7.780154126308053,27.0,48.0,29.0,0.14359428442355116,-0.8965033134578669,0.4191210928120346,10.52576564745927,0.23071575101981778,-0.3815143494050357,-0.8951072804024189,7.072662158075052,-0.9623673538271391,-0.22523012710807153,-0.1520541552560541,6.543391407261382,56.552738367928995,37.99975311282424,31.239314337054054,13.489599311407298,4.654135149930742,19092.0,67132.97711101937, 0.0, 0.0,0.0,NaN, 24.466970008602622,24.466970008602622,0.0, 44.60118963865566, -9.385041045752514, 2.6027434385549886, -9.385041045752514, 98.49827570835872, -23.08043091620392, 2.6027434385549886, -23.08043091620392, 60.530798229108235, 6.1289485537722355, 3.8315411080429045, 7.0, 0.0
33, 0 ,1.0,1.0,1.0,87.7412626665485,75.84950810954534,97.36272858873231,10.471667668497696,8.562790437671028,9.327422474650312,48.0,42.0,46.0,0.8645162508768943,0.22570652478207054,0.4490748452547297,10.9679670524568,-0.478093533366338,0.09367414349306,0.873299334818327,8.885830517232433,-0.15504265646282342,0.9696812463442003,-0.1888916492736215,8.409740103878658,50.01464903218178,47.809203154565765,42.7821152294404,15.769817158390055,4.614204227217919,33849.0,102298.90473974535, 0.0, 0.0,0.0,NaN, 151.43043938727573,151.43043938727573,0.0, 109.65582375945999, 9.304174186043847, 15.807727760941827, 9.304174186043847, 73.32138007947039, 5.698240403881971, 15.807727760941827, 5.698240403881971, 87.00081002061177, 5.887101974487199, 3.5906624227769184, 21.0, 0.0
34, 0 ,1.0,1.0,1.0,142.95293553031516,71.15523916173412,115.79286514157735,9.316599848445069,9.568560172345267,8.090175284619404,47.0,42.0,36.0,0.5231403081615379,0.8158647019757905,-0.24635138734459566,10.031054698984311,-0.8398167107278033,0.4443148237951316,-0.3119170238031824,9.066707867852108,0.14502451640665875,-0.37006637975619583,-0.9176158042531518,7.80897321731346,46.4361987666278,42.057657563280955,40.08540680550766,15.03564670024956,4.211489160496258,31255.0,78286.7091493636, 0.0, 0.0,0.0,NaN, 124.1300817120352,124.1300817120352,0.0, 86.7990327360467, 8.99965947230558, 0.451073576172139, 8.99965947230558, 91.55734377179209, -10.909197941671204, 0.451073576172139, -10.909197941671204, 65.45093613586666, 5.61819361021301, 3.576333831461513, 18.0, 0.0
35, 0 ,1.0,1.0,1.0,146.37955612215333,106.19093701106797,84.05351451584865,9.438571191971002,9.065486649163262,9.575174094249885,43.0,49.0,45.0,-0.8201236532507548,-0.5533403938878356,0.1456420333238005,9.799917845003318,-0.019983828903591475,-0.22668101288956424,-0.9737640191430947,9.598512316074748,0.5718372495395766,-0.8015173902588864,0.1748486006566703,8.64776299493709,47.61976527055296,43.32605117785296,41.75368079909768,15.59371979053227,4.4485431729521405,34514.0,86145.20830293854, 0.0, 0.0,0.0,NaN, 136.89516281806564,136.89516281806564,0.0, 89.08662614590492, 9.724075017529369, -2.2011659082579804, 9.724075017529369, 82.18304818615734, 2.116310463596127, -2.2011659082579804, 2.116310463596127, 91.6839589351941, 5.344437796853713, 3.4334052134695967, 21.0, 0.0
36, 0 ,1.0,1.0,1.0,8.948955271311672,98.60054023993008,112.88170334472075,6.014869315032938,9.700641641983077,10.856828645323317,24.0,50.0,59.0,0.019340796468654387,-0.019090851904859492,0.9996306682797927,10.858556860777654,-0.04022376016074432,0.9989933691152612,0.019856927815497145,9.705132607331691,-0.9990034948439814,-0.04059295304958342,0.01855342157730827,6.004496094792596,58.90184602088834,49.56677787744137,25.155642752485967,14.945612230817881,4.978002051329535,25174.0,73443.77860245854, 0.0, 1.4210854715202004E-14,0.0,88.90610830493736, 131.87777655151473,131.87777655151473,0.0, 36.178652876924815, -2.3663027644271475, 1.5361082385782707, -2.3663027644271475, 94.10244826617615, -0.4088579949745065, 1.5361082385782707, -0.4088579949745065, 117.87072823391291, 5.556046184798452, 3.5261028519694926, 15.0, 0.0
37, 0 ,1.0,1.0,1.0,101.34799369195724,97.07948133870686,171.78440511652357,9.237194115647474,8.421183949047375,8.76188453764501,41.0,41.0,46.0,-0.8700632601299176,-0.34753983615939366,0.34957972717879604,9.511260883067916,-0.2456866917945815,-0.3090734363058677,-0.9187554954639005,8.669638158360456,-0.42734994190608455,0.8852624883346095,-0.18352752899900732,8.208897946873908,44.93102058397376,45.9088518097017,40.8500663416245,14.669907401168004,4.219778634717452,28535.0,84262.72130169637, 0.0, 0.0,0.0,NaN, 141.25425246775015,141.25425246775015,0.0, 85.32575513015233, 7.568906616668692, -5.263961549223043, 7.568906616668692, 70.91633910369313, -0.5955504049159036, -5.263961549223043, -0.5955504049159036, 76.7706206510227, 5.361125027864978, 3.528476845761197, 16.0, 0.0
38, 0 ,1.0,1.0,1.0,116.80812675540359,38.13921113689095,158.05760776651607,9.203392773057045,8.437980294766621,9.701319026709022,45.0,39.0,47.0,-0.5983635213534091,-0.174852727979881,0.7819127955415117,10.166120782430497,0.5980412788294895,0.5519798040590995,0.5810894291990406,9.044884124226742,0.5332051435700308,-0.8153188452555675,0.22571543022485469,8.053421649482953,50.324249528931105,43.97529073194954,41.589943064033626,15.215756467640972,4.300964538969325,32756.0,92039.52152664907, -1.4210854715202004E-14, 0.0,0.0,53.247216815698366, 100.67100608594689,100.67100608594689,0.0, 84.70243853515863, 9.623364940632499, -12.118174843920094, 9.623364940632499, 71.19951145486979, 0.17478656077325888, -12.118174843920094, 0.17478656077325888, 94.1155908579865, 5.284418500591393, 3.4053985152595456, 13.0, 0.0
39, 0 ,1.0,1.0,1.0,180.85728444003965,160.27799801783945,7.991526263627354,10.289859960047503,9.343983694042217,5.358974720879059,44.0,49.0,20.0,-0.992027197346833,0.12170222302874498,-0.03272015638791219,10.309149348028427,-0.11945520792635997,-0.9908023339888901,-0.06357034105177568,9.339905676478383,-0.04015585914232146,-0.05915491418327432,0.9974408268686981,5.3289268155481775,46.01261588224054,46.54371880087331,21.802038618599205,14.105518733595186,4.790010499689131,20180.0,46691.20785919459, 0.0, 0.0,0.0,NaN, 44.81233638745653,44.81233638745653,0.0, 105.8812179973888, -2.4390666852637413, 2.974756969239194, -2.4390666852637413, 87.31003127452684, 3.395715444056068, 2.974756969239194, 3.395715444056068, 28.718610059020786, 5.833565312870608, 3.5981491881356913, 12.0, 0.0
40, 0 ,1.0,1.0,1.0,56.416049082735995,82.64472725063783,72.64761268375653,9.878792468154524,8.83616413278592,8.758174067597132,48.0,43.0,45.0,0.8848507808538718,-0.4154203442675571,0.21086733552382614,10.265272406979912,0.0593996584703731,0.5495340412164371,0.8333570771991649,8.810613737954954,0.4620722629588326,0.7248712127771081,-0.5109314520472857,8.328938598632243,47.94739632215202,41.58235727243648,41.75721801283664,15.290169687317444,4.310993057495247,32924.0,83254.11168017614, 0.0, 0.0,0.0,NaN, 123.65515421965677,123.65515421965677,0.0, 97.59054062886655, -12.9652677037795, 7.126624998721209, -12.9652677037795, 78.07779658153234, 0.6268110060108493, 7.126624998721209, 0.6268110060108493, 76.70561299833089, 5.236618774213814, 3.3746100979952494, 21.0, 0.0
41, 0 ,1.0,1.0,1.0,154.58322240956014,180.08060460851303,136.66592717484545,9.33671473976935,10.492647021006347,8.721544642463268,45.0,49.0,43.0,-0.043351307750895865,0.9248183376189202,0.37793082240016357,10.819148719082005,0.9937685748402045,0.001035499818099051,0.11145827649930684,9.34407619809174,0.1026873106881095,0.38040763681070283,-0.9191002916329318,8.30478690806579,53.574994381021895,45.61125207980365,41.622835209602286,15.808943742900727,4.838648811758962,33807.0,101710.4997073567, 0.0, 0.0,0.0,NaN, 80.4404797355402,80.4404797355402,0.0, 87.17424213182625, -1.9089325011403342, 1.2438522759655513, -1.9089325011403342, 110.09564150743337, 16.808481925297713, 1.2438522759655513, 16.808481925297713, 76.06534095047974, 5.396170064674266, 3.4911710328116103, 17.0, 0.0
42, 0 ,1.0,1.0,1.0,133.70609614562335,137.21244884246534,18.047828477185266,9.3819429131394,8.436908476973285,9.704681403321404,48.0,39.0,38.0,0.5041676856055816,0.16328352834671936,0.8480291470001238,9.803085915430216,0.7756900909835761,0.34603989351829106,-0.5277890438837675,9.457326045524981,0.37963117303641275,-0.923901986936112,-0.04780471728293263,8.236601800350137,48.40424294507096,53.68686384454459,41.03615355507901,15.296615924767213,4.404163923419563,32742.0,106639.5032514036, 0.0, 0.0,0.0,NaN, 93.0746065334432,93.0746065334432,0.0, 88.0208528254066, 8.12404236793855, 3.2392417517547596, 8.12404236793855, 71.18142464882366, -0.0318457909504907, 3.2392417517547596, -0.0318457909504907, 94.18084113997229, 5.323195849443413, 3.38601906632942, 12.0, 0.0
43, 0 ,1.0,1.0,1.0,15.988180196253346,152.78488594367275,56.87584427169619,9.413636966771687,8.306864627091471,9.362516819916351,39.0,40.0,45.0,-0.7617405757428273,0.3485408596933807,-0.5461415241411195,9.529336005677136,0.6031761513445748,0.07381089488845322,-0.7941854205693484,9.413890486446748,-0.23649487460859006,-0.9343828021319555,-0.2664562879046066,8.114659775881133,56.9325965102614,49.936237186229306,38.05571722531539,15.06436394208197,4.282781934528564,31388.0,108192.39048432217, 1.7763568394002505E-15, 0.0,0.0,40.38211559259231, 75.62903254014357,75.62903254014357,0.0, 88.61656094217044, -5.61306254985657, -0.5252982596916201, -5.61306254985657, 69.00399993282353, -6.086284550704333, -0.5252982596916201, -6.086284550704333, 87.65672120321658, 5.637953231758953, 3.669126862465822, 18.0, 0.0
44, 0 ,1.0,1.0,1.0,117.78480014339488,89.3814662125829,63.26994084961463,8.337591884901506,8.750399203311154,8.675073734461785,40.0,42.0,39.0,-0.4044736563295149,-0.7245970715669781,0.5579965458781919,9.303229070865969,-0.5153900940905509,-0.32342543249302896,-0.7935798891920279,8.409459936611047,-0.7554959379432609,0.6085680516534345,0.24263308566223243,8.004545045432673,49.81614853672161,42.268114231351746,40.54804337191824,14.34276113240643,3.9531041035578265,27895.0,85379.36539404963, 0.0, 0.0,0.0,NaN, 136.93601062133493,136.93601062133493,0.0, 69.51543843917545, 7.695534743650658, -2.3546709116244244, 7.695534743650658, 76.5694862173085, -7.382234829924727, -2.3546709116244244, -7.382234829924727, 75.25690429834873, 5.294931705605067, 3.387988245058477, 16.0, 0.0
45, 0 ,1.0,1.0,1.0,187.19550844014333,25.076127507110407,176.9982639530159,8.025451180488947,9.2227632394156,9.704717573225992,32.0,48.0,50.0,0.06587239807637035,0.5480298144391931,-0.8338609894085542,10.147212625583208,-0.5066866999127612,0.738290253938593,0.44519219340730054,9.10715282535731,-0.8596100367627082,-0.3931803955247925,-0.32631236763534516,7.598856160212517,51.14130111204673,53.95497393669366,37.54522066355375,14.863382950350616,4.767454128570012,27073.0,103599.5624457044, 0.0, 0.0,0.0,NaN, 36.357214360212296,36.357214360212296,0.0, 64.40786665041144, -7.793408299602405, -8.167946334108018, -7.793408299602405, 85.05936177031575, -12.384199091610233, -8.167946334108018, -12.384199091610233, 94.18154317608139, 5.470461888995666, 3.5349642259685723, 8.0, 0.0
46, 0 ,1.0,1.0,1.0,182.12264120407832,94.16407185628742,80.0412688137239,9.391405051025478,8.560528317834565,9.503635784811857,38.0,43.0,44.0,0.6584224551466967,-0.24004998925009868,0.7133413441120765,10.595211318002628,0.5336568905899575,0.8172383566515966,-0.21755870826803575,8.513183000662284,-0.5307449422127872,0.5239250624644956,0.6661924160759564,8.189471250778928,54.80211870916128,51.40947428230592,49.252443127345444,15.209667811623483,4.523961991805281,30895.0,138761.2776756443, 0.0, 0.0,0.0,NaN, 124.87224311024843,124.87224311024843,0.0, 88.19848883242686, -4.784582238662344, 20.597592894151344, -4.784582238662344, 73.28264508044748, -8.699731076768582, 20.597592894151344, -8.699731076768582, 90.31909313035648, 5.494050271863362, 3.3830819020376452, 13.0, 0.0
47, 0 ,1.0,1.0,1.0,29.367517105737,150.03964098728497,125.79877558935151,9.723629299075665,8.788725961658567,10.695310147734741,56.0,41.0,50.0,-0.4379805272783155,0.38838962492351825,0.810756780407526,11.425451336494383,0.8505684195964508,-0.11294352340368083,0.5135923715422166,9.39026777679717,-0.2910436759495121,-0.9145475710825169,0.28088488552584057,8.213541426732755,53.8846684299601,49.60577065800989,41.214287941541585,16.170652268815044,4.968937022368913,36099.0,110165.40030178774, 0.0, 0.0,0.0,NaN, 94.15046594507405,94.15046594507405,0.0, 94.54896674584269, -12.720128451710847, -13.349770235849395, -12.720128451710847, 77.2417040291313, 18.661208125755337, -13.349770235849395, 18.661208125755337, 114.38965915623773, 5.507082785005408, 3.3475474786863892, 22.0, 0.0
48, 0 ,1.0,1.0,1.0,17.05614003536852,134.2420345892156,12.332584000239786,9.783340444535437,10.759295912910321,8.066380864599736,41.0,52.0,31.0,-0.28166078183303156,0.9168631866798214,-0.2828941513862195,11.191077489360348,-0.9360007821746293,-0.1976758062347803,0.291250427292239,9.749227659989094,-0.21111546543464696,-0.34682297003046614,-0.9138621820129991,7.500336239720732,56.85906832918505,49.89153273933376,37.77227029867579,15.865661678723853,4.982316584109793,33363.0,107151.85018056417, 0.0, 0.0,0.0,NaN, 69.04429415958273,69.04429415958273,0.0, 95.71375025368283, -10.637482564085996, -5.078468058401495, -10.637482564085996, 115.76244854156873, -20.126445937174115, -5.078468058401495, -20.126445937174115, 65.0665002527808, 5.630915799212714, 3.4942553783613413, 11.0, 0.0
49, 0 ,1.0,1.0,1.0,179.5852164860065,81.5959642354094,17.868209933247595,9.948082114587203,8.853638306639985,9.331026857044566,45.0,44.0,41.0,-0.7584020108352794,0.49388943008975766,0.4253229605918537,10.67447244194425,0.544860892568161,0.12227710074869645,0.8295630888499805,9.15982546052795,-0.35770518267259205,-0.8608841626363606,0.36183623479560484,8.159200135374572,54.087011361586505,44.851278489014945,43.08682225882319,15.565868982290217,4.70351294847291,32658.0,104523.09884905964, 0.0, 0.0,0.0,NaN, 85.98800899920894,85.98800899920894,0.0, 98.96433775856978, -16.589321711897316, -7.447493056654748, -16.589321711897316, 78.38691126480293, 11.708923696160268, -7.447493056654748, 11.708923696160268, 87.06806220688699, 4.638322754796432, 3.2308272480984863, 15.0, 0.0
