// Sample: .//bubblelabels.tif, Map: .//bubblelabels.tif, Thickness:(8.191250068658265):/gpfs/home/mader/Foam/NewValid/InSilicoTest/LatticeData_Phi_6.65/out_Step_03000.vtk/distmap.tif, Neighbors:(1.0):
//LACUNA_NUMBER, TRIANGLES, SCALE_X, SCALE_Y, SCALE_Z, POS_X, POS_Y, POS_Z , STD_X, STD_Y, STD_Z,PROJ_X, PROJ_Y, PROJ_Z, PCA1_X, PCA1_Y, PCA1_Z, PCA1_S, PCA2_X, PCA2_Y, PCA2_Z, PCA2_S, PCA3_X, PCA3_Y, PCA3_Z, PCA3_S,PROJ_PCA1, PROJ_PCA2, PROJ_PCA3,OBJ_RADIUS, OBJ_RADIUS_STD, VOLUME, VOLUME_BOX, Mask_Grad_X,Mask_Grad_Y,Mask_Grad_Z,Mask_Angle, Mask_Distance_Mean,Mask_Distance_COV, Mask_Distance_STD, SHAPET_XX, SHAPET_XY, SHAPET_XZ, SHAPET_YX, SHAPET_YY, SHAPET_YZ, SHAPET_ZX, SHAPET_ZY, SHAPET_ZZ, Thickness, Thickness_STD, Neighbors, Neighbors_STD
1, 0 ,1.0,1.0,1.0,156.05345522427118,182.09185435893858,183.5616811179539,15.787595644296616,11.560331313798079,9.349055242993375,73.0,53.0,41.0,-0.9539469104177053,-0.29968134148673764,0.013281026663051082,16.177509849035978,-0.27144577930089553,0.8435290365624782,-0.4634392661133791,11.573722019629784,0.12768116934084256,-0.44570153470757445,-0.8860291535582043,8.63894692342859,79.34034151081443,66.51523342277434,45.81042005791221,20.4269939108898,7.282320372891705,57319.0,241757.22336523575, 0.0, 0.0,0.0,NaN, 50.22169656328268,50.22169656328268,0.0, 249.24817622781347, 39.900007994630286, 5.092133656459222, 39.900007994630286, 133.6412600847804, -23.934092553708535, 5.092133656459222, -23.934092553708535, 87.40483393654189, 9.715076542959332, 6.4122968346592195, 12.0, 0.0
2, 0 ,1.0,1.0,1.0,185.06425097028963,35.27071504838737,16.07962307001339,8.727459994031655,16.19676880444467,10.216773167534726,37.0,72.0,47.0,0.009843346377946443,0.9994863319568366,0.030498864955135686,16.201684756587913,-0.3039044648181352,0.032047799785369785,-0.9521633340937464,10.364546498937418,0.9526516597349138,-1.0373227411425434E-4,-0.3040638164003221,8.542126112884512,72.33303267180403,55.77180730217948,40.72364594770224,19.913576938368237,6.807039380568015,59003.0,164285.0503190878, 0.0, 0.0,0.0,NaN, 41.54099441728303,41.54099441728303,8.259061849445711E-7, 76.16855794742303, 1.5290361380194766, 10.027289272436617, 1.5290361380194766, 262.33531970463196, 4.725966149224017, 10.027289272436617, 4.725966149224017, 104.38245395685755, 8.565347960865534, 5.897129842402963, 13.0, 0.0
3, 0 ,1.0,1.0,1.0,170.7883806449906,186.90330432022012,78.97747294901981,16.291590384830492,7.634734858628198,15.619052326640562,64.0,33.0,64.0,-0.8654772394356383,-0.0214238024371286,0.5004899286778925,16.629194499067655,0.4996311418834668,0.03548511111061285,0.8655111373920561,15.269627391577274,0.03630248034349992,-0.9991405444573864,0.020007557129931738,7.613688911793086,73.97592070995694,77.57006385266322,33.93777825952293,22.683357130309304,7.288703486205487,75598.0,194745.72629855762, 0.0, 2.8421709430404007E-14,0.0,88.77241262081407, 85.21903177391704,85.21903177391704,0.0, 265.4159172671013, 7.158616134221571, -18.912899650276255, 7.158616134221571, 58.28917636155253, 3.0371613965625217, -18.912899650276255, 3.0371613965625217, 243.95479558233592, 8.365273953738543, 5.582937954622968, 13.0, 0.0
4, 0 ,1.0,1.0,1.0,55.943921929723594,78.73578933521877,32.26005886511995,13.251460957840697,13.773300273826095,16.24649748762673,66.0,69.0,68.0,0.15780768889700797,0.38437538301229107,0.9095890820909961,16.88764366880753,0.7169525976369938,-0.6780073030633723,0.16212670888628886,13.647115911164798,0.6790255562690938,0.6265474139495657,-0.3825736948701004,12.562540236283171,77.91164756849315,64.18902054684065,64.21260658995968,24.078008500928792,7.035851419323206,121634.0,321131.8911209366, 0.0, 0.0,0.0,NaN, 101.83201029686079,101.83201029686079,0.0, 175.60121751717628, -6.091785034977677, 21.5876388305816, -6.091785034977677, 189.70380043297797, 41.40863172919112, 21.5876388305816, 41.40863172919112, 263.9486806154617, 8.12152335573233, 5.239670942423792, 24.0, 0.0
5, 0 ,1.0,1.0,1.0,13.810537579455074,107.62281598364584,138.60240521289168,8.064936931310207,14.61135065971488,12.495501396255623,33.0,73.0,62.0,-0.022335276561737873,0.992195867834371,-0.12267230850241045,14.644350320059042,0.0010300409601468928,-0.12268001516583596,-0.9924457430482185,12.459807270953293,-0.9997500059697582,-0.022292907645934647,0.00171808968296925,8.0603062860585,73.07699109667657,61.52545582322868,33.461619347249616,19.905584443108882,6.2000031394556405,62614.0,150446.62571021638, 0.0, 0.0,0.0,NaN, 111.77629319612836,111.77629319612836,1.3486991523486091E-6, 65.04320770601129, -3.324217171654914, 0.31729857604577666, -3.324217171654914, 213.49156810115045, -7.203309101592958, 0.31729857604577666, -7.203309101592958, 156.13755514382623, 9.183179972006203, 5.462187341273885, 17.0, 0.0
6, 0 ,1.0,1.0,1.0,51.630436842604,185.33660254587951,121.5266274992893,14.452218283667206,8.594913154791383,12.24235961197105,65.0,34.0,55.0,-0.9587485447306844,0.013306517872177705,0.2839439461564781,14.648615478999048,-0.2834418051775138,0.030778172092134595,-0.958495408022584,12.010484346669557,0.02149351191657699,0.9994376622405147,0.025736904256487704,8.58957767488167,65.47487861293862,58.26297085642385,34.94246240899844,19.89164589841435,6.077576636956724,63318.0,133297.14090088292, -7.105427357601002E-15, 0.0,0.0,16.514355457262425, 95.07253770196168,95.07253770196168,0.0, 208.86661331876465, -2.411060052850984, -19.185032952977604, -2.411060052850984, 73.87253213840596, -1.5469536607656451, -19.185032952977604, -1.5469536607656451, 149.87536886881995, 9.27186326486107, 5.464350543716579, 11.0, 0.0
7, 0 ,1.0,1.0,1.0,56.15496990162972,149.96091616502716,11.761341946850683,13.300284473025338,17.05566123238595,8.295475355219693,62.0,87.0,32.0,-0.30639796505748707,0.9478102600561287,-0.0881816190652229,17.468230115928836,0.9379664719116623,0.31640772719561105,0.14179226967820283,12.90604910332384,-0.16229351366650255,0.03926653923178142,0.9859609294077222,8.05623309406573,95.82653762787797,60.73324048818007,37.54701484948133,21.609635277339553,8.344562402348263,68110.0,218518.22547000888, 0.0, 0.0,0.0,NaN, 76.12896768042458,76.12896768042458,0.0, 176.8975670633989, -39.59470665279503, 20.011702183981683, -39.59470665279503, 290.8955800739131, -15.51776989777435, 20.011702183981683, -15.51776989777435, 68.8149113690573, 8.299076636522164, 5.292844073079602, 17.0, 0.0
8, 0 ,1.0,1.0,1.0,26.442226890756302,50.91793334981051,50.437386719393636,13.863612952503203,13.212061390461086,12.901212848275984,65.0,66.0,63.0,0.8248830583154908,-0.2097279247805877,0.5249591771474335,14.945748649685642,-0.09382365773964119,0.8649608610243329,0.4929906998558886,13.627201433536484,0.5574630582849744,0.455913266382184,-0.6938141193318931,11.141077220309056,77.65490269013488,67.56456653305719,61.72309972870496,22.178329872265284,6.428165159338742,97104.0,323843.81189744733, 0.0, 0.0,0.0,NaN, 76.39212838139572,76.39212838139572,0.0, 192.19976409681456, -22.167870467823857, 40.13080552290187, -22.167870467823857, 174.55856618531254, 15.330043404669269, 40.13080552290187, 15.330043404669269, 166.44129295652132, 7.935690255249452, 5.140144862507174, 20.0, 0.0
9, 0 ,1.0,1.0,1.0,88.45420261160609,180.64525291095083,85.05460095224626,14.621210395206646,12.23573662725995,12.484714660270278,69.0,56.0,60.0,-0.9624813404241306,-0.029035384409360886,-0.26978994752875746,14.80198872356793,0.17381639675744082,0.6975220000423543,-0.6951625131400384,12.976196198344596,0.20836873458757915,-0.7159748640204591,-0.6663050836795832,11.48392817943287,70.92747841971482,67.03734532037481,62.67747579644197,21.725601661177052,6.8818149379924565,84852.0,298018.22658830934, 0.0, 0.0,0.0,NaN, 124.22977637298541,124.22977637298541,1.9073486328125E-6, 213.7797934208989, 6.862819412765141, 18.237327102489296, 6.862819412765141, 149.7132508116707, -17.01582115608846, 18.237327102489296, -17.01582115608846, 155.8681001483676, 8.334388052895845, 5.114414222244367, 18.0, 0.0
10, 0 ,1.0,1.0,1.0,186.27392653388048,20.4576118506656,110.91188069262336,8.444980622485298,11.063781740509922,13.358657504908729,34.0,44.0,66.0,0.025373438342956023,-0.367094294987489,0.9298376026028929,13.739488964759607,0.1055606706276006,-0.9239530355100345,-0.3676516462474298,10.612718538836626,-0.9940890973365049,-0.10748286728326713,-0.01530685458414467,8.412808250039317,73.82058669895224,56.64195625431326,35.94734711432952,18.37765957385221,5.868587823051223,49955.0,150308.16818334002, 0.0, 0.0,0.0,NaN, 92.43166111866203,92.43166111866203,0.0, 71.31769771415216, -5.181282365419009, 1.1596001321617888, -5.181282365419009, 122.40726640164075, -26.059625515631467, 1.1596001321617888, -26.059625515631467, 178.45373033345433, 8.704012998597612, 5.397962266117967, 9.0, 0.0
11, 0 ,1.0,1.0,1.0,77.22177539012536,100.38309542082374,160.2191455615247,11.846857056746794,14.646127042181384,13.681587838334254,58.0,80.0,76.0,0.16391429957611384,0.8302224437551441,0.5327877591308835,15.356442089920462,0.04074621273932301,-0.5453298745111901,0.837230597931664,12.983191323481881,-0.9856327148293496,0.11552498366520553,0.12321578473263949,11.732831484068452,73.74330374319575,68.85010954683133,60.63228400240473,22.311255306620307,6.6521268688698125,97725.0,307844.32664062874, 0.0, 0.0,0.0,NaN, 132.17127771265146,132.17127771265146,0.0, 140.34802212299132, 12.671580178505883, 9.626804382144368, 12.671580178505883, 214.50903733571678, 29.31007038595681, 9.626804382144368, 29.31007038595681, 187.18584577805575, 7.5447721479341, 4.843324574201309, 30.0, 0.0
12, 0 ,1.0,1.0,1.0,22.574015012402953,178.2398011232456,48.59506244429411,14.258604548619378,12.66780687344379,13.768604442022795,58.0,51.0,80.0,-0.7346219025203207,0.14443259066162223,-0.6629252500034957,14.698747408152139,-0.5970989560717508,-0.6016090689968028,0.5306028314651422,14.302475628009148,0.32218550090817294,-0.7856244362642835,-0.5281957479467028,11.521354889040353,76.03287846384785,77.55813637139536,65.87732607942175,22.434121829332533,7.075717679800423,93123.0,388476.50730835245, 0.0, 0.0,0.0,NaN, 57.8322790740685,57.8322790740685,NaN, 203.3078036739092, 16.95926538833625, 17.818750814543538, 16.95926538833625, 160.47333098286975, -30.902712965040838, 17.818750814543538, -30.902712965040838, 189.57446828088985, 7.521682988709489, 4.7671054873330965, 10.0, 0.0
13, 0 ,1.0,1.0,1.0,167.5306096774701,187.27573084241482,25.350710006132942,15.346330844686745,7.367811918948199,14.366116852376521,74.0,31.0,51.0,0.781477172446319,0.02965932518880431,0.6232284921075502,16.93094249944158,-0.6234048200391715,-0.00400724162729593,0.7818889770079054,12.467742022883417,-0.025687726587509025,0.9995520328846745,-0.015358198425601405,7.353803860257997,88.15950893483328,61.89303569448083,32.31072871090993,21.024982968307643,7.357304361384453,63591.0,176302.18693396015, 0.0, 0.0,3.552713678800501E-15,51.44771871509065, 43.114114061714425,43.114114061714425,0.0, 235.5098703945838, 5.643947884374175, 63.865458051816084, 5.643947884374175, 54.28465247299514, 3.9815013249117914, 63.865458051816084, 3.9815013249117914, 206.38531341613668, 8.532096700790673, 5.036325219349676, 12.0, 0.0
14, 0 ,1.0,1.0,1.0,176.1416862654056,61.35959059664281,108.44748715567623,13.448090142563439,13.008381954724229,13.96843238913605,55.0,65.0,66.0,-0.6326829127494622,-0.342323787669742,0.6946414588190787,15.486760252957414,-0.1197074256510396,-0.8429802963002053,-0.5244562444033048,12.823030617787536,-0.765102910828901,0.41496824510444125,-0.4923605298925609,11.87082034297014,76.68534746422644,65.52349243069146,67.76946816583353,22.389591177794465,6.62513696942847,99071.0,340520.68990685494, 0.0, 0.0,0.0,NaN, 112.76560247059392,112.76560247059392,1.9073486328125E-6, 180.85112848251194, 23.797856353472735, -41.99938808737167, 23.797856353472735, 169.21800107999496, -13.127643103639771, -41.99938808737167, -13.127643103639771, 195.11710340986505, 7.01316629602376, 4.508857889631821, 18.0, 0.0
15, 0 ,1.0,1.0,1.0,189.6601955572432,24.46537402696032,175.84887032466298,6.337377031229562,13.140340069215933,12.827542328251324,27.0,56.0,54.0,-0.02293438410856156,0.7980191864329916,0.6021954766605168,13.549734671893118,0.011879230707268271,-0.6020938585291776,0.7983369397686982,12.398007820322984,-0.9996663933049688,-0.02546298502283258,-0.004328797796450044,6.33015160657189,76.02617361070298,61.935475897522096,27.70217641085634,18.40450124236376,6.2169977459813826,42136.0,130441.71574125637, 2.8421709430404007E-14, 0.0,0.0,88.68584136283876, 35.89906888470036,35.89906888470036,0.0, 40.16234763595602, -3.4395949943512005, -0.9044967413015106, -3.4395949943512005, 172.66853713464178, 14.348977164507472, -0.9044967413015106, 14.348977164507472, 164.5458421830794, 7.878877225809205, 4.935883934122149, 10.0, 0.0
17, 0 ,1.0,1.0,1.0,21.25122674724848,9.743478140334341,20.386764991267224,12.170880696353041,6.391632643358573,12.111970151602133,57.0,25.0,47.0,-0.7120074022923579,0.04583927163302927,0.7006741184438324,13.609871398333993,0.7021301147311034,0.0355849168571353,0.7111589243481086,10.487792858818105,-0.007665576858675419,-0.998314817514207,0.057521857263127474,6.360874719497407,73.60778404079059,55.26964100113481,27.82237484325435,17.293154103151632,6.052267912977897,36071.0,113189.09424060902, 0.0, 0.0,0.0,NaN, 31.018868311776,31.018868311776,0.0, 148.13033692485908, -2.987618832516616, -37.50286558040687, -2.987618832516616, 40.8529678476469, 6.4093520130907695, -37.50286558040687, 6.4093520130907695, 146.699820953301, 7.969131365805515, 4.679007527623111, 4.0, 0.0
18, 0 ,1.0,1.0,1.0,24.108784582285384,37.84289870003939,146.5191206327081,13.709407868526739,12.739043688331252,10.709026922412871,58.0,64.0,57.0,-0.6652144545108841,-0.6583590692670018,-0.3522116770120965,14.767618929361248,-0.7379303856304256,0.5078083523473806,0.444510318496174,12.884360875271701,-0.11379136818369925,0.555602387683967,-0.8236246179703207,8.990274290406157,79.61731130948358,66.42679547168953,53.69297250005192,20.575902249941784,6.445665398128024,66002.0,283967.2507795959, 0.0, 0.0,0.0,NaN, 69.81062192786504,69.81062192786504,0.0, 187.94786410562287, 28.19202429219926, 4.2178223971570485, 28.19202429219926, 162.28323409321231, 51.05525229296937, 4.2178223971570485, 51.05525229296937, 114.68325762496367, 7.741342882269412, 4.907235732029476, 16.0, 0.0
19, 0 ,1.0,1.0,1.0,121.8674184896759,78.9408989562801,179.4893850777135,11.476010117743103,11.191789155951527,11.657397892097599,55.0,55.0,48.0,-0.3075142610874118,0.6561285961752513,-0.6891518297943913,12.548917559339763,-0.8626714919277497,0.11338248080611886,0.4928917833169886,11.630473790689269,-0.4015381379682558,-0.7460828897162467,-0.5311567051536124,10.00532987169748,60.33506298885965,60.80353808555067,50.38559234436602,19.04573932576266,5.487229891633426,61894.0,184843.84342332504, 0.0, 0.0,0.0,NaN, 112.94711658994834,112.94711658994834,0.0, 131.69880822254206, -15.014411464193083, -2.792905710606578, -15.014411464193083, 125.25614451127421, -23.975536067886154, -2.792905710606578, -23.975536067886154, 135.89492561468154, 7.731661255354854, 4.818069125326271, 17.0, 0.0
20, 0 ,1.0,1.0,1.0,15.869130518671835,101.94180070512708,22.63352686323692,9.743215678354082,11.573996385897475,12.444923321658932,39.0,52.0,54.0,-0.08719721007571943,-0.5152476327887373,0.852593996847628,12.867019185052989,-0.32239132495259815,-0.7952013471301397,-0.5135354429031349,11.301009910911747,-0.9425818161572602,0.3196477661864903,0.09677202809524886,9.512662764053802,58.2236027896736,59.097105894260494,45.67849586673245,18.77219014410205,5.600771176484426,57011.0,157172.68895606586, 0.0, 0.0,0.0,NaN, 101.87991112403134,101.87991112403134,0.0, 94.9302517549248, 12.915205400027206, 0.5815148642649816, 12.915205400027206, 133.9573923407678, -17.777621123428478, 0.5815148642649816, -17.777621123428478, 154.8761164819704, 7.900105514698309, 4.873385041333836, 10.0, 0.0
21, 0 ,1.0,1.0,1.0,80.60051879000619,23.20918077637828,41.88829238075573,11.945818266864194,11.67508628439315,13.421152581094091,61.0,49.0,64.0,-0.45911937649360196,-0.019626232186418457,0.8881577614018197,13.940872776435796,-0.5715832262555973,0.7718665146755392,-0.2784146170478098,12.355406612150425,-0.6800750058569784,-0.6354816240716963,-0.3655968980664777,10.589312730184174,63.32202548108482,61.17269160108048,61.25504523925197,20.580728146426452,5.964157893690149,77488.0,237276.24073048343, 0.0, -3.552713678800501E-15,0.0,88.87542752460436, 93.75360654451873,93.75360654451873,0.0, 142.70257406494625, -17.13715425701024, -27.075958978857216, -17.13715425701024, 136.30763974802503, -10.141342287834116, -27.075958978857216, -10.141342287834116, 180.12733660500857, 6.851777845636724, 4.5209142014617445, 19.0, 0.0
22, 0 ,1.0,1.0,1.0,171.16551512636877,91.40484909710823,10.024119206970576,13.678989667873457,15.433659034517612,6.743570347514895,58.0,68.0,26.0,0.36424803858203053,0.9308264526392316,-0.029757040447723645,15.735872972116093,-0.9312502282090294,0.3643786472372221,-0.0011017704855220676,13.336948826531403,-0.009817273031463736,-0.028112568446086932,-0.9995565540006176,6.730262131843504,77.50315442756414,69.68850746072289,26.958132756159394,20.51711437619469,7.059486400123807,55433.0,145603.00890197325, 0.0, 0.0,0.0,NaN, 96.36782098952094,96.36782098952094,0.0, 187.11475833378879, 23.610060966103706, -2.0569208544360644, 23.610060966103706, 238.1978311937471, -5.657248989642092, -2.0569208544360644, -5.657248989642092, 45.475741031882166, 7.338545920322165, 4.898324627652772, 12.0, 0.0
23, 0 ,1.0,1.0,1.0,159.25265841223597,81.00018936635105,69.90831755280408,14.980549972954671,9.9910630112744,11.0246449410803,69.0,51.0,58.0,-0.9855653874319547,0.16593745499401458,-0.03355038190857191,15.102111642592611,0.08004793346992109,0.2821385759429087,-0.9560283219194413,11.135367620391417,0.14917504966748524,0.9449140622273635,0.29134896526620147,9.680435194646074,72.42085116292382,55.609580987190945,51.6234016469125,20.14561582729336,6.319428502912621,68650.0,207902.57378914164, 2.8421709430404007E-14, 0.0,0.0,9.746843438354889, 114.49257350115923,114.49257350115923,0.0, 224.41687749219219, -21.29002599503788, 2.1251599715455987, -21.29002599503788, 99.82134009525548, -8.91704017666701, 2.1251599715455987, -8.91704017666701, 121.54279607688747, 6.762656478315744, 4.33939660368323, 17.0, 0.0
24, 0 ,1.0,1.0,1.0,136.1446466707041,117.01394511203901,122.17951741943709,10.116271097475504,11.95958461395666,12.595711990035229,49.0,60.0,64.0,0.20095676048762365,0.5149687466407789,0.8333208088110753,12.735336776100054,-0.37898411095100387,-0.7435636074887092,0.5508940054720631,12.289295630108093,-0.9033202223248391,0.4265212205759539,-0.04574083883578642,9.529269421474226,59.54305750443777,61.09370758384949,46.72536260261864,19.318894038181103,5.550035921817543,62746.0,169973.1386119713, 0.0, 0.0,0.0,NaN, 130.46156124985086,130.46156124985086,0.0, 102.33894091761823, 24.356922101219485, -0.6189924473083988, 24.356922101219485, 143.03166413838883, 5.96485707866627, -0.6189924473083988, 5.96485707866627, 158.6519605359172, 7.326714317969337, 4.617891654748969, 23.0, 0.0
25, 0 ,1.0,1.0,1.0,116.16314442925736,58.45179266112922,15.561805628570427,12.99806628221252,11.098871189212929,9.34975647220714,66.0,55.0,40.0,0.9957754729098761,-0.08264886307296866,-0.04000466202654321,13.01560562538105,-0.08143951580017693,-0.9961969038271655,0.030973118528841406,11.085772331786663,0.0424124134817276,0.027584311445359302,0.9987193264099479,9.340892722510665,65.6596486611379,55.449278638555924,41.2276859923766,18.676791359190357,5.543471779162844,57066.0,150100.9409531365, 0.0, 0.0,0.0,NaN, 103.3798830126568,103.3798830126568,0.0, 168.94972707679, -3.8695929217943115, -3.3625523148983723, -3.8695929217943115, 123.1849416747408, -0.8281195933796609, -3.3625523148983723, -0.8281195933796609, 87.41794608957932, 7.309313034128596, 4.7955110861749, 16.0, 0.0
26, 0 ,1.0,1.0,1.0,150.93313229108801,151.98463613998888,54.623775890802314,10.128265005671503,14.132164449319033,10.650133658140328,47.0,64.0,50.0,0.006122579327172228,-0.9841633418735856,0.17715820764107806,14.235058060826926,0.5758109387021737,-0.14137313860593984,-0.8052672839198342,10.87741060054186,-0.8175599530880311,-0.10693994666597956,-0.5658264494646512,9.735000339808233,65.21031364083719,55.73897498111325,52.063398894947284,19.533783124369883,5.844355211141356,63005.0,189237.75362430597, 0.0, 0.0,0.0,NaN, 87.73134882094158,87.73134882094158,0.0, 102.58175202510996, -2.5668554549991827, -10.801698788541396, -2.5668554549991827, 199.71807202259674, -16.126072294860663, -10.801698788541396, -16.126072294860663, 113.42534693625348, 6.7455442894139885, 4.551831420876301, 20.0, 0.0
27, 0 ,1.0,1.0,1.0,11.311585181197215,84.93626972643763,104.12618190383256,7.1915730368097766,10.520434474604047,9.930636683158614,28.0,49.0,44.0,0.06652574923985957,-0.7864300233306962,0.6140864296596656,11.405447100369022,0.028070032166838267,-0.6137311477472907,-0.7890159387356797,8.920962467971986,-0.9973897923992546,-0.06972730232034792,0.018753808383867455,7.165752877180544,55.282102913664545,43.1033221471227,29.42580513793567,15.420831921426686,4.818065178285307,29719.0,70117.0529252219, 0.0, 0.0,0.0,NaN, 128.58425592074113,128.58425592074113,0.0, 51.71872274376939, -4.605735646112307, 2.5912229742087547, -4.605735646112307, 110.67954153443733, -24.351660939942224, 2.5912229742087547, -24.351660939942224, 98.61754493289551, 8.688448209631046, 4.772008669587283, 11.0, 0.0
28, 0 ,1.0,1.0,1.0,54.98056033715201,69.01409746542411,91.02332759541758,12.188818233673539,10.124605497714516,12.87121172184761,60.0,47.0,56.0,-0.48361226324171636,0.2536356511034738,0.8377279602183169,13.348586321637336,0.8562389464914832,-0.06147032140978291,0.5129096081152436,11.892546545522915,-0.18158756938011916,-0.9653446825228255,0.187444921434339,9.855231985239028,63.6863228593719,56.573720586540745,50.89497273668124,19.62551113931629,5.619815844590686,67388.0,183373.17365253004, 0.0, 0.0,0.0,NaN, 126.7716602024955,126.7716602024955,0.0, 148.56728993353252, -12.274849117354632, -13.381469116905368, -12.274849117354632, 102.507636484351, 15.826316833625393, -13.381469116905368, 15.826316833625393, 165.6680911886273, 7.394024367238737, 4.5636190671418415, 15.0, 0.0
29, 0 ,1.0,1.0,1.0,97.25265771357634,186.9884437422413,138.98431328292517,10.945430762020028,7.788920687753019,12.522561152230036,53.0,32.0,59.0,0.06944710837300083,-0.1153966846730804,0.9908888455851599,12.580169350724082,0.9956289030255997,-0.05416476397179438,-0.07608722497187118,10.947780698916866,0.06245147395113277,0.9918416121086782,0.11113068834030293,7.692185302834813,58.25410056440542,53.34093902598964,34.8432284253029,17.551134455349466,5.407583303830462,44305.0,108269.35414721408, 0.0, 0.0,0.0,NaN, 115.54347257270348,115.54347257270348,0.0, 119.8024545661743, -4.066688618680708, 2.2217717438423508, -4.066688618680708, 60.66728548010696, -11.080488242842959, 2.2217717438423508, -11.080488242842959, 156.81453781134084, 7.26637670987011, 4.748484448109689, 11.0, 0.0
30, 0 ,1.0,1.0,1.0,46.756544462140305,121.61220292857917,144.80402950226525,10.939402355967772,10.725318473073159,13.406420199898315,51.0,53.0,61.0,0.17854135045935504,0.3745126689303659,0.9098699066277575,13.883766975848882,-0.8242931832362115,-0.4480139287892458,0.3461564208289915,11.258644030608043,-0.5372743565874545,0.8118027965100134,-0.22871922816426754,9.742639887793295,63.33357129789158,55.29760526324023,50.40963474135302,19.51809653098697,5.786103234291853,64673.0,176544.3619486333, 0.0, 0.0,0.0,NaN, 106.66497240864575,106.66497240864575,0.0, 119.67052390575323, 18.299787161728684, 6.8095564534377315, 18.299787161728684, 115.03245634884435, 28.402193495227145, 6.8095564534377315, 28.402193495227145, 179.7321025762416, 7.045360768252663, 4.445507618837622, 14.0, 0.0
31, 0 ,1.0,1.0,1.0,17.44910909090909,140.1151090909091,23.05321818181818,10.154172949934834,10.272595710163213,12.56667254026375,39.0,46.0,52.0,0.16600585981910027,-0.26978391803709767,0.9485033959213188,12.797397174503642,0.697097186399662,-0.6482187999737172,-0.3063786873695839,10.29819512466282,-0.6974937757567418,-0.7120597060143112,-0.08045749095899547,9.835065449108518,59.84335905805843,55.88191218678607,50.25808561802667,18.377359410940084,5.369112658251803,55000.0,168071.14673737888, 0.0, 0.0,-3.552713678800501E-15,18.467516653274995, 66.49904086374988,66.49904086374988,0.0, 103.1072282971883, -7.216041993719046, 8.565244685289237, -7.216041993719046, 105.52622262446364, -15.30436226016529, 8.565244685289237, -15.30436226016529, 157.921258734219, 7.522521474618803, 4.628664708207731, 7.0, 0.0
32, 0 ,1.0,1.0,1.0,113.1954212670098,71.02920644899349,68.30703443217686,9.490516349695199,11.691623108721611,15.756165276644635,46.0,59.0,75.0,-0.003177477504829443,-0.20656429447113867,0.9784278695368132,15.920400997190542,-0.06254118279341264,-0.9764763443395313,-0.20635539585895546,11.474170379340121,-0.998037326001141,0.06184772586721313,0.009816043680974853,9.481821656184803,74.98376493095283,61.22015092338544,46.716688896107655,20.817000649766758,6.455476719246369,76353.0,214453.77352250376, 0.0, 0.0,0.0,NaN, 131.32415623450328,131.32415623450328,0.0, 90.06990058383187, 2.6571216661370474, 0.03035557525553396, 2.6571216661370474, 136.6940509163932, -24.642655649204634, 0.03035557525553396, -24.642655649204634, 248.2567442249421, 7.3912648058585715, 4.448683122662872, 23.0, 0.0
33, 0 ,1.0,1.0,1.0,178.92983240992464,155.02362435045941,88.37952097456898,12.548472283771723,8.737257207393764,12.997418725449432,51.0,40.0,56.0,0.407531601093313,0.08248185450662222,-0.9094584860165243,13.133070550718402,-0.9125892645796359,6.337369817319579E-4,-0.40887703842529105,12.432942965324255,0.033148578918554994,-0.9965923650392804,-0.07553032279220048,8.699488537853943,62.52412229155426,59.44848835036558,40.53801842264775,19.212535825931546,5.797860021306116,58118.0,150678.37763392902, 0.0, 0.0,0.0,NaN, 101.37931769614907,101.37931769614907,0.0, 157.46415665658714, 3.208082523507129, -6.436599908216308, 3.208082523507129, 76.33966350815427, -7.2815148886417616, -6.436599908216308, -7.2815148886417616, 168.9328935246635, 7.753697431801503, 4.625246785943987, 13.0, 0.0
34, 0 ,1.0,1.0,1.0,122.11403043036361,151.92098117443606,163.31525613992505,11.699423112459186,11.472747472695833,11.467488369146263,63.0,53.0,60.0,0.15233841753089297,0.7269981873832544,-0.6695271780037355,12.193647279332826,-0.9329097096076985,-0.11788373573014013,-0.3402688621810494,11.817142118124124,0.3263012109445243,-0.6764444252056251,-0.660265446123276,10.567584559414396,58.378677414461734,66.7842909962261,49.86478460365839,19.24718734019323,5.435945614576057,65921.0,194411.75413011128, 1.4210854715202004E-14, 0.0,0.0,81.23753432366982, 98.60824883908326,98.60824883908326,0.0, 136.8765011643442, 7.1750881283925745, 5.10417347425229, 7.1750881283925745, 131.6239345722486, -16.893036069949346, 5.10417347425229, -16.893036069949346, 131.5032894965048, 7.336382418511513, 4.433291092590874, 19.0, 0.0
35, 0 ,1.0,1.0,1.0,145.324841954023,42.88955459770115,83.05962643678161,12.668076136187919,10.255246769135988,12.815831036174094,64.0,48.0,57.0,0.6850415846965473,-0.0975182047655672,-0.7219475236994329,13.103936993830485,0.6815259680352852,-0.2643219993252917,0.682390090466038,12.55727915159582,0.2573720694442386,0.9594915739140084,0.1146103723840412,10.024836158586785,64.5423689566534,63.18589881082326,46.8989503180926,19.90700303808241,5.79715399810263,69600.0,191261.77937544908, 0.0, 0.0,0.0,NaN, 108.29491375295271,108.29491375295271,0.0, 160.48015299225384, -15.059467527290602, -8.624599053292991, -15.059467527290602, 105.17008629587414, -5.301216258339922, -8.624599053292991, -5.301216258339922, 164.24552514776317, 7.336972913940319, 4.5149696546377065, 16.0, 0.0
36, 0 ,1.0,1.0,1.0,85.65618407814884,35.28994255671308,108.33599454775582,11.620595963530397,11.629849022413437,10.786042034493107,58.0,62.0,55.0,0.645551680015237,0.5281072954520405,-0.5516934954481846,12.476911553583701,0.6141787356486939,-0.788346526375465,-0.03597547815818558,11.484325544312705,0.4539245632332283,0.31561438313560636,0.8332706955434431,9.953255069468389,62.26547340421726,59.14523307976615,53.032359132404125,18.897282807333763,5.43351121294715,61626.0,195302.58384669476, 0.0, 0.0,0.0,NaN, 130.32517719932275,130.32517719932275,0.0, 135.03825054761893, 3.4060023835984152, -20.885274843769697, 3.4060023835984152, 135.25338828413078, -15.561476496597336, -20.885274843769697, -15.561476496597336, 116.33870276985222, 6.536738059688666, 4.208318632330772, 16.0, 0.0
37, 0 ,1.0,1.0,1.0,16.2790455631794,72.40278313160127,170.96496029604504,10.295242602480632,11.181079965230303,11.037151657501354,40.0,56.0,56.0,-0.11297078943889789,-0.726165841228888,0.6781745879682417,11.738044410972664,0.5790666688766052,-0.6027652790472547,-0.5489588430576904,10.657278993417243,-0.8074152548284587,-0.3306919857018425,-0.4885933041527154,10.073132780123203,55.33273128054314,55.98808489474479,53.884051668658415,18.03177603836972,5.2614008634198015,51884.0,166931.37256923114, 0.0, 0.0,0.0,NaN, 79.68816637531572,79.68816637531572,0.0, 105.99202024393219, -1.2477352204788112, -6.6315761152983015, -1.2477352204788112, 125.01654918887448, -13.87631524683422, -6.6315761152983015, -13.87631524683422, 121.8187167106849, 7.539357799324696, 4.531186601168002, 12.0, 0.0
38, 0 ,1.0,1.0,1.0,186.79087247113893,111.2437833337084,65.70191507077435,8.833510665625283,14.786340610468448,9.51992965445493,38.0,70.0,52.0,0.15355251768238695,-0.9770627003780665,0.14754695470703452,15.023017557957134,0.48725558152527926,-0.055033647528559895,-0.8715235486848095,9.650839914028744,-0.8596531990203153,-0.2057177123381011,-0.4676286991241195,8.274422781159759,67.95174816234356,49.76696942663591,46.36091792902664,18.606533867599648,6.410361720537549,44437.0,156781.15350619287, 0.0, 0.0,0.0,NaN, 111.21550562288813,111.21550562288813,0.0, 78.03091067971565, -24.250141131936207, -6.915230624193979, -24.250141131936207, 218.63586864878846, -21.482589867940778, -6.915230624193979, -21.482589867940778, 90.62906062577036, 7.303383487482983, 4.649687324454175, 10.0, 0.0
39, 0 ,1.0,1.0,1.0,49.95008263961546,152.6811172269481,187.65521842635977,15.80549202810909,15.364584172339987,6.863781804021514,74.0,77.0,29.0,-0.752013839425396,0.6478805400373298,0.12135069490370665,16.980239757570324,0.6556172742960505,0.7542290703291656,0.036117850365429575,14.190490543701321,0.06812616940127895,-0.1067207351517985,0.9919523727132106,6.580042674429152,78.13717038483598,68.66988087486229,31.60042112993139,21.854044091753853,7.442867896746896,65949.0,169557.43740264166, 0.0, 0.0,0.0,NaN, 69.90336940874259,69.90336940874259,0.0, 249.81357825061997, -41.21824079347511, -18.617856539756858, -41.21824079347511, 236.0704467889204, 23.570656772754088, -18.617856539756858, 23.570656772754088, 47.11150065321683, 8.655381118486275, 5.269562689236162, 12.0, 0.0
40, 0 ,1.0,1.0,1.0,80.7790648117142,106.49312003409541,74.42097171907821,12.64232086079404,11.480198676266834,10.659694812991916,63.0,60.0,52.0,0.9019032944009401,-0.3567477739435766,0.24351893834984173,12.972411154953727,0.3786587908338416,0.9242708819783172,-0.048382402289226134,11.261736399018618,-0.20781714961230766,0.13584683475637654,0.968688634089246,10.494864172813523,63.79665042359277,57.9508266114383,51.22263935330556,19.355896238288917,5.531872441817871,65698.0,189373.61294975766, 0.0, 0.0,0.0,NaN, 144.24727014548682,144.24727014548682,0.0, 159.82827674726815, -12.867764052255938, 12.463931999488757, -12.867764052255938, 131.79496164655876, -5.79712047220591, 12.463931999488757, -5.79712047220591, 113.62909350612675, 6.219211730197316, 3.9745030628153835, 20.0, 0.0
41, 0 ,1.0,1.0,1.0,48.55186850142411,184.32368484266155,166.74281939535362,11.59588119771533,9.898873286808485,13.115239516121775,53.0,42.0,57.0,-0.4192977105641136,0.26090892659855736,0.869549286663431,13.822650803260107,0.9071501892396928,0.08284206330103487,0.41257208668354833,11.065220383510674,-0.03560848323198933,-0.9618023313390419,0.27141906961873763,9.537131817298812,70.23141738129425,56.74715408720044,47.08779800324939,19.195683871171887,5.998948356427173,58282.0,187665.26706833765, 0.0, 0.0,2.8421709430404007E-14,29.593694121333005, 60.90214161802395,60.90214161802395,0.0, 134.46446075152792, -8.585858400181364, -24.716980251744122, -8.585858400181364, 97.9876923482906, 23.78800851217619, -24.716980251744122, 23.78800851217619, 172.00950756524216, 7.328066914858964, 4.50231055034609, 9.0, 0.0
42, 0 ,1.0,1.0,1.0,172.5938868566129,103.55311968674326,123.93430882580246,11.99605394072055,11.786545884965419,14.061490905859863,52.0,59.0,66.0,-0.344996943233348,-0.015183865242282619,0.9384809851008977,14.352357092969461,-0.6152373468251924,-0.7514542156275505,-0.23832660129973104,12.240165833820752,0.7088442115381524,-0.6596105002589692,0.2499077264051048,11.16878179476653,70.93115355169587,67.98682828615236,61.86663315135992,20.98999639052746,6.3224640820059275,77636.0,298344.6715348816, 0.0, 0.0,-1.4210854715202004E-14,20.20199732974669, 125.85342718256105,125.85342718256105,1.9073486328125E-6, 143.90531014867705, 12.020651638458277, -22.62865393672097, 12.020651638458277, 138.92266389839523, 3.333838817074463, -22.62865393672097, 3.333838817074463, 197.72552649557963, 7.560147293310466, 4.67183374580656, 16.0, 0.0
43, 0 ,1.0,1.0,1.0,115.23204255992405,152.42474883316194,63.26853097065106,9.280792392945388,12.314972391305405,10.64961429345283,45.0,54.0,49.0,-0.04626789748857392,-0.9009651246935435,0.4314175770039212,12.791943784648636,-0.3727234085669609,-0.3851199342962292,-0.8442510864155841,10.228519705137709,-0.9267882942550651,0.19986115253749417,0.31799210263491023,9.107661384289646,60.470477358235456,52.78783886312738,47.19261900033814,17.96197469682306,5.34540943516878,50564.0,150643.83352487072, 0.0, 0.0,0.0,NaN, 115.98240445573839,115.98240445573839,0.0, 86.13310744095297, 6.47441701488236, 5.209404440339985, 6.47441701488236, 151.65854499861436, -24.314615925493985, 5.209404440339985, -24.314615925493985, 113.4142845993148, 6.398611340650264, 3.988931940920757, 15.0, 0.0
44, 0 ,1.0,1.0,1.0,99.48085219353554,158.5670228534767,15.079268157784119,11.332199462785601,10.82050057835636,9.651193053700906,49.0,55.0,41.0,0.8149403150012806,0.3227150939296175,-0.4813805678832616,12.463922136298862,-0.20324937592934908,0.9370099265134892,0.28408113066431484,10.653947107037116,-0.5427356393032831,0.13366886610270792,-0.8291988061164056,8.354134354384536,63.56818057554355,50.142271047384114,48.55033104885308,17.584847823791957,5.42407888995444,45201.0,154751.89545944677, 0.0, 0.0,-1.7763568394002505E-15,61.22439204383879, 108.81413454395873,108.81413454395873,0.0, 128.4187446643583, 14.175765099880184, -36.08809303797377, 14.175765099880184, 117.0832327662103, -1.6549333617398454, -36.08809303797377, -1.6549333617398454, 93.1455273598046, 7.488285817451671, 4.333170313098799, 12.0, 0.0
45, 0 ,1.0,1.0,1.0,117.66026447162837,112.96067223047902,54.607332037651005,10.270090704161484,10.718355172284836,11.052140146177848,49.0,48.0,53.0,0.08237741068069157,0.6448152845862481,0.7598863145059926,11.745038141961798,-0.8426603120084609,-0.3620367989172817,0.3985636144902485,10.449635122055613,0.5321067193480536,-0.6731586774258229,0.5135365948313406,9.765598155846343,58.67508973114687,50.98379070633325,49.64592619083854,17.82064546237222,4.993225188807319,52482.0,148514.7205408236, 0.0, 0.0,0.0,NaN, 131.67246233636916,131.67246233636916,0.0, 105.47476307170415, 6.480274872707635, -1.9788359774529074, 6.480274872707635, 114.8831375992451, 18.867831510340718, -1.9788359774529074, 18.867831510340718, 122.14980181075612, 6.579211049230763, 4.0219567117888175, 12.0, 0.0
46, 0 ,1.0,1.0,1.0,108.77991481559295,53.14244513627595,129.45970930343603,10.778266860096041,10.969097337484682,11.091705149330018,51.0,52.0,49.0,-0.4347554312890899,-0.5233621113291879,0.7328572953786383,12.329462410994985,0.7198036809568923,-0.6909897876394009,-0.06645129237993712,10.880699511456791,0.541174995584188,0.49862331855129943,0.6771295373496448,9.43995714098204,56.48773175970631,51.67475908745575,46.68811177199595,18.198371857611725,5.323280732630339,52357.0,136282.12811688916, -1.4210854715202004E-14, 0.0,0.0,64.23026738556335, 126.96911446359044,126.96911446359044,0.0, 116.17103650744458, -0.24905179240010025, -21.442075934383155, -0.24905179240010025, 120.32109639921353, -22.782063754321964, -21.442075934383155, -22.782063754321964, 123.02592311967402, 7.108501688681597, 4.159000381966701, 17.0, 0.0
47, 0 ,1.0,1.0,1.0,16.723737362211015,49.531483214277564,91.95152566355524,9.371473551657843,10.802214306370692,9.923926171999534,38.0,55.0,44.0,0.11158289131029774,-0.8906113475871942,0.44086356836980367,11.116094858122034,0.4716592607441911,-0.3430187749592903,-0.8123273119744718,9.6940420120769,-0.8746924031458587,-0.29857921490678146,-0.38179006312968977,9.24416819896741,49.14801663795936,48.71972117949109,44.123726330358366,16.761821484541805,4.694465000171818,43817.0,105653.27728843884, 0.0, 0.0,0.0,NaN, 105.77397738868444,105.77397738868444,1.9073486328125E-6, 87.82451652942247, -5.165949190751747, -1.3894100883827314, -5.165949190751747, 116.68783392075964, -12.590595651296624, -1.3894100883827314, -12.590595651296624, 98.48431066729732, 7.391038484007422, 4.253758437781315, 10.0, 0.0
48, 0 ,1.0,1.0,1.0,126.49389112550324,9.381760896201646,49.59516891300542,11.145883022417992,6.233048841615103,10.535782565930202,53.0,26.0,53.0,-0.9933871271081737,0.11464486463884868,0.006210531998920106,11.196719950502471,0.023983206888168414,0.1543049218253652,0.9877321483518839,10.624398629874115,0.11228010279265356,0.9813493496774778,-0.15603407449805023,5.98664652301209,52.0373283955351,52.28825992248169,27.56250787241261,15.72151543812611,5.1882822607018895,28565.0,74995.9674573992, 0.0, 0.0,0.0,NaN, 89.16751795857284,89.16751795857284,9.5367431640625E-7, 124.23070834942565, -9.910795824387002, 1.2726188333736086, -9.910795824387002, 38.850897861959375, 11.80524008414779, 1.2726188333736086, 11.80524008414779, 111.00271427655878, 6.618449266536336, 4.207453721712188, 12.0, 0.0
49, 0 ,1.0,1.0,1.0,149.0976457375347,52.244135534317984,159.4308024835244,10.517847699170703,9.101098583887929,11.039360044187365,49.0,43.0,51.0,0.5025150028323158,-0.08644768453099176,0.8602357059362672,11.267747023831761,-0.8212462842959503,0.2632848138434457,0.5061972415269738,10.38072922300042,0.2702465771448969,0.9608370853785003,-0.06130972926717937,8.977801715758336,50.92000227420965,48.199988642855416,42.03547654270029,17.126002522759816,4.692826806118856,47191.0,103169.49993815497, 0.0, 0.0,0.0,NaN, 83.4647180209729,83.4647180209729,0.0, 110.62512022295047, -7.886270190123899, 8.750902972090369, -7.886270190123899, 82.82999543364687, 0.17187015717646517, 8.750902972090369, 0.17187015717646517, 121.86747018520045, 6.597413911145191, 4.0515711999594455, 14.0, 0.0
50, 0 ,1.0,1.0,1.0,134.46428673425675,116.89787234042554,184.96350135656147,9.991172871991303,10.233627878429534,8.017892590432592,50.0,47.0,33.0,-0.3449112365504676,0.9317729927282975,0.113293110661591,10.299452362376217,-0.9381155407462555,-0.3462162262510354,-0.008576531399860816,9.95077759506112,-0.031232532903820446,0.10924016982156372,-0.9935245916361444,7.983769961156916,48.905542013270264,52.3412352088601,34.78386711368472,15.75441245662041,4.5426605255718195,35015.0,89038.92483525665, 0.0, 0.0,0.0,NaN, 106.8970983060441,106.8970983060441,0.0, 99.82353535801495, -2.1488136695215565, -1.3705737984754423, -2.1488136695215565, 104.72713955417017, 4.574110548366875, -1.3705737984754423, 4.574110548366875, 64.28660159171385, 6.994838694938503, 4.322382134474552, 13.0, 0.0
