// Sample: .//bubblelabels.tif, Map: .//bubblelabels.tif, Thickness:(8.191250068658265):/gpfs/home/mader/Foam/NewValid/InSilicoTest/LatticeData_OldFoam/out_Step_07000.vtk/distmap.tif, Neighbors:(1.0):
//LACUNA_NUMBER, TRIANGLES, SCALE_X, SCALE_Y, SCALE_Z, POS_X, POS_Y, POS_Z , STD_X, STD_Y, STD_Z,PROJ_X, PROJ_Y, PROJ_Z, PCA1_X, PCA1_Y, PCA1_Z, PCA1_S, PCA2_X, PCA2_Y, PCA2_Z, PCA2_S, PCA3_X, PCA3_Y, PCA3_Z, PCA3_S,PROJ_PCA1, PROJ_PCA2, PROJ_PCA3,OBJ_RADIUS, OBJ_RADIUS_STD, VOLUME, VOLUME_BOX, Mask_Grad_X,Mask_Grad_Y,Mask_Grad_Z,Mask_Angle, Mask_Distance_Mean,Mask_Distance_COV, Mask_Distance_STD, SHAPET_XX, SHAPET_XY, SHAPET_XZ, SHAPET_YX, SHAPET_YY, SHAPET_YZ, SHAPET_ZX, SHAPET_ZY, SHAPET_ZZ, Thickness, Thickness_STD, Neighbors, Neighbors_STD
1, 0 ,1.0,1.0,1.0,79.00273873110503,136.12825508027055,39.859942653089014,18.43327179313927,17.543948626926454,19.156645292901427,99.0,93.0,88.0,0.4446611239168641,-0.4110885470067194,0.795790607758659,19.828062117778874,0.8403957574200078,-0.11587176232264801,-0.5294418812359823,18.211166907612395,-0.3098571538426108,-0.9042012725141174,-0.29395340276378595,17.022163605682053,99.85124534198675,93.37644011162628,93.6494483663364,30.641271822764136,8.698572433766406,264356.0,873164.4029530033, 0.0, 0.0,0.0,NaN, 162.36117019325152,162.36117019325152,0.0, 339.78550899974385, -22.98006421900044, 17.94841956119399, -22.98006421900044, 307.7901334242346, -31.255664163677178, 17.94841956119399, -31.255664163677178, 366.9770588780423, 7.68572415852539, 6.210897569788833, 46.0, 0.0
2, 0 ,1.0,1.0,1.0,58.210723212389524,258.29855586231685,14.42143008837992,18.911354341785415,18.18090697153223,9.14641062250359,100.0,95.0,38.0,0.8117047457718585,0.5725360865100222,-0.115489546432703,19.847883291132145,0.5678651452232544,-0.8198565911426744,-0.0732417012397038,17.31023694671925,0.13661838284804573,0.006131851572102509,0.9906047737944143,8.84639781682665,106.3047354188518,97.99944980978147,42.653220960298924,26.222032104097604,9.178592536723615,122426.0,444352.96346259804, 0.0, 0.0,0.0,NaN, 73.04434533810104,73.04434533810104,0.0, 357.6393230405661, 43.63589315883867, -38.80063102135032, 43.63589315883867, 330.5453783075093, -7.57966192769834, -38.80063102135032, -7.57966192769834, 83.6568272754465, 8.045637364982984, 6.1992253176921555, 28.0, 0.0
3, 0 ,1.0,1.0,1.0,258.5638969697597,140.54150921909456,127.49924425165385,17.008625850636115,17.444761698931053,15.514299838386364,92.0,88.0,79.0,0.32362711890025303,0.9100123888764757,-0.2591195477065582,17.63908744719229,0.9380909959624331,-0.34433574464377786,-0.03765870755649792,16.959512855294918,0.12349401283678586,0.2308903355533637,0.9651108131927251,15.347445431607307,92.81517769506956,96.7670189133826,80.5662798572584,27.740904161485332,8.046663894938726,193186.0,723601.857560245, 0.0, 0.0,1.4210854715202004E-14,74.98217435703818, 194.22904966213582,194.22904966213582,0.0, 289.29335332692705, 5.439475998258186, -8.178994187168886, 5.439475998258186, 304.3197107324919, -17.14971032918526, -8.178994187168886, -17.14971032918526, 240.69349947535514, 6.45065741052957, 5.624303961294696, 48.0, 0.0
4, 0 ,1.0,1.0,1.0,78.82738322251149,17.090934717362828,261.87600112756394,16.72695192728817,10.414648011174858,16.90895253259731,79.0,46.0,78.0,0.5721793058172739,-0.022947182246014334,0.8198074583836324,17.044409980213405,-0.8121931545732839,0.12286410680179494,0.5703040337610238,16.669948554285515,0.1138117817221059,0.992158171909482,-0.051662755002752074,10.284424794220753,92.34213838055302,85.06416682805278,47.83162136854548,24.771751838947928,7.7800257424784185,120614.0,375717.72375462006, 0.0, 0.0,0.0,NaN, 89.21488488614078,89.21488488614078,0.0, 279.7909207778094, -19.601180121582086, 6.933990610342743, -19.601180121582086, 108.46489319666841, 8.58484935109466, 6.933990610342743, 8.58484935109466, 285.91267574962905, 7.449556876840046, 5.923475484986206, 23.0, 0.0
5, 0 ,1.0,1.0,1.0,188.62891915853953,113.32732673951341,236.65643818581677,15.685677234913742,15.433987408939895,16.759338790869577,77.0,92.0,85.0,-0.19166875946188314,-0.13171352510889037,0.9725814279276217,16.79976094222731,-0.7611114646311932,-0.6057021150656124,-0.23202216750130417,16.040506572037643,-0.6196550855542962,0.7847142760957224,-0.015845498990699706,15.019788798807493,86.49305826622432,85.65830821339605,79.24531534876864,26.611220854594112,7.547635324555481,173698.0,587116.5788067381, 0.0, 0.0,0.0,NaN, 171.0526452792438,171.0526452792438,1.9073486328125E-6, 246.0404703178912, 16.045511015222388, -4.95934679901305, 16.045511015222388, 238.20796733931525, -2.7999024139184487, -4.95934679901305, -2.7999024139184487, 280.87543670714575, 6.847576111388499, 5.667642873939986, 39.0, 0.0
6, 0 ,1.0,1.0,1.0,276.94388799485034,206.23560991309947,208.72368844544576,13.63094320387715,16.550840655332323,16.892930843928184,56.0,89.0,82.0,-0.14753698523164982,0.6097609619792234,0.7787325646426557,17.6132520567518,-0.09392486503899067,-0.7924283334619695,0.6026901824769446,15.889472857190743,-0.9845866938549208,-0.015776741515832842,-0.17418420339106316,13.505630523200061,87.63970727023408,85.31379161333781,61.161149596350015,26.160505468665335,7.793074178214411,155350.0,457294.3146142452, 0.0, 0.0,-2.8421709430404007E-14,38.85532374726736, 132.87102844550617,132.87102844550617,0.0, 185.80261262732466, -6.2839278299806915, -18.65268495539761, -6.2839278299806915, 273.9303263982013, 27.230103350626084, -18.65268495539761, 27.230103350626084, 285.3711124977402, 8.247574668822466, 6.035392324356826, 35.0, 0.0
7, 0 ,1.0,1.0,1.0,263.7323173966441,279.3115829863306,28.72063921166801,17.25989090896641,11.722989293222959,16.420486571906018,77.0,52.0,72.0,-0.8981276439431869,0.10811254013984563,0.42623750873142263,17.586981966225448,0.4210095732779751,-0.06843785585071861,0.9044706734299641,16.15129694788937,-0.1269554031672411,-0.9917801866094452,-0.015949515841455,11.610269748690056,88.78360986059334,84.25785430464782,57.66706977928317,25.384435427283535,7.7842873440433795,137607.0,431390.9983443539, 0.0, 0.0,0.0,NaN, 50.677712228119105,50.677712228119105,0.0, 297.9038341894213, -20.5764375409573, -18.797919107590257, -20.5764375409573, 137.42847796902015, 0.23791575399893475, -18.797919107590257, 0.23791575399893475, 269.6323792581459, 7.076857355395692, 5.775080000376093, 24.0, 0.0
8, 0 ,1.0,1.0,1.0,276.3846919046151,206.68924258133214,285.0376327514221,13.40464524596097,16.001855172580324,8.57912141595926,54.0,95.0,38.0,0.16109968860343515,0.9770653404438472,-0.13924873728413187,16.180597747343086,0.9860129994437122,-0.16544626919462335,-0.020146884066629518,13.330355927083607,0.04272300621316595,0.13405540836881286,0.9900524694313836,8.356738287155663,94.59330391680331,59.98343404214518,43.932833874386176,21.401745502941388,7.1631345674505065,71374.0,249276.27038543465, 0.0, 2.8421709430404007E-14,0.0,12.294682683708558, 97.40868883301296,97.40868883301296,0.0, 179.684514170064, 12.622095811421, -6.449313229688707, 12.622095811421, 256.05936896423566, -25.759874822392767, -6.449313229688707, -25.759874822392767, 73.60132426977081, 6.9203940970334585, 5.682495901355188, 22.0, 0.0
9, 0 ,1.0,1.0,1.0,155.25692348864465,179.49515055877006,14.955602927198399,17.051030767724495,16.166285959604057,9.457428792494175,82.0,77.0,40.0,-0.7897004102648438,-0.6134906439152155,-0.001578561380530954,18.31513808788468,-0.613110863295481,0.7891155568826604,0.03730559200494508,14.724819255557446,-0.021640964317880918,0.03042807444226024,-0.9993026573311655,9.448006458907454,89.13446241468665,73.43443899001535,41.24064468771104,24.121602419843175,7.725134823007305,108363.0,269942.2581728794, 0.0, 0.0,0.0,NaN, 188.93291665493757,188.93291665493757,0.0, 290.7376502418874, 57.554206816840505, -2.61062300874037, 57.554206816840505, 261.34880172769124, 3.993440282552506, -2.61062300874037, 3.993440282552506, 89.44295936509785, 8.790219787732015, 5.95248784100176, 18.0, 0.0
10, 0 ,1.0,1.0,1.0,47.97826240519904,249.73707463990084,213.6811798023388,15.43949540937641,16.34123482580397,14.621722792262693,84.0,73.0,75.0,-0.3821158471316024,-0.8634997999427122,-0.3291740798875183,17.266639180516133,-0.7876047582563465,0.11798310946012705,0.6047799026539176,15.794389415500723,-0.4833903434522251,0.49035505644483407,-0.7251797670068602,13.099968929099873,80.68830154492548,75.7786991234172,73.42592561609605,25.778208985705607,7.395450833537588,155721.0,448959.48317621736, 0.0, 0.0,0.0,NaN, 110.81161513800437,110.81161513800437,0.0, 238.37801849615522, 34.51420808790111, -21.168809642688814, 34.51420808790111, 267.03595563206846, 41.51958659812858, -21.168809642688814, 41.51958659812858, 213.7947774137743, 7.5558783504272125, 5.513550473548127, 33.0, 0.0
11, 0 ,1.0,1.0,1.0,14.06132663143876,165.15953516346607,13.440026635734846,8.90739147559979,15.467437238738604,8.08230454923829,35.0,77.0,33.0,-0.03559455161778714,0.9938184945742922,0.10515620636565892,15.537663991306855,0.9991366292870398,0.03313300572267498,0.025063917265941423,8.896250673649172,0.021424843338084355,0.1059575564736632,-0.9941398152745263,7.958932472724362,76.2241946866372,36.79552394737648,35.367520122115096,18.505290964450772,6.439028714141501,46554.0,99195.60839434198, 0.0, 0.0,-1.7763568394002505E-15,83.96383365129537, 136.23621464184114,136.23621464184114,0.0, 79.3416228995878, -5.776291465646261, -0.270895649031735, -5.776291465646261, 239.24161473431772, 18.622995278093097, -0.270895649031735, 18.622995278093097, 65.32364682663794, 9.78531092312495, 5.722827020037777, 12.0, 0.0
12, 0 ,1.0,1.0,1.0,24.989356806745143,132.51920821767334,191.01507414609526,13.973738683375716,15.337495885386168,15.007195760540002,65.0,75.0,77.0,0.049395119846609936,-0.8467101117117156,0.5297566506052311,15.521008895066155,-0.30655324257026206,-0.5176554094217509,-0.798785319448259,14.916758535878989,0.9505710029266603,-0.12294252243033563,-0.28513138124988846,13.867540340025588,78.56897314121947,82.70764917902216,67.7185444774117,24.595380034368745,7.12652498667409,134734.0,440052.3747747876, 0.0, 0.0,0.0,NaN, 173.38835763578533,173.38835763578533,0.0, 195.2653727912709, 2.7602427344556104, 8.666881531947421, 2.7602427344556104, 235.23878003423764, -9.308441164739554, 8.666881531947421, -9.308441164739554, 225.21592459516978, 6.830558672716332, 5.303967349279239, 30.0, 0.0
13, 0 ,1.0,1.0,1.0,123.23723369734377,234.8476586557883,78.00857598855652,14.56732576155287,15.222746213353721,16.350572396252307,78.0,77.0,78.0,-0.13818738478554102,0.5347701202870144,0.8336217158485882,17.12871197426544,0.9296375388176449,-0.2202573855731364,0.29539927305523034,14.531063193151143,0.3415820444742441,0.8157864932374757,-0.4667055863647839,14.378304085801245,82.1822569975914,71.56473295994178,72.9319223227532,25.61149217652725,7.438525949147378,151003.0,428938.25441974134, 0.0, 0.0,0.0,NaN, 159.74223386371182,159.74223386371182,0.0, 212.20697984320194, -7.3080844488275245, -8.769813961564484, -7.3080844488275245, 231.73200227617505, 38.34407450210086, -8.769813961564484, 38.34407450210086, 267.3412176850879, 6.443221374033625, 5.09819197389261, 33.0, 0.0
14, 0 ,1.0,1.0,1.0,281.20967383310244,287.19291224109327,149.14367078865,10.626209209917242,7.665186100523518,17.323276337920685,46.0,32.0,76.0,-0.003433205748144268,0.0014785034771177463,0.9999930135384741,17.323351738077612,0.978414196993145,-0.20662098087105493,0.0036646126865217,10.744407744475126,-0.2066249554641212,-0.9784199427093413,7.372164531020204E-4,7.498432502053869,76.02841317838632,49.724394471243016,35.36388961752033,20.468811414769803,7.266021089636021,58467.0,133692.01089744238, 0.0, 0.0,0.0,NaN, 150.86726745929994,150.86726745929994,0.0, 112.91632217293002, -11.972358957418264, -0.6249381736373885, -11.972358957418264, 58.75507795565893, 0.31572574571617845, -0.6249381736373885, 0.31572574571617845, 300.0959030799627, 8.403379140888756, 5.866024285710691, 18.0, 0.0
15, 0 ,1.0,1.0,1.0,191.2566124687632,278.98511991691817,59.91730762989647,16.037266810729005,12.196803087909778,14.985248753183575,71.0,55.0,83.0,-0.905082210453916,0.07045658884515202,0.41935910793514236,16.300103098087106,0.4251604276141876,0.1686034188107767,0.8892758278263495,14.789051599988992,0.00805003793620934,-0.9831626296059182,0.18255530842898696,12.087357208386766,76.37083311655812,74.45265617340664,59.662773102163214,24.100010340000402,7.05004355521107,123252.0,339243.206803581, 0.0, 0.0,0.0,NaN, 125.92391857900034,125.92391857900034,0.0, 257.1939267585101, -2.421010391168436, -17.937158064115447, -2.421010391168436, 148.76200556524552, 14.42050710895753, -17.937158064115447, 14.42050710895753, 224.5576801947899, 7.08824325355567, 5.57040010130759, 32.0, 0.0
16, 0 ,1.0,1.0,1.0,173.49421813589865,99.85428283602208,11.934008711814867,14.596983028454153,15.82994102327042,7.524429275284777,70.0,77.0,30.0,0.12218039353281078,0.9903141072355757,0.06595392669410984,15.880955500730138,0.9905846205313974,-0.11753917734987954,-0.07019010866625822,14.597639097806255,0.06175808451397361,-0.07390880054579456,0.9953509070669733,7.41486125332013,77.77029044813641,69.22912395709265,33.557976248008664,21.60313584464093,7.319870485871833,70479.0,180675.10642655467, 0.0, -1.4210854715202004E-14,0.0,7.9810241838708835, 161.60758401039712,161.60758401039712,0.0, 213.07191353297856, 5.454328527017597, -9.404040798676775, 5.454328527017597, 250.58703280021973, 14.186172753165254, -9.404040798676775, 14.186172753165254, 56.61703591876259, 7.173511651723646, 5.274668192259718, 23.0, 0.0
17, 0 ,1.0,1.0,1.0,219.9467759528781,31.63385171564808,261.74491850282044,14.22046722280152,16.055697138732775,16.308926098759937,74.0,72.0,79.0,0.3319988570665761,0.4053946700879768,-0.8517229129069775,16.589508787347874,0.0784338136880632,0.8879467322146253,0.4532093750351101,16.063876348369373,-0.9400132423412091,0.21726887078831408,-0.2630006502074424,13.882659831570601,85.27713802344608,83.84820243935195,70.27413935767126,25.938990921401146,7.2908791732986,160435.0,502483.6194413777, 0.0, 0.0,0.0,NaN, 94.19485397335757,94.19485397335757,0.0, 202.22168803477237, 15.65071499236388, -21.002039086885215, 15.65071499236388, 257.7854106107118, -2.1938433159149207, -21.002039086885215, -2.1938433159149207, 265.98107049481297, 8.004834530334932, 5.601560470083277, 39.0, 0.0
18, 0 ,1.0,1.0,1.0,158.2667753764004,254.33595532198922,279.6295560925328,18.08313234165791,14.58883187636225,10.765944696490877,87.0,81.0,47.0,-0.9562894450796902,0.2783434527022007,-0.08964050182253769,18.404382119866767,0.2880573665147339,0.949428808387237,-0.12493154686062247,14.295461043938205,-0.05033339672399334,0.14529232650835133,0.9881076302873162,10.614036382910664,86.51510651644348,78.34722095306702,50.42673793952929,24.419037229969565,7.710374619428617,118358.0,341803.43115494447, 0.0, -2.8421709430404007E-14,0.0,73.83863835763057, 150.29460044707653,150.29460044707653,0.0, 326.9996752859143, -35.093190061438875, 16.078539400617444, -35.093190061438875, 212.83401551676326, -16.517633272846435, 16.078539400617444, -16.517633272846435, 115.90556520790003, 7.39621266660485, 5.523231410360796, 30.0, 0.0
19, 0 ,1.0,1.0,1.0,234.422764873061,243.27599510979152,10.724322436212946,15.26611870725551,14.376207669301305,7.152610942749932,70.0,71.0,30.0,-0.9747540710485026,0.19963174121233712,-0.1000083440263922,15.35696830300493,0.20399701729405362,0.9783310060724406,-0.035407054274765565,14.351223826172218,-0.09077289193090785,0.054914574184064625,0.9943564107666236,7.006815957683564,70.95449016291874,68.03814351535141,33.25096648400916,20.980037975902956,7.122329475872354,62983.0,160522.75765297064, -2.8421709430404007E-14, 0.0,0.0,12.901827983777583, 87.36702804487571,87.36702804487571,0.0, 233.05438038401664, -5.032261432266136, 17.071169466220447, -5.032261432266136, 206.67534695087764, -9.161930948171713, 17.071169466220447, -9.161930948171713, 51.15984329834607, 6.8379957705332535, 5.139534325686711, 12.0, 0.0
20, 0 ,1.0,1.0,1.0,271.976678285018,68.18339284196209,238.98797784012015,14.811527936272482,15.234869418748774,14.73615386621737,68.0,81.0,77.0,-0.36277131624113235,0.6920360505259271,-0.6240857928884084,15.706593938553379,-0.7408889151527179,-0.620396427367133,-0.25727784264084347,15.071116981809533,0.5652261383875533,-0.3690452244408188,-0.7377838672679963,13.95711920677581,76.33600980188754,77.29203888499944,82.74379589608257,24.878168412983904,7.050785289403906,141156.0,488202.1178469829, 0.0, 0.0,0.0,NaN, 95.69090065110882,95.69090065110882,0.0, 219.38135980698016, 1.8352016863310723, 17.91322666446838, 1.8352016863310723, 232.1012462063266, -17.251812054373566, 17.91322666446838, -17.251812054373566, 217.15423076883314, 6.005195643271541, 4.937735878132999, 33.0, 0.0
21, 0 ,1.0,1.0,1.0,69.89829591142451,63.7362605925651,159.82016607904993,14.66439321434497,14.398340688470794,14.336148216624379,72.0,68.0,71.0,-0.6987854289241392,0.5779798514210867,0.4214714885666226,14.832438977657349,0.7007931409700556,0.43495166422428516,0.5654255241478295,14.521434421980903,0.14348483506151338,0.6904754457182258,-0.7089822007410251,14.035971107030747,78.31515149390489,76.83267384020502,79.43543511067936,24.110611394491468,6.823503997136057,129336.0,477975.9206421699, 0.0, 0.0,0.0,NaN, 169.11081728780562,169.11081728780562,0.0, 215.04442834492684, -5.060634534588084, -1.2783953067682488, -5.060634534588084, 207.31221458127362, 9.010590130531925, -1.2783953067682488, 9.010590130531925, 205.52514568902237, 6.867458452962847, 5.099623470516692, 31.0, 0.0
22, 0 ,1.0,1.0,1.0,277.84858519491894,206.79024091108192,12.373070521243978,12.93776976616024,14.000131883608846,7.843809502691035,54.0,75.0,32.0,0.2526541097845097,-0.9670381959556941,0.031670623166486514,14.07379244141965,0.963009612797845,0.2545016557503201,0.08855163961943627,12.8951509749983,-0.09369304386101364,0.008126178874617238,0.9955679679203002,7.781926139649275,70.29588543218729,58.06594577665942,33.308022628372285,19.59780445795592,6.3906953630156895,57075.0,135956.5892328591, 0.0, 2.8421709430404007E-14,1.7763568394002505E-15,24.33548086375566, 96.60143498625983,96.60143498625983,0.0, 167.38588652217, -7.68582983874603, 10.116286910987162, -7.68582983874603, 196.003692758441, -1.8288672749832553, 10.116286910987162, -1.8288672749832553, 61.52534751450618, 7.527280410639926, 5.562352064760539, 14.0, 0.0
23, 0 ,1.0,1.0,1.0,41.19186270874793,85.54877910364188,38.263807441149545,13.471584630740272,14.073401539154352,16.28955389744706,63.0,71.0,81.0,0.20385087465697863,0.01871628712743916,0.9788230286919836,16.405841284107485,-0.1406247366107994,-0.9888892165806958,0.04819544359751306,14.08893574455768,0.968849577774965,-0.1474714139302294,-0.19895395879120095,13.31330352954148,80.0418916775514,72.27627157697563,61.04394650405021,24.407348269173024,7.012498840687572,132157.0,353147.1357427371, 0.0, 0.0,0.0,NaN, 102.36934169678645,102.36934169678645,0.0, 181.4835924631975, 3.3062959740917894, 18.194631374215284, 3.3062959740917894, 198.06063088227208, 0.6707731359718367, 18.194631374215284, 0.6707731359718367, 265.3495661778327, 6.7891106676702035, 5.009413367224099, 23.0, 0.0
24, 0 ,1.0,1.0,1.0,66.0069514009046,42.82913669064748,35.797058555687094,14.918661993424292,13.195891235234843,15.728353048190147,77.0,68.0,75.0,-0.29240345080918984,-0.18850667411705954,0.9375315758779552,15.833157315362879,-0.8980254765407202,-0.2828617414702538,-0.336956196999294,15.070794913175638,-0.3287103062556597,0.9404543949739081,0.08657404654727954,12.894238282530411,83.1109348897383,83.81501489093189,61.92723473401143,24.3930832079175,7.0040418606905135,131772.0,431381.66442784976, 0.0, 0.0,0.0,NaN, 86.44467585772324,86.44467585772324,0.0, 222.5664756740425, 20.115020723608627, -4.726528440313651, 20.115020723608627, 174.13154549214775, -9.119549119833525, -4.726528440313651, -9.119549119833525, 247.3810896085123, 6.482398995721233, 4.9695343265554985, 24.0, 0.0
25, 0 ,1.0,1.0,1.0,30.062749052742884,282.1231874834781,137.46667711015596,14.795598910396267,10.751272721539864,15.62094149429143,64.0,48.0,72.0,0.4143183263737653,0.006588612558054847,0.9101081884124558,15.827852610416864,0.9067538769393164,0.0830890093723201,-0.4133928194551101,14.59747730762696,0.07834367291849921,-0.9965203493687852,-0.028451049322526463,10.719429248544811,84.82222242384958,68.98203647740596,50.68138689496399,23.00950226536644,7.005442949477872,102137.0,296547.41963612544, 0.0, 0.0,0.0,NaN, 141.84652488540897,141.84652488540897,0.0, 218.9097471173192, 7.767219434860912, 14.334463185731025, 7.767219434860912, 115.58986513292722, -2.5591385237471482, 14.334463185731025, -2.5591385237471482, 244.01381316807576, 7.148758812809334, 5.226623389329428, 25.0, 0.0
26, 0 ,1.0,1.0,1.0,281.6818336641571,104.87641676747982,169.94883781022068,10.891596222722738,12.475559389159507,15.053563642484983,46.0,61.0,74.0,0.08787299797054457,-0.14313208387585877,0.9857948786603746,15.121710603800926,0.2952958006008408,-0.941397211185489,-0.16300822347259405,12.583681970532183,-0.9513562562863488,-0.30542510921261345,0.04045709192819042,10.67056911176802,73.98606721745378,65.19049820247771,53.29324873240654,21.44306116571432,6.408693824250389,85141.0,257043.38878104812, 0.0, 0.0,0.0,NaN, 168.07118372524783,168.07118372524783,0.0, 118.6268682788282, -13.81120431032902, 7.803503217498808, -13.81120431032902, 155.63958207244593, -9.37193982406675, 7.803503217498808, -9.37193982406675, 226.60977833834576, 7.0224579772082, 5.280632822312786, 18.0, 0.0
27, 0 ,1.0,1.0,1.0,35.64064277809816,180.12949079630295,207.58058105643792,13.94648949633999,14.574972046846758,14.800502220282702,69.0,69.0,75.0,-0.2897323355726661,-0.5977790982644048,0.7474726238477256,15.466818736495087,0.39248920173438384,-0.7864909185072009,-0.4768482584927891,14.06657367995091,-0.8729303524597558,-0.15521657380542503,-0.4624936918170785,13.744026647580258,77.25551433320429,71.38490774584236,74.8256733726076,24.078375786480688,6.798607570344999,128318.0,412654.4422240061, 0.0, 0.0,0.0,NaN, 155.5009433805958,155.5009433805958,0.0, 194.50456927152166, 5.94693713741733, -12.577411168546382, 5.94693713741733, 212.4298101663644, -19.12187639172848, -12.577411168546382, -19.12187639172848, 219.05486597259318, 6.528696664845115, 5.027115741794278, 32.0, 0.0
28, 0 ,1.0,1.0,1.0,124.27811334671966,187.50185632913986,115.72935294840798,14.12399893203032,14.138688577342293,14.568875886361846,70.0,72.0,70.0,-0.5206429007938937,-0.6010589358593438,0.6063490129261807,15.051540536430794,-0.5199724588892705,-0.3400635932044455,-0.7835722012511214,14.305308885141052,-0.6771702975246079,0.7232460910371483,0.13548239719579408,13.433215188187969,77.29342995001493,68.69658845091516,65.9097019314489,23.772641785923035,6.819348035511635,122015.0,349967.002289426, 0.0, 0.0,0.0,NaN, 203.70116573124164,203.70116573124164,0.0, 199.48734583199362, 18.703118529090514, -4.696495209206096, 18.703118529090514, 199.90251468706944, -10.354408871391287, -4.696495209206096, -10.354408871391287, 212.25214459221567, 6.383100382466788, 4.786096018998792, 33.0, 0.0
29, 0 ,1.0,1.0,1.0,33.726492382749576,14.273668707138583,71.43106503428913,16.449295139324306,8.90154766224597,14.149371800799374,71.0,37.0,72.0,0.9884839723417309,-0.00385407449476971,-0.1512765101835093,16.500615109675476,-0.15126777905205982,0.002465964162817258,-0.9884897460476791,14.089617689650353,0.004182755571372232,0.9999895325104841,0.00185456876218895,8.901345857955004,74.72451141626294,69.19054724364011,37.252746610276276,22.37020988183509,7.0423926022114465,86908.0,192605.26204973337, 0.0, 0.0,0.0,NaN, 80.27210573254982,80.27210573254982,0.0, 270.5793105805982, -0.7799039769793011, -11.029532196517513, -0.7799039769793011, 79.23755078323671, -0.1782166287973645, -11.029532196517513, -0.1782166287973645, 200.20472235725651, 6.979528823512949, 5.237957820574523, 21.0, 0.0
30, 0 ,1.0,1.0,1.0,235.09979835143454,272.9566632468957,96.7557752856688,13.836378110336266,13.390737270269248,14.315910975577774,74.0,61.0,69.0,-0.5439657485413482,-0.40585865586415704,0.7344249559172061,15.064961507681014,-0.7035825079837387,-0.2563266448906603,-0.6627731931652109,13.403915756369873,-0.4572449221950567,0.8772544685433283,0.14612213572077234,13.003249135599434,75.80417947624721,72.71976379735878,70.11008481228956,23.081006649015798,6.555123414728396,113068.0,386479.180192996, 0.0, 0.0,0.0,NaN, 119.60375532522839,119.60375532522839,0.0, 191.44535921219259, 14.683986732957433, -18.184775253152797, 14.683986732957433, 179.31184464137795, -15.451566323806823, -18.184775253152797, -15.451566323806823, 204.94530706066817, 6.010757681754241, 4.753210067112659, 25.0, 0.0
31, 0 ,1.0,1.0,1.0,135.55767927997678,25.852817832833317,250.29803380754217,14.344434553275734,13.586453848013997,14.840066209012729,73.0,61.0,76.0,-0.06047560219659653,0.5222574051921592,-0.8506408785503505,15.556883521479104,0.9979900256471281,0.04780377363690776,-0.04160177802589277,14.34033133049899,-0.01893700736133835,0.8514470047795251,0.5240986432000876,12.76402633716914,80.20459121078184,71.44138903246859,69.15973545927913,23.783495361555016,6.702793767695211,123996.0,396280.2633840259, 0.0, 0.0,2.8421709430404007E-14,31.718556574988774, 146.67834893080482,146.67834893080482,0.0, 205.76280265321083, -0.45986445643748375, 2.2950979241949816, -0.45986445643748375, 184.59172816421437, -35.223756274495955, 2.2950979241949816, -35.223756274495955, 220.22756508788143, 7.6819950824486805, 5.32522465976173, 22.0, 0.0
32, 0 ,1.0,1.0,1.0,20.95916006194771,250.5815614466612,81.64698004919377,12.303579253401203,13.691554055638171,15.352014533025173,51.0,71.0,78.0,-0.003735450525355899,-0.1745863209346304,0.9846347865842863,15.403828171870247,0.4134841400003959,-0.8967957463425682,-0.15744286363633753,13.958046609181237,0.9105036586293908,0.4065427479175931,0.07553861090930103,11.933820747473266,77.83383029102268,75.97006757777942,57.994770119263436,23.023370494613086,6.666744047370718,109770.0,342925.4736276562, 0.0, -2.8421709430404007E-14,0.0,79.94541455129044, 97.71232169335612,97.71232169335612,0.0, 151.37806244472452, -19.37269618324357, -3.7608689845993295, -19.37269618324357, 187.45865245846207, -8.906986538948832, -3.7608689845993295, -8.906986538948832, 235.6843502222161, 6.816562314909686, 5.352182856967714, 22.0, 0.0
33, 0 ,1.0,1.0,1.0,167.0962163039948,11.81893471906463,221.07236115621956,14.657581817894771,7.5714900909543825,13.564692025313573,69.0,31.0,71.0,0.8645077587641268,0.03830611736651416,0.5011576362871564,15.183855025354736,-0.502125215054441,0.021613931663712095,0.8645247864373631,12.984717051894073,-0.022284601032072145,0.9990322714158636,-0.037919879041238294,7.551205621526035,71.9902051015444,67.5881861004198,32.7425276281094,20.299825389686962,6.640039595930542,61580.0,159314.90346319097, 0.0, 0.0,0.0,NaN, 155.02475644896944,155.02475644896944,1.9073486328125E-6, 214.84470474827938, 4.5355766773229, 26.744353039126683, 4.5355766773229, 57.32746219742041, 5.416301183693501, 26.744353039126683, 5.416301183693501, 184.0008697416056, 6.90618429239809, 4.9394400117899835, 19.0, 0.0
34, 0 ,1.0,1.0,1.0,59.5878762856989,112.59493080112729,158.88914717550128,13.845321342462428,12.846970321394203,14.496806131185197,71.0,65.0,70.0,0.5893121003032469,0.172792838290016,0.7892109245771094,15.21777446836312,-0.6626330215635526,-0.45548164691262616,0.59451993075028,13.25896278549895,-0.46219987794214307,0.8733150086660839,0.15392260545100603,12.629893253816013,75.28092123044524,65.580844303937,64.97787434930457,22.92036211934889,6.4460808122420845,111418.0,320794.8802915952, 0.0, 0.0,0.0,NaN, 190.10682846023113,190.10682846023113,0.0, 191.69292307604562, 12.2538102687731, 27.101696853333102, 12.2538102687731, 165.04464643878345, 5.417598505849375, 27.101696853333102, 5.417598505849375, 210.15738800516874, 6.720389912826106, 4.934831371830549, 25.0, 0.0
35, 0 ,1.0,1.0,1.0,144.9499740751998,153.1972072732474,58.279522983676316,13.224935898845663,14.116508088315198,14.14270701307152,65.0,68.0,67.0,0.44270281380681975,0.6193824230574007,0.648366896637288,14.909522693980207,0.011008503986478886,-0.7267842229490761,0.6867776249356756,13.731527328870003,-0.8966008205927006,0.29690083745225576,0.32856789440334133,12.780539192374189,76.34293325906756,70.60349599330044,63.939938982177,23.049868745578156,6.549384902820013,111862.0,344641.25730852364, 0.0, 0.0,7.105427357601002E-15,49.581414253508136, 214.37830518963398,214.37830518963398,2.6973983046972182E-6, 174.89892952857673, 15.962968406617875, 17.1117467112749, 15.962968406617875, 199.2758006074684, 11.089607936386829, 17.1117467112749, 11.089607936386829, 200.01616165758236, 6.115325228146024, 4.701511410859324, 19.0, 0.0
36, 0 ,1.0,1.0,1.0,27.144683407111426,13.634635222835952,261.90305689400765,12.400916320284187,8.694627424811049,17.069834485102827,50.0,39.0,75.0,-0.008906671329282082,0.04840988325742533,0.9987878425415654,17.085188335391408,-0.9969358220183888,-0.07805694676349874,-0.005106842319860481,12.419857824008888,0.07771510781277823,-0.9957728637922223,0.04895677432884529,8.637244477458273,75.07444478246853,51.23504130373724,40.599988145240374,21.66550651727798,7.166892516116567,76581.0,156165.51094031896, 0.0, 0.0,0.0,NaN, 48.72488264689128,48.72488264689128,0.0, 153.78272558269072, 6.10455911689553, -1.52757042067358, 6.10455911689553, 75.59654605627642, 10.538547836857097, -1.52757042067358, 10.538547836857097, 291.3792493488057, 6.8027976888129205, 5.0766082125154375, 18.0, 0.0
37, 0 ,1.0,1.0,1.0,31.24063981567637,288.22428995524837,206.98119839898385,14.874457158597531,6.849737189367721,16.353959991629296,68.0,29.0,78.0,0.021840987987346964,0.0696769423274701,-0.9973304843188295,16.38712883370912,0.9991867627540837,0.03229807347131033,0.02413809410570567,14.880488281742851,-0.033893721848605354,0.9970466178458941,0.06891485660808655,6.756734404910789,79.26437261863663,68.17792082896914,32.325073613175846,21.891448825393432,7.508984688983097,67707.0,174687.28772125155, 0.0, 0.0,0.0,NaN, 98.82885395692946,98.82885395692946,0.0, 221.24947576295335, 6.011780816741808, -0.6155887207326204, 6.011780816741808, 46.91889956340721, -15.351418300722123, -0.6155887207326204, -15.351418300722123, 267.45200740781166, 5.901521238532049, 4.826458485558343, 19.0, 0.0
38, 0 ,1.0,1.0,1.0,53.147717803030304,20.05622159090909,165.7767803030303,14.716148478510462,11.670330814921254,14.726531234792192,78.0,48.0,77.0,-0.7044327397251832,0.001679702064887623,0.7097687607976598,15.369417400343208,-0.7086196929263859,0.055263735666783706,-0.7034230948135457,14.050072854464782,0.040406014406110254,0.9984703791906523,0.0377393147617723,11.662282415498073,78.54361767052316,66.02073765901201,49.858877833193674,22.888867263881924,6.762553138938337,105600.0,258543.58878550847, 0.0, 0.0,0.0,NaN, 145.74911539352541,145.74911539352541,NaN, 216.56502604156577, -2.522888263225204, -19.500236704043324, -2.522888263225204, 136.19662132970058, -2.267213491089849, -19.500236704043324, -2.267213491089849, 216.87072220931003, 6.505819625559855, 4.828736319504499, 22.0, 0.0
39, 0 ,1.0,1.0,1.0,129.39779486435515,93.11050159582184,209.80286159872335,13.939451258572673,12.877583995673016,14.432576041888122,66.0,67.0,69.0,0.457086705500322,0.20499381898825586,0.8654763300238035,15.056383232431806,-0.7501732741387855,0.6116170446873986,0.2513257834280971,14.355265777465299,0.47781984306091374,0.7641348865380134,-0.4333429043526398,11.647806255990869,69.58955464855069,71.16639622204525,58.3375100238209,22.94164178684036,6.490053488596532,110288.0,288912.89091027074, 0.0, 0.0,0.0,NaN, 183.1635296639654,183.1635296639654,0.0, 194.30830139012326, -23.77300273839303, 22.735110401319535, -23.77300273839303, 165.83216956561378, 26.970998891052346, 22.735110401319535, 26.970998891052346, 208.299251204883, 6.7370511287366375, 4.825079346889997, 27.0, 0.0
40, 0 ,1.0,1.0,1.0,281.21752598145946,254.85143992278512,243.81832057641805,10.877507591017274,14.41686676576775,13.748026266683254,44.0,70.0,76.0,0.12333416934724792,0.9880832905010519,-0.09208742424478339,14.470587161220132,0.011905908380867556,-0.09426254185067134,-0.9954761787955938,13.743127439329138,-0.9922937730415579,0.12167984318063836,-0.02338982142908441,10.812169086720733,72.95463721761064,77.04533117426718,48.66372793359335,21.751113175947115,6.485639565306672,89102.0,273529.7722704159, 0.0, -2.8421709430404007E-14,0.0,8.854173582209453, 74.48190995239827,74.48190995239827,0.0, 118.32017139263841, 11.191066321929618, -1.903511586856945, 11.191066321929618, 207.8460473418987, -1.6626774991576965, -1.903511586856945, -1.6626774991576965, 189.0082262294127, 6.335673286194047, 5.000699809859221, 18.0, 0.0
41, 0 ,1.0,1.0,1.0,134.07539409225396,277.80766357860017,54.784973565504195,13.450901461599155,12.378461292904655,14.822285508133689,60.0,54.0,73.0,-0.2560333903780814,0.010705723845360785,0.9666086542590293,14.920214561356216,-0.9575144422490349,0.13447301884394042,-0.2551138963042134,13.359919879887865,0.13271396270183716,0.9908594222592546,0.024178697732326865,12.359326035034842,73.60271527391002,65.06189305699468,56.90739780770747,22.59277217207623,6.589373822656005,103085.0,272514.27634120506, 0.0, 0.0,0.0,NaN, 146.52680446050405,146.52680446050405,0.0, 180.92675012965032, -3.5050604969965704, -11.002898719998958, -3.5050604969965704, 153.22630397993876, -0.15991976637461178, -11.002898719998958, -0.15991976637461178, 219.70014768462997, 6.219578416626952, 4.664319915472019, 21.0, 0.0
42, 0 ,1.0,1.0,1.0,200.19502013373233,175.12790461413425,190.7410414126861,14.264922421810208,12.491232896182181,14.305299774879956,73.0,66.0,67.0,0.8603314995250759,0.29006556377817216,-0.4191559132768925,14.526255946056608,-0.39568769679726945,-0.13835103528222165,-0.9079043108387632,14.257803961362585,-0.32134243032660187,0.9469535150926833,-0.004252378793614048,12.241871875049029,74.309690624162,66.48815400750328,64.37608655397867,22.84079725289616,6.516018221907283,108276.0,318063.84204657713, 0.0, 0.0,0.0,NaN, 193.62746252468224,193.62746252468224,0.0, 203.48801170026363, 18.18430830625389, -2.8595056196229187, 18.18430830625389, 156.03089926666388, -0.7243681196597731, -2.8595056196229187, -0.7243681196597731, 204.6416016491805, 6.625607583187792, 4.841032762083539, 33.0, 0.0
43, 0 ,1.0,1.0,1.0,104.7832324894719,216.70746889975314,275.05080594414056,14.208785716777678,14.011588071936353,12.234647531766933,74.0,67.0,56.0,0.8367285544238353,-0.5355432920767954,0.11436218135095351,14.415120875335665,-0.5237919543341154,-0.8436071823145332,-0.11819014562213785,13.84934277742995,-0.15977269725033702,-0.03899107922182552,0.9863834857470346,12.177881049354033,76.03225274600595,68.6706613863924,57.16707998551854,22.50243669362431,6.445241261500438,103295.0,298479.90524565603, 0.0, 0.0,0.0,NaN, 136.16032400102915,136.16032400102915,0.0, 201.88959154530534, -7.436836863987846, 8.386249052667416, -7.436836863987846, 196.3246002976291, 0.6937431939018632, 8.386249052667416, 0.6937431939018632, 149.68660022657073, 5.375362751854257, 4.424829508812196, 27.0, 0.0
44, 0 ,1.0,1.0,1.0,176.49038945778076,279.8932033741816,174.3103911364781,12.848332411667458,10.88965878378901,16.14716378821146,70.0,48.0,77.0,0.2005001712840551,-0.0012928712390164372,0.9796928139978491,16.276070848254516,-0.9759228265427106,0.0873901240476047,0.19984394624764265,12.697578018114557,0.08587384903421394,0.9961733256330966,-0.016259992286142864,10.874568626289438,78.68737976074607,70.05020130935151,49.96062752676835,22.329866395156845,6.765521366886992,95312.0,275386.3159350342, 0.0, 0.0,0.0,NaN, 177.3606070780877,177.3606070780877,3.3036247397782844E-6, 165.07964576070452, -3.7029474327393204, 20.426109181226092, -3.7029474327393204, 118.58466842735314, 0.5647292195967514, 20.426109181226092, 0.5647292195967514, 260.73089840332756, 6.701171145828674, 4.989252708146561, 28.0, 0.0
45, 0 ,1.0,1.0,1.0,241.0322795307029,94.12779745695039,187.0729949425664,13.38477134967968,12.465485717079027,13.392889723195964,63.0,63.0,69.0,0.7280886536262113,-0.39884296356398485,0.5575044420238009,13.986736085964033,0.5106434729167386,-0.22699857166666543,-0.8292857722334481,13.11839385595482,-0.45730750707625967,-0.8884795658183658,-0.03839147164286199,12.090859757901162,65.11504803441017,66.56508307722572,61.857930122004916,21.84384802612646,6.062692206858199,97678.0,268116.3060262331, 0.0, 0.0,0.0,NaN, 158.3974203788795,158.3974203788795,0.0, 179.152104083206, -17.359599350741792, 9.098997184075097, -17.359599350741792, 155.3883341627012, -6.117070331784367, 9.098997184075097, -6.117070331784367, 179.36949513768806, 6.806384806844594, 4.746109943726999, 19.0, 0.0
46, 0 ,1.0,1.0,1.0,118.95322276386321,168.91269307633402,271.3590799574158,14.274793016532994,12.621355689723165,14.04002023548399,70.0,62.0,63.0,-0.8662384494009147,-0.17236200826572592,-0.4689587262074401,14.64364009832948,0.3458544820599282,0.4705237041799114,-0.8117832968495189,14.175990781038841,0.36057679628417283,-0.865389381672448,-0.34797355081962944,12.033104062155578,72.17058397269517,73.52236776856759,61.40536701144373,22.75374025639568,6.51596559756015,107082.0,325826.2242981153, 0.0, 0.0,0.0,NaN, 179.3155139503952,179.3155139503952,0.0, 203.76971566485912, 19.53737957471254, 12.521811616394016, 19.53737957471254, 159.29861944650733, -15.823153858520934, 12.521811616394016, -15.823153858520934, 197.1221682127999, 6.108053279552356, 4.557578505147828, 19.0, 0.0
47, 0 ,1.0,1.0,1.0,91.92023386517319,266.0459265529494,43.201689026250776,12.506589137173068,14.006084946586997,13.868193929271541,62.0,64.0,64.0,0.4792160737161311,0.36753628682806766,-0.7970376606890868,14.732858920305237,-0.21354899560575089,0.9296371012818606,0.30028600765942315,13.89081595880808,-0.8513217847370469,-0.026304710317671065,-0.5239840465579393,11.614649812622659,74.80168800535807,69.31571923290849,58.01254655962293,22.427067940270994,6.476002921516334,101597.0,300791.1556963325, 0.0, 0.0,0.0,NaN, 107.09152362440604,107.09152362440604,NaN, 156.41477184605537, 2.945069133784496, -35.102950993939444, 2.945069133784496, 196.1704155310109, -7.860734874026659, -35.102950993939444, -7.860734874026659, 192.32680285988405, 7.020052677743675, 4.743090156778274, 21.0, 0.0
48, 0 ,1.0,1.0,1.0,278.9618163919318,235.55518086421046,48.937750036654585,11.65309473184255,13.625454272299681,14.102929212941682,49.0,62.0,65.0,0.13833649052423302,0.6033780455794515,0.7853648512011219,14.828517942531477,0.016613636968394983,-0.7942914173327942,0.6073097491545347,12.896137231010952,-0.990245930290108,0.07096533283359757,0.11990379093129432,11.582095384170575,68.47717872743783,63.77284722556432,54.34111650473159,21.924383537705108,6.297748790855053,95486.0,237306.82204337447, 0.0, 0.0,-7.105427357601002E-15,38.24556486229354, 83.61006674809859,83.61006674809859,0.0, 135.79461682929661, 6.732193090410175, 9.639727673519033, 6.732193090410175, 185.65300412652965, 25.11379673519582, 9.639727673519033, 25.11379673519582, 198.89261238524386, 6.32265405760039, 4.594236277670227, 16.0, 0.0
49, 0 ,1.0,1.0,1.0,51.312129829048324,187.38347186700767,47.99300881679903,15.800461565127923,11.657788148081801,15.059883826720098,74.0,62.0,74.0,-0.9786080241247028,-0.2055528328447127,-0.008623689944523422,15.964582354635407,-0.030048399023140396,0.10133756025524088,0.9943982062522349,15.095988436149327,-0.20352746457147206,0.9733851918901529,-0.10534628315265382,11.384285415811412,74.9008751592536,73.33802268941162,60.91370034218616,23.753017305758814,6.939227617203012,118864.0,334603.95589104365, 0.0, 0.0,0.0,NaN, 132.73562435010246,132.73562435010246,0.0, 249.65458567108473, 24.898664105716506, -1.8796744187648096, 24.898664105716506, 135.9040245055565, 10.126410562672488, -1.8796744187648096, 10.126410562672488, 226.8001008743056, 6.67029325867232, 4.742253394288224, 29.0, 0.0
