// Sample: .//bubblelabels.tif, Map: .//bubblelabels.tif, Thickness:(8.191250068658265):/gpfs/home/mader/Foam/NewValid/InSilicoTest/LatticeDataPhi_16.0/out_Step_02000.vtk/distmap.tif, Neighbors:(1.0):
//LACUNA_NUMBER, TRIANGLES, SCALE_X, SCALE_Y, SCALE_Z, POS_X, POS_Y, POS_Z , STD_X, STD_Y, STD_Z,PROJ_X, PROJ_Y, PROJ_Z, PCA1_X, PCA1_Y, PCA1_Z, PCA1_S, PCA2_X, PCA2_Y, PCA2_Z, PCA2_S, PCA3_X, PCA3_Y, PCA3_Z, PCA3_S,PROJ_PCA1, PROJ_PCA2, PROJ_PCA3,OBJ_RADIUS, OBJ_RADIUS_STD, VOLUME, VOLUME_BOX, Mask_Grad_X,Mask_Grad_Y,Mask_Grad_Z,Mask_Angle, Mask_Distance_Mean,Mask_Distance_COV, Mask_Distance_STD, SHAPET_XX, SHAPET_XY, SHAPET_XZ, SHAPET_YX, SHAPET_YY, SHAPET_YZ, SHAPET_ZX, SHAPET_ZY, SHAPET_ZZ, Thickness, Thickness_STD, Neighbors, Neighbors_STD
1, 0 ,1.0,1.0,1.0,169.0721659233109,62.909047926746624,166.29904966036784,12.424007743894407,11.119259289622361,11.330376582225952,59.0,56.0,59.0,-0.8944040030820348,-0.03061651855997933,0.44621083364492337,12.800151129571809,0.277003582530034,0.7453666494603921,0.6063807163306857,11.920177216527904,-0.35115594048279686,0.665951339561274,-0.6581780297155073,10.021817961425278,67.87778915285531,59.40240864462007,55.08455988752843,19.34644944194644,5.664470236079108,63451.0,222106.6835783662, 0.0, 0.0,0.0,NaN, 77.78067424186594,77.78067424186594,0.0, 154.35596842034818, 10.336534799190511, -18.308716149388015, 10.336534799190511, 123.63792714985318, 17.96028140754259, -18.308716149388015, 17.96028140754259, 128.37743349505425, 6.223706619517576, 4.316384227891295, 31.0, 0.0
2, 0 ,1.0,1.0,1.0,38.80797122469107,9.537825607704358,25.8042872889714,11.324964593355924,6.1796629275571995,12.620902828626495,56.0,25.0,57.0,0.4692190317706793,0.08132501969382601,0.8793291428105775,13.153092653401266,-0.8830682324540157,0.04873446688973481,0.466707026481832,10.752835480915126,0.004898678875598722,0.9954954509734192,-0.09468268076317662,6.091217277362284,67.0949713036412,50.20438320387064,26.947519638874173,17.08905060823386,5.804704510812493,34474.0,90771.68647642861, 0.0, 0.0,0.0,NaN, 47.56984328743581,47.56984328743581,0.0, 128.2548230407653, 1.8066776562917781, 23.711445780965157, 1.8066776562917781, 38.188233898224816, 11.504400689655506, 23.711445780965157, 11.504400689655506, 159.28718820963226, 6.1232999334361535, 4.317175038131328, 13.0, 0.0
3, 0 ,1.0,1.0,1.0,171.72466414503717,41.83276379287857,13.337837485326725,10.870108072701996,10.513204909371838,8.386919058155728,51.0,52.0,31.0,-0.8974352903623041,0.43444308021096634,0.07661011466598021,11.016492783856759,-0.4204066934110712,-0.8948705925385033,0.14988273664754287,10.417023696649236,0.13367165648519602,0.10230265229501663,0.9857312288782923,8.31562639332704,56.24293742695505,58.20563339895469,35.93053482851608,16.513301161964463,5.13205835907767,38335.0,117624.20363620436, 0.0, 0.0,0.0,NaN, 52.22425349439383,52.22425349439383,0.0, 118.1592495122211, -5.547833002899896, -6.070252389262473, -5.547833002899896, 110.52747746644012, -3.5420144484561957, -6.070252389262473, -3.5420144484561957, 70.34041128805576, 6.378006998867912, 4.329516550795425, 18.0, 0.0
4, 0 ,1.0,1.0,1.0,9.556221125988568,30.92005324563464,134.56420797118471,6.246786869508048,9.860396518115342,10.073475659760952,24.0,42.0,54.0,0.06942678310237665,-0.6273434897651757,0.7756417134459096,10.476564096012938,0.005677731181518347,-0.7772567440773004,-0.6291579429324441,9.449242306929206,-0.9975708922962251,-0.04808429718322656,0.05040054769255195,6.219172141240941,56.421569942611185,44.76661251291638,26.740412617286452,14.721287265334322,4.583489806558218,25542.0,67541.00261722495, 0.0, 0.0,0.0,NaN, 73.00146528228072,73.00146528228072,NaN, 39.022346193058155, -3.3192074411060717, 3.6469069514282064, -3.3192074411060717, 97.22741949446116, -9.838027066120171, 3.6469069514282064, -9.838027066120171, 101.47491186779635, 6.374143027851365, 4.121099681433513, 13.0, 0.0
5, 0 ,1.0,1.0,1.0,59.89404072296944,73.69815777042986,141.34273922879945,9.407949801523886,9.987858195160392,9.91310103149028,46.0,50.0,51.0,-0.5661887249833056,0.8145750752197959,0.12608637726750058,10.342535302016252,-0.2857488173542676,-0.3374493844842214,0.8969255968539741,10.145288968541353,0.7731610059246499,0.4718001268989695,0.42382390113784274,8.754511872543231,50.21184231638165,48.02237796358507,48.406638287544155,16.308406469340188,4.535667678077994,40223.0,116722.54303642975, 7.105427357601002E-15, 0.0,0.0,55.51512072598831, 111.62163237500388,111.62163237500388,0.0, 88.50951946799331, -11.452115744286292, -8.901803580211512, -11.452115744286292, 99.75731132663262, -4.8409816031414294, -8.901803580211512, -4.8409816031414294, 98.26957206053365, 6.065771249133221, 3.908489537885564, 20.0, 0.0
6, 0 ,1.0,1.0,1.0,30.381470236910214,107.82020207047582,176.78284889508262,9.991153566049567,9.372636021494847,9.925929063553742,50.0,47.0,45.0,-0.7722161725251686,0.5283750233604244,0.35284843428793894,10.29459655436754,0.4637692294195887,0.0891580288592375,0.8814584208761613,9.980016691814614,0.43428134283450387,0.8443166944806942,-0.3138933492239904,8.978533953848716,56.427465770553724,50.185108158265734,48.688132211914066,16.298210426713617,4.53451874327051,40184.0,137875.95220344118, 0.0, 0.0,0.0,NaN, 99.7957162683486,99.7957162683486,0.0, 99.82314958038499, -9.564201611047302, 0.8503809796754779, -9.564201611047302, 87.84630599142274, 6.2210353192060275, 0.8503809796754779, 6.2210353192060275, 98.52406777470087, 6.084175111635816, 4.000383960729344, 19.0, 0.0
7, 0 ,1.0,1.0,1.0,136.68694459578785,16.805606177316022,180.37383282920322,13.011713441273157,9.818144278469656,9.761752696206724,64.0,41.0,39.0,-0.9809072931497341,-0.19344355364401827,0.020011841475364726,13.125373899420097,-0.10587409397480867,0.4448623911458486,-0.8893189130840581,9.793265191864888,-0.16313049521985382,0.8744581433651188,0.4568494249003206,9.633741554286344,64.24556782483366,48.17939470210936,51.41862657676365,18.203589536428606,5.4425901408958115,53227.0,159156.7211800156, 0.0, 0.0,0.0,NaN, 68.38243796048764,68.38243796048764,0.0, 169.30468667780855, 14.932812590088007, -1.2681124911602366, 14.932812590088007, 96.39595707284646, -1.533694397885188, -1.2681124911602366, -1.533694397885188, 95.29181570189922, 6.165568148882983, 3.9755447308539447, 16.0, 0.0
8, 0 ,1.0,1.0,1.0,185.1641922528825,155.2350045342661,91.13265967094183,8.37756910098651,10.745949816685995,10.261451671176902,32.0,55.0,52.0,0.19284268820471673,0.8184196288532505,0.5412956758682689,11.329415985233908,-0.20540506415747667,-0.5057575743753066,0.8378651655132041,9.795292502594084,-0.9594896858353618,0.2727610439005426,-0.07057588614990913,8.16413315218385,54.550493973946004,48.385511867876474,38.26086078909776,16.358987442757396,4.831151182913002,38595.0,100987.76573783542, 0.0, 0.0,0.0,NaN, 102.61173261014706,102.61173261014706,0.0, 70.1836640418039, 12.781572127642331, 1.39915366408191, 12.781572127642331, 115.47543746273377, 14.920864795557891, 1.39915366408191, 14.920864795557891, 105.29739039989921, 6.163921076401418, 4.069605453614096, 18.0, 0.0
9, 0 ,1.0,1.0,1.0,79.30601642822172,146.6752978295164,44.878093891095034,9.635722164421876,8.891553356254228,10.389493059546854,45.0,40.0,48.0,-0.5878238936017957,-0.10410075146404293,0.8022631137323009,11.227339774683935,0.13446500374916362,-0.9904641741269183,-0.02999804223311437,8.86411038280202,0.7977356911142708,0.09024274660992918,0.5962164152442753,8.673108869184142,54.04197239828414,40.857697668452644,42.78149770497804,16.077914314518573,4.620508635033575,36766.0,94462.85474825763, 0.0, 0.0,0.0,NaN, 105.57940809922214,105.57940809922214,0.0, 92.84714162993102, 2.6643427112036133, -23.984562758219706, 2.6643427112036133, 79.05972108711583, -4.145632245229416, -23.984562758219706, -4.145632245229416, 107.94156603437226, 5.990025218711359, 3.9419209120031997, 14.0, 0.0
10, 0 ,1.0,1.0,1.0,40.28330561714708,173.04319105691056,190.32340169992608,9.89608678047095,10.251544816171254,4.999634431844625,47.0,49.0,20.0,-0.42974650180552204,0.9028824913127345,0.011006864532055967,10.354333987137325,0.9029354007646544,0.4296395099049967,0.010842212623230606,9.78942104266986,-0.005060260061461611,-0.014597890584079242,0.9998806405559647,4.99780476497546,48.88103664835482,45.12871599550611,20.457539237688422,14.384728669663858,4.5937599237249005,21648.0,45128.071792679846, 0.0, 0.0,0.0,NaN, 49.42722746118472,49.42722746118472,9.5367431640625E-7, 97.9325335666119, -4.4205880798241255, 0.3046737515869, -4.4205880798241255, 105.0941711179677, 1.1472939491208998, 0.3046737515869, 1.1472939491208998, 24.99634445208633, 6.15401684560559, 4.03561236061305, 11.0, 0.0
11, 0 ,1.0,1.0,1.0,153.69581937724848,10.71409667948559,87.30405656866394,8.879810219756507,6.879962342635372,9.639542626030416,46.0,26.0,45.0,-0.3060144489695411,-0.01506093207657688,0.9519077294290939,9.720774678301876,0.9363922719513312,0.17570172798950798,0.30380654339780977,8.847329743624577,0.17182744266179464,-0.9843282334193637,0.03966432706881501,6.807127843319176,43.950918294498656,42.920967052595046,29.280392942847985,14.160792646772137,4.310179233994749,24183.0,55234.99927557113, 0.0, 0.0,0.0,NaN, 99.40255179896658,99.40255179896658,NaN, 78.8510295388921, 5.4766114698050705, -4.941998919940024, 5.4766114698050705, 47.333881836080806, 1.01444184409469, -4.941998919940024, 1.01444184409469, 92.92078203905734, 6.412254074525336, 4.059006600543522, 15.0, 0.0
12, 0 ,1.0,1.0,1.0,100.02439024390245,91.78555524275075,13.895196171269163,10.716866190631617,10.19015098583404,8.183965695692248,52.0,46.0,33.0,0.8395232026011237,0.5324426643677799,-0.10819242790182704,11.066492547193945,0.5403311247846955,-0.8390500930371799,0.0635390979099102,9.849174880491773,0.05694794011426856,0.11180228322909544,0.9920973649705469,8.135981160662531,49.10970689326068,47.489967056259104,34.827444455261,16.261603692735207,4.60737863765103,39073.0,81225.20547763008, 0.0, 0.0,0.0,NaN, 136.42868896959178,136.42868896959178,0.0, 114.85122094790302, 11.18484288008749, -4.053441556860676, 11.18484288008749, 103.83917711409445, -4.884348559899036, -4.053441556860676, -4.884348559899036, 66.9772945082675, 6.2631680972067, 3.9175384704013694, 14.0, 0.0
13, 0 ,1.0,1.0,1.0,154.54974762924442,9.88176812480881,40.20816763536249,10.183497825261796,6.255790914783229,9.564289428925772,46.0,24.0,46.0,-0.968438385543766,0.01209808106342547,0.24895929354006086,10.225847062683002,-0.24921991012758377,-0.030706917358129304,-0.9679599793495387,9.52205572820424,-0.0040656858440495805,-0.9994552124337258,0.032752840146675725,6.251134838287174,51.65530747232225,45.25775335694977,24.924105698342306,14.647435058790316,4.4459899241182566,26152.0,58267.653190361176, 0.0, 0.0,0.0,NaN, 61.4822862817517,61.4822862817517,NaN, 103.70362795711173, -0.37248318791588514, -3.344058813612978, -0.37248318791588514, 39.134919969484386, 1.730753071602185, -3.344058813612978, 1.730753071602185, 91.47563228026128, 5.856769776091996, 3.873849807006993, 14.0, 0.0
14, 0 ,1.0,1.0,1.0,188.83763932029964,58.444838297094826,93.7852731591449,6.939111951516979,9.769086147584888,10.162128554312838,28.0,46.0,54.0,0.18426873987601441,-0.6105190571691346,0.7702671694534415,10.822634227704423,0.05856968095739441,-0.7754737810876291,-0.6286573051497968,9.172558992709526,-0.9811292595662687,-0.16095619180064735,0.10713767005110024,6.752031211982465,49.424458788688575,45.03215584195348,30.09823999117546,14.986506581521104,4.718028833211437,27365.0,66989.34967643209, 2.8421709430404007E-14, 0.0,-1.4210854715202004E-14,85.80911395106114, 111.0678841117121,111.0678841117121,NaN, 48.15127467568578, -9.798888486972851, 8.734769546723152, -9.798888486972851, 95.43504415893494, -14.850945739677364, 8.734769546723152, -14.850945739677364, 103.26885675438032, 6.020533473862387, 3.9042344896802095, 12.0, 0.0
15, 0 ,1.0,1.0,1.0,74.27797100557112,186.61768598602603,28.68035335036474,9.453347258009751,7.4814642191072,11.579324223389857,48.0,29.0,55.0,-0.38431394751344183,0.04892194983008326,0.921905327336521,12.006191495797939,0.8798416344240846,0.3218524687154858,0.3496994233848589,9.089653292643865,0.2796095278787744,-0.9455250558322451,0.16673596106670838,7.255921684971711,58.29322805411733,46.86501995012212,36.80686439253586,15.897577487651832,5.165835918493531,32489.0,100553.16220748246, 0.0, 0.0,0.0,NaN, 80.73949450779863,80.73949450779863,0.0, 89.36577438052049, 6.7675113995567235, -23.196413281638204, 6.7675113995567235, 55.972306861781306, 7.5003437768131045, -23.196413281638204, 7.5003437768131045, 134.08074947038313, 5.654617341164132, 3.787122836165473, 15.0, 0.0
16, 0 ,1.0,1.0,1.0,185.54067818630637,148.76629855787968,34.0399376380408,8.4330092038847,11.886648053794216,9.187905488830683,36.0,57.0,48.0,-0.19327439661122697,0.979245823217117,0.06101332089304076,12.015378692561445,0.03232481370011199,-0.05579679436203408,0.9979187462705441,9.17608665466447,-0.9806121119147058,-0.19484438778356414,0.020869847038943238,8.261704548075285,57.68346375613716,47.28633508300374,40.64631388724143,16.466083993504533,5.068898438330027,38485.0,110868.49518707348, 0.0, 0.0,0.0,NaN, 63.18766893290165,63.18766893290165,0.0, 71.11564423280404, -14.434250757239514, -0.3832148206405894, -14.434250757239514, 141.29240195476982, 3.659742733962334, -0.3832148206405894, 3.659742733962334, 84.41760727168499, 5.920941083345596, 3.9110023601001473, 16.0, 0.0
17, 0 ,1.0,1.0,1.0,153.39372302230828,109.42502722981968,9.97030941143249,10.702168840900933,9.649557416410353,5.9293518014177575,55.0,51.0,24.0,-0.9972275437491424,-0.07310530381627432,0.013886703783938166,10.70850027170034,0.07253825417146409,-0.9966529996739102,-0.03769615262532619,9.647600350522827,0.016596013672224127,-0.03658432444266366,0.9991927539445354,5.921099426990933,54.69476116457952,50.10106639057558,25.004256235425725,14.866268193776271,4.669224668769547,24789.0,68518.30972471245, 0.0, -1.4210854715202004E-14,0.0,85.8076346917739, 102.34929318661621,102.34929318661621,0.0, 114.53641789915082, 1.6096145159933737, -1.2611327546726732, 1.6096145159933737, 93.11395833260003, 2.098867241161295, -1.2611327546726732, 2.098867241161295, 35.15721278497601, 5.981717139970607, 3.887320717631982, 17.0, 0.0
18, 0 ,1.0,1.0,1.0,11.519113092090352,47.48285109919166,14.977940620986628,6.967918879384638,9.980881312818758,9.550581669905643,27.0,51.0,38.0,0.030750487278919377,-0.7675975938212581,0.6401939873912629,10.896271415513349,-0.04008686606178874,-0.6409286696801989,-0.7665529880910487,8.497500255653977,-0.998722909871128,0.002091492717204637,0.050479450836559754,6.960406178408308,54.34394987186389,41.85340168543879,28.8711887420065,14.746475716551755,4.68240851111365,26474.0,65666.9172093669, 0.0, 0.0,-1.7763568394002505E-15,50.193713828432706, 51.10430334308625,51.10430334308625,NaN, 48.551893509684874, -1.0484559438011278, 2.113702577841696, -1.0484559438011278, 99.61799178057468, -22.863564816728477, 2.113702577841696, -22.863564816728477, 91.21361023353768, 6.893315516080733, 4.116218343737995, 10.0, 0.0
19, 0 ,1.0,1.0,1.0,63.42286141202839,11.936394199748701,106.15376778619215,9.49152923586483,7.140203527403651,10.44900184408094,45.0,27.0,51.0,-0.5018530899315549,-0.09196038300242979,0.8600504427556546,10.911286503852521,-0.8531260968081044,-0.11124122616928174,-0.5097070261879111,9.010227830682986,-0.14254591916684212,0.9895295233384406,0.022627049531012293,7.071979528792685,57.00888302276994,48.71346903461365,31.061555853736195,15.123395288242373,4.640709874708036,29447.0,86261.06098224885, 0.0, 0.0,1.4210854715202004E-14,30.677752927926736, 113.89491716889344,113.89491716889344,0.0, 90.08912723527679, 6.1446333896399326, -16.245719987559376, 6.1446333896399326, 50.98250641274755, -3.69324525202755, -16.245719987559376, -3.69324525202755, 109.18163953760688, 5.687889599273228, 3.804292751941276, 18.0, 0.0
20, 0 ,1.0,1.0,1.0,191.65935214211078,134.60661057031294,118.59858109222901,4.865071737832582,9.649129899970672,9.688388729278895,19.0,45.0,46.0,0.02401814504002203,0.7003242369408786,0.713420697668643,10.722841136339598,0.015152157928904139,-0.7137996045171892,0.7001860729129097,8.488527355691627,-0.9995966890796175,0.006007307573401398,0.02775556587037167,4.858506798068925,49.03402638552035,44.80624681064889,19.86332888606094,13.80028588597769,4.493508259219273,18183.0,43640.34313545487, 0.0, 0.0,-1.4210854715202004E-14,44.4860813264039, 104.74756697885844,104.74756697885844,0.0, 23.66892301425734, 1.0129431816816827, 2.079723438666151, 1.0129431816816827, 93.10570782650804, 21.437972312198998, 2.079723438666151, 21.437972312198998, 93.86487616961831, 6.176149696423093, 3.845083170185584, 9.0, 0.0
21, 0 ,1.0,1.0,1.0,11.57425955842757,153.3428648357566,188.06230479267637,7.278356966579165,9.986495942847876,6.08908428315576,29.0,56.0,23.0,0.08058438304399028,0.9964732494177237,0.023392742556261503,10.003445477981643,0.9949693812926005,-0.08181977653890789,0.0578053151305609,7.261043231188892,-0.05951543917035101,-0.018616856931480963,0.9980537686609642,6.081928848703973,56.56156031271992,30.986740963030268,24.164454834592647,13.107413853104491,4.239956466791286,18570.0,42352.03517921062, 0.0, 0.0,0.0,NaN, 49.53140733840791,49.53140733840791,0.0, 52.974480132951456, 3.7844743883408474, 1.0237793048411046, 3.7844743883408474, 99.73010121651707, 1.3959776728610307, 1.0237793048411046, 1.3959776728610307, 37.07694740737449, 6.185093926497538, 4.074550065839265, 8.0, 0.0
22, 0 ,1.0,1.0,1.0,9.002548739044894,20.049633339295298,54.16566803791808,5.554202980903633,10.60732449726237,10.053792894296818,22.0,42.0,45.0,0.06413993835205843,0.9075360791943796,-0.4150473867749161,10.760274175502024,0.021322350492373805,-0.41705510952852115,-0.9086310543810582,9.909205795777691,-0.9977130978781796,0.049429753961008405,-0.04610069137962757,5.519727843803922,49.809311541318166,52.8339539528267,23.221402305547368,14.841238249998513,4.917408109106009,22364.0,61109.97343638774, 0.0, 0.0,0.0,NaN, 58.454711314255924,58.454711314255924,9.5367431640625E-7, 30.849170753078802, 4.363940748509276, -3.5833233356357748, 4.363940748509276, 112.51533299022238, -6.471735446346405, -3.5833233356357748, -6.471735446346405, 101.07875156141318, 5.320479832169856, 3.7328285033947743, 10.0, 0.0
23, 0 ,1.0,1.0,1.0,98.76713182157987,21.589552703712933,101.15415524545227,9.574411640277182,8.638586252324519,9.8442235236338,48.0,41.0,47.0,0.6495001401491987,-0.2546482382645973,0.7164522612811748,10.932080921910122,0.46010415066677335,-0.6185404732413071,-0.6369551424563801,8.583848894590682,-0.6053542256277551,-0.7433451134642353,0.2845774126726579,8.367222499206857,53.81345890849151,47.14524279889573,43.03936816081303,15.515418707845804,4.740785778732418,32104.0,109192.96813856455, 0.0, 0.0,0.0,NaN, 141.39149953037446,141.39149953037446,0.0, 91.6693582574752, -9.232042860299012, 21.957963637397086, -9.232042860299012, 74.62517243885019, -7.584216805715056, 21.957963637397086, -7.584216805715056, 96.90873678326507, 5.499264533097032, 3.5420874917011007, 20.0, 0.0
24, 0 ,1.0,1.0,1.0,123.25153620090836,10.771217383560424,145.44839255499153,8.815173226304275,6.502246592160485,9.236516522164356,42.0,26.0,46.0,-0.6148130793725759,-0.0471311231511755,0.7872633197748508,9.838355937656669,-0.7796645653535795,-0.11411975945960444,-0.6157108461225087,8.165343957393954,-0.1188614443981905,0.9923483953387493,-0.0334158540843298,6.467892834660696,42.550767995973615,43.72431714456559,27.524326388138668,13.742879108256439,4.053763810961275,22458.0,51209.099376312704, 0.0, 0.0,0.0,NaN, 94.77459413935097,94.77459413935097,0.0, 77.7072790097517, 3.8026268145100923, -14.677530035762333, 3.8026268145100923, 42.27921074526263, -0.29393352268494394, -14.677530035762333, -0.29393352268494394, 85.31323746421512, 5.879057002495929, 3.784313223146097, 10.0, 0.0
25, 0 ,1.0,1.0,1.0,139.7564527553478,36.64312225527695,37.695197620059496,8.890752899476789,8.953492668534574,10.129551717184421,39.0,43.0,44.0,0.4077985869992055,0.2693282389746577,0.8724463376805826,10.452589172427754,-0.4734770631281519,-0.7546252742095461,0.45426882593427836,9.128941557680127,-0.7807174797152884,0.5983335150357008,0.18021437692934292,8.320104669117931,49.07395795370424,45.27462713390075,43.54061112893252,15.58371986044489,4.3549984371252055,35295.0,96738.7539680748, 0.0, 0.0,0.0,NaN, 79.9558085247667,79.9558085247667,0.0, 79.04548711955492, 9.439531914048985, 11.207250849753164, 9.439531914048985, 80.16503096550237, 4.568485882483754, 11.207250849753164, 4.568485882483754, 102.60781799111388, 5.473553536971444, 3.569533574863698, 16.0, 0.0
26, 0 ,1.0,1.0,1.0,70.77162999359112,63.54091006195257,45.81514938810388,9.180416173345526,9.31919549681429,8.671263616286845,42.0,39.0,43.0,-0.6471282989242424,-0.7619898112439067,0.024423191681102498,9.658106666849724,0.6897092664094704,-0.598792286095341,-0.40712274063435194,8.861382150508359,0.32484779906954386,-0.24661574498233257,0.9130468672343621,8.63221527310415,50.17881643385353,44.29163895498196,40.958040774035,15.135605547471172,4.151108675783181,32767.0,91029.32838324555, 0.0, 0.0,0.0,NaN, 105.57034989477485,105.57034989477485,0.0, 84.28004111582409, 7.596900234796877, -1.4222613339279997, 7.596900234796877, 86.84740470784375, 0.6281103624148356, -1.4222613339279997, 0.6281103624148356, 75.19081270314003, 5.725147517248895, 3.6381276029116334, 20.0, 0.0
27, 0 ,1.0,1.0,1.0,68.1841201890069,190.52493841121117,72.91111021364242,10.666579660478668,5.608251039980165,9.999510010975262,50.0,23.0,45.0,-0.9205964644204925,-0.002226001159325315,0.3905088918518087,10.80796259031033,-0.38936854550373734,-0.0713439227302736,-0.9183148591097502,9.863636489735358,0.029904606146763858,-0.9974492917478538,0.06481222818968256,5.578101978736479,48.34242342067732,49.40624549300941,24.561412436482385,14.908248740246473,4.791943378141899,24761.0,58662.91070816407, 0.0, 0.0,0.0,NaN, 100.27402969187084,100.27402969187084,0.0, 113.77592165333722, 2.01392535775161, -7.145985681676695, 2.01392535775161, 31.4524797274386, 4.261111806594091, -7.145985681676695, 4.261111806594091, 99.9902004595945, 5.30295440241322, 3.641910381587225, 15.0, 0.0
28, 0 ,1.0,1.0,1.0,92.15741765638556,126.69740030514255,77.16956352649056,8.97183606358144,8.17687506992689,10.278406645034021,43.0,39.0,46.0,-0.09982153468205605,-0.10414465011882218,0.9895400714803554,10.310440062818344,0.9882830582254188,0.10503012260215444,0.11074868022143662,8.9679797764873,-0.1154653975801093,0.9890007913029213,0.09244012529125421,8.140696276191436,45.63595728452547,44.176653465327476,39.00986717884551,15.329121646681479,4.244855823565811,33427.0,78645.60361559255, 0.0, 0.0,0.0,NaN, 140.78850196655642,140.78850196655642,0.0, 80.49384235178051, 1.8853405807981667, -2.405338297675383, 1.8853405807981667, 66.86128590919188, -3.961105242155934, -2.405338297675383, -3.961105242155934, 105.64564316067951, 5.764867056923564, 3.6245473153251515, 19.0, 0.0
29, 0 ,1.0,1.0,1.0,125.85572124612432,74.69889266204045,165.65229588070278,9.014438037657188,8.988199702864138,9.386742465873892,43.0,42.0,44.0,-0.4927410844316036,-0.3334133272755301,0.8037672405045057,9.758536486444017,0.5187101877575665,-0.8541777049322917,-0.03633441224394315,8.9346697702712,0.6986744340747538,0.3990187985442077,0.593833338217601,8.666106559055855,48.01959235751265,42.39380237692486,44.87083417563437,15.265399354021032,4.138398689856801,33865.0,91345.04274295577, 0.0, 0.0,-2.8421709430404007E-14,36.508631699545305, 110.71162276443359,110.71162276443359,0.0, 81.26009313476078, 1.2123369126451966, -8.060619587387722, 1.2123369126451966, 80.787733898567, -5.247232803911835, -8.060619587387722, -5.247232803911835, 88.11093412064027, 5.623023245617292, 3.635889989040635, 17.0, 0.0
30, 0 ,1.0,1.0,1.0,45.370662008933685,53.584698201809644,170.9268125071584,9.346375523908803,10.218700676177146,8.711362708927222,44.0,45.0,41.0,-0.3265546399570649,0.9116768505016608,0.24941408817844174,10.49210920564319,-0.9139037370778613,-0.23723866393408413,-0.3293900054493,9.247551523170928,-0.2411265777089516,-0.3355043019010969,0.9106562671657328,8.48898429924741,52.39023719975202,46.079519664703454,40.615331354798116,15.705379830338067,4.583171781040677,34924.0,98050.16047426767, 0.0, -7.105427357601002E-15,0.0,24.261881802783947, 75.99386214360895,75.99386214360895,0.0, 87.35473543392153, -8.402385701020044, 0.9534249254047205, -8.402385701020044, 104.42184350930327, 9.696898654330118, 0.9534249254047205, 9.696898654330118, 75.88784024648783, 5.4817084160524265, 3.5656911135367073, 21.0, 0.0
31, 0 ,1.0,1.0,1.0,188.300712116452,183.8133312388732,185.90171745732536,6.703745498059702,9.889391232632422,7.784431093896298,27.0,47.0,29.0,0.16737268111283535,-0.8946258612508262,0.41428366368747516,10.495238668843733,0.2075520507728712,-0.37882031195884946,-0.9018965115063781,7.104253889516522,-0.9637990100830549,-0.23693826121716977,-0.12227726090450193,6.535837518462249,57.74384071020798,37.60320572913156,31.018685207486442,13.476122052975052,4.661734068322664,19098.0,67352.53136738228, 0.0, 0.0,0.0,NaN, 24.44674115741516,24.44674115741516,0.0, 44.940203702755724, -10.70672119095447, 3.224444268644909, -10.70672119095447, 97.80005895206702, -22.3436159422262, 3.224444268644909, -22.3436159422262, 60.597367455619526, 6.127285115176601, 3.8337001798571446, 7.0, 0.0
32, 0 ,1.0,1.0,1.0,89.53837467800558,75.89071597445216,100.36762059352836,10.497274590526567,8.941846354701628,7.39359904062854,48.0,43.0,37.0,-0.9737870371896404,-0.2148058789636707,0.07481470820679016,10.594788116232188,0.1953186381401459,-0.9582215945762704,-0.20895455315160907,8.909184835971057,0.1165737354488613,-0.18886452830098796,0.97505935929724,7.293256279895656,48.690820099540986,41.69492405758069,36.55430859306085,15.024666150668237,4.367390971112636,28339.0,74211.09682764222, 0.0, 0.0,0.0,NaN, 153.95821620585565,153.95821620585565,0.0, 110.1927738289147, 7.4532745113724586, -5.371141797362717, 7.4532745113724586, 79.9566162310908, 4.293183280220097, -5.371141797362717, 4.293183280220097, 54.66530677358327, 5.877052563304365, 3.679505420655918, 19.0, 0.0
33, 0 ,1.0,1.0,1.0,143.151466051787,71.43302277755274,115.90832891907893,9.527272062704606,9.752474017464072,8.048783859939768,47.0,43.0,36.0,-0.6153253859094104,-0.7768728067600588,0.13357885900165403,10.364923145973624,0.7570414523583849,-0.5351722692157015,0.37480512492977447,9.070335592205568,-0.21968820830108884,0.3317518415612263,0.917430001010536,7.807686242732831,50.54494433931066,43.02734155823953,40.96288988453361,15.227994407394199,4.33252471088781,32093.0,89086.6903289837, 0.0, 0.0,0.0,NaN, 124.12027110984455,124.12027110984455,0.0, 90.76891295679168, 13.58072091354243, 2.2271402836867003, 13.58072091354243, 95.11074946131183, -9.097218925885402, 2.2271402836867003, -9.097218925885402, 64.7829216240269, 5.543567732757017, 3.5658585169688655, 20.0, 0.0
34, 0 ,1.0,1.0,1.0,146.49365223305372,105.03970188165948,83.59343119474042,9.351778015072103,9.355342123854047,9.576157229010345,43.0,47.0,45.0,-0.5050105116243883,-0.7198506853441266,-0.4762135801911415,9.83563485014611,-0.5827480645761091,-0.12262446688598297,0.8033479528533866,9.634414394456865,-0.6366860108261158,0.6832117028641411,-0.35756494890831764,8.781760184766181,49.09182670266813,48.12543600076807,43.09954341436321,15.707786515034698,4.466140209440781,35288.0,101825.49710093369, 0.0, 0.0,0.0,NaN, 137.36174579915365,137.36174579915365,0.0, 87.45575204318591, 8.254743630171541, -2.6326108425634067, 8.254743630171541, 87.52242625435795, 5.179058118798639, -2.6326108425634067, 5.179058118798639, 91.7027872747271, 5.3028368106695885, 3.411746549865288, 20.0, 0.0
35, 0 ,1.0,1.0,1.0,9.67107883331381,98.97583069774706,109.08383116629574,5.910342214922188,10.598931860023358,10.162505713289354,24.0,51.0,48.0,0.05712513955718378,-0.7630902899483932,0.6437623224584126,11.49124301351756,-0.1721557762525849,-0.6426853910736866,-0.7465372574783743,9.243419042620085,-0.9834119722341408,0.06818135732690532,0.16808389387332334,5.749483668153217,51.95422400065918,45.04749374638578,25.35849483812944,15.051729727091418,4.8981074167637395,25611.0,59349.213556024864, 0.0, 0.0,1.4210854715202004E-14,49.92705803359731, 134.74232662199313,134.74232662199313,0.0, 34.932145097491315, 1.4806683767842526, 10.372894215175732, 1.4806683767842526, 112.3373565734182, -23.496392507442383, 10.372894215175732, -23.496392507442383, 103.27652237263878, 5.229764847110117, 3.5079159320882316, 17.0, 0.0
36, 0 ,1.0,1.0,1.0,101.45171113187307,97.15249662618083,171.930966469428,9.249993781480264,8.442306175484255,8.967437620388958,41.0,41.0,46.0,-0.8660356590844335,-0.29298738874157815,0.4051427245213496,9.511484946571175,0.27053050896139275,0.4068562711026582,0.8725143084130654,8.91838539734133,0.4204705470247355,-0.8652319716138737,0.27309001150149687,8.20023853367993,45.47700691533379,49.97136964343491,40.9638724840368,14.78101407486123,4.33260648021118,28899.0,93092.37971076014, 0.0, 1.4210854715202004E-14,0.0,72.96310844376109, 141.20284516565607,141.20284516565607,0.0, 85.56238495742356, 7.246039968228482, -5.246888691370391, 7.246039968228482, 71.27253356061959, 1.6073300380369269, -5.246888691370391, 1.6073300380369269, 80.41493747556719, 5.329404663329488, 3.525927885397757, 16.0, 0.0
37, 0 ,1.0,1.0,1.0,116.80761053766754,38.34090278847635,158.04735788014173,9.198954212023052,8.409735779372395,9.638053353082784,45.0,39.0,46.0,-0.614198946508924,-0.14806724364288337,0.7751359528929923,10.135916863352197,0.5879804626528831,0.5692662607552732,0.5746432805699648,8.993513470582018,0.5263445921122677,-0.808710093745409,0.2625820912180835,8.038432167051953,50.45119790020141,45.063985364772805,40.87895367021468,15.163061208214097,4.279960479555787,32455.0,92939.61108665471, 0.0, 0.0,0.0,NaN, 100.75228370575381,100.75228370575381,0.0, 84.62075859489664, 8.911588261015075, -12.652420194004424, 8.911588261015075, 70.72365587885623, 0.9461418090930231, -12.652420194004424, 0.9461418090930231, 92.8920724368703, 5.312134003996427, 3.4052832160041917, 13.0, 0.0
38, 0 ,1.0,1.0,1.0,181.859984540067,160.4975521772739,8.340839989693379,9.437682827367105,9.361395159734068,5.394088991463648,39.0,48.0,21.0,-0.7335447618097588,0.6783539969356164,0.04180833963382891,9.879430257475871,-0.6790098986850006,-0.7341261845099012,-0.0020742961985827143,8.900708194733777,-0.029285489738939963,0.0299098655698665,-0.999123495886441,5.3829382268767425,54.45593184816136,49.3859779602094,21.309977559052868,13.655793305905497,4.39557524345625,19405.0,57310.18952891932, -2.8421709430404007E-14, 0.0,0.0,42.815607004641606, 44.261418375459634,44.261418375459634,0.0, 89.06985714997997, -9.102197924985665, -2.0339055783562374, -9.102197924985665, 87.63571933669245, 2.022838953852643, -2.0339055783562374, 2.022838953852643, 29.096196047829313, 5.896601946321353, 3.630114005742587, 11.0, 0.0
39, 0 ,1.0,1.0,1.0,52.4938684119876,83.42717878057182,71.20489149156046,8.23614695878674,8.574147340464013,9.589370237065893,39.0,42.0,46.0,0.3713094946914276,0.35631251897374877,0.8574209281179096,10.02433785344519,-0.16808494914318026,-0.8823871390495399,0.4394774018211873,8.39481199255684,-0.9131684997981101,0.3073016850955243,0.2677479510919183,7.89594345824823,48.129919524310196,39.331510005441025,38.522982632127636,14.691746310412093,4.178364660574409,29030.0,72924.8694739509, 0.0, 0.0,0.0,NaN, 121.59702690635764,121.59702690635764,0.0, 67.83411672673208, 6.251551423456495, 11.542696199982752, 6.251551423456495, 73.5160026159861, 8.501038257428817, 11.542696199982752, 8.501038257428817, 91.95602154352517, 5.165031011422625, 3.3961904458083976, 16.0, 0.0
40, 0 ,1.0,1.0,1.0,155.24883329012187,178.4612717137672,135.60231397459165,9.359078318216282,9.568929889385348,8.379510585531827,44.0,44.0,39.0,0.6383977125259775,0.7515095458222546,0.16637837353342264,9.862509874329618,-0.6835787289956716,0.6529148773030922,-0.3262242852102682,9.192887812975707,-0.35379157975602094,0.09452812033631332,0.9305353043057648,8.22159817093439,48.68141359959611,49.944263369303776,40.91965920286785,15.145276400351694,4.471416621659533,30856.0,99490.31383536757, 0.0, 0.0,0.0,NaN, 81.32432418108708,81.32432418108708,0.0, 87.5923469665061, 6.68739810026238, 6.923821405985469, 6.68739810026238, 91.56441922797228, 0.10760517240204974, 6.923821405985469, 0.10760517240204974, 70.21619765303994, 5.517773876763013, 3.5732991762700905, 17.0, 0.0
41, 0 ,1.0,1.0,1.0,133.59904173496406,137.25617828773167,18.447232379271213,9.17678233893702,8.267450946174144,9.56465147853187,48.0,39.0,38.0,0.46654659060555287,0.06069330347766916,0.8824118095919286,9.69440447410297,0.8356272295494083,0.2967770732941431,-0.46222343298727636,9.124946299875791,0.28993346138366827,-0.9530161025291912,-0.08774335467803063,8.173158145189623,46.281474852201924,47.4740293934552,40.84901964194812,15.043655561365755,4.211301995865306,31724.0,89752.16277167994, 0.0, 0.0,0.0,NaN, 93.19965023556038,93.19965023556038,0.0, 84.21333409622642, 4.8526852799126035, 4.830815655791482, 4.8526852799126035, 68.35074514739576, -0.8027883478229959, 4.830815655791482, -0.8027883478229959, 91.48255790578189, 5.391126838651871, 3.4047146703742244, 14.0, 0.0
42, 0 ,1.0,1.0,1.0,15.992788310134156,152.89273792278138,57.47836493040247,9.249206234951085,8.307375748306335,9.628011695327286,35.0,40.0,50.0,0.1553100108639623,0.05260116912723739,-0.9864643518809404,9.644901293646718,0.9582818439996529,-0.2505722353029257,0.13751168079810835,9.298716602844927,0.23994730251882715,0.9666678187990658,0.08932312193489134,8.232172591810334,49.73155946447616,41.78429717869111,37.385039354548184,15.128296744574842,4.2887707578823555,31754.0,77686.04672218121, 0.0, 0.0,0.0,NaN, 76.01727338846773,76.01727338846773,0.0, 85.54781597665801, -4.283289129423161, -1.4054750403394005, -4.283289129423161, 69.01249182354825, -1.9547360662296247, -1.4054750403394005, -1.9547360662296247, 92.69860920535902, 5.611930775385799, 3.6605491529682292, 21.0, 0.0
43, 0 ,1.0,1.0,1.0,117.81476178544582,89.42069656727637,63.21516268747539,8.342878529525507,8.731805475503025,8.685641683028269,39.0,41.0,39.0,-0.4145907951141225,-0.7136115274605478,0.5646884632096386,9.31066318184708,-0.5124925533775537,-0.32967303389755515,-0.7928852839177536,8.408206848223568,-0.7519746374308077,0.6181215726669025,0.2290411885766399,7.993874478504397,50.52105584266606,41.506027064063304,40.42821550128777,14.343262434188345,3.944520656608079,27937.0,84775.06965233684, 1.4210854715202004E-14, 0.0,0.0,65.5064504516944, 136.9183375175287,136.9183375175287,0.0, 69.60362215841768, 7.889719896039438, -2.5731300101053924, 7.889719896039438, 76.2444268620246, -7.405799014421669, -2.5731300101053924, -7.405799014421669, 75.44037144595814, 5.291686503697804, 3.386425315376167, 15.0, 0.0
44, 0 ,1.0,1.0,1.0,184.44667523955698,11.93180404032024,94.38789563197412,8.479721628143057,6.769118120517437,10.365390262808862,33.0,27.0,48.0,-0.2994384919644697,0.060519408753184865,0.9521943030149934,10.547596346776807,0.9057288188500238,-0.2957499016614628,0.30362361958809503,8.411828659590363,-0.2999864934202626,-0.9533464201597447,-0.03374473194462475,6.569421909711857,49.40526845043902,44.88640481113063,32.59332608890775,14.332658610865593,4.443292862848494,24107.0,72279.77083940741, 0.0, 0.0,0.0,NaN, 96.40201606083168,96.40201606083168,0.0, 71.90567889079713, -8.627604675246555, -11.824899828477127, -8.627604675246555, 45.82096012951751, 1.4455013240538255, -11.824899828477127, 1.4455013240538255, 107.44131530033276, 5.776646670915093, 3.6802956507101423, 10.0, 0.0
45, 0 ,1.0,1.0,1.0,186.43751558992267,24.135237382555914,177.1612621601397,8.023111379157159,8.800494405851158,8.444639865983195,33.0,44.0,44.0,-0.5926615573607176,0.718656278000253,0.3637106439432198,9.285087845166288,0.21153201816908254,0.5745857489397243,-0.7906360872137644,8.724696838459952,-0.777178540437192,-0.3916431682108084,-0.49255369765916607,7.127255379207593,48.730367656411836,45.13193060179195,38.068185886111735,13.98279965803837,4.196698009041803,24054.0,83723.19262557005, 0.0, -3.552713678800501E-15,0.0,44.05634858992737, 35.88953347431228,35.88953347431228,0.0, 64.3703162023611, -12.006204299244159, -11.869049761923634, -12.006204299244159, 77.44870178741753, -2.2468440096006566, -11.869049761923634, -2.2468440096006566, 71.31194246615269, 5.696603216505302, 3.620542914054622, 12.0, 0.0
46, 0 ,1.0,1.0,1.0,182.9232947909367,94.82816514832983,78.2246554543331,9.486625987648049,8.44685308404342,10.525979113785658,38.0,43.0,49.0,0.15346870300408244,-0.3446223538232245,0.9261116511758097,10.866873873049395,0.9847063240315925,0.13155196492421786,-0.11422581116702742,9.460026198043092,-0.08246703953964155,0.9294780867615533,0.35954092064694054,8.034960641867503,48.41688997845206,41.36861088441765,38.05087000697485,15.80719859106974,4.719545386927675,34248.0,76213.58985199219, 0.0, 0.0,0.0,NaN, 124.109191791524,124.109191791524,1.9073486328125E-6, 89.99607262951932, 0.3985806425094057, 4.803672327684331, 0.3985806425094057, 71.34932702341384, -17.45868087629185, 4.803672327684331, -17.45868087629185, 110.7962363038519, 5.379131812510042, 3.300364222853433, 13.0, 0.0
47, 0 ,1.0,1.0,1.0,29.446385135135134,152.3716216216216,128.9489527027027,9.473702780074188,8.968292800122047,8.306123326436554,50.0,44.0,40.0,-0.6343884189785188,0.6164816127119703,-0.46637083426601983,9.672737459553497,-0.7709593124125521,-0.5485457303139797,0.3236036470107653,9.345524453444993,0.05633003169092207,-0.5648433437178412,-0.8232732988427041,7.633631347955706,47.62197833453138,52.0450805449661,36.04957627999022,14.85757268781045,4.292497950414678,29600.0,89348.5034319548, 0.0, 0.0,0.0,NaN, 90.46437611857756,90.46437611857756,0.0, 89.75104436518538, -1.5089269083272474, 3.1891043222698756, -1.5089269083272474, 80.43027574872093, -15.30569188276099, 3.1891043222698756, -15.30569188276099, 68.99168471397344, 5.339040048294575, 3.4310932612174363, 21.0, 0.0
48, 0 ,1.0,1.0,1.0,178.2886074418886,82.49375812350755,18.34489012483753,10.051222042072157,8.909798058169844,9.239220841362576,49.0,43.0,42.0,-0.8788289509678653,0.47255875753273724,0.06593857459664126,10.483458671008359,0.06914477725425461,-0.010603151044828146,0.9975502859336864,9.233854565151809,-0.4721002803633786,-0.8812353793777441,0.023356613919468243,8.402844274098959,54.99747594958086,43.25282679029924,43.47112014574364,15.597066415934428,4.744079146555796,33083.0,103408.93980958, 0.0, 0.0,0.0,NaN, 87.253307615497,87.253307615497,0.0, 101.02706453903716, -16.329939925739858, -1.26617933415796, -16.329939925739858, 79.38450143736713, 1.0694078472562842, -1.26617933415796, 1.0694078472562842, 85.36320175546857, 4.629129442049839, 3.2198755886682235, 18.0, 0.0
49, 0 ,1.0,1.0,1.0,16.98109146810146,134.5276863950807,12.355541890853189,9.867362285357483,10.36816554797258,7.962063227587301,41.0,49.0,31.0,-0.3098757559168652,0.9007854950822112,-0.30424087125901733,10.824760607688813,-0.933128204477991,-0.22676409432770553,0.27901576932391503,9.84003252265169,-0.18234245227766377,-0.37035596035872,-0.9108170467904834,7.365898715034312,56.15735982265019,49.92568752823826,37.68492661134754,15.649288797295245,4.833001787669025,32525.0,105657.03273778416, 0.0, 0.0,0.0,NaN, 68.75784123753127,68.75784123753127,0.0, 97.36483847049524, -8.554910772237616, -5.15155547231744, -8.554910772237616, 107.49885683016556, -19.936730683250104, -5.15155547231744, -19.936730683250104, 63.3944508400979, 5.6922628736835, 3.4977030889322083, 15.0, 0.0
