// Sample: .//bubblelabels.tif, Map: .//bubblelabels.tif, Thickness:(8.191250068658265):/gpfs/home/mader/Foam/NewValid/InSilicoTest/LatticeData_Phi_6.65/out_Step_03000.vtk/distmap.tif, Neighbors:(1.0):
//LACUNA_NUMBER, TRIANGLES, SCALE_X, SCALE_Y, SCALE_Z, POS_X, POS_Y, POS_Z , STD_X, STD_Y, STD_Z,PROJ_X, PROJ_Y, PROJ_Z, PCA1_X, PCA1_Y, PCA1_Z, PCA1_S, PCA2_X, PCA2_Y, PCA2_Z, PCA2_S, PCA3_X, PCA3_Y, PCA3_Z, PCA3_S,PROJ_PCA1, PROJ_PCA2, PROJ_PCA3,OBJ_RADIUS, OBJ_RADIUS_STD, VOLUME, VOLUME_BOX, Mask_Grad_X,Mask_Grad_Y,Mask_Grad_Z,Mask_Angle, Mask_Distance_Mean,Mask_Distance_COV, Mask_Distance_STD, SHAPET_XX, SHAPET_XY, SHAPET_XZ, SHAPET_YX, SHAPET_YY, SHAPET_YZ, SHAPET_ZX, SHAPET_ZY, SHAPET_ZZ, Thickness, Thickness_STD, Neighbors, Neighbors_STD
1, 0 ,1.0,1.0,1.0,156.07347547600244,182.03160480828288,183.77430902869176,15.892072241625652,11.576135603021623,9.218732991290215,74.0,54.0,41.0,-0.9536403881035402,-0.3009423010050038,-0.0019343328416215196,16.300413288951134,-0.2676768651888541,0.8511298685094094,-0.4515828193962023,11.542008351523714,0.13754674122056296,-0.43012983899860835,-0.8922271098675686,8.522234649435454,78.9628195456516,66.83590788471908,45.61955595181465,20.443080268382975,7.323276775987492,56985.0,240759.56659367055, 0.0, 0.0,0.0,NaN, 50.156513335951445,50.156513335951445,0.0, 252.55796013304857, 41.606767933100166, 7.680108240710141, 41.606767933100166, 134.0069154995448, -23.175511635704723, 7.680108240710141, -23.175511635704723, 84.98503796470263, 9.752323896521757, 6.407837900031373, 12.0, 0.0
2, 0 ,1.0,1.0,1.0,185.24045223135994,35.862185217346884,16.009586078902114,8.599427379711233,16.448018304468086,10.229322678723118,36.0,74.0,48.0,0.011294092807497914,0.9992730010264342,0.03641308675846022,16.455260589280158,-0.26274252009549637,0.03810148296930477,-0.9641133984803906,10.337750235113262,0.9647998816342817,-0.001321520020015815,-0.26298182823783356,8.45469212235327,74.5813911709207,55.35515902080357,39.49818512759552,20.015642955216872,6.964232689805338,58731.0,163066.86570945248, 0.0, 0.0,0.0,NaN, 41.95530270795144,41.95530270795144,0.0, 73.95015125892722, 1.8949485001213462, 9.04603404324368, 1.8949485001213462, 270.5373061441172, 5.951705057339892, 9.04603404324368, 5.951705057339892, 104.63904246543912, 8.59712387535722, 5.890868924775918, 14.0, 0.0
3, 0 ,1.0,1.0,1.0,171.08563261417,187.27225209283333,79.05797318450963,16.207740850453668,7.3607711989020945,15.62293567593338,64.0,29.0,65.0,-0.8810455728851726,-0.015678389974883418,0.4727714951086142,16.444325850094646,-0.47210253144263153,-0.033458282178095065,-0.8809084760400201,15.382095275085044,0.02962934870864005,-0.9993171325667777,0.022076463793266277,7.343243665882177,71.65912981376277,76.61600000945208,29.97713086085068,22.532413880402657,7.296455302042669,73465.0,164581.5197461151, 0.0, 0.0,0.0,NaN, 85.1363572873175,85.1363572873175,0.0, 262.6908634754646, 5.876148670577605, -14.201234728152937, 5.876148670577605, 54.180952642586576, 3.779711132330021, -14.201234728152937, 3.779711132330021, 244.076119134352, 8.530003840190837, 5.559432657038685, 13.0, 0.0
4, 0 ,1.0,1.0,1.0,56.61380125574981,79.18557857858715,32.680220655628176,12.811966725762746,13.419033729691659,16.41203493281211,66.0,67.0,69.0,0.14114512712555535,0.342737020615134,0.9287676715888488,16.952718416174026,-0.6571425263950638,0.7341051968748804,-0.17103584397548324,13.239132416422827,-0.7404334899853083,-0.5861918582010105,0.3288424429525821,12.284240286596294,77.35137922211875,64.05492675895411,58.42180908169439,23.76132060794295,6.997963362522547,116743.0,289464.69501986855, 0.0, 0.0,0.0,NaN, 102.68142563069372,102.68142563069372,0.0, 164.14649138205178, -5.154476107396749, 20.632187184496182, -5.154476107396749, 180.07046623860245, 40.38846885461971, 20.632187184496182, 40.38846885461971, 269.3548906358449, 8.315733837131509, 5.2398731395835005, 24.0, 0.0
5, 0 ,1.0,1.0,1.0,13.364841861573554,107.37231471078881,138.27932114526948,7.871955300754025,14.457674590136266,12.109905366084206,32.0,70.0,57.0,-0.04195936232732235,0.9943591627213451,-0.09741287094214324,14.488149299268535,0.023921741762526337,-0.09647094689301605,-0.99504829364037,12.086232034704269,-0.998832900030897,-0.04408187742906442,-0.019738943695077983,7.852284245507753,69.98129872797522,57.05657702139101,32.98378593897498,19.510941713840566,6.079884556957415,58746.0,131700.73989405928, 0.0, 1.4210854715202004E-14,0.0,6.088548590055795, 112.10686543789724,112.10686543789724,0.0, 61.96768025706939, -6.380124965041708, -1.4034945376120993, -6.380124965041708, 209.02435455427184, -6.256192967850043, -1.4034945376120993, -6.256192967850043, 146.64980797551505, 9.558868736355377, 5.401504590746733, 17.0, 0.0
6, 0 ,1.0,1.0,1.0,51.6620953025942,187.6616249976485,120.9182045638392,14.615232791532469,7.184769223525206,12.005448306845441,65.0,28.0,54.0,-0.9525579640579257,0.014493535841149622,0.30401194471375836,14.883513779083927,0.3040573896307341,9.890673066027464E-4,0.9526532031945346,11.672729576109955,-0.013506625069352662,-0.9998944740144756,0.005349010614273207,7.182278832318189,65.72674491643218,57.22333057740863,28.37134938223707,19.26359988909607,6.18631123587946,53157.0,106707.57442884863, 0.0, 0.0,-1.4210854715202004E-14,72.3012699847283, 95.26351850608795,95.26351850608795,1.3486991523486091E-6, 213.60502955068597, -2.320633064172879, -24.686084798321172, -2.320633064172879, 51.62090879531498, 0.8285408410890353, -24.686084798321172, 0.8285408410890353, 144.13078904833804, 10.073979220839936, 5.434571195720567, 11.0, 0.0
7, 0 ,1.0,1.0,1.0,56.10448822396682,150.13549103836468,11.57230039994075,13.462525515164273,16.94030561792211,8.232061020417813,63.0,86.0,32.0,-0.3548781233448443,0.9294950803817634,-0.1005008115257795,17.499323618582654,0.9210382684070206,0.3660366292305247,0.13306274531721138,12.894122144901125,-0.16046814544026794,0.045344036075919275,0.9859989313844648,7.968416613319129,96.13889662137416,61.96511889441946,37.1438645233284,21.5974154764508,8.338586274450305,67510.0,221275.59000776865, -7.105427357601002E-15, 0.0,0.0,69.21402497109861, 75.94801504585034,75.94801504585034,0.0, 181.2395932464491, -45.421741279582605, 21.251296000278714, -45.421741279582605, 286.9739544286034, -17.669542760454735, 21.251296000278714, -17.669542760454735, 67.76682864388236, 8.354834995975125, 5.2782337272418784, 17.0, 0.0
8, 0 ,1.0,1.0,1.0,26.80013045383667,51.63996779420907,49.95702157584158,13.684141695359813,12.956822279980512,13.233412450594896,64.0,66.0,65.0,0.7795843716985587,-0.1491728344023636,0.6082726961484692,14.775215945181857,-0.2049986607514247,0.8569424018104433,0.47289033514068635,13.319024716470938,0.5917970568476032,0.4933530028850676,-0.6374786726242699,11.59977400626945,75.99121893039687,65.88884232605083,61.87350385853641,22.141613487168904,6.325119351131873,98119.0,309798.99059984065, 0.0, 0.0,0.0,NaN, 76.68531326700514,76.68531326700514,0.0, 187.25573393868493, -17.265866871735135, 35.56215564899599, -17.265866871735135, 167.87924359499942, 9.7616541565669, 35.56215564899599, 9.7616541565669, 175.12320508756, 7.956928729318164, 5.10272205625872, 20.0, 0.0
9, 0 ,1.0,1.0,1.0,88.31520446009937,180.19503604002892,84.84193706407893,14.71382545718896,12.583137697103473,12.392644702198108,70.0,58.0,60.0,-0.9661283191581713,-0.1559368010974589,-0.20562048775377043,14.914116783923545,-0.014914999416578617,-0.7617137959903231,0.6477419515442977,13.14487824749898,-0.2576307701207492,0.62886867234861,0.7335874721023291,11.540838488503566,70.77229922892991,67.43957987861037,62.28452395163484,21.893745030599728,7.00525410951604,85738.0,297274.9471934274, 0.0, 0.0,0.0,NaN, 124.0563026253404,124.0563026253404,NaN, 216.4966595846219, 13.894296006650816, 17.345478677403943, 13.894296006650816, 158.33535430426647, -16.67548661720101, 17.345478677403943, -16.67548661720101, 153.57764271491882, 8.318232048833236, 5.108627692282573, 20.0, 0.0
10, 0 ,1.0,1.0,1.0,187.761950201944,20.118303670498424,111.20964448981404,7.435855087168676,11.155658755738132,13.521512856915454,30.0,44.0,69.0,0.011953815511034756,-0.35476709434197046,0.9348782889055043,13.879917427614275,0.03263749155790129,-0.9343085022839681,-0.35496819111674827,10.71031960731028,-0.9993957676714146,-0.034755306530713945,-4.1015657991348177E-4,7.4302704663729155,76.45299235798552,56.1488341984643,30.707222744908393,18.078698187104983,5.977678893279922,45062.0,131818.3196430141, 0.0, 0.0,0.0,NaN, 91.85991093542003,91.85991093542003,0.0, 55.29194087737228, -2.397296092640452, 0.8466303413571163, -2.397296092640452, 124.44872227447685, -25.851129882721363, 0.8466303413571163, -25.851129882721363, 182.8313099397299, 9.268816612010434, 5.343246475419027, 9.0, 0.0
11, 0 ,1.0,1.0,1.0,76.9919010240682,100.41417060872277,160.74674845350106,12.076879706850168,14.528135183642302,13.289365151607717,62.0,79.0,75.0,0.15735357209686604,0.8652378579514586,0.4760286782494604,15.118328751472779,-0.09851963489724741,-0.46587514140847164,0.8793487557035317,12.703831790515222,-0.9826157615711589,0.18526683941064126,-0.011935800212898516,11.982226633700707,73.60639166390735,66.24462650437239,63.892676484199285,22.151111876433763,6.546235875549689,96185.0,311542.4746830879, 0.0, 0.0,0.0,NaN, 131.85563315922917,131.85563315922917,0.0, 145.8510234537294, 12.388861453492922, 4.822921630662738, 12.388861453492922, 211.06671191418533, 27.707925163569154, 4.822921630662738, 27.707925163569154, 176.6072261327656, 7.573936300072098, 4.8634061779444036, 30.0, 0.0
12, 0 ,1.0,1.0,1.0,22.984257720280755,178.3655130797489,48.49645878105845,14.430699800135747,12.592722320115776,14.01493335000968,59.0,54.0,81.0,-0.6423741108278306,0.23424318164332875,-0.7297161321992028,15.02258065278254,-0.7071712739064709,-0.54817110732477,0.44656155953668386,14.404997395154243,0.2954052997149055,-0.8028938715346793,-0.5177809768158738,11.40430749912667,80.60089421574085,75.58413920215557,64.70922994949535,22.61704933878628,7.190910106885014,94459.0,394218.284001394, 0.0, 0.0,0.0,NaN, 57.86392348914566,57.86392348914566,6.743495761743046E-7, 208.24509672163788, 15.633836034147976, 20.36479567015808, 15.633836034147976, 158.57665543154206, -35.30247764506053, 20.36479567015808, -35.30247764506053, 196.4183568052136, 7.525056725944628, 4.752878864082189, 10.0, 0.0
13, 0 ,1.0,1.0,1.0,167.39918198486203,187.34083964082555,25.175403131023458,15.596015975579963,7.29714646563071,14.521479258676575,77.0,31.0,52.0,0.7810992329879426,0.03046594627411889,0.6236632218940528,17.32969685810734,-0.6240563501051983,0.004625438677751064,0.7813656488548852,12.410575368805707,-0.020920327890015057,0.9995251029537281,-0.022625393837751823,7.2812530880943696,90.97833232934724,62.13061476457008,32.205017936460195,21.210298603319366,7.581599690670709,63813.0,182040.14300080517, 0.0, 0.0,3.552713678800501E-15,51.41586138123376, 43.0913982027154,43.0913982027154,0.0, 243.2357143105454, 5.593465153326951, 71.2192493072484, 5.593465153326951, 53.248346540866756, 5.063905190168817, 71.2192493072484, 5.063905190168817, 210.87335986017396, 8.564825751729325, 5.024934445710637, 13.0, 0.0
14, 0 ,1.0,1.0,1.0,176.18370452749568,61.147931360785115,108.13663457129756,13.381774338894608,13.514979651724822,14.080827445296187,55.0,69.0,66.0,-0.6207468785856837,-0.3759633963123273,0.6879860735214269,15.55318031090801,-0.04999734186482259,-0.856751839036308,-0.5132996708691292,13.362946510271001,-0.782415221306809,0.3530266433871587,-0.513028859350245,11.812133751691947,77.05504394523659,66.48676519963152,67.27120407775516,22.685781650869398,6.734357569726563,102507.0,344639.8377791871, 0.0, 0.0,1.4210854715202004E-14,46.52910019169335, 112.89447881816116,112.89447881816116,0.0, 179.07188445709824, 25.564432717229547, -42.71880911169133, 25.564432717229547, 182.654674986536, -9.310602462652728, -42.71880911169133, -9.310602462652728, 198.26970154420636, 6.912427346440799, 4.492661843876495, 18.0, 0.0
15, 0 ,1.0,1.0,1.0,189.82904116164647,24.547653906156246,175.8751230049202,6.236479935985403,13.16604226724261,12.835647724751967,27.0,55.0,54.0,-0.024188325053397134,0.8007514082196394,0.5985082348350571,13.579082334539288,0.009263331539470742,-0.5984781709519179,0.8010855569680664,12.401697285498672,-0.999664501530339,-0.02492109805590582,-0.0070585587613109695,6.228854700452999,74.71037737898847,62.980367756399275,27.811608638033476,18.388815686544074,6.232468301969174,41665.0,130861.6017569568, 0.0, 0.0,0.0,NaN, 35.88934947885849,35.88934947885849,0.0, 38.8936819919485, -3.457531770705627, -1.2543261451086332, -3.457531770705627, 173.34466898281892, 14.639924235539022, -1.2543261451086332, 14.639924235539022, 164.75385251393033, 7.94230254846905, 4.925408899408239, 10.0, 0.0
17, 0 ,1.0,1.0,1.0,21.06965133851468,9.827828151986184,20.271157167530223,12.533617607186544,6.476324341448883,12.141837050097534,60.0,26.0,48.0,-0.7447381977822889,0.06399258775488958,0.6642815408216767,13.972474874870322,0.665794236808169,0.003170719427659924,0.7461286623440615,10.484117324436225,-0.0456404535145715,-0.9979453368049496,0.04496725199787525,6.427424371279277,76.63379841413271,54.411881707839456,28.11115149334232,17.526567375234247,6.267215513392695,37056.0,117217.57516932914, 0.0, 0.0,0.0,NaN, 30.845359888032714,30.845359888032714,0.0, 157.09157032317654, -7.190566290486818, -42.06505981890633, -7.190566290486818, 41.94277697564331, 6.705229456197081, -42.06505981890633, 6.705229456197081, 147.42420695112116, 7.910861338256329, 4.668552592308828, 4.0, 0.0
18, 0 ,1.0,1.0,1.0,24.618265536081974,38.62217286272475,147.1201867734561,13.579937873871778,12.416500155049217,10.321846201799124,59.0,61.0,58.0,-0.727619873891114,-0.6212481792995707,-0.29089520249678885,14.611586729337073,-0.6723205907623397,0.5616317676032528,0.4822393398052716,12.44044581872289,-0.13621432507507436,0.5464617620070171,-0.8263323788334376,8.767071281484503,78.66954428585747,63.37245303900739,51.650507576484756,20.131098128192473,6.313761630378067,61679.0,257502.6758576213, 0.0, 0.0,0.0,NaN, 69.95717176614131,69.95717176614131,0.0, 184.41471265821716, 32.3483691378409, 3.663010061463798, 32.3483691378409, 154.16947610033722, 45.79213075063806, 3.663010061463798, 45.79213075063806, 106.540509013595, 8.071015636698935, 4.879387974371273, 15.0, 0.0
19, 0 ,1.0,1.0,1.0,121.92958991569125,78.94674633707129,179.8795121551936,11.484671796657647,11.251143305586249,11.447781526653749,55.0,55.0,47.0,-0.4151777729639248,0.6866948287680201,-0.5967224052940995,12.51229903998876,0.8180250365579949,-0.005219795348152888,-0.575158928732585,11.538455239028828,0.39807343091571273,0.7269270705371917,0.559566419399172,9.992198820710144,60.34114424366453,59.35194056799179,48.93262090547634,18.963120397496063,5.471533480828966,61085.0,175245.52727682705, 0.0, 0.0,0.0,NaN, 112.83798881163656,112.83798881163656,0.0, 131.89768627694357, -16.311222787988193, -1.613100077277759, -16.311222787988193, 126.58822568283826, -23.139362314139728, -1.613100077277759, -23.139362314139728, 131.05170188199483, 7.78963834948681, 4.817100275917781, 16.0, 0.0
20, 0 ,1.0,1.0,1.0,16.126623265959985,101.18809434541055,22.867224513446267,9.87654216971376,11.726462321802554,12.512424410033157,39.0,53.0,54.0,-0.02436150978561459,-0.49997487311146416,0.8656972005835185,12.87373760394781,-0.2732643734033288,-0.8296447591863251,-0.4868430504620059,11.449456051889346,-0.9616304378863285,0.24842443481235965,0.11641392149871155,9.736200729860554,58.32114153196603,60.216625853642,46.096503932089,18.957992833670403,5.675497876845304,58678.0,161886.42090018914, 0.0, 1.4210854715202004E-14,0.0,60.001662367641195, 102.69747140997215,102.69747140997215,0.0, 97.5460852301342, 9.092904649333805, 3.3326719019920215, 9.092904649333805, 137.50991858465494, -16.04414869209766, 3.3326719019920215, -16.04414869209766, 156.5607646167936, 7.775324597122308, 4.879500321234337, 11.0, 0.0
21, 0 ,1.0,1.0,1.0,80.73646241652727,23.276752767527675,41.42610349978932,12.03809151582092,11.613454900699903,13.607545205061724,61.0,49.0,68.0,-0.43642745218373924,-0.010409942213794238,0.8996792273268934,14.06526698200563,-0.6192044082954484,0.7289435932214073,-0.2919368744248442,12.422807345655182,-0.6527763627214865,-0.684494609916374,-0.3245768772841616,10.620517452521147,63.84119850901848,63.07836077481887,61.67867993028415,20.698436648477863,6.043838919974231,78319.0,248379.93008772153, 0.0, 0.0,0.0,NaN, 93.68193867609266,93.68193867609266,0.0, 144.9156473432796, -18.359195378876333, -25.881615237226622, -18.359195378876333, 134.87233473059058, -9.634390037640088, -25.881615237226622, -9.634390037640088, 185.1652865077983, 6.792465680183813, 4.529767000753306, 20.0, 0.0
22, 0 ,1.0,1.0,1.0,171.65577894199308,91.84050460537514,9.88075199061903,13.495485933352374,15.193146170783136,6.607431102181254,58.0,67.0,26.0,0.3823277422787161,0.9234439641849861,-0.03281375465225486,15.53010982561567,0.9240256021381681,-0.3820293081535677,0.01517545073144208,13.115566414183363,-0.0014778623940149838,0.03612274521717805,0.999346267917542,6.589050261883494,75.9067382206324,69.7449440215837,27.299678280008667,20.19857109553035,6.97393021279711,52873.0,144527.53275859915, 0.0, 0.0,0.0,NaN, 96.62143868446184,96.62143868446184,0.0, 182.12814057731177, 24.42657280309083, -0.6777998935322538, 24.42657280309083, 230.83169056678224, -6.7382902135893055, -0.6777998935322538, -6.7382902135893055, 43.65814577007218, 7.55930386214945, 4.887729559772195, 11.0, 0.0
23, 0 ,1.0,1.0,1.0,159.27310900118323,81.13230498398315,70.00190470693487,14.735439703481841,10.12146648472227,11.17862306553188,69.0,54.0,59.0,-0.9857978898642106,0.1666866276111977,-0.02044721288771702,14.849049336510625,0.06352172550554996,0.2573934205276759,-0.9642165822354752,11.270225190411992,0.15545903231419933,0.9518215143842199,0.26432611302567854,9.850210081862357,72.30990336823677,57.14800714679039,53.11901504834283,20.14229331261558,6.231123558902272,69302.0,219507.2581903366, 0.0, 0.0,0.0,NaN, 114.63593339368921,114.63593339368921,0.0, 217.13318325494902, -19.797756723209165, 0.6517842141902163, -19.797756723209165, 102.44408380135616, -7.864152033965305, 0.6517842141902163, -7.864152033965305, 124.96161364124139, 6.708244081542628, 4.3438938241189025, 17.0, 0.0
24, 0 ,1.0,1.0,1.0,136.37692630085758,117.52661357921207,122.84325230511315,10.154261307522443,12.102925367575224,12.3342383303337,50.0,62.0,62.0,0.32410544586969736,0.7822600687619847,0.5320007939637865,12.621659453420698,-0.23454208505750807,-0.47835492179347516,0.8462662578248257,12.221516740386514,-0.9164854992276099,0.3990560782853118,-0.028435472372827054,9.64632062241062,57.72856368400505,62.48665151573566,45.3932986247902,19.25833319838915,5.553364994655039,62036.0,163745.64108691426, 0.0, 0.0,0.0,NaN, 129.62607256833613,129.62607256833613,0.0, 103.10902270144739, 23.116000301071622, 0.24645740134021155, 23.116000301071622, 146.48080245309586, 4.776013773361485, 0.24645740134021155, 4.776013773361485, 152.1334351894731, 7.383395373716531, 4.610266066563827, 24.0, 0.0
25, 0 ,1.0,1.0,1.0,116.16214161035549,58.361111591172254,15.58477783730536,13.247826731665052,11.163621179966208,9.42440901082486,69.0,63.0,42.0,0.9921169616007133,-0.12088790193488498,-0.033015900259589226,13.280606918794966,-0.12008361790000166,-0.9924400386144185,0.025351419428859212,11.129914865865615,0.0358309812343426,0.021186904464627995,0.9991332523057128,9.41813734834892,68.98279116345016,62.360951952743264,43.0843258277346,18.87136918582509,5.729071584262186,57863.0,185341.55417680406, 0.0, 0.0,0.0,NaN, 103.33291414528824,103.33291414528824,0.0, 175.50491311221913, -6.323228124161869, -2.9788705333217886, -6.323228124161869, 124.62643784979011, -0.5350385031971692, -2.9788705333217886, -0.5350385031971692, 88.8194852033168, 7.240198342146295, 4.801855514893837, 17.0, 0.0
26, 0 ,1.0,1.0,1.0,150.98939802054622,151.72146705086445,54.82660987221248,10.008901874761804,14.399755226789056,10.730425986513373,46.0,65.0,50.0,-0.008282854171070088,-0.9841737237874744,0.17701264286224563,14.50563738774375,0.4868847911241854,-0.1585874600446831,-0.8589489028391238,10.838002788612183,-0.8734269256776662,-0.07907021514370753,-0.4804927747410868,9.736389921907191,66.13164788248685,55.93546990558963,52.44172848767053,19.681557093404784,5.9421729662759395,63856.0,193987.4495657818, 0.0, 0.0,0.0,NaN, 87.97052347342826,87.97052347342826,0.0, 100.17811673861034, -0.8075759021323751, -9.648230160306202, -0.8075759021323751, 207.3529505914387, -17.054245753144944, -9.648230160306202, -17.054245753144944, 115.14204185204149, 6.692610583981008, 4.547713930607497, 21.0, 0.0
27, 0 ,1.0,1.0,1.0,10.95509085864891,85.32403939520044,104.35303093355527,7.062339682441728,10.499268705901459,9.765172020251597,28.0,52.0,44.0,0.0897784279978703,-0.8097082157861051,0.5799245116001854,11.253916132492295,0.01545075157156596,-0.5810734997291687,-0.8137044071334315,8.92041130901791,-0.9958419092115501,-0.08201337208637473,0.03965726486933867,7.017514053765232,56.41997842727583,43.105845138685424,29.79874291138857,15.252313947606279,4.778785303573898,28836.0,72471.4621355732, 1.7763568394002505E-15, 0.0,0.0,84.84913965149885, 128.64116139880113,128.64116139880113,0.0, 49.87664179019113, -5.899201310279396, 3.648778438720867, -5.899201310279396, 110.23464335872168, -22.00723821067931, 3.648778438720867, -22.00723821067931, 95.35858458510468, 8.924404044985309, 4.689728311769617, 11.0, 0.0
28, 0 ,1.0,1.0,1.0,55.44029126937941,68.867197875166,90.93646388229853,12.14389734546333,10.05115618469612,12.928988466038334,59.0,48.0,56.0,-0.4579238519633188,0.245117420611787,0.8545309800795413,13.374071158756673,0.8707604495327497,-0.06999852817011504,0.48669954343880556,11.873433865169218,-0.17911444758198777,-0.9669631100340088,0.18138455970880568,9.788488904382765,64.70447967579344,56.05407554738957,50.75610815400966,19.596017163001697,5.626263190491886,67017.0,184089.85591198885, 0.0, 0.0,0.0,NaN, 126.82963889654295,126.82963889654295,1.3486991523486091E-6, 147.47424273715131, -12.07492737219778, -13.358390255830397, -12.07492737219778, 101.02574064915508, 15.857297828198961, -13.358390255830397, 15.857297828198961, 167.15874275495227, 7.40424035696277, 4.56679033868098, 15.0, 0.0
29, 0 ,1.0,1.0,1.0,97.12811530823981,187.44454360873738,139.16455074856646,11.150612546091589,7.50566831494698,13.030987375071245,54.0,31.0,63.0,0.11203262782494885,-0.08376399680413352,0.9901678055471376,13.082308998421324,0.9921651754140126,-0.046012862743506674,-0.1161511134592774,11.133438601999336,0.055289736826278996,0.9954227289456201,0.07795277865564812,7.44161173010631,61.838534455222316,53.63810607026838,33.72692228341708,17.84077753151811,5.673138994170781,44819.0,111868.89160264962, 0.0, 0.0,0.0,NaN, 115.29294060846645,115.29294060846645,0.0, 124.33616015305513, -4.217063508810338, 4.9396494701294795, -4.217063508810338, 56.335056853999035, -9.235447223597859, 4.9396494701294795, -9.235447223597859, 169.80663196926616, 7.262046712767011, 4.714226518431264, 11.0, 0.0
30, 0 ,1.0,1.0,1.0,46.64641046799481,121.40305611222445,145.0633472828009,11.454670093778102,10.807143769311981,13.490982592507226,54.0,56.0,62.0,0.21279335807379926,0.3659215681889755,0.9059913866554123,13.949036433553015,-0.8642485710399895,-0.36209092362551826,0.3492342630432402,11.674232208720428,-0.4558436071889261,0.8573164928788783,-0.2391966488537167,9.957264666136542,63.876659900067864,59.262243564084514,52.01618967402428,19.867452602796227,5.940939470727059,67864.0,196905.94279997054, 0.0, 0.0,0.0,NaN, 106.63678075512658,106.63678075512658,0.0, 131.20946695729444, 19.053249653261627, 7.187596979224442, 19.053249653261627, 116.79435645057877, 26.940030970375226, 7.187596979224442, 26.940030970375226, 182.00661131133302, 6.912941632296776, 4.418276330978842, 17.0, 0.0
31, 0 ,1.0,1.0,1.0,17.650108255342925,139.92476253666715,23.403827350188575,10.18406648707532,10.477065729618024,12.66750065024346,41.0,47.0,53.0,0.15430389238233397,-0.23553518092068274,0.9595381635684547,12.829643561118067,0.5797373602606813,-0.7648277840181809,-0.28096806564415105,10.607802218703615,-0.8000593114973652,-0.5996345881805855,-0.01853263995931829,9.839942450205383,59.89489395894147,58.10434740366895,49.56036401123143,18.57193202962599,5.388230686115188,57272.0,172477.68549028554, 0.0, 0.0,0.0,NaN, 66.84534099201373,66.84534099201373,0.0, 103.71521021317065, -9.425036379517476, 7.477341393183917, -9.425036379517476, 109.76890630273645, -11.94353100901023, 7.477341393183917, -11.94353100901023, 160.46557272391846, 7.365733054849664, 4.627611439095079, 8.0, 0.0
32, 0 ,1.0,1.0,1.0,113.34468929355913,71.13044710550557,69.39431729610997,9.683443596584077,11.430986164272733,14.563612821409189,49.0,58.0,70.0,-0.00672994525880439,-0.22904409039453727,0.9733927842819425,14.726512084443495,-0.06668201349240926,-0.9711453872260464,-0.2289762999661122,11.227015258810399,-0.9977515807621714,0.06644878873923785,0.008737365831673465,9.675707374301489,70.56949060571142,60.11459579103866,49.33565715685431,20.01773645177729,5.985446544335956,70565.0,209294.5074670087, 0.0, 0.0,0.0,NaN, 131.84936348747428,131.84936348747428,0.0, 93.76907988822518, 2.2898623262635893, -0.3122933407961941, 2.2898623262635893, 130.66744468779467, -20.268088864319118, -0.3122933407961941, -20.268088864319118, 212.09881841191412, 7.634135301896736, 4.429198112252627, 21.0, 0.0
33, 0 ,1.0,1.0,1.0,178.4532223831823,156.04950645150421,88.46710238183472,12.517617944162795,8.996214303113408,12.79321678720493,52.0,40.0,57.0,0.46849019313054197,0.11251048856129924,-0.8762752586397752,12.954148695038343,-0.8827271576950781,0.01898273559942356,-0.46950231183321217,12.397096914429806,0.036189832937938676,-0.9934691971635863,-0.10820928924572025,8.932583401741194,63.698744836958014,59.71093119579996,41.722364716336244,19.20525410565071,5.696248000692317,59366.0,158691.48859098463, 0.0, 0.0,0.0,NaN, 101.10557706013547,101.10557706013547,0.0, 156.69075899602643, 3.401222575477972, -5.50804933270965, 3.401222575477972, 80.93187178754228, -9.336401541290074, -5.50804933270965, -9.336401541290074, 163.66639576442205, 7.71397237885863, 4.617482640056141, 13.0, 0.0
34, 0 ,1.0,1.0,1.0,121.42463257438862,152.5105710155403,163.49381098662812,11.752673230521097,11.84759879487612,11.154995089044926,63.0,54.0,59.0,0.006616072444541503,0.8653469680029603,-0.5011295766101727,12.183927452096526,0.9863345247411478,0.07685340221403066,0.14573180803030797,11.7791670841639,-0.16462209113318507,0.4952455749789298,0.853013122744736,10.75769377467922,57.48199458041445,65.47785321235742,54.898076983201605,19.313527326751803,5.469232387017759,66408.0,206625.25058557835, 0.0, 0.0,0.0,NaN, 98.80301649048931,98.80301649048931,0.0, 138.12532806340718, 1.9323787485360564, 3.2005334295276784, 1.9323787485360564, 140.3655972043501, -13.931275679324767, 3.2005334295276784, -13.931275679324767, 124.4339154366164, 7.3702378469340815, 4.401359623187251, 20.0, 0.0
35, 0 ,1.0,1.0,1.0,145.07276634481934,42.998671820203256,83.23490874360161,12.59658395173513,10.107018040140275,12.606300860055855,65.0,48.0,56.0,-0.8357310620111352,0.2228473723808047,0.5018890720196163,12.939494960773716,-0.4598816102944524,0.2154523230849265,-0.8614459942389252,12.511663914095998,-0.30010414276167846,-0.9507467302601039,-0.07757679032415983,9.786332231837248,69.87861442693475,61.65512937698705,45.29647252445025,19.662770172788072,5.755000558051669,67009.0,195154.19040941156, 0.0, 0.0,0.0,NaN, 108.5998932267801,108.5998932267801,0.0, 158.67392725311106, -19.366854061324762, -5.982023534656254, -19.366854061324762, 102.15181366372099, -3.264249475769268, -5.982023534656254, -3.264249475769268, 158.918821374245, 7.508548074652852, 4.50063203358435, 16.0, 0.0
36, 0 ,1.0,1.0,1.0,85.82487265062358,35.434632642958654,108.8007281669674,11.55704173710403,11.674256609710351,11.091919590856635,59.0,63.0,56.0,0.5621642407907134,0.5751704728460145,-0.5942644979655886,12.610826503091742,0.6807880893118863,-0.729821280951563,-0.06235764044037386,11.429830286547919,0.46957315066693495,0.36951295652021743,0.8018486335564935,10.159241893083884,62.33065317869236,58.602276908530186,52.68614665220811,19.041277891990557,5.5058058041117794,62623.0,192447.64663095074, 0.0, 0.0,0.0,NaN, 130.14925715851228,130.14925715851228,0.0, 133.56521371316452, 4.420638043455741, -19.813445765818763, 4.420638043455741, 136.2882673893658, -17.83203007279339, -19.813445765818763, -17.83203007279339, 123.03068021002923, 6.483185367589044, 4.21265520442873, 18.0, 0.0
37, 0 ,1.0,1.0,1.0,16.125400358286736,72.21828348080994,170.77100410763077,10.139448043586814,11.670921525302868,11.503704458763204,41.0,60.0,59.0,-0.008496341305845962,-0.7481577729443387,0.6634664716226297,12.243600243255882,0.3898521977297113,-0.6134677231541317,-0.6867842576627682,11.04998060605222,-0.9208382464416476,-0.2528187086254743,-0.29688318318695456,9.967257087190891,57.366333810865044,58.35641425258808,51.25797246847348,18.481337103954235,5.4584073687280625,55263.0,171595.98330718506, 0.0, 0.0,0.0,NaN, 79.56031175470467,79.56031175470467,0.0, 102.80840662859649, -5.120943570237362, -6.377758327739766, -5.120943570237362, 136.2104092497778, -15.509122243641208, -6.377758327739766, -15.509122243641208, 132.33521627456844, 7.317022697471342, 4.515348460252553, 12.0, 0.0
38, 0 ,1.0,1.0,1.0,187.23873677446008,110.95476348947695,65.66727869454454,8.558930986259531,15.07488810045931,9.44693731418266,36.0,71.0,54.0,0.14415277475215973,-0.9817634285055931,0.12393767780701803,15.271559600398836,0.3981634645617867,-0.0571144487398079,-0.9155347045488242,9.523430518623845,-0.9059171225997485,-0.18132432322799635,-0.3826691218095615,8.113933325793976,70.03393916729172,49.72692477686344,42.1608640285223,18.626113354384636,6.543705127573166,43571.0,146828.26247144642, 0.0, 0.0,0.0,NaN, 111.3736749661853,111.3736749661853,NaN, 73.25529962755355, -24.254262004946877, -6.071722773878966, -24.254262004946877, 227.2522512413697, -19.067012317666798, -6.071722773878966, -19.067012317666798, 89.2446246180967, 7.444348214298274, 4.615457249199092, 9.0, 0.0
39, 0 ,1.0,1.0,1.0,49.806298429161515,152.6263303886393,187.78442427714293,16.14718839538951,15.428785089655257,6.708137937554545,76.0,79.0,28.0,-0.7819517261502444,0.6130925192234525,0.11255692267867679,17.21233491333505,0.6207591171614499,0.7823264027998941,0.05122028839351991,14.358857253307296,0.05665347678290013,-0.1099225288756512,0.9923242520537284,6.429382724535891,78.17849415026981,68.91613905417279,30.533142279395662,22.055300095692324,7.57244707457076,66334.0,164505.24185049973, 0.0, 0.0,0.0,NaN, 69.81512891846518,69.81512891846518,0.0, 260.7316930762017, -42.16228903482933, -17.196052287861114, -42.16228903482933, 238.04740934276836, 24.197282307075525, -17.196052287861114, 24.197282307075525, 44.99911458925854, 8.654967246883045, 5.260830856636217, 12.0, 0.0
40, 0 ,1.0,1.0,1.0,80.93343138696868,107.37049566112664,74.68018826297985,12.672029477743834,11.801772070663192,10.783638806795805,63.0,62.0,54.0,-0.8675321085938883,0.43008501073948935,-0.2498297902489922,13.081986512357203,-0.44533186405563524,-0.8953513239510443,0.005053469683790244,11.505467382317391,0.22151201189862219,-0.11564121339870581,-0.968276581534584,10.612957656236155,63.43451855734596,58.14554075489234,52.487375259606736,19.613668684860656,5.608299361540976,67990.0,193596.2396357084, 0.0, 0.0,0.0,NaN, 143.90127139510838,143.90127139510838,0.0, 160.58033108480865, -13.957128057622317, 12.635351258688825, -13.957128057622317, 139.28182400788577, -6.375407300256839, 12.635351258688825, -6.375407300256839, 116.28686591543246, 6.161484499846176, 3.954780651844641, 20.0, 0.0
41, 0 ,1.0,1.0,1.0,48.74675082948936,183.97000890183702,165.7634862830784,11.557577876901812,9.943686569353872,13.89607365677293,54.0,43.0,62.0,-0.29658209983634276,0.27266325861163276,0.9152561419952076,14.457261054184562,0.9522005247505628,0.01100423175564143,0.3052753962379218,11.24795678239964,-0.07316569360989984,-0.9620465967336268,0.2628937560913692,9.488226550682988,74.46424343926424,56.848679387725156,47.73699184243526,19.665145211318517,6.231968859229571,61785.0,202079.9427256059, 0.0, 0.0,0.0,NaN, 61.68748011167636,61.68748011167636,6.743495761743046E-7, 133.5776063806502, -9.239690389462739, -21.691506516608715, -9.239690389462739, 98.87690258954856, 29.81632661782841, -21.691506516608715, 29.81632661782841, 193.1008630744586, 7.138940533011865, 4.491015906974253, 9.0, 0.0
42, 0 ,1.0,1.0,1.0,172.7287945993054,104.4159133183314,123.73416667750621,11.836412862846004,12.044659377914503,13.64706213724408,52.0,60.0,65.0,-0.32536550550587073,-0.04711622101178408,0.9444137597178889,13.861860127128303,0.4907431425278345,0.8453097096197401,0.21124076993917637,12.327910379418205,-0.8082749877911691,0.5321950361851931,-0.2519126586160886,11.282209600095824,67.90763739954245,65.32222406848933,59.201856445450844,20.812120571695473,6.186471633875376,76879.0,262612.207010898, 0.0, 0.0,0.0,NaN, 125.28572785098076,125.28572785098076,NaN, 140.1006694597463, 11.23613461006539, -17.37165708156967, 11.23613461006539, 145.07381952998375, 1.5223665823792658, -17.37165708156967, 1.5223665823792658, 186.24230497780096, 7.609458156694202, 4.654725047129203, 17.0, 0.0
43, 0 ,1.0,1.0,1.0,115.59572666025024,152.78186717998076,63.14381135707411,9.546616744531148,12.252978360711765,10.660031749841272,45.0,55.0,49.0,-0.050571266705360385,-0.8979403400690535,0.4372021187740145,12.734975123549152,-0.4700228255964775,-0.36485377398563795,-0.8037165340010995,10.299323992069404,-0.8812043408892847,0.24613993841940662,0.40360133834363354,9.308811996792345,59.910103780221945,53.26078986125842,47.494141750028035,18.063911175500923,5.348341792205933,51950.0,151547.13092794595, 1.4210854715202004E-14, 0.0,0.0,87.10124338435512, 115.50226983794705,115.50226983794705,0.0, 91.13789126696248, 6.760303648006839, 5.667128510515335, 6.760303648006839, 150.13547870807076, -23.954635797913856, 5.667128510515335, -23.954635797913856, 113.63627690762397, 6.304659356396283, 3.9726060134611068, 16.0, 0.0
44, 0 ,1.0,1.0,1.0,99.56399964907664,158.7500548317761,15.066192920121068,11.575131816046389,10.677659185717767,9.710114038545312,51.0,53.0,41.0,-0.8339277201511786,-0.2609345379513979,0.4862897536115149,12.658940247429618,-0.1574818317376773,0.9570385804856502,0.24346792013437257,10.551372241108986,-0.5289272447473312,0.12645284641360138,-0.8391934505213292,8.408458391899694,63.86772500050061,48.12351000437042,48.918104695233815,17.67073178007989,5.479747735362729,45594.0,150351.70762632808, 0.0, 0.0,0.0,NaN, 108.8188318794551,108.8188318794551,0.0, 133.98367655884937, 13.361897179472676, -37.87167502173349, 13.361897179472676, 114.01240568634302, -1.8955929614049973, -37.87167502173349, -1.8955929614049973, 94.28631464155474, 7.447479530432279, 4.337722823277507, 12.0, 0.0
45, 0 ,1.0,1.0,1.0,117.83261722746127,112.33588155422875,54.54851849785168,10.169616624548244,11.193994801315705,11.019632011525514,49.0,50.0,53.0,0.16682230201088236,0.7331411414180331,0.6592984046029945,12.178000514099926,-0.8054321418350853,-0.28436622745436185,0.520014339785281,10.224484162264165,0.5687261067075585,-0.6177701153694943,0.5430568111216585,9.864843570265075,62.152551577122566,50.00793965913613,49.06862975800945,18.00474337616762,5.097855189186179,53763.0,152511.24099302661, 0.0, 0.0,0.0,NaN, 131.9546032727679,131.9546032727679,0.0, 103.42110229028803, 7.890902630182393, 2.581945166046669, 7.890902630182393, 125.30551961188304, 23.577383199705917, 2.581945166046669, 23.577383199705917, 121.43228966943786, 6.509563984628647, 3.9957909911183513, 13.0, 0.0
46, 0 ,1.0,1.0,1.0,109.3325164352122,52.92192787956588,129.1121873419691,10.440115831501474,11.027930586236709,11.228593784812896,50.0,53.0,49.0,-0.3281043066476954,-0.6082111157827905,0.722790981264631,12.632738553207405,0.8026497435079483,-0.5829504156527273,-0.1261832086172212,10.408099131293724,0.49809733306439213,0.5387467415479793,0.6794490380194639,9.422206699804024,59.842289336422866,49.71470230061998,45.514766648624516,18.109566578626236,5.360614545805448,51414.0,135408.32416426708, 1.4210854715202004E-14, 0.0,0.0,70.84624505471663, 126.67440550443142,126.67440550443142,1.3486991523486091E-6, 108.99601857516771, 4.982431263292845, -18.77229849454056, 4.982431263292845, 121.61525301485511, -29.689805889628364, -18.77229849454056, -29.689805889628364, 126.0813183843388, 7.279109337734509, 4.1384790733600685, 16.0, 0.0
47, 0 ,1.0,1.0,1.0,16.448340205948075,50.01953511944528,92.39659978345504,9.228177608351785,10.81892222767789,9.914256255158081,38.0,55.0,45.0,0.102527199581702,-0.9010817532812397,0.42135477598995,11.081387022105925,0.0968018271783373,-0.41253842724701273,-0.9057822322719168,9.64485722914892,-0.9900088785464852,-0.13365522791184847,-0.04492995048920778,9.202195821020402,49.05810641022283,47.4756401920819,40.11826063526968,16.696269591881254,4.662123866653519,43409.0,93438.0370449463, 0.0, 0.0,0.0,NaN, 106.34676036739434,106.34676036739434,NaN, 85.15926197128529, -3.85459680007935, 0.9151414456541263, -3.85459680007935, 117.04907816854269, -11.354495994295355, 0.9151414456541263, -11.354495994295355, 98.29247709294116, 7.466837261491305, 4.227522759645881, 10.0, 0.0
48, 0 ,1.0,1.0,1.0,127.49338684348281,9.294363985342873,49.49589949398011,10.924033775807704,6.226599998464173,11.046247647704185,52.0,26.0,56.0,-0.03995484339817005,0.14076957316041733,0.9892358352593489,11.11881385165775,0.9917338997553801,-0.1152257986573936,0.056452523413500544,10.981286370604362,-0.12193228680301929,-0.9833142644119427,0.13500212901649564,5.992326488871781,55.23738740093086,50.13100067997755,27.795857856923554,15.862475709971397,5.339149082094945,28655.0,76969.66301770673, 0.0, 0.0,0.0,NaN, 88.28045208334092,88.28045208334092,0.0, 119.33451393498751, -10.170117537071246, 1.2738081645125567, -10.170117537071246, 38.770547540874034, 11.664564221540797, 1.2738081645125567, 11.664564221540797, 122.01958709441023, 6.614592745887154, 4.200585531781407, 12.0, 0.0
49, 0 ,1.0,1.0,1.0,149.30386906037106,52.42000514160846,160.0241227130554,10.482974431410025,9.048804359986846,11.00385245244693,48.0,44.0,50.0,0.4841821781855423,-0.11122900597329063,0.8678684961200615,11.194500283994147,0.8259411991871675,-0.26925668737367425,-0.4952998806680845,10.408863007146921,-0.28877110972666065,-0.9566237214990799,0.03850067080563291,8.899276170579205,50.36322839582391,48.00546534425871,41.48728342509054,17.06011922166446,4.670194237156285,46678.0,100304.22894523625, 0.0, 0.0,0.0,NaN, 83.16264423498758,83.16264423498758,9.5367431640625E-7, 109.89275292959631, -8.965858711353738, 7.455971623420474, -8.965858711353738, 81.88086034531695, -0.5648683703125967, 7.455971623420474, -0.5648683703125967, 121.08476879522232, 6.65046479473974, 4.040171770116297, 14.0, 0.0
50, 0 ,1.0,1.0,1.0,134.49169815641818,117.03481048894996,185.16575060116799,9.952757686309116,10.389844207695727,7.863796567958954,50.0,48.0,32.0,-0.26743311220323773,0.9589662477703143,0.09414492091777403,10.447781164640205,0.9635291682392363,0.26710818895103045,0.01627136587708138,9.913783319155398,0.009543188644041948,-0.0950628793621569,0.9954255253497772,7.836218075158592,49.552015303267424,52.27273158268446,33.526575885135514,15.75308581503196,4.548167981622606,34932.0,86841.18041132468, 0.0, 0.0,0.0,NaN, 106.74556307529141,106.74556307529141,0.0, 99.05738556238519, -2.7550356394768425, -0.6240676836614566, -2.7550356394768425, 107.94886266018847, 4.471213994875176, -0.6240676836614566, 4.471213994875176, 61.83929646224303, 7.028883980427372, 4.305688317951867, 13.0, 0.0
