// Sample: .//bubblelabels.tif, Map: .//bubblelabels.tif, Thickness:(8.191250068658265):/afs/psi.ch/project/tipl/test/LabelValidation/Step4900//distmap.tif, Neighbors:(1.0):
//LACUNA_NUMBER, TRIANGLES, SCALE_X, SCALE_Y, SCALE_Z, POS_X, POS_Y, POS_Z , STD_X, STD_Y, STD_Z,PROJ_X, PROJ_Y, PROJ_Z, PCA1_X, PCA1_Y, PCA1_Z, PCA1_S, PCA2_X, PCA2_Y, PCA2_Z, PCA2_S, PCA3_X, PCA3_Y, PCA3_Z, PCA3_S,PROJ_PCA1, PROJ_PCA2, PROJ_PCA3,OBJ_RADIUS, OBJ_RADIUS_STD, VOLUME, VOLUME_BOX, Mask_Grad_X,Mask_Grad_Y,Mask_Grad_Z,Mask_Angle, Mask_Distance_Mean,Mask_Distance_COV, Mask_Distance_STD, SHAPET_XX, SHAPET_XY, SHAPET_XZ, SHAPET_YX, SHAPET_YY, SHAPET_YZ, SHAPET_ZX, SHAPET_ZY, SHAPET_ZZ, Thickness, Thickness_STD, Neighbors, Neighbors_STD
1, 0 ,1.0,1.0,1.0,90.40673774239319,277.33099479741446,16.042980450890745,18.820574592472017,14.724454019775203,10.526987288278615,92.0,67.0,45.0,-0.9984098158155227,0.05488804713838255,0.012850757353121444,18.831605914385513,0.05635716428305887,0.966572536045764,0.2501227750446417,14.966339310078038,0.0013075615421180029,0.2504492660068997,-0.9681288423755481,10.15974123094433,93.89501585232593,75.42383169879443,48.731624500825646,24.582173838299326,8.806688646847778,101488.0,345113.55745929125, 0.0, 0.0,0.0,NaN, 94.57610294278557,94.57610294278557,0.0, 354.2140279908032, -7.198615937277911, -1.5232459998454602, -7.198615937277911, 216.80954618047417, 29.375139924853332, -1.5232459998454602, 29.375139924853332, 110.81746136757955, 7.879720845044037, 6.386882754868973, 23.0, 0.0
2, 0 ,1.0,1.0,1.0,27.574161277966788,165.06901291034856,17.101915898729995,15.86915253129046,18.625304246107927,10.929256162007128,64.0,85.0,49.0,-0.10626701874778463,0.9905327980625946,0.08690280023534727,18.69914041929015,0.9930851342213618,0.11011234182141995,-0.040708578544853734,15.84452408389264,0.049892253055938016,-0.08197589975651035,0.9953847070073526,10.83853332839987,84.93915696655502,68.98164852414845,52.67646940866763,25.565533271290214,8.036423901864742,133149.0,308644.23842985084, 0.0, 0.0,0.0,NaN, 138.77745196745124,138.77745196745124,0.0, 251.83000206136242, -9.833351868832818, -7.544250189952474, -9.833351868832818, 346.901958260086, 19.38766716089404, -7.544250189952474, 19.38766716089404, 119.44864025477077, 7.980779431264143, 5.765425725454097, 18.0, 0.0
3, 0 ,1.0,1.0,1.0,68.13162986851898,248.6267640075132,204.85449906084983,17.365346658472692,14.376067355388052,14.213734389313352,92.0,78.0,73.0,-0.9842911181404201,-0.06789456908481405,-0.1629764468831906,17.43954833662439,0.15895919191199748,-0.742502360529093,-0.6507090132427928,15.244587762416458,-0.07683078846768929,-0.6663937065260381,0.7416309445040177,13.180345983093739,90.6315827813471,86.98615764920567,65.12063723466994,25.45384743775152,7.896738129198937,141085.0,513391.12154833286, 0.0, 0.0,0.0,NaN, 127.80373513259475,127.80373513259475,NaN, 301.55526456892864, 1.7900865833821782, 14.851685848537606, 1.7900865833821782, 206.67131260665403, 29.79253791364206, 14.851685848537606, 29.79253791364206, 202.03024528994902, 6.530022299705417, 5.130803916476521, 35.0, 0.0
4, 0 ,1.0,1.0,1.0,129.23034616628922,186.19890591453193,18.972383165201023,14.626006258762834,17.510689039536008,11.161624318595171,70.0,98.0,44.0,0.2504494321687951,0.9512771198314764,-0.17985250404556163,17.917975007846188,0.9665028119467373,-0.2349109627352332,0.10338836533119218,14.389326555971671,-0.056101661520655696,0.1997215082857539,0.9782453284849795,10.817559800341256,100.98768093310267,65.31778631401359,51.86295550441976,23.828928706241417,8.79251408090884,102003.0,342103.1862264477, 0.0, 0.0,0.0,NaN, 173.2371862744131,173.2371862744131,0.0, 213.9200590813696, 28.169196069058493, -0.19393659842908026, 28.169196069058493, 306.62423063932647, -37.09476860522426, -0.19393659842908026, -37.09476860522426, 124.58185742945514, 7.0766774085667565, 5.303888304413139, 25.0, 0.0
5, 0 ,1.0,1.0,1.0,137.38929843693202,205.66138131588514,190.6514431115958,13.92855317621605,15.972223972342976,15.30819334969733,76.0,84.0,78.0,-0.2842500057398324,0.8511373185762302,0.4413243695557372,16.373692879600497,-0.0680849569581023,-0.47707010298290065,0.8762240326970594,15.102099430041116,-0.9563296360946463,-0.21901913561775443,-0.19355682721188927,13.685250824400523,81.40599378206451,88.04992369006786,74.47012223650583,25.054393538987444,7.465566303411619,137550.0,533786.3121812361, 0.0, 0.0,0.0,NaN, 199.33063285354757,199.33063285354757,0.0, 194.00459358267824, -18.226424185409318, -12.570821343072721, -18.226424185409318, 255.11193862268763, 13.305192772146544, -12.570821343072721, 13.305192772146544, 234.34078363171756, 6.599239775513528, 5.062784175749906, 37.0, 0.0
6, 0 ,1.0,1.0,1.0,206.18281109593144,50.591025650391956,100.701385895572,15.141495063428115,16.81838875827658,12.971071276604357,91.0,85.0,74.0,-0.18214019035661985,0.9832724389596783,-5.117021983000857E-4,16.87497655120966,0.9659777047869763,0.17883930974462045,-0.1868249853326711,15.151773406916972,-0.18360834651872288,-0.03452263130691377,-0.982393079686694,12.885289762541637,83.4401781679957,89.11591792588695,70.3148733075927,24.993511110808626,7.4629863725575545,136879.0,522850.71493018424, 0.0, 0.0,0.0,NaN, 146.63521381819993,146.63521381819993,0.0, 229.264872755818, -10.286707492382071, -11.456920194221944, -10.286707492382071, 282.858200424524, -2.182901815222798, -11.456920194221944, -2.182901815222798, 168.2486900627506, 6.186107213746381, 4.860709305576175, 43.0, 0.0
7, 0 ,1.0,1.0,1.0,144.90027362964508,59.075468821466686,171.92567063336034,16.006923649185058,13.416430358186494,14.838898503464637,81.0,68.0,75.0,0.8898830122714636,0.10939361012710469,0.4428783834576086,16.355808172242742,-0.4540097841761683,0.3071487668995207,0.8363819407808923,14.615852873038072,0.04453470941832129,0.9453532001614326,-0.32299223922807013,13.239316481206087,77.28743322796123,85.93410064485221,76.57168430057115,24.46681182041932,7.601988977035179,124621.0,508560.4943371017, 0.0, -7.105427357601002E-15,0.0,83.71963895889935, 202.21037104247793,202.21037104247793,NaN, 256.22160471083987, 3.631682673973013, 21.789860734799, 3.631682673973013, 180.00060355606817, 14.318750994561306, 21.789860734799, 14.318750994561306, 220.19290879612507, 6.33953835084996, 4.944138844292401, 33.0, 0.0
8, 0 ,1.0,1.0,1.0,137.82975073902412,100.46905830687444,284.4142306241865,13.613254954483859,18.0274888366632,8.956095532014254,74.0,97.0,36.0,0.15867664558094302,0.9809965772817766,0.11165768002524679,18.213627335678616,0.9852601239485801,-0.16464817591186137,0.04640545577543239,13.489983159137394,-0.06390782662560715,-0.10264839760238503,0.9926626295804907,8.763951450890836,93.78727771403126,75.95681092736791,40.4944421505771,22.816470106319592,8.362499822291925,82203.0,288473.59917847574, 0.0, 0.0,0.0,NaN, 171.27167913256326,171.27167913256326,0.0, 185.32071045577933, 22.621357748558584, 9.325355006331645, 22.621357748558584, 324.99035375601625, 27.120313073641608, 9.325355006331645, 27.120313073641608, 80.2116471785657, 6.350579432768901, 5.096685325888299, 18.0, 0.0
9, 0 ,1.0,1.0,1.0,53.90511455247666,12.208500506205707,166.2459222318047,14.657185245457637,7.7142796391125055,26.154273679194727,68.0,30.0,120.0,0.049726506233381026,-0.021468718239940898,0.9985321070025518,26.182268412439136,0.9983447372514936,0.02999495608310793,-0.04907227538864373,14.621759540376136,0.02889740784340326,-0.9993194668106423,-0.0229247262410168,7.686494004337474,120.57085194278635,69.23422884215009,32.58878543393865,28.591515706722294,11.870739275572598,106676.0,272039.12148866843, 0.0, 0.0,0.0,NaN, 144.7237443515959,144.7237443515959,1.9073486328125E-6, 214.83307931966104, 3.964194777867707, 23.52481556142344, 3.964194777867707, 59.51011035042577, -13.656612567773445, 23.52481556142344, -13.656612567773445, 684.046031686218, 6.986893547806484, 4.942530123545868, 19.0, 0.0
10, 0 ,1.0,1.0,1.0,160.43612314028152,111.726321746033,153.23008244457193,14.688655373195859,15.451277786607191,14.583757214518076,68.0,81.0,82.0,-0.42185976815687753,-0.8134847537508214,0.4003459646675502,16.076431120639427,-0.7804501094659179,0.10108370866393196,-0.6169924719778861,14.45064671310679,0.4614455142758057,-0.572734353132158,-0.6775274150150873,14.139014406942824,75.48482604636017,75.43279274344195,83.93871604129744,24.705172146618235,7.539166108353661,127237.0,477949.6712528408, 0.0, 0.0,0.0,NaN, 231.30554553282957,231.30554553282957,0.0, 215.75659667251557, 19.386646022704635, -5.5966071577585215, 19.386646022704635, 238.74198523890084, -19.620669059433347, -5.5966071577585215, -19.620669059433347, 212.68597449200806, 6.008123436664069, 4.496268434349918, 39.0, 0.0
11, 0 ,1.0,1.0,1.0,259.89205596261627,74.14340773368345,284.89617833495686,16.79616035823764,13.290484597849185,8.375463220847168,77.0,61.0,39.0,-0.9491909759193021,0.3141085947227307,0.019294609471938014,17.17904364935702,0.31461029189021295,0.9486023056885998,0.03426411941123807,12.799315287455627,0.007540256634765707,-0.03859347566084266,0.999226544966805,8.363872025255672,86.10678402169148,73.43618946945622,39.935967054452135,21.629616765321344,7.813836853585387,70833.0,252529.26125174845, 0.0, 0.0,0.0,NaN, 85.63887851997224,85.63887851997224,0.0, 282.1110027796335, -39.11877944557266, -3.1118521091993645, -39.11877944557266, 176.6369808456664, 4.415634244963721, -3.1118521091993645, 4.415634244963721, 70.14838416376362, 6.085856902244735, 4.8671584172477145, 18.0, 0.0
12, 0 ,1.0,1.0,1.0,24.401924242298467,196.0907664594108,139.81526277778238,13.479393744453736,16.44982403210926,13.17355074524001,61.0,91.0,75.0,0.09318059415960138,0.9909664256651738,0.09645164631281958,16.49499897619902,-0.8037776473074878,0.13204011574913385,-0.5800921491640741,13.789474836084331,-0.5875873301568906,-0.02347234622582342,0.8088202386202707,12.790566764728668,94.70949219394961,75.86777705431525,67.23959309184744,23.932367854404724,7.285257340977801,120463.0,483143.2806687667, 0.0, 0.0,0.0,NaN, 175.9002286165084,175.9002286165084,0.0, 181.69405571801852, 7.199624451779594, 13.354826146518791, 7.199624451779594, 270.5967106873593, 8.335479913232513, 13.354826146518791, 8.335479913232513, 173.54243923741365, 6.01713583523383, 4.674804968356847, 28.0, 0.0
13, 0 ,1.0,1.0,1.0,286.4846320904038,139.29532152979718,131.64143998233152,9.529895603740009,16.770533483363113,15.227996862701136,45.0,83.0,79.0,0.11453415330582407,-0.8941165246500611,0.4329406057119329,17.34887638320025,0.09701453478311309,-0.42365839508662556,-0.9006118721810421,14.703292377281445,-0.9886708793968467,-0.14515234968929108,-0.03821894310866861,9.316183418859675,89.25165149296794,77.32647079128927,47.65529644217315,23.11911400834436,8.334756112478908,81501.0,328893.75381627097, 0.0, 2.8421709430404007E-14,0.0,26.60482529035125, 192.133600628425,192.133600628425,0.0, 90.81891021818315, -27.253047321921482, -0.6845633356909169, -27.253047321921482, 281.25079331660334, -33.54258007797128, -0.6845633356909169, -33.54258007797128, 231.89188845043566, 6.2696268689162755, 4.721193487171935, 22.0, 0.0
14, 0 ,1.0,1.0,1.0,284.57524419039754,158.418846208436,62.61823718403633,9.543870438268941,14.86181509327942,14.446464053695255,40.0,77.0,72.0,0.10644323494171658,-0.7636117714879336,0.6368413461610378,15.867946712651102,0.023896724115173625,-0.6383304407609689,-0.7693914445680237,13.40433128339477,-0.9940315811440327,-0.09711493625064686,0.04969813724202315,9.444125392722738,81.63354463651129,76.38313780847902,44.032530406449155,21.644708332883802,7.222598953867454,77501.0,274561.59770126146, 0.0, 0.0,0.0,NaN, 155.57695789792456,155.57695789792456,0.0, 91.08546294246378, -14.596611678101192, 9.358611499997384, -14.596611678101192, 220.87354786682798, -34.63308340835641, 9.358611499997384, -34.63308340835641, 208.70032365470914, 6.192214540611647, 4.782902601369241, 19.0, 0.0
15, 0 ,1.0,1.0,1.0,24.116087721044426,135.74945257290733,86.60534653793836,13.358625122715667,16.612599850377386,15.333787981458757,57.0,78.0,87.0,-0.09026055829306771,0.9897808146948226,-0.11039461254371472,16.657557655926837,-0.1399793429905593,0.09713849038923608,0.9853780478683454,15.349624310121339,0.9860318530111261,0.10439373806389633,0.12978109377136332,13.284246282568805,86.54412138890156,92.41003035178161,61.92415887902111,24.91721508000518,8.287869779085607,120564.0,495241.2400585276, 0.0, 0.0,0.0,NaN, 162.8188736288564,162.8188736288564,0.0, 178.45286516925017, -9.827571565396141, -7.150877792251301, -9.827571565396141, 275.9784737887588, -5.375495978306146, -7.150877792251301, -5.375495978306146, 235.12505386032902, 5.639312367352743, 4.366051451443355, 24.0, 0.0
16, 0 ,1.0,1.0,1.0,117.88051934173969,108.42323145971362,90.18466552682197,14.027528840246859,13.68969278520106,11.51383744056318,65.0,77.0,60.0,-0.8122490392990468,-0.5831449970721455,0.013907212067956119,14.376367549976205,0.5832322214924389,-0.8115174051189742,0.03577257332036324,13.325589637744505,-0.009574652514339298,0.03716737250188024,0.9992631847769313,11.510709074565531,67.16670621801784,74.72398279703408,59.960840788908314,21.82830638300786,6.346081229736064,93580.0,300941.2893352119, 0.0, 0.0,0.0,NaN, 183.80611485102895,183.80611485102895,3.814697265625E-6, 196.77156536395736, 13.803592123862545, 0.10244438187002335, 13.803592123862545, 187.40768855318598, -1.9101502762908111, 0.10244438187002335, -1.9101502762908111, 132.56845260771448, 5.94832593968031, 4.597887469873095, 30.0, 0.0
17, 0 ,1.0,1.0,1.0,130.37283051972685,17.663529021244308,162.3839031676783,14.442456463924268,10.540899574317509,13.01708884314468,69.0,41.0,64.0,-0.9965680379331507,-0.02710012457939995,0.07821591281734736,14.452752556474586,0.07989144826726541,-0.06754895672881911,0.9945121894369158,13.018719753850467,-0.021668000919068068,0.997347843880273,0.06948219947254236,10.524760995411611,70.05339481668244,63.00964853782449,42.96532522452154,21.218054696248597,6.239701067007696,84352.0,189650.65497152426, 0.0, 0.0,0.0,NaN, 190.3871458438639,190.3871458438639,0.0, 208.58454871234787, 2.3328394799280123, -2.982340320565181, 2.3328394799280123, 111.11056383584702, -4.15243337792762, -2.982340320565181, -4.15243337792762, 169.44460195032173, 6.9298626558147856, 4.994436770594245, 21.0, 0.0
18, 0 ,1.0,1.0,1.0,284.9153137528077,77.4877740183674,27.800887094481247,8.925102380581054,12.753432407785784,15.30910705111285,38.0,62.0,58.0,0.015643095053094233,-0.1548923307816154,0.9878075012076991,15.371787638364825,-0.17924171382301482,-0.9723594096913333,-0.14963150206594256,12.788747331558044,-0.9836806908763374,0.17471560963394284,0.04297387749891019,8.765405631049184,63.90473738874741,65.42507267821594,42.074626916310876,20.84185996369822,6.503316280162643,70342.0,175912.84075604615, 0.0, 0.0,3.552713678800501E-15,8.956250702059773, 83.69463665455451,83.69463665455451,0.0, 79.6574525038536, 14.727782403506033, 4.789867851664811, 14.727782403506033, 162.65003817996072, -11.780575432867202, 4.789867851664811, -11.780575432867202, 234.36875870243318, 6.824149017555262, 5.0794022204523515, 14.0, 0.0
19, 0 ,1.0,1.0,1.0,229.52955876543635,52.32845267334215,23.92168902323824,16.144678734797782,12.366100823208402,14.39641668283567,83.0,60.0,61.0,0.8924411245441958,-0.18415463669115117,0.411868800721104,16.586934407683266,0.45084313919116153,0.3295983157621477,-0.8295211956852058,14.286301823528133,-0.017008911386366853,-0.9259870517625532,-0.37717194606909077,11.899710143011303,86.19565225368012,77.4316207749109,61.26095186814392,23.833937921404157,7.264386931052647,116446.0,408872.07550205203, 0.0, 0.0,0.0,NaN, 90.9758058645529,90.9758058645529,0.0, 260.6506514498317, -12.657549714903416, 25.70673141526555, -12.657549714903416, 152.92044956975553, -27.214183742437037, 25.70673141526555, -27.214183742437037, 207.25681330582918, 6.5544694147669675, 4.5952018973203215, 25.0, 0.0
20, 0 ,1.0,1.0,1.0,193.00370133634593,64.11875492396652,282.6952863704607,11.813065957639205,15.659964759227861,10.848762062985912,62.0,87.0,49.0,-0.0495172670213255,0.9876632935014535,0.14855725810811327,15.756761292765612,-0.9264675450636145,-0.10098496592033897,0.3625740263751224,11.999859311228539,0.37310310667500296,-0.11967980334179129,0.9200384864023523,10.497928936347403,89.54431824247654,64.55562721243781,57.20970075002219,21.08367694936971,7.6129644799935,67273.0,330705.8027452804, 0.0, 0.0,0.0,NaN, 125.93202839040553,125.93202839040553,0.0, 139.5485273195343, -3.591077697977905, -12.36619633889134, -3.591077697977905, 245.2344962602585, 19.020905224776396, -12.36619633889134, 19.020905224776396, 117.69563829928234, 5.384083447536473, 4.364336035835125, 25.0, 0.0
21, 0 ,1.0,1.0,1.0,127.9898194958392,133.90201699067077,13.537568840013204,13.60673509482217,12.20664839351183,8.790012004156774,68.0,63.0,34.0,0.9112985592212461,0.38765065586469877,0.13878726515408568,13.91645364683687,0.4074993894474701,-0.8974066624469017,-0.16913169364684974,12.035930574020554,-0.05898460444235252,-0.21068519455239715,0.9757728041071845,8.536891066981488,69.09793958358381,60.53446100300058,41.19042838902775,19.32268550571644,6.167952725490534,57561.0,172291.5928024691, 0.0, 0.0,1.7763568394002505E-15,82.02232340846913, 185.72670733862023,185.72670733862023,0.0, 185.14323994066527, 16.346216743220815, 10.315717505607081, 16.346216743220815, 149.00226500282494, 17.424469489023085, 10.315717505607081, 17.424469489023085, 77.26431103322017, 7.681004318808195, 4.790494555978952, 16.0, 0.0
22, 0 ,1.0,1.0,1.0,72.18147159296265,216.27960499469518,129.86607361462498,12.745918350858547,12.72348893349716,12.803839567693277,59.0,64.0,66.0,0.500996780325888,0.6138261942527543,0.6100980489661262,13.492111641027945,-0.8172719508060231,0.10363234179983502,0.5668570332621794,12.516542933057726,-0.28472580587086044,0.7826095712309313,-0.553582400812135,12.230412478480284,72.57419680338938,63.30479582715598,72.30965464591293,21.218553483441877,6.169027556504478,85771.0,332211.8638909463, 0.0, 0.0,0.0,NaN, 170.541685394654,170.541685394654,0.0, 162.4584346067527, 9.380722484960726, 6.639430159242203, 9.380722484960726, 161.8871706408247, 12.569829226359758, 6.639430159242203, 12.569829226359758, 163.93830767522797, 5.941941502520371, 4.470904869027878, 26.0, 0.0
23, 0 ,1.0,1.0,1.0,274.34805194805193,9.794137806637806,176.74305555555554,14.508572122585456,6.2254242580840415,15.736437864602394,60.0,25.0,73.0,0.6001549355951643,-0.012814488092245096,0.7997811214174149,17.192798467733514,0.7998837480816645,0.009356030467142592,-0.6000820395985252,12.75126862596244,-2.0696761177854605E-4,-0.9998741188713866,-0.015865168627407215,6.221163731356296,82.7189666210109,64.23604864667419,25.553375679414586,20.948522310054923,7.619019748037886,55440.0,135778.87266299967, 0.0, 0.0,0.0,NaN, 126.27835098707983,126.27835098707983,NaN, 210.49866503626384, -1.0484791326999299, 63.837391774891785, -1.0484791326999299, 38.75590719314124, -3.328382159892607, 63.837391774891785, -3.328382159892607, 247.63547666649194, 5.862060639722351, 4.392531311679521, 10.0, 0.0
24, 0 ,1.0,1.0,1.0,121.84870730550284,230.4641959203036,239.52370730550285,13.320637566891206,13.026847872997225,11.68278983724183,62.0,64.0,55.0,0.7258789962070004,0.6643745411623388,0.17806221362447774,14.200599150232902,-0.6623363600000769,0.6053372023480454,0.4414492243455523,12.332156941001568,0.1854999436317053,-0.438375798269901,0.8794409760773376,11.396781038203638,70.4994644019506,59.67125378100084,55.43902009597292,21.120041141029585,6.129403827214505,84320.0,233220.39472454507, 0.0, 0.0,0.0,NaN, 152.77341882376825,152.77341882376825,0.0, 177.43938518847324, 25.712686757060506, 2.786752064709358, 25.712686757060506, 169.69876550621234, 14.421638666453074, 2.786752064709358, 14.421638666453074, 136.48757838116097, 5.938843089116974, 4.404408763006587, 24.0, 0.0
25, 0 ,1.0,1.0,1.0,84.56780471150563,165.11357118470468,13.390611130078526,13.112234271905432,12.68843722622565,8.41947379743163,52.0,55.0,34.0,-0.8775347535522066,0.4715260242503594,-0.08715483212489111,13.366770218723278,-0.45952624238250017,-0.8788787078680627,-0.12809312791084398,12.511406387547828,-0.1369977695799752,-0.07235623892114489,0.9879251924206093,8.283044729827182,60.60860730438398,61.95895218574111,38.606238038065285,19.217364650003145,5.874313728400983,58580.0,144975.91332410157, 0.0, 0.0,0.0,NaN, 159.76661334178698,159.76661334178698,1.9073486328125E-6, 171.93068760133139, -10.030720463394431, 13.593214281176698, -10.030720463394431, 160.99643924386885, 5.375542235431647, 13.593214281176698, 5.375542235431647, 70.88753902563778, 6.949589800149376, 4.804177684615295, 9.0, 0.0
26, 0 ,1.0,1.0,1.0,272.7053013843845,218.11965112251644,196.3222078780818,15.739019536241894,12.311009021009223,12.704514920058427,69.0,69.0,61.0,-0.9445343829833103,0.2249121279514951,0.2393101211036995,16.09929100331157,0.27532413450858306,0.1450618986107675,0.9503439727427847,12.485869018386355,-0.17902910467138203,-0.9635204098885346,0.19893968786743796,12.066411333861966,82.30590166143398,66.29579569010002,71.43894806101483,22.565043403304884,7.176433281131921,95277.0,389809.13764888444, 0.0, -2.8421709430404007E-14,0.0,77.00228897396417, 134.90172972979772,134.90172972979772,0.0, 247.71673596220404, -23.71919178586634, -22.980583427261323, -23.71919178586634, 151.56094311537046, 7.53353726701987, -22.980583427261323, 7.53353726701987, 161.40469935398718, 5.355199812098619, 4.2261196990246095, 28.0, 0.0
27, 0 ,1.0,1.0,1.0,24.18582457229313,273.46095356325407,233.65659308686037,13.684558213645595,14.246765262032769,12.997587312415945,55.0,63.0,65.0,0.7778263504576859,0.13755066556061535,0.6132421894631106,14.649372266720778,0.16016972860914752,-0.9869214934264753,0.018210542279900807,14.254512699405172,-0.6077267696678745,-0.08405819541655518,0.7896849961930155,11.890310751680277,73.38440148426503,65.63439624996948,63.28003065427524,22.668829076776845,6.730447099997895,103108.0,304790.85488739505, 0.0, 0.0,0.0,NaN, 75.43687915639087,75.43687915639087,0.0, 187.2671335026551, -1.9365313096165797, 35.10813590076164, -1.9365313096165797, 202.97032043146365, 5.065731502576844, 35.10813590076164, 5.065731502576844, 168.93727594387596, 6.382232853389764, 4.629235420673573, 15.0, 0.0
28, 0 ,1.0,1.0,1.0,85.88748355640304,216.5710423731882,277.5991865699562,12.897898481533616,12.86053035597011,11.846151476703884,61.0,65.0,50.0,-0.7995873036738346,0.35184790619066497,0.48668593025980456,13.396280415394267,0.38566055323309495,0.9220510017583341,-0.03298314473175089,12.825187107950565,0.4603542999511898,-0.16132266135201478,0.8729541325011025,11.31965448960224,68.40218171671343,64.53579305481463,64.50585932667931,20.890531955956302,5.97210228336766,82859.0,284753.95867051, 0.0, 0.0,0.0,NaN, 121.81480716512009,121.81480716512009,1.3486991523486091E-6, 166.35578523994718, -1.5133198802153602, -20.43570141575842, -1.5133198802153602, 165.39324103682864, 7.6834850560101655, -20.43570141575842, 7.6834850560101655, 140.33130480901363, 5.730723917655489, 4.2520549385852755, 15.0, 0.0
29, 0 ,1.0,1.0,1.0,260.0462163405038,256.01461345868887,221.21162689693935,12.35440412478033,12.050369312587906,12.29404079141978,62.0,57.0,59.0,-0.28005949514105116,0.5885039684869645,-0.7584390273821844,13.155361150727035,-0.9065094238083549,-0.4221243168523227,0.007192055937258278,12.428502823070566,0.3159230028471878,-0.6895463292608075,-0.6517043164464708,11.020659299702162,70.72941776020767,63.01085726459087,57.283127040283944,20.390785655335335,5.762117769317224,78284.0,255294.92936907985, 0.0, 0.0,0.0,NaN, 98.68448101968957,98.68448101968957,0.0, 152.63130127838923, 4.126719744858039, 10.746849086491116, 4.126719744858039, 145.21140056976031, -23.135431265265787, 10.746849086491116, -23.135431265265787, 151.14343898109348, 6.004380670287468, 4.357367939085728, 20.0, 0.0
30, 0 ,1.0,1.0,1.0,122.12788367725895,276.8990568709938,232.01988019429086,15.190631686927393,12.974709243895616,11.694353132435015,76.0,50.0,55.0,-0.970950690660454,-0.23582815798550388,0.04049489112408474,15.316423728380958,0.23569447865504095,-0.9134207085755282,0.33182935656284235,12.986075152778817,-0.04126583377947972,0.33173436518778976,0.942469862603542,11.51630507136187,83.23251999837368,59.31412359273138,57.08859917994306,22.163776824300193,6.68006460149783,95321.0,281838.64885267895, -1.4210854715202004E-14, 0.0,0.0,13.844029300197606, 141.66922825276575,141.66922825276575,0.0, 230.75529104788257, 15.59513115412745, -1.192636875068522, 15.59513115412745, 168.34307996363034, -11.889265878143705, -1.192636875068522, -11.889265878143705, 136.75789518609264, 5.729712618602457, 4.275703599584553, 15.0, 0.0
31, 0 ,1.0,1.0,1.0,189.2462319602955,221.24275552912655,24.400898840427235,13.431165263030879,12.574432594436145,12.86116137872441,68.0,58.0,54.0,0.8350107067149104,0.32974816035848276,0.4404807264928426,13.887382957734857,-0.20624936443660113,-0.5545927085064578,0.8061563913664451,12.683405885432478,-0.5101159861648761,0.7639980879633586,0.39508050097083813,12.25535952696003,68.67709719491666,62.674492722736076,63.01951096710552,21.55217365236246,6.278999782040582,87446.0,271255.0214859606, 0.0, 0.0,-3.552713678800501E-15,63.86544260198683, 138.0742718824125,138.0742718824125,0.0, 180.39620032284733, 12.968723417272919, 13.917741762549722, 12.968723417272919, 158.1163550720181, 1.4244301559296073, 13.917741762549722, 1.4244301559296073, 165.40947200959235, 5.748984621365247, 4.327944418445006, 22.0, 0.0
32, 0 ,1.0,1.0,1.0,55.72322559146951,237.82636454515162,59.704511829390206,12.31489524290858,11.621975903622728,12.647985364951246,59.0,56.0,60.0,-0.6508433951367668,0.15604508215529692,0.7430025621368967,13.345363296209221,-0.46951783627272825,0.6863355962132011,-0.555424568049025,11.963616845548678,0.5966203788244433,0.7103473669310085,0.37343104030806157,11.201412991463005,69.70124746047782,77.84391886643968,57.478922537530366,20.290264515517283,5.916389813948894,75025.0,311870.1870210987, 0.0, 0.0,0.0,NaN, 102.64145141596536,102.64145141596536,0.0, 151.6566448438124, -11.034595671039689, -20.844822550652665, -11.034595671039689, 135.07032390438732, -0.6291012915487421, -20.844822550652665, -0.6291012915487421, 159.9715337920209, 5.680062343719919, 4.269627867552717, 23.0, 0.0
33, 0 ,1.0,1.0,1.0,10.767033809940434,111.73606433596606,161.30539209223727,6.967445220022427,14.092098522865415,23.05289719707842,29.0,72.0,94.0,0.022928316432294683,-0.03657450331536932,0.9990678645681759,23.067950605488896,0.02680698708564873,-0.9989487648317117,-0.03718535578138652,14.080313338315605,-0.9993776452117443,-0.02763459694716858,0.021923761141672278,6.941400003515241,93.64707561665173,71.00651098657264,30.36571406598326,26.041175666464312,10.02126602578865,83437.0,201918.397845813, 0.0, 0.0,0.0,NaN, 178.42945763814782,178.42945763814782,1.9073486328125E-6, 48.545292894013365, -4.424588389293583, 10.936157957367989, -4.424588389293583, 198.5872407781456, -12.109012252894496, 10.936157957367989, -12.109012252894496, 531.436069179066, 6.465876736903689, 4.49880044015882, 21.0, 0.0
34, 0 ,1.0,1.0,1.0,127.72964781299325,60.03373713311836,242.79190270071368,12.532473979222575,15.25927984014821,13.886991096544524,62.0,82.0,70.0,0.19835846366189558,0.8653588497332664,0.4602260108707581,15.950607726757601,-0.2459494068442211,-0.41058563062524833,0.8780252440545446,13.298798852721307,-0.9487691021353234,0.28735605285496535,-0.1313913609068194,12.307603715480543,82.93508206483716,73.38135812294723,69.50997694851881,23.03754149008364,7.2130942797092805,103269.0,423030.0011787552, 0.0, 0.0,0.0,NaN, 152.28814438820987,152.28814438820987,1.9073486328125E-6, 157.0629040398909, 20.233651018404128, 3.916791404015031, 20.233651018404128, 232.84562123995357, 31.848909266001495, 3.916791404015031, 31.848909266001495, 192.84852171550685, 5.808777871244585, 4.389820401600146, 29.0, 0.0
35, 0 ,1.0,1.0,1.0,200.8811240361508,184.25472157105577,86.86809087826381,12.256884321857997,11.877566859585082,11.352941218769812,61.0,53.0,58.0,-0.7915784406017821,-0.35531342700226953,0.4971478059554868,12.977494885209033,-0.2901600123733043,0.9345590254572425,0.20592861665133602,11.710486568421498,-0.5377831715421887,0.018756239716741674,-0.8428745243971447,10.707297181612075,66.67357814843092,56.011785596016296,59.836927586298515,19.69088227401488,5.697915177594031,67827.0,223461.37491597485, 0.0, 0.0,0.0,NaN, 175.40691623697467,175.40691623697467,0.0, 150.2312132794084, 9.024574579849103, -22.50364284501127, 9.024574579849103, 141.07659450391384, -5.169843957476524, -22.50364284501127, -5.169843957476524, 128.8892743168426, 5.702609605127696, 4.264457354853034, 25.0, 0.0
36, 0 ,1.0,1.0,1.0,71.1258280181357,259.87620072235455,136.62477522477522,11.324733057402067,11.11462793923359,11.964874217962409,55.0,56.0,60.0,0.33954901821779826,-0.3996145537191023,0.8514779343489833,12.286931406952512,0.914227771344713,-0.07259852080086339,-0.3986439976716143,11.211564126885836,-0.22111998175065214,-0.913803952296886,-0.3406879663815295,10.8754261769477,64.27349036915471,56.063959230697755,52.506008482999846,19.128932086765282,5.387643763336391,65065.0,189201.5341686512, 0.0, 0.0,0.0,NaN, 159.17013502839833,159.17013502839833,0.0, 128.24957882141518, -4.928939603687328, 6.7465913353534015, -4.928939603687328, 123.5349542275919, -10.909620157756416, 6.7465913353534015, -10.909620157756416, 143.15821505166156, 6.116656889320382, 4.430646635908323, 24.0, 0.0
37, 0 ,1.0,1.0,1.0,190.79440779804108,243.60590026691125,86.53292885110586,11.677214326164927,13.221702181526423,13.036351911485662,58.0,66.0,65.0,0.2934996100362344,0.5641869558781321,-0.7717195460305154,13.761479294097853,-0.4506676583083226,0.7935962824893902,0.4087830747155673,13.114482465023224,-0.8430638413924959,-0.22781136766190238,-0.4871810136905401,10.943000112811028,69.451591504873,68.75577377470418,60.90907717509211,21.0856015989416,6.042732773089521,85047.0,290852.8982581179, 0.0, 0.0,0.0,NaN, 150.31335146432156,150.31335146432156,0.0, 136.3573344191914, -7.153901182088221, -25.394943255357756, -7.153901182088221, 174.81340857698055, -13.368841037279143, -25.394943255357756, -13.368841037279143, 169.94647116009585, 6.104141885121526, 4.468285223316316, 26.0, 0.0
38, 0 ,1.0,1.0,1.0,69.36145415533909,44.29582942201958,168.41804527777438,12.26041601228224,11.322792603036525,14.458881652852332,57.0,53.0,82.0,-0.2621910959476696,-0.20726911997774183,0.9424942127723716,14.816140419201746,0.8993802906994353,-0.4065211210738866,0.16079698635929035,12.214507201810367,0.34981555412411186,0.8898202571443762,0.29299997963883506,10.90277435665869,86.65586086123494,63.048735035025814,55.658591092018895,21.114451922556466,6.46239984733418,82027.0,304093.07294949965, 0.0, 0.0,0.0,NaN, 155.19968632458537,155.19968632458537,0.0, 150.31780079422677, -5.617260737726061, -20.48603050752475, -5.617260737726061, 128.20563233137867, -21.643669605257543, -20.48603050752475, -21.643669605257543, 209.0592586511898, 5.579063146728759, 4.169727326844722, 25.0, 0.0
39, 0 ,1.0,1.0,1.0,106.20031870259803,165.0118404066484,169.6248890592222,13.86690232934102,15.325324171138703,14.031205675966627,66.0,85.0,67.0,0.4167851180672456,-0.8521029082883931,0.3165608931061043,16.013762369055268,0.37126058012739255,-0.15830989761313483,-0.9149336358234902,13.830555317226304,-0.8297323345520193,-0.4988573042506053,-0.2503710106914832,13.278043089545317,87.23221200204529,64.43212967890797,68.4145413062077,23.719760120208175,7.836086633200587,99152.0,384527.8424423775, 0.0, 0.0,0.0,NaN, 215.63390381791467,215.63390381791467,0.0, 192.2909802114834, -29.339460365467513, 5.485077996467501, -29.339460365467513, 234.8655609504882, -19.446149545702674, 5.485077996467501, -19.446149545702674, 196.8747327212781, 5.3792045000391715, 4.139074246899529, 31.0, 0.0
40, 0 ,1.0,1.0,1.0,217.82676528646513,190.67323471353487,232.8997550360311,13.85594144866861,12.229832937090903,12.526500999113715,78.0,60.0,61.0,-0.820277273712112,-0.28998750878181484,0.4930034877989618,14.557606199894249,-0.5345840168656678,0.695198033007358,-0.48054096996454737,12.393213973526219,-0.20338417623598937,-0.657728621585846,-0.7252778344907493,11.530546540128881,80.5985392153438,63.447325169918045,66.96070266975244,21.325084129002864,6.6113494288126935,84094.0,342421.078446346, 0.0, 0.0,0.0,NaN, 152.33917744793084,152.33917744793084,0.0, 191.98711342893276, 11.114665532698211, -26.633842707384023, 11.114665532698211, 149.56881366915349, -18.184634235080292, -26.633842707384023, -18.184634235080292, 156.91322728079692, 5.675852845653522, 4.250404614301618, 34.0, 0.0
41, 0 ,1.0,1.0,1.0,233.40562261703238,159.4148143460583,15.528247559682956,13.397588451603648,12.165509174314447,9.649253792470649,69.0,52.0,36.0,-0.9219064708936017,0.3334125799767085,0.19729295587471,13.756680391791507,0.3141066503769936,0.9413720976448332,-0.12310802559017693,11.958438408229036,0.22677184815018478,0.05152305589773809,0.9725841370274907,9.399605522311735,73.12338266545477,60.34901626571468,44.05560347093833,19.567829374298817,6.140288439375801,63209.0,194414.03913784798, -2.8421709430404007E-14, 0.0,0.0,22.793594209998044, 156.33340013142796,156.33340013142796,0.0, 179.49537631854344, -14.852195494606699, -20.46443922831729, -14.852195494606699, 147.999613470329, 0.3031743736669447, -20.46443922831729, 0.3031743736669447, 93.1080987515092, 5.99531761792832, 4.354733766728528, 17.0, 0.0
42, 0 ,1.0,1.0,1.0,111.73387870390108,212.5766760818589,151.14445214240035,11.715309970530004,12.424524176691435,12.008725782060983,64.0,56.0,56.0,-0.35482283599005965,0.7153781458750793,0.6019425748892542,13.10124953775438,-0.6721193668215926,-0.6427198161115408,0.3676503702172601,11.752315040055226,0.6498894612188385,-0.27412651528424103,0.70887117434327,11.227962209604561,63.928361413964836,61.494156802004284,53.50209614587524,20.088773954953773,5.680488061633591,75056.0,210328.54683939205, 0.0, 0.0,0.0,NaN, 205.63382830434404,205.63382830434404,0.0, 137.24848770559973, -6.36325506209965, -12.711731412647868, -6.36325506209965, 154.36880101718998, 16.778294578987385, -12.711731412647868, 16.778294578987385, 144.2094949087362, 6.420010041788561, 4.392069985176987, 17.0, 0.0
43, 0 ,1.0,1.0,1.0,21.511111844384683,254.95002557291582,15.5480523337348,12.65653224961117,12.72690162490727,9.509083852399964,45.0,66.0,35.0,-0.6953549124888603,0.7140628006848669,-0.08121491461359334,13.81702593065035,0.7140299050249669,0.6992592355873118,0.03460948101150143,11.487810620730063,-0.08150362205231243,0.03392400512811736,0.9960955383237196,9.471246530497769,72.57792653416874,59.593340657438944,38.497082828556124,19.382468850515984,6.074900042491061,60611.0,166506.0851197583, 0.0, 0.0,0.0,NaN, 52.287379548368285,52.287379548368285,0.0, 160.18780858544758, -29.14865028168761, 6.759876701477054, -29.14865028168761, 161.97402497006732, -4.846314191832145, 6.759876701477054, -4.846314191832145, 90.42267571197375, 7.030375843812313, 4.331838886162824, 9.0, 0.0
44, 0 ,1.0,1.0,1.0,87.74693446661072,18.688872046125113,217.78864737568688,13.671572467608204,10.561601919727913,12.572766582493735,74.0,43.0,62.0,-0.8595580849225667,-0.02386071484017496,0.5104807194513468,14.220775378161308,-0.49536034133551554,0.2844291313333407,-0.820803387834701,12.076080035660903,0.1256106320189922,0.95840009157777,0.25630301127281424,10.414971291459585,79.45445312399059,65.11352275114606,50.65161115759792,20.43312839169283,6.2466833211214166,73886.0,262049.11604964203, 0.0, 0.0,0.0,NaN, 121.68609183864551,121.68609183864551,NaN, 186.91189373706266, -3.3408828530649335, -25.94986697573806, -3.3408828530649335, 111.54743511080034, -9.864122758407703, -25.94986697573806, -9.864122758407703, 158.07445953787118, 6.248916274269549, 4.580975157386806, 20.0, 0.0
45, 0 ,1.0,1.0,1.0,161.47164059366224,97.50735392432144,214.78847439497258,11.308120269580003,12.189510315186778,12.98217980327205,53.0,59.0,65.0,-0.2161333660272207,0.29681077600835415,0.9301557564919232,13.162187486985424,-0.06818816207834934,-0.9549358001474357,0.28887366122433805,12.091399410583792,0.9739798471437286,-9.903747247575027E-4,0.2266324701268209,11.204892638976682,63.1506876449283,60.68182379490337,51.851458161212406,20.24644792048457,5.922506631738704,74790.0,198699.91579316795, 0.0, 1.4210854715202004E-14,0.0,72.73384875794832, 189.6280425598245,189.6280425598245,0.0, 127.87358403128611, -1.7147934526877116, -9.9950079664161, -1.7147934526877116, 148.58416172404486, 7.470187713367639, -9.9950079664161, 7.470187713367639, 168.53699244448472, 5.914163351784194, 4.309865022463277, 23.0, 0.0
46, 0 ,1.0,1.0,1.0,13.348581625335624,142.82902790053868,233.79512365959008,7.995996474666407,10.789203128969012,16.693523205965914,34.0,50.0,75.0,-6.305620389316863E-4,0.0760480976939883,0.997103951064602,16.721962930063345,-0.1582039753203096,-0.9845546520429778,0.07499092834057519,10.80805720085833,-0.987406251035695,0.15769852243333174,-0.012651934159568123,7.910653330649532,75.6966346262509,53.025619870424464,36.62546881972626,20.28317175053936,6.899965546820794,59963.0,147009.53991926057, 0.0, 0.0,0.0,NaN, 157.99177666470516,157.99177666470516,0.0, 63.93595962287761, 8.437364021528985, -0.7799088560070445, 8.437364021528985, 116.40690415815472, 12.453739935595467, -0.7799088560070445, 12.453739935595467, 278.6737170281225, 5.695136145398168, 4.106692098452815, 15.0, 0.0
47, 0 ,1.0,1.0,1.0,241.0562027526941,278.58645251717564,285.850118333678,10.903627843983069,12.69081917927345,8.242609464428789,59.0,58.0,35.0,-0.25862093615751924,0.9511346032354504,-0.1686955183434051,12.981579876562652,0.9513537545974484,0.2205174792004165,-0.21516987470468968,10.815342909838833,0.16745520294797134,0.21613654918878406,0.9618959128255083,7.898958414576641,63.37474504098779,58.78152350082192,38.80887772891788,17.73919294343075,5.762606710500916,43521.0,144573.31760595078, 0.0, 0.0,0.0,NaN, 64.28942682044689,64.28942682044689,0.0, 118.88910016008285, -14.655740053238972, -6.542115058113906, -14.655740053238972, 161.05689144101484, -19.618105517576854, -6.542115058113906, -19.618105517576854, 67.94061078309103, 5.850317942337698, 4.5064176531960705, 13.0, 0.0
48, 0 ,1.0,1.0,1.0,248.1946864156611,87.13087161427313,115.6456367497022,14.768546511725791,11.74601810373303,15.185204127968213,89.0,71.0,67.0,0.4983779138995864,0.12614800711905716,0.8577331375416168,15.487693507540769,-0.8669543658763166,0.07604917462317654,0.4925511653900815,14.523103559816544,0.003095549238859921,0.989092110644415,-0.14726579452094737,11.656763898167387,80.0309002950564,82.50910061359806,69.28593360548602,22.965427856822153,7.697951358862876,96545.0,457514.2536937937, 0.0, 0.0,0.0,NaN, 153.78391529376117,153.78391529376117,0.0, 218.10996606900804, 1.5901925230527902, 12.408810519991842, 1.5901925230527902, 137.9689412932241, 14.06256543236322, 12.408810519991842, 14.06256543236322, 230.59042440806286, 5.833928424318436, 4.29020187145876, 23.0, 0.0
49, 0 ,1.0,1.0,1.0,48.96889603689992,109.54007100807186,108.53447229471384,11.552298835143672,12.914801260154963,14.207876680575083,63.0,63.0,76.0,-0.39215150276647104,0.2275957541179188,0.8913009433325507,15.280885813773565,-0.5255691613815326,-0.850635242611184,-0.014026426220718426,13.752011164111808,-0.7549796391179774,0.47394077344675534,-0.4531951983218493,8.91561424831454,81.25534901768997,75.45111813893848,64.34548708543971,21.20537189997108,7.24179966030951,65908.0,394489.7586623384, 0.0, 0.0,-1.4210854715202004E-14,26.962819212079424, 161.7921864980449,161.7921864980449,0.0, 133.45560837646184, 35.26550867218793, -53.0247213053929, 35.26550867218793, 166.79209158930024, 32.551411948013275, -53.0247213053929, 32.551411948013275, 201.86375977042923, 6.270072123578066, 4.479823845478677, 25.0, 0.0
