// Sample: .//bubblelabels.tif, Map: .//bubblelabels.tif, Thickness:(8.191250068658265):/gpfs/home/mader/Foam/NewValid/InSilicoTest/LatticeData_OldFoam/out_Step_07000.vtk/distmap.tif, Neighbors:(1.0):
//LACUNA_NUMBER, TRIANGLES, SCALE_X, SCALE_Y, SCALE_Z, POS_X, POS_Y, POS_Z , STD_X, STD_Y, STD_Z,PROJ_X, PROJ_Y, PROJ_Z, PCA1_X, PCA1_Y, PCA1_Z, PCA1_S, PCA2_X, PCA2_Y, PCA2_Z, PCA2_S, PCA3_X, PCA3_Y, PCA3_Z, PCA3_S,PROJ_PCA1, PROJ_PCA2, PROJ_PCA3,OBJ_RADIUS, OBJ_RADIUS_STD, VOLUME, VOLUME_BOX, Mask_Grad_X,Mask_Grad_Y,Mask_Grad_Z,Mask_Angle, Mask_Distance_Mean,Mask_Distance_COV, Mask_Distance_STD, SHAPET_XX, SHAPET_XY, SHAPET_XZ, SHAPET_YX, SHAPET_YY, SHAPET_YZ, SHAPET_ZX, SHAPET_ZY, SHAPET_ZZ, Thickness, Thickness_STD, Neighbors, Neighbors_STD
1, 0 ,1.0,1.0,1.0,78.89114730058272,135.87473854821903,39.505117122679735,18.148006588632626,17.555927154009588,19.106605177782885,98.0,93.0,87.0,0.40134241032148943,-0.3997368997441673,0.8240962811833692,19.6408101644806,0.8085989672312703,-0.26798685594494626,-0.5237850276910042,18.068926282857642,-0.4302231744918684,-0.8765805473678188,-0.21567235359794115,17.04040967421605,96.80955160223336,92.28143838158728,93.51336405125136,30.45431704847713,8.66935152751668,259130.0,835422.6474863781, 0.0, 0.0,0.0,NaN, 162.00744420188153,162.00744420188153,0.0, 329.3501431410532, -23.127817117934587, 16.25440836136114, -23.127817117934587, 308.21057823689114, -26.35342647827334, 16.25440836136114, -26.35342647827334, 365.0623614196798, 7.80695500483053, 6.2134996279934045, 42.0, 0.0
2, 0 ,1.0,1.0,1.0,57.921121505545344,262.0990166667806,13.517360375566321,20.788373571666316,21.265819182160566,9.008872141968869,114.0,96.0,38.0,0.6507426827508884,0.75715278906341,-0.0570404668606047,22.51399268548688,0.7568624571571448,-0.6528347049567539,-0.031081649732240563,19.472848095710596,0.06077155413699627,0.022945631774426288,0.9978879276703604,8.91513538388896,109.70792869278662,107.6487360090257,41.49719760437019,29.14466309743601,10.776823810883842,146339.0,490078.5778710053, 0.0, 0.0,0.0,NaN, 70.52701528923548,70.52701528923548,0.0, 432.1564757551545, 62.49545882768523, -22.915115650543296, 62.49545882768523, 452.23506548834837, -12.377196453727077, -22.915115650543296, -12.377196453727077, 81.15977727034276, 7.5936405964518565, 5.910426542896031, 23.0, 0.0
3, 0 ,1.0,1.0,1.0,260.79872068667066,140.52614193310492,127.03223890075336,18.47879376982749,17.107445720718907,15.421693475762439,92.0,102.0,77.0,0.9008617341702834,0.3717968784419061,-0.224087521046052,18.779423310985553,-0.42826500531189393,0.8455710825456082,-0.3187453993202917,17.179225711883685,-0.0709733832708688,-0.3831143765815941,-0.9209702239071484,14.972194628126491,111.17117109458275,88.65380490430167,79.59670710159074,28.214916220845115,8.710777840485038,195261.0,784485.0321562198, 0.0, 0.0,0.0,NaN, 193.44644371645316,193.44644371645316,2.6973983046972182E-6, 341.4658191878153, 17.343178772283455, -16.254100648478385, 17.343178772283455, 292.6646990873436, -29.831046975427927, -16.254100648478385, -29.831046975427927, 237.8286296603738, 6.576124590867386, 5.5494683498538935, 44.0, 0.0
4, 0 ,1.0,1.0,1.0,79.61733913122528,16.5789306222633,263.5477871547401,17.965732849266544,10.525254103280892,19.050772909383777,85.0,45.0,80.0,0.029213287809627675,0.05302425408386552,0.9981658240463865,19.07297096075995,-0.9893081448998877,0.14427799753850262,0.02128975953417217,18.090473626576635,0.14288449268585768,0.9881155235624677,-0.05667216110909834,10.268253108046174,81.48941379864272,87.68979960969187,47.539944339159696,26.62761944834054,9.351489812278619,132002.0,339710.47627388255, 0.0, 0.0,0.0,NaN, 89.12095966847802,89.12095966847802,0.0, 322.767556811215, -31.26256463090121, 2.8609780515464918, -31.26256463090121, 110.78097393863125, 14.35460148811944, 2.8609780515464918, 14.35460148811944, 362.93194844491086, 7.263430527790374, 5.76787282920829, 19.0, 0.0
5, 0 ,1.0,1.0,1.0,188.4446691673624,113.24765118822243,236.32042025798714,15.853419805954514,15.185649668731214,16.399770174973863,79.0,91.0,83.0,-0.19413452764871322,-0.14814538753142031,0.9697240480300445,16.419418450705443,-0.8560277485859963,-0.4571976472313917,-0.24121941260369212,16.115532184540275,-0.4790910965833126,0.876939710310376,0.038058713264552416,14.885551966484485,83.2393076359684,84.6975312525991,84.20482610300454,26.376743751085574,7.426622804942386,170086.0,593657.8218241156, 0.0, 0.0,0.0,NaN, 171.24459469702364,171.24459469702364,0.0, 251.33091954383084, 16.304361589621507, -1.1660220415088476, 16.304361589621507, 230.60395586143645, -2.6929773297447173, -1.1660220415088476, -2.6929773297447173, 268.95246179196226, 6.954397113941132, 5.677712398419891, 39.0, 0.0
6, 0 ,1.0,1.0,1.0,276.3212007232398,205.70106490412235,208.13414405534357,14.485395510273378,16.858066515405195,17.094250842903882,58.0,100.0,84.0,-0.2655520869802848,0.5922776574326012,0.7607162845677529,17.863775087621352,-0.08868572092958502,-0.8007070722624285,0.5924550846537905,16.313678562340787,-0.9600088187113777,-0.08986301205212854,-0.2651560051390575,14.176880227698051,90.6470649503652,91.18309344150218,66.9790805616866,26.827536774252284,8.155842827895038,165367.0,553614.2369743214, 0.0, 2.8421709430404007E-14,0.0,53.681195179546464, 133.76214032322451,133.76214032322451,0.0, 209.82668308904815, -13.953096829762599, -27.286769401655476, -13.953096829762599, 284.19440663782586, 22.317247559863073, -27.286769401655476, 22.317247559863073, 292.2134118801201, 7.964877513896208, 5.978345570707244, 33.0, 0.0
7, 0 ,1.0,1.0,1.0,261.7124647282542,277.1506072874494,25.48203901361796,19.469665679748324,13.69950712470912,16.49122339571645,81.0,59.0,70.0,0.9262417019925159,0.2074340653744826,0.314717997598202,19.955884741543766,-0.3638809723606963,0.27429388462130755,0.8901424059178321,16.434703129539432,-0.09832063590030864,0.939006908058491,-0.3295437439469777,13.052510235762277,95.55068470819788,91.2515779303636,62.62098084789912,27.5292842945979,8.991292034840141,163020.0,546001.7722477886, 0.0, 0.0,0.0,NaN, 51.35527642617735,51.35527642617735,0.0, 379.0678816811698, 33.82723325967287, 34.12142741212286, 33.82723325967287, 187.67649545995593, 39.22653648716497, 34.12142741212286, 39.22653648716497, 271.96044908742556, 7.211208685779188, 5.771542604956445, 19.0, 0.0
8, 0 ,1.0,1.0,1.0,155.84777256740915,176.62715625523364,14.572073354546976,17.320050148369933,17.45843980767046,9.597688841012797,81.0,81.0,41.0,-0.6573269845721732,-0.7535186668609819,-0.011439145304718299,17.948004967729908,-0.7488868087752126,0.6514399063844135,0.12163303832571663,16.89930838143139,-0.08420084913902137,0.0885193033293614,-0.9925092190717184,9.443483608109293,85.8095121057791,88.05936814178663,44.45944602553773,25.133418512858793,8.075157125807717,119420.0,335950.3087669537, 0.0, 0.0,1.7763568394002505E-15,89.34457095801582, 190.29731624302596,190.29731624302596,0.0, 299.98413714204935, 19.564571039724292, -16.138990776148827, 19.564571039724292, 304.7971205180525, 17.570595931261035, -16.138990776148827, 17.570595931261035, 92.11563108890158, 8.522069937682266, 5.855688017007643, 18.0, 0.0
9, 0 ,1.0,1.0,1.0,44.01440221940545,258.03850477124337,214.79200727046612,16.901595219309804,21.395485951643856,15.33230249793958,84.0,88.0,91.0,-0.1887143575976876,0.9540424846522699,0.23278708880652121,21.837160804306823,-0.9307983698615394,-0.24933635481379932,0.26729342833535547,16.902346233393093,0.31305157067102,-0.1662357351675333,0.9350745395174208,14.695555102344995,98.67101897526001,89.97529112519331,87.27519867497006,29.774521431032014,9.591043400249022,209065.0,774825.1693220136, 0.0, 0.0,0.0,NaN, 104.68255207798894,104.68255207798894,NaN, 285.663920957396, -30.79017500713257, -28.81006258288759, -30.79017500713257, 457.7668191069896, 53.296239645436174, -28.81006258288759, 53.296239645436174, 235.07949988832428, 7.41314371033936, 5.419067890671275, 31.0, 0.0
10, 0 ,1.0,1.0,1.0,277.56254100288413,209.07496255585676,285.54128758339834,14.145941131926206,18.956241113758157,8.997272274396856,62.0,105.0,40.0,0.3119273668046054,0.9491303875134557,-0.043044457679286496,19.470784970996082,0.949572287411393,-0.3129503181744725,-0.019353793808748746,13.450890838325583,0.031840050543933504,0.034836846198460725,0.9988856818116396,8.964357440395222,109.32843905985561,68.8771706682015,42.49626764164151,23.50529664656265,9.37542882259641,80787.0,320006.8206004299, 0.0, 0.0,0.0,NaN, 94.76210405648503,94.76210405648503,0.0, 200.10765050792165, 58.56305162571402, -5.859461986645347, 58.56305162571402, 359.33907716293504, -11.596334034003407, -5.859461986645347, -11.596334034003407, 80.95090837963038, 6.7688621993215365, 5.473489772555208, 13.0, 0.0
11, 0 ,1.0,1.0,1.0,14.207993304038501,168.5009225969678,12.517434229298637,9.065238138631669,17.830525563370415,8.158743227501379,35.0,86.0,33.0,0.035925924193977374,-0.9986987371469525,0.03619613780351559,17.848539956866368,0.9870781715814835,0.029801618216461132,-0.15744378914087406,9.070538814564665,0.15616020990689125,0.041384731154893245,0.9868643741006529,8.113336086347468,86.25032298628261,40.088623593521916,37.38650252081,20.157833811485578,7.76743274556966,52569.0,129269.69216502731, 0.0, 0.0,0.0,NaN, 132.85541235215476,132.85541235215476,0.0, 82.17854251010215, -8.58439551209355, -2.2275794834056555, -8.58439551209355, 317.9276418660059, -9.213635328047115, -2.2275794834056555, -9.213635328047115, 66.56509105229962, 9.133938216662951, 5.737278670368385, 11.0, 0.0
12, 0 ,1.0,1.0,1.0,21.9645861174436,131.43016141288683,187.13986714880906,14.23552097173213,15.782379416865297,17.111976841908632,63.0,75.0,79.0,0.4192236993222467,0.010076508725012603,0.9078270506536389,17.806543339259207,0.1916381260413044,0.9764259110070046,-0.09933412787918175,15.89652386108234,-0.8874267961775477,0.21561749531532734,0.40740983927735086,13.220470955062806,87.07185746415823,77.24931384267566,67.24168434733821,26.111722007896304,7.920308239880419,152652.0,452283.79058072605, 0.0, 0.0,0.0,NaN, 174.62456860223463,174.62456860223463,0.0, 202.65005733662528, 15.181251818502693, 52.67063727829592, 15.181251818502693, 249.08350005789336, -6.255865473931189, 52.67063727829592, -6.255865473931189, 292.8197514380173, 6.668091502618604, 5.115584794760153, 27.0, 0.0
13, 0 ,1.0,1.0,1.0,123.29445457788427,235.14030140065827,77.35811351995315,14.387480348592955,14.932055293256644,16.4763744408681,76.0,72.0,79.0,-0.13813296073170148,0.47634743105850663,0.8683388797488314,17.120608936618527,0.7882690144791736,-0.4779302169191492,0.38757537146682536,14.440246670923186,-0.5996259216974588,-0.7380215665409625,0.3094720041439888,14.135091315587015,81.98869546645125,69.91325365833052,74.97152082327833,25.442160469052133,7.35753025442043,148573.0,429743.98935645854, 1.4210854715202004E-14, 0.0,0.0,82.06017689548248, 159.35049657726637,159.35049657726637,0.0, 206.99959078114847, -9.425143906874045, -8.528660996755043, -9.425143906874045, 222.96627528087376, 36.982521209617325, -8.528660996755043, 36.982521209617325, 271.4709147156916, 6.501293446906695, 5.1133860836604645, 32.0, 0.0
14, 0 ,1.0,1.0,1.0,191.04359577715593,279.77492209361486,60.297355952683795,16.588925582757337,12.164227349091739,15.156364161338322,76.0,53.0,79.0,-0.9078957483000978,0.08569750906778856,0.41034284099784324,16.912139333077977,0.41856791840308993,0.23889201229468127,0.8762028898294627,14.988275417786372,0.02293922192030838,-0.967257227112506,0.25275927024803,11.925074287436972,80.36212761297841,73.46209946494821,60.11120749564384,24.472502724776447,7.346622623205105,125792.0,354870.758018277, 0.0, 0.0,0.0,NaN, 126.1599101631568,126.1599101631568,0.0, 275.19245199026085, -2.94580476311193, -23.3420702432946, -2.94580476311193, 147.96842700039142, 22.31361325909634, -23.3420702432946, 22.31361325909634, 229.7153745911007, 7.020767691949843, 5.5403237800057505, 26.0, 0.0
15, 0 ,1.0,1.0,1.0,174.49676953432288,100.37548199063745,10.977689797918574,14.881686499668024,18.37035418911488,7.403678581510158,82.0,85.0,30.0,-0.026936746312165267,-0.9984732239156912,-0.048224815411989946,18.39181268128837,0.9948753324959333,-0.022074054265409735,-0.09867020279392379,14.933197397923317,0.09745503829572044,-0.05063553348878833,0.9939509838312379,7.244984776885389,85.35942750391554,83.65052544053808,33.27524819946962,23.257060448226564,8.53569575100951,77543.0,237597.2832445551, 0.0, 0.0,0.0,NaN, 161.08012886595597,161.08012886595597,0.0, 221.46459307440156, 3.9413623181801465, -16.36687500748775, 3.9413623181801465, 337.46991303353064, 14.131495864795022, -16.36687500748775, 14.131495864795022, 54.814456538312264, 6.97274175945347, 5.130467155597724, 23.0, 0.0
16, 0 ,1.0,1.0,1.0,218.39845328922505,28.533352320340015,262.8380116222389,15.834840104674399,17.077253622697445,17.051554677020107,83.0,72.0,79.0,-0.5116074748342739,-0.5846213202584075,0.6296631667749154,18.822647407666345,0.0783787480452436,-0.7615305765101122,-0.643372328356634,16.28614043301081,-0.8556369344228649,0.2798018815867632,-0.43542662241983876,14.615055377960983,93.95761120604622,89.77831285173784,75.24287136604403,27.632740682032708,8.340378392944071,182581.0,634700.3924139082, 0.0, 0.0,0.0,NaN, 94.09557906945624,94.09557906945624,0.0, 250.74216114060474, 38.99837671332339, -47.9266043318776, 38.99837671332339, 291.632591293933, -26.49066754905323, -47.9266043318776, -26.49066754905323, 290.75551690340626, 7.549089276729115, 5.507517533624598, 36.0, 0.0
17, 0 ,1.0,1.0,1.0,156.41387547499872,258.19685710715675,280.1703233298788,17.75980286973667,17.845734301178993,11.121459348669065,85.0,84.0,50.0,-0.699858624600577,0.7135597321115675,-0.032100066683059175,20.005456080568717,0.7142510708162326,0.6995359339087642,-0.022246011063964684,15.297143914632477,-0.006581292430313759,0.038496569707723055,0.9992370593160989,11.106160624974816,93.86936313825106,71.17291709945891,51.52443318602724,26.14354633863082,8.607129231294184,136053.0,344232.491692695, 0.0, 0.0,0.0,NaN, 150.856534457975,150.856534457975,0.0, 315.4105979719069, -82.97855855326155, 4.461821963630736, -82.97855855326155, 318.47023274827654, -8.063841074758722, 4.461821963630736, -8.063841074758722, 123.68685804409853, 7.339254311090938, 5.423211440361045, 27.0, 0.0
18, 0 ,1.0,1.0,1.0,273.1342895333447,66.10000786276848,239.22306674179978,15.743743511289574,16.253558008166937,14.688157014807231,71.0,83.0,75.0,0.6094065416186238,-0.7296075141071723,0.31031684193865494,17.161372473600803,-0.6346468545660627,-0.6834844685584186,-0.3606554466922942,15.155165604908989,0.4752336657075451,0.022844180829429822,-0.8795630201301103,14.268630434483578,85.9822100804628,78.61735417644928,77.34025317157307,25.86985990376554,7.650876598487396,152618.0,522796.4347089305, 0.0, 0.0,0.0,NaN, 93.72733355114681,93.72733355114681,0.0, 247.8654597492726, -29.110024120012334, 23.164208986664995, -29.110024120012334, 264.17814792484756, -14.15482883853836, 23.164208986664995, -14.15482883853836, 215.7419564916309, 5.983988719094482, 4.849371402648359, 28.0, 0.0
19, 0 ,1.0,1.0,1.0,40.936191842649805,85.23777010317454,35.798344592889535,13.51825850861075,13.604583834488297,17.792078503974672,64.0,70.0,80.0,0.14134026167320346,0.05023344702682213,0.988685759597029,17.88012822967126,0.1249543300887231,-0.991629404834782,0.0325198225563314,13.594640223687962,0.9820434541415313,0.11894420652902958,-0.14643404628347495,13.411668188031015,82.15068002755545,69.1692746383939,62.14219682110828,25.075941601651234,7.4554157964140755,138697.0,353110.7882263808, 0.0, 0.0,0.0,NaN, 101.10771845082415,101.10771845082415,0.0, 182.74331310562692, 0.3804859904184828, 19.55953877623251, 0.3804859904184828, 185.08470130962027, 6.785130118282517, 19.55953877623251, 6.785130118282517, 316.5580574915976, 6.818150386303536, 4.914336243706179, 20.0, 0.0
20, 0 ,1.0,1.0,1.0,69.97395590224761,63.58520106644726,159.6568144239365,14.60531671973614,14.296352076155266,14.174213037276804,72.0,66.0,71.0,-0.8203268727195527,0.4945738134076295,0.287159476572852,14.680217817902564,-0.5584269074244688,-0.5843819211759734,-0.5887759839421289,14.47571987318462,-0.12338237701755768,-0.6433463400798308,0.7555675189864791,13.912369078173734,77.98500894239442,78.64467104272694,79.9126439125747,23.931090290372246,6.775853592674127,126401.0,490112.6658738114, 0.0, 0.0,0.0,NaN, 169.2206903333857,169.2206903333857,0.0, 213.31527648380404, -3.6884321966540017, 0.08636192026647889, -3.6884321966540017, 204.38568268538896, 8.620576079789117, 0.08636192026647889, 8.620576079789117, 200.9083152261077, 6.983655891031851, 5.09778451171956, 30.0, 0.0
21, 0 ,1.0,1.0,1.0,65.96805385101715,42.08248726244933,34.804217337944884,14.709102829894306,13.354915743907117,16.280562618336972,76.0,69.0,73.0,-0.1580440182692133,0.0037772009237807096,0.9874248432374498,16.320555796044562,0.9149370964718645,0.37664943972146275,0.14500106571036764,14.910553973438157,0.3713653158130884,-0.9263481701340428,0.06298309217842256,13.079871500524682,76.87621491734316,82.13006982654314,63.41410528375753,24.663316569632013,7.175584683008872,134445.0,400387.07883717853, 0.0, 0.0,0.0,NaN, 85.63908808243939,85.63908808243939,0.0, 216.3577060604047, 17.6015120145206, -8.070622831146782, 17.6015120145206, 178.3537745268582, 3.153893634736841, -8.070622831146782, 3.153893634736841, 265.0567191695912, 6.467810876138541, 4.931766236968224, 21.0, 0.0
22, 0 ,1.0,1.0,1.0,25.90989097596217,281.62376490506006,134.3014069501,15.587046097808264,11.690979853432763,19.46667368211345,64.0,48.0,106.0,0.11140219792188519,-0.07340579447250148,0.9910606135025416,19.558532808216615,0.9615566731611652,0.2598388229578966,-0.08884002691966503,15.77904955929343,-0.250994650535435,0.9628579206828577,0.09953044750667597,11.272612369354986,104.27260964581622,73.14353408850026,57.28251912709595,26.138079750550418,8.682579523866819,137034.0,436886.1650108023, 0.0, 0.0,0.0,NaN, 138.00679829424027,138.00679829424027,0.0, 242.9560060551998, 28.369260541527737, 17.79105019936567, 28.369260541527737, 136.67900993337076, -21.399034997692315, 17.79105019936567, -21.399034997692315, 378.9513842458884, 6.592480551647667, 4.89506089906632, 17.0, 0.0
23, 0 ,1.0,1.0,1.0,282.13623124203997,104.05851929785702,168.58658840467356,11.260539405827407,13.207700613304159,15.25074501554261,46.0,66.0,74.0,0.028368092665238605,-0.054995416971187885,0.9980835413083923,15.256567086819414,0.4115430512454766,-0.9092926207292416,-0.061800055492786506,13.65895254327492,-0.9109487188036988,-0.41250749568888273,0.0031619156198248633,10.700397323272941,74.03586948516622,69.85314844641286,55.91624825591282,22.08633761410692,6.783952942468457,90295.0,289178.62681337784, 0.0, 0.0,0.0,NaN, 168.57275705114105,168.57275705114105,NaN, 126.79974771019187, -27.15347301492825, 1.5155587356345752, -27.15347301492825, 174.44335549067503, -2.441691490451127, 1.5155587356345752, -2.441691490451127, 232.58522352909776, 6.891035258454786, 5.217080926595229, 14.0, 0.0
24, 0 ,1.0,1.0,1.0,33.65611406832893,181.0345036051844,207.30093336675563,15.311939948319452,15.49675169341719,14.340772964619946,69.0,73.0,74.0,-0.6342381356144445,0.7460876401963542,-0.20271956116405912,16.760874668884608,-0.596387449679595,-0.30526694106591284,0.7423840680920685,14.770116386267494,0.4919999971514045,0.5917476893393803,0.6385692405405404,13.460287126253991,95.78827830194773,77.41142641448408,67.44391712363733,24.961539899282734,7.5620177933954436,135638.0,500103.8793135229, 0.0, 0.0,0.0,NaN, 154.5271506930738,154.5271506930738,0.0, 234.45550498094113, -40.46834673056059, -3.5467218923975725, -40.46834673056059, 240.14931304742854, -23.466405934594185, -3.5467218923975725, -23.466405934594185, 205.65776922277436, 6.591620925494715, 4.928897089662428, 34.0, 0.0
25, 0 ,1.0,1.0,1.0,124.38519428279398,187.4564532880529,114.8011342092682,13.922608900957819,13.851955336129427,14.883996773801082,70.0,71.0,72.0,-0.2143994505285304,-0.3875821068007125,0.8965561812295902,15.070920666243522,-0.7481012652785014,-0.5250000294699644,-0.4058564597801076,14.234557844205613,-0.627994723307266,0.7577302155414272,0.17739094665109764,13.322679102096307,75.4541330432405,67.39517455328814,65.91289304806004,23.696921228438296,6.760546538474876,121318.0,335183.1746908618, 0.0, 0.0,0.0,NaN, 203.2659019093144,203.2659019093144,3.814697265625E-6, 193.8390386090299, 13.994299950510191, -1.911973513685627, 13.994299950510191, 191.8766666341245, -11.894645542890686, -1.911973513685627, -11.894645542890686, 221.533359962521, 6.427304877323573, 4.777070261162392, 30.0, 0.0
26, 0 ,1.0,1.0,1.0,276.84855987218054,206.05314294761993,11.849279576238251,15.064659289244931,17.727570284136156,7.584326796824479,61.0,84.0,31.0,-0.5566030443524004,0.8305800408084054,-0.01816168572427437,19.6249066179982,-0.8260051422466953,-0.5556127924686003,-0.09492065016244494,12.533490054806762,-0.0889300624066851,-0.037831477052207,0.995319156524374,7.517139610381153,100.56264414168734,68.2318189469018,33.77973667240317,22.726537720095912,9.068473074233781,69473.0,231782.09963907272, 0.0, 2.8421709430404007E-14,0.0,33.84163160200519, 97.48028804065056,97.48028804065056,0.0, 226.9439595010336, -105.7660225274291, 11.208113517792544, -105.7660225274291, 314.26674817898726, 0.3472638262997583, 11.208113517792544, 0.3472638262997583, 57.52201296102986, 7.347735320567456, 5.404014591864779, 11.0, 0.0
27, 0 ,1.0,1.0,1.0,31.051161656844872,14.200576588798915,71.78896214016196,18.060922760616346,9.007490587371096,14.524339872576316,72.0,37.0,77.0,-0.9749463217209431,0.024207293613089726,0.22111914593434145,18.23707006064745,-0.2212319449715361,-0.002051658419243669,-0.9752190611456698,14.307711702860892,-0.023153753192822993,-0.9997048552616219,0.00735568347779031,8.999273738001985,79.16844447618007,71.4935221735104,38.31594802431034,23.594902853505474,7.846580510921096,94348.0,216869.45133602206, 0.0, 0.0,0.0,NaN, 79.4951954576845,79.4951954576845,0.0, 326.19693096494956, -5.881896629437078, -27.54723280038337, -5.881896629437078, 81.1348866815789, 1.5943070384058806, -27.54723280038337, 1.5943070384058806, 210.9564487341102, 6.679543946850442, 5.165320725685851, 14.0, 0.0
28, 0 ,1.0,1.0,1.0,235.4156515712877,274.1316647564215,95.6528418228181,13.647297592606932,13.513637004426897,14.459514524806059,78.0,60.0,82.0,-0.47157147513582826,-0.5177569066180112,0.7138264001054929,15.36249871848028,-0.6511633631463329,-0.3414108435250867,-0.6778089040573649,13.511763506376894,-0.5946483148333778,0.7844529441418631,0.17614471349713345,12.624205204055482,78.8457894047616,103.17221419173143,65.99274467302739,23.1086661590288,6.6282897727992784,112551.0,536830.828520886, 0.0, 0.0,0.0,NaN, 118.27837916972206,118.27837916972206,0.0, 186.24873158117498, 23.86841928872317, -15.558744446118434, 23.86841928872317, 182.61838508741596, -22.955624232324038, -15.558744446118434, -22.955624232324038, 209.07756029307737, 6.111218101696503, 4.720628906256816, 24.0, 0.0
29, 0 ,1.0,1.0,1.0,135.30455603193488,23.794106863603375,250.19822367879564,15.947578647978222,13.951632386943206,14.690458227723063,77.0,60.0,76.0,0.8400311455122471,-0.13163280448169687,0.5263273499958604,16.61753879241927,-0.46394063210020037,-0.6772092708260831,0.5710925436334041,14.524883335546505,0.2812592477694705,-0.7239201670705742,-0.6299466860399089,13.329217625409743,86.47627792013111,74.66364651577175,69.35978875657736,24.712200522321414,7.354591713949165,133647.0,447830.7874246223, 0.0, 0.0,0.0,NaN, 146.12905025758175,146.12905025758175,0.0, 254.32526473345092, -0.4252136723552613, 34.71464156772744, -0.4252136723552613, 194.6480462604026, -19.702877573238222, 34.71464156772744, -19.702877573238222, 215.80956294047624, 7.619655346862975, 5.237225025810405, 20.0, 0.0
30, 0 ,1.0,1.0,1.0,19.8004726995954,253.96059768457317,83.24797500300444,12.004319941121553,16.334128422023543,16.23459637139688,50.0,81.0,89.0,0.221931403685387,-0.7424434512588237,-0.6320792464091199,16.808843359146348,-1.4721818779180388E-4,0.6482194765256593,-0.7614535367175108,15.968726476953384,0.9750622700038386,0.1690835058061167,0.14375095714211403,11.701800183308057,79.62005270079646,78.3144736350975,55.68613678238101,24.757304457208594,7.845090433590101,124815.0,347225.47751398117, 0.0, -2.8421709430404007E-14,0.0,42.060021804405224, 97.1694943219836,97.1694943219836,0.0, 144.10369724880857, -24.00283840294323, -20.411989188199897, -24.00283840294323, 266.80375130715737, 10.0528906066157, -20.411989188199897, 10.0528906066157, 263.5621193421727, 6.52381310119526, 5.18757816204707, 17.0, 0.0
31, 0 ,1.0,1.0,1.0,165.66636644364385,11.104649167953337,220.49692628809973,16.457475555321455,7.588521804650288,15.464733406818246,84.0,31.0,84.0,0.842492598583559,0.03480269655901896,0.5375825458886684,17.104787642977737,-0.5385034666605004,0.026917145913129922,0.8421932578989899,14.759208221606512,-0.014840408570673293,0.9990316509340993,-0.04141886895297086,7.562020664975396,82.3639395145629,73.626439200269,33.415037197631506,22.33187383160402,8.299370780183535,69948.0,202634.2517640811, 0.0, 0.0,0.0,NaN, 156.49146004570522,156.49146004570522,0.0, 270.8485016540032, 4.573242946653574, 33.751483513258364, 4.573242946653574, 57.585663179652855, 8.04582689385145, 33.751483513258364, 8.04582689385145, 239.15797934396025, 6.739239193168463, 4.781428515613122, 18.0, 0.0
32, 0 ,1.0,1.0,1.0,58.96523402537688,111.91045260700935,158.35696109229391,13.967294975932528,12.857850865873406,14.674243903908254,71.0,66.0,71.0,0.5781792073203875,0.15228592750177367,0.8015720806685401,15.380037726324623,-0.7260190397464301,-0.352253208120966,0.5906048012792978,13.326507749663318,-0.3722971369055099,0.923432008137801,0.0931029977957114,12.712266624018508,75.39021470906206,65.90882281371856,64.54970711621766,23.099115443905426,6.494147957540512,113962.0,320739.7682637314, -7.105427357601002E-15, 1.4210854715202004E-14,0.0,84.81282498287558, 189.90418293808878,189.90418293808878,0.0, 195.08532894471003, 10.68906489206019, 27.87478527796618, 10.68906489206019, 165.32432888904148, 5.820806829880584, 27.87478527796618, 5.820806829880584, 215.33343415138853, 6.613592857983682, 4.932532606499072, 24.0, 0.0
33, 0 ,1.0,1.0,1.0,144.7337803749342,152.6049852095167,58.39067745857757,13.38416038663635,13.962682661184944,13.932884767784442,67.0,67.0,65.0,0.5199772606556855,0.6169599800874497,0.5907487040794104,14.949942927787465,-0.010850473524572697,-0.6867707600068611,0.7267930863897171,13.49164364214839,-0.8541111845803809,0.3843257812977054,0.35041087055713127,12.755088890074214,75.64825369941417,67.35318710148604,64.77300131278747,22.931424110270658,6.509018557312915,110206.0,330028.2214608096, 0.0, 0.0,0.0,NaN, 214.66864880736105,214.66864880736105,0.0, 179.13574925520567, 19.651740023791966, 18.52645124546066, 19.651740023791966, 194.95650709695468, 12.513314717927821, 18.52645124546066, 12.513314717927821, 194.1252779523597, 6.141655081058449, 4.728001869383532, 19.0, 0.0
34, 0 ,1.0,1.0,1.0,24.68380242739217,14.421172369890318,264.4357617690951,13.829611656927247,9.144125040454977,19.43991878837819,50.0,41.0,78.0,0.08604734889028275,0.05654436996138127,0.9946851702798349,19.499078716298808,-0.9946847779569782,-0.051794573247657676,0.08899165512995635,13.791158725104694,-0.05655127098156121,0.9970556937341887,-0.05178703836488928,9.075984468375024,81.64686371911719,55.428298119228316,42.15075775955911,24.128429524780422,8.402530125114577,95823.0,190755.22279605852, 0.0, 0.0,0.0,NaN, 45.629763923794044,45.629763923794044,0.0, 191.258158581418, 7.004081500634517, 15.947874162172122, 7.004081500634517, 83.61502275547575, 16.25471469817151, 15.947874162172122, 16.25471469817151, 377.91044249873937, 6.247766023544732, 4.813014561467945, 10.0, 0.0
35, 0 ,1.0,1.0,1.0,53.40380544064629,19.074133456165683,163.7151588700605,15.147068525882393,12.004045469209883,15.642460788516486,87.0,48.0,80.0,-0.5742708521194799,0.18508062134531922,0.7974698439492223,16.32362364317133,0.8139477446782577,0.024655651415087895,0.5804146515952845,14.561776165441476,-0.08776136586872567,-0.9824139974856466,0.16480497627537657,11.819955927946163,88.04739186258645,76.99328467763088,52.866155376343386,23.74662925198379,7.3698691469918085,112891.0,358382.7286060672, 0.0, 0.0,0.0,NaN, 147.61215032800948,147.61215032800948,0.0, 229.43368492777702, -12.020102999643555, -23.874057562166517, -12.020102999643555, 144.0971076268583, 19.742856697315016, -23.874057562166517, 19.742856697315016, 244.6865795202758, 6.38311612117637, 4.749386989491483, 21.0, 0.0
36, 0 ,1.0,1.0,1.0,128.8807812458042,92.98149822322075,209.56716404550704,14.37935658894975,12.6325433831459,14.427501243649367,69.0,64.0,69.0,0.6516636524259507,0.08495450424935093,0.7537355081954262,15.257016454415036,-0.6480360657454926,0.5787754810027316,0.4950436345244337,14.394075209010717,0.3941874447518259,0.8110497363280529,-0.4322205265859343,11.598874435124806,72.0487776583766,71.28038846574088,59.27101532334629,23.061054049665138,6.533576852931299,111719.0,304396.0706109049, 0.0, 0.0,0.0,NaN, 182.84942604541004,182.84942604541004,0.0, 206.76589591217262, -21.811826324662054, 24.946697141239202, -21.811826324662054, 159.58115232706328, 27.107988149572165, 24.946697141239202, 27.107988149572165, 208.15279213550403, 6.677076859039265, 4.824818824223149, 27.0, 0.0
37, 0 ,1.0,1.0,1.0,282.2348476750401,255.4320577231427,246.07111704970603,11.078103940760208,14.269777468458747,15.82749870364788,44.0,76.0,89.0,0.2308138536027591,0.3933411276653999,0.8899481570698127,16.35919479082916,-0.11366117477301195,-0.8974836647716463,0.4261504532641895,13.992517662579415,-0.9663364333058455,0.19951398135210183,0.1624440485544799,10.651142961847162,93.72180575758591,78.02234048967236,53.51708239577556,22.781563543724662,7.606642731116117,93550.0,391338.02646601346, 0.0, 2.8421709430404007E-14,0.0,66.83744546573085, 72.18189892340614,72.18189892340614,0.0, 122.72438692228684, 22.397260201203245, 27.681278016226226, 22.397260201203245, 203.6265489993329, 22.4765207906781, 27.681278016226226, 22.4765207906781, 250.50971521397534, 6.361811865003653, 4.8971788350880985, 16.0, 0.0
38, 0 ,1.0,1.0,1.0,133.72636204201456,278.38065690647755,54.5574173624614,13.723438094535695,12.458895283576013,15.010311729351168,62.0,53.0,76.0,-0.11892948458833152,-0.019420678732603537,0.9927127555003605,15.030234933269945,-0.972597152395508,0.20344441063906094,-0.11253955274423902,13.756124208442554,0.19977626697809223,0.9788938701500233,0.04308403573259862,12.398684109476127,74.82723027369613,67.02342115660481,57.89128837138628,22.85879141528152,6.807491319618817,104916.0,290335.05612369446, 0.0, 0.0,0.0,NaN, 146.036460139409,146.036460139409,1.9073486328125E-6, 188.3327531345535, -6.858360220289817, -4.635776287141974, -6.858360220289817, 155.2240716871126, -2.204454775292593, -4.635776287141974, -2.204454775292593, 225.30945821229722, 6.178389645357607, 4.639203678887133, 15.0, 0.0
39, 0 ,1.0,1.0,1.0,199.8252423609129,175.0428470157155,190.52013920216535,14.45535852395337,12.41652175614098,14.250236139083832,76.0,65.0,67.0,-0.9596468289705092,-0.2697130301927462,-0.07957917435543592,14.614119070132718,0.09213825635672304,-0.03420782712164211,-0.9951584628988284,14.254199823617167,0.26568497391156476,-0.9623329496114443,0.057678321141902994,12.224644935080129,77.04475934251607,67.80499869261561,63.09527673011303,22.879343055203325,6.53699426025683,108619.0,329610.975334216, 0.0, 0.0,0.0,NaN, 193.99771150789633,193.99771150789633,0.0, 208.95739005603133, 16.429476629800583, -0.030047391934245455, 16.429476629800583, 154.1700125207223, 3.2059057085143166, -0.030047391934245455, 3.2059057085143166, 203.0692300196509, 6.617703684963417, 4.834611645458759, 33.0, 0.0
40, 0 ,1.0,1.0,1.0,103.96717898139777,217.16207775129448,276.5292914349379,14.740989400371815,15.051195382864915,12.768435216952987,77.0,72.0,54.0,-0.6340463800054768,0.7584787649100582,0.15064909950764532,16.008803966954876,0.7686207044990314,0.5967511771133324,0.23045660161788686,13.837556351186391,0.08489641109825319,0.2619121909998965,-0.961350406245439,12.613818558229099,89.89065532973575,64.69767475876765,63.599628205740515,23.49349397035655,7.41106806806112,109503.0,369877.3996691305, 0.0, -2.8421709430404007E-14,0.0,40.66972791953824, 134.9895174759087,134.9895174759087,0.0, 217.2967685018742, -31.884610399366704, -3.5481194723689633, -31.884610399366704, 226.5384824531741, 15.555063656819366, -3.5481194723689633, 15.555063656819366, 163.0329378895253, 5.401656846965536, 4.381849404683857, 23.0, 0.0
41, 0 ,1.0,1.0,1.0,175.61176778822414,280.20187027016135,173.37239134596976,13.304125825280048,11.38821031632187,15.999790675813582,71.0,49.0,75.0,0.2908882790664593,-0.10060932172697289,0.9514524546625502,16.271064949612548,0.9188692510521556,-0.24770333046323748,-0.3071194548514817,13.135826225334425,-0.2665770218391014,-0.963597854117089,-0.02039281658664732,11.197629866932596,77.66874893557574,71.63560435227379,55.27331355045766,22.694608061851675,6.902113065754964,99237.0,307532.3022987036, 0.0, 0.0,0.0,NaN, 178.60277021090246,178.60277021090246,0.0, 176.9997639748835, -14.81316992756218, 25.26081120334384, -14.81316992756218, 129.6913342087799, -9.75239190860067, 25.26081120334384, -9.75239190860067, 255.99330166985123, 6.6239415036661615, 4.92907137992911, 29.0, 0.0
42, 0 ,1.0,1.0,1.0,240.57003534427756,94.0100564090619,186.5681314118469,13.419699118982974,12.266493327428856,13.716677616199888,65.0,61.0,71.0,0.6288270324255106,-0.32814062128120147,0.7049115518674052,14.105585444331062,0.6601596051752369,-0.2536747426154956,-0.7069925181031536,13.330092424716854,-0.4108112206181835,-0.9099301388700943,-0.05710764738674752,11.918201334254682,64.94428860072873,65.12585120157816,60.207515311643476,21.94057957213232,6.108469191340126,98743.0,254650.82136532708, 0.0, 0.0,0.0,NaN, 158.86031668234662,158.86031668234662,0.0, 180.0883244440324, -17.7157068865325, 8.594721521742045, -17.7157068865325, 150.46685855185663, -6.773798188144631, 8.594721521742045, -6.773798188144631, 188.14724482675905, 6.749431168332654, 4.7519057715417805, 19.0, 0.0
43, 0 ,1.0,1.0,1.0,118.37174421269769,169.5095759798304,271.79735961494384,14.425234630276988,12.418026699102388,14.473644051354126,69.0,60.0,63.0,-0.7552670111658026,-0.08117128896192859,-0.6503714044243758,14.545071473337925,0.6209547813803615,0.22891286227496266,-0.7496759706472872,14.473941177481963,0.20973054456979634,-0.9700567629439752,-0.12248663331610352,12.277095584450908,71.17953369735176,75.13009540460897,57.04674265190383,22.969252459409663,6.647901535024945,109075.0,305070.30083516025, 1.4210854715202004E-14, 0.0,0.0,40.95129391275052, 178.42367980066092,178.42367980066092,3.3036247397782844E-6, 208.08739413854244, 12.082903627502699, 2.5236090977145413, 12.082903627502699, 154.20738709961975, -6.8737734780455915, 2.5236090977145413, -6.8737734780455915, 209.4863721252987, 6.069739384680419, 4.535440262907942, 17.0, 0.0
44, 0 ,1.0,1.0,1.0,91.90609798630615,268.20567395414577,42.05698735246067,12.120270280495282,15.531057929707007,14.045363493805556,61.0,64.0,65.0,0.19157821563288902,0.8484435116671615,-0.49339780583704784,16.10113947890437,0.4275271387867551,-0.524649368102482,-0.7361817616258073,14.000932274418684,-0.8834694861146755,-0.0699045639394271,-0.46324401673924476,11.40675899146232,81.43488264351396,68.99664661623609,57.648175081319096,23.19960914884023,6.867683969314379,108954.0,323909.75099006575, 0.0, 0.0,0.0,NaN, 105.95470825283617,105.95470825283617,0.0, 146.90095167225718, 6.205455974309035, -32.95113499639312, 6.205455974309035, 241.21376041591492, -28.599831392893424, -32.95113499639312, -28.599831392893424, 197.2722356731258, 6.899910054215087, 4.658548932320349, 15.0, 0.0
45, 0 ,1.0,1.0,1.0,50.84814418272662,187.0361646443017,47.80362666122837,15.777691507550468,11.587839893842904,14.963792736604963,75.0,60.0,73.0,-0.9814461267367097,-0.19128074400118983,0.013235455710378912,15.922225177250152,-0.005481059128248755,0.09698948271832952,0.9952703141523231,14.993300988003877,-0.19165974617624526,0.9767316505654877,-0.09623837321606754,11.34955270770184,74.5530562742388,72.46456544522104,59.850912884458694,23.656646996320106,6.89142428444164,117684.0,323341.8531247696, 0.0, 0.0,0.0,NaN, 132.7838415887369,132.7838415887369,0.0, 248.93554930743016, 23.36004298254898, -2.143523231171507, 23.36004298254898, 134.27803340533714, 8.949957215337474, -2.143523231171507, 8.949957215337474, 223.91509306407147, 6.714442440456365, 4.744127890486477, 26.0, 0.0
46, 0 ,1.0,1.0,1.0,280.0945723449411,235.02877999105385,50.98290712171538,12.0712574879811,13.375260547490766,16.46624202969422,49.0,61.0,80.0,0.30848654259950814,0.024677928390177826,0.9509085407574015,16.910501782450396,0.01902286051011944,-0.999623549784207,0.01977092549259881,13.373078934107573,0.951038476515548,0.011989936079505294,-0.3088398575634223,11.443149388290868,90.32477147886723,60.67448813458773,59.892989160568476,23.264461496562074,7.38341451564857,105073.0,328238.0933242488, 0.0, 0.0,0.0,NaN, 84.95141139594517,84.95141139594517,0.0, 145.7152573411398, 0.2694033027409402, 45.49179001200603, 0.2694033027409402, 178.89759471326298, 2.6912117181761777, 45.49179001200603, 2.6912117181761777, 271.13712658046853, 6.218030928584621, 4.527473363704079, 14.0, 0.0
47, 0 ,1.0,1.0,1.0,187.3251809333666,67.15512625632417,61.81925947773215,11.987192821656665,12.92637701480584,13.507047592126474,59.0,64.0,73.0,0.06297308565884806,0.37176006786735394,0.9261905000710512,13.61091352880412,-0.21782148936884965,-0.900539591788467,0.3762741585474563,12.866279800275018,-0.9739549215706749,0.22543933898217586,-0.02426757481785247,11.934245939350307,69.73543786554823,65.15214030561825,57.83363171785214,21.339310126098717,6.152901142600112,88154.0,262762.0760399785, 0.0, 0.0,0.0,NaN, 145.00705733369185,145.00705733369185,0.0, 143.69279174357706, 5.53685766654049, 0.6035926652374262, 5.53685766654049, 167.09122272890076, 6.915019473217767, 0.6035926652374262, 6.915019473217767, 182.4403346559696, 5.956040538994, 4.5327817676130095, 29.0, 0.0
48, 0 ,1.0,1.0,1.0,230.84630198541888,241.43778944472464,286.56049108166354,17.71609899019783,15.831623478897344,7.9243521684840275,98.0,88.0,33.0,-0.9112623977139825,-0.4116848363674216,0.010790644915534754,18.17189682770724,-0.4105694912609239,0.9102150801518952,0.05423283792893717,15.323882653933293,-0.03214864473519949,0.04499003633260871,-0.9984700102018492,7.89028572295488,107.00616293976941,81.29582453026022,34.164060654674756,23.69165104143069,8.12413033064247,87236.0,297198.4333049863, 2.8421709430404007E-14, 0.0,-5.6843418860808015E-14,86.19039631276833, 91.60997136872345,91.60997136872345,0.0, 313.86016343048857, 36.03784998022437, -6.4772792835188975, 36.03784998022437, 250.64030197757364, 7.328032980652255, -6.4772792835188975, 7.328032980652255, 62.795357290157504, 6.9262953978593, 5.148191289293631, 17.0, 0.0
49, 0 ,1.0,1.0,1.0,80.8429868028518,280.0839485260656,121.22617181574556,11.979837996352193,11.739700509672467,13.476128862591187,61.0,49.0,63.0,-0.354676898002586,0.3009145775013394,0.8852427435853135,13.872930283492845,0.7160632675181385,-0.5213841889195061,0.464124901783987,11.931402431270591,-0.6012135185892864,-0.7985041919689209,0.03055094881588454,11.31930108130481,70.31116660558769,60.99663290235723,57.56703380936534,20.65645936417435,6.021114691897535,79108.0,246890.29493246504, 0.0, 0.0,-1.4210854715202004E-14,27.718591779768804, 147.06468765349192,147.06468765349192,0.0, 143.51651841884373, -12.179302666705984, -15.468697475307266, -12.179302666705984, 137.82056805680398, 13.692900755569916, -15.468697475307266, 13.692900755569916, 181.60604912116324, 6.802851586199198, 4.803337198316112, 18.0, 0.0
