// Sample: .//bubblelabels.tif, Map: .//bubblelabels.tif, Thickness:(8.191250068658265):/gpfs/home/mader/Foam/NewValid/InSilicoTest/LatticeDataPhi_16.0/out_Step_05000.vtk/distmap.tif, Neighbors:(1.0):
//LACUNA_NUMBER, TRIANGLES, SCALE_X, SCALE_Y, SCALE_Z, POS_X, POS_Y, POS_Z , STD_X, STD_Y, STD_Z,PROJ_X, PROJ_Y, PROJ_Z, PCA1_X, PCA1_Y, PCA1_Z, PCA1_S, PCA2_X, PCA2_Y, PCA2_Z, PCA2_S, PCA3_X, PCA3_Y, PCA3_Z, PCA3_S,PROJ_PCA1, PROJ_PCA2, PROJ_PCA3,OBJ_RADIUS, OBJ_RADIUS_STD, VOLUME, VOLUME_BOX, Mask_Grad_X,Mask_Grad_Y,Mask_Grad_Z,Mask_Angle, Mask_Distance_Mean,Mask_Distance_COV, Mask_Distance_STD, SHAPET_XX, SHAPET_XY, SHAPET_XZ, SHAPET_YX, SHAPET_YY, SHAPET_YZ, SHAPET_ZX, SHAPET_ZY, SHAPET_ZZ, Thickness, Thickness_STD, Neighbors, Neighbors_STD
1, 0 ,1.0,1.0,1.0,128.89304738931605,15.041421679481381,183.03276546560127,22.44198749126788,9.442642962376105,9.683691960728844,90.0,39.0,41.0,-0.9923031228934516,-0.039331464086557175,0.11742039102605481,22.588397774738112,0.05399297428785971,0.7159184506158205,0.6960930475126104,10.043898741031207,0.11144178311322132,-0.6970751810247229,0.7082844915539908,8.687035323603652,90.95288853847629,55.86671180486759,46.508473453000946,24.340031716283075,9.702734393651971,79596.0,236320.6603869258, 0.0, 1.7763568394002505E-15,0.0,87.74589168007384, 74.63464425763225,74.63464425763225,0.0, 503.64280255822405, 17.950985260031032, -49.7028502385965, 17.950985260031032, 89.16350611491099, 10.657708581586023, -49.7028502385965, 10.657708581586023, 93.77388999028443, 11.712471552210388, 6.446565842992638, 10.0, 0.0
2, 0 ,1.0,1.0,1.0,180.94248767718156,165.50535375025171,92.03305054325463,11.196528624038297,16.3111080529544,15.51935802516277,48.0,72.0,80.0,0.16277621273636195,0.9414731883575873,0.2951815376526886,16.537163342245364,0.048369936606138426,0.2911974464098547,-0.9554393735015836,15.418712003373074,-0.9854766632447085,0.16980071498135305,0.0018610190478603353,11.002296187895595,78.42814357789814,83.60531625425861,54.81505371397843,23.994681861526498,7.517992752146312,114219.0,359422.8414884248, 0.0, 0.0,0.0,NaN, 100.11569201742009,100.11569201742009,0.0, 125.36225322890891, 25.002938817406985, 1.9313083551657046, 25.002938817406985, 266.0522459151539, 9.895772941391703, 1.9313083551657046, 9.895772941391703, 240.85047351318408, 7.869377293633352, 5.534100275016755, 17.0, 0.0
3, 0 ,1.0,1.0,1.0,169.61872996434104,62.15008464503116,169.47072002305225,15.094013132587246,15.204876386880033,14.45040772219985,61.0,78.0,69.0,-0.6938380891689219,-0.711463660666766,-0.11139194571002105,16.278037561429198,0.21628771737475336,-0.35342388566970073,0.9101160257631713,14.535797555004276,-0.6868830536060982,0.6073804545659784,0.3990998046604217,13.840804323212687,79.84797247557034,75.14404354969884,74.01966215719914,24.827213068822285,7.172257173312298,138815.0,444125.33945839, 0.0, 0.0,0.0,NaN, 75.61541857501702,75.61541857501702,0.0, 227.82923244671628, 34.72895854138764, 9.555576327774903, 34.72895854138764, 231.188265940302, -0.5259948921965139, 9.555576327774903, -0.5259948921965139, 208.81428333781307, 8.097176190864342, 5.5160464663648785, 17.0, 0.0
4, 0 ,1.0,1.0,1.0,16.22966667322951,44.493630761355355,15.68012049378827,10.082856459066154,12.168979575138009,10.433072752623332,45.0,61.0,41.0,-0.15391356519461236,-0.9255455150590093,0.3459423564746534,12.404527253709034,0.6476836370388608,-0.35891016120374014,-0.6720784199011443,10.785828117323708,-0.7462013942369693,-0.12061921794995044,-0.6547018279338659,9.401631814282478,58.819434053294444,61.98187309816021,48.29774077836844,18.116440748648653,5.512861320267691,50791.0,176080.94254288252, 0.0, 0.0,0.0,NaN, 49.889392032291624,49.889392032291624,0.0, 101.66399437413206, 2.8323875719869545, -15.650186166053913, 2.8323875719869545, 148.084063900126, -14.22586641373977, -15.650186166053913, -14.22586641373977, 108.84900706153137, 9.472214494439847, 5.9095188995894175, 7.0, 0.0
5, 0 ,1.0,1.0,1.0,29.506825951166206,108.5228848411462,173.30950464784885,16.30325052914001,14.392239644445315,13.966002176844363,74.0,70.0,63.0,-0.9827052066138644,0.16212223404774279,-0.08948104895099725,16.359723589633397,-0.18464487677466623,-0.8212834728722238,0.5398145298783715,14.628964600204318,0.014026630916589143,0.5470007663745159,0.8370145848256301,13.650443047734026,76.61739531106657,77.44497419522801,70.51872917015203,24.77658002970391,7.355463182856082,135439.0,418432.20230251027, 0.0, 0.0,0.0,NaN, 99.75518992835319,99.75518992835319,0.0, 265.79597781590394, -8.75718889710977, 4.391337524295774, -8.75718889710977, 207.13656198314342, -13.447624463086788, 4.391337524295774, -13.447624463086788, 195.04921680362148, 7.576917687537547, 5.175532479806738, 18.0, 0.0
6, 0 ,1.0,1.0,1.0,49.04388672052283,12.637389942815648,24.43842470727058,20.165459449579163,8.19364905446878,14.153273380950518,86.0,34.0,62.0,-0.9828657333185937,-0.021284932009411534,0.1830898739347914,20.351131291865546,-0.1839463056452316,0.04979781497999424,-0.9816740468519523,13.901932854221128,-0.01177738967573212,0.9985324878503319,0.05285985054701686,8.16483343947198,86.61567103996339,69.56526558638481,35.53158822211438,24.372147347577474,8.949593326196423,88136.0,214093.52967953103, 0.0, 0.0,0.0,NaN, 56.23382479784909,56.23382479784909,6.743495761743046E-7, 406.64575481262165, 6.110199869533301, -39.67361607932872, 6.110199869533301, 67.13588482779713, -7.543074166973059, -39.67361607932872, -7.543074166973059, 200.3151473959225, 7.655197462856396, 5.075256788026927, 10.0, 0.0
7, 0 ,1.0,1.0,1.0,161.59975722706753,176.0818277808725,138.5514021799679,15.467651338359236,14.121631509552614,15.019540043030654,74.0,59.0,80.0,-0.8053346721858462,0.4067993767650223,-0.4312195877263752,16.719132430159863,-0.16076358010325814,0.5502814803575157,0.8193566767213926,14.984967705893572,0.5706059385317497,0.7291807453842502,-0.37776223140114307,12.656091464466437,89.8615013403596,83.01422472715748,73.60089003226571,24.544468557541734,7.862846860309882,120277.0,549046.6584283508, 0.0, 0.0,0.0,NaN, 76.30588300630595,76.30588300630595,NaN, 239.24823792504628, -44.795844680436296, 32.96901735945884, -44.795844680436296, 199.42047649158923, 8.087274372862357, 32.96901735945884, 8.087274372862357, 225.58658310420125, 7.589752245521417, 5.038160672403071, 19.0, 0.0
8, 0 ,1.0,1.0,1.0,89.25770042648516,123.75529875500797,79.51894412613622,13.511581270051314,12.440368746759209,12.679268799582099,70.0,61.0,65.0,-0.7540719454427025,-0.4679174329418806,-0.46089996424966045,13.831258211536072,-0.6518519806740075,0.44727703175668443,0.6123987689033202,13.09909103091704,-0.08040209193565931,0.7622312856423639,-0.6422919669436624,11.627535023132186,67.38242038625381,68.72373542772223,57.74239365347534,21.49677932296833,5.998161301950316,92852.0,267391.8384425801, 0.0, 0.0,0.0,NaN, 141.7866496828874,141.7866496828874,0.0, 182.5628284172015, 9.187149564793172, 4.973793832656421, 9.187149564793172, 154.7627745553433, 22.066319836835888, 4.973793832656421, 22.066319836835888, 160.7638572920561, 7.387737891682246, 4.9717798054966655, 22.0, 0.0
9, 0 ,1.0,1.0,1.0,171.2327076164844,38.7084681861025,16.218716996559124,15.796797203508362,14.006203797672658,11.14206144433785,72.0,69.0,52.0,0.8560811319813177,0.3895471150985239,0.3396735794612281,16.84231501568448,0.42022655676950865,-0.9072272200424115,-0.018665802949803006,13.523523749069268,-0.3008899075263719,-0.15871930044117372,0.9403581483755197,10.164094168243336,88.76862780827759,75.61612255090732,56.20949259605841,22.57057007273722,7.773509280352778,88059.0,377297.1940001964, 0.0, 0.0,0.0,NaN, 50.881719717474766,50.881719717474766,0.0, 249.5388018887696, 29.807448073796007, 51.82083661302643, 29.807448073796007, 196.17374482193998, 25.211902278422958, 51.82083661302643, 25.211902278422958, 124.14553322940004, 7.5295715146690245, 5.0245742286978565, 13.0, 0.0
10, 0 ,1.0,1.0,1.0,76.34615950622842,54.41950674780772,43.27598923120872,12.734648688684784,14.433514115590492,16.399051620331356,64.0,68.0,80.0,-0.21811896711332082,0.5572856746333741,0.801159655146116,18.194405328882187,0.6598723458538643,-0.5206093458178891,0.5417881469951039,12.631508397295546,-0.7190219769678368,-0.6468373720615525,0.25418263265173824,12.199799643144104,88.74824719558171,65.56149678034703,63.88671347598675,24.118342749213486,7.59816056864283,115519.0,371722.79305151897, 0.0, 0.0,0.0,NaN, 103.2619486062744,103.2619486062744,0.0, 162.1712772242211, -25.83006462860091, -28.00684958645378, -25.83006462860091, 208.32632972495, 78.32462439829172, -28.00684958645378, 78.32462439829172, 268.9288940462925, 7.5471562587948835, 4.799113141564815, 18.0, 0.0
11, 0 ,1.0,1.0,1.0,60.281360501892465,74.08265671177477,139.00127547052418,12.199927516365845,14.98373191675815,12.143452559701458,63.0,65.0,61.0,-0.010879193658939813,0.9584008887693389,0.28521812626737425,15.234560840408767,0.8238178352627906,-0.15307591197083897,0.5457947778031822,12.524243810860865,0.5667502249212262,0.2409055864450563,-0.7878824030090421,11.483264631348282,68.42816401400665,64.85567683644953,54.14213361433808,21.950108926698178,6.24552733831186,96435.0,240280.34672645642, -7.105427357601002E-15, 0.0,0.0,89.37665582224885, 113.3266378379623,113.3266378379623,NaN, 148.83823140458048, -4.19659588905043, 10.925985302621191, -4.19659588905043, 224.5122221532769, 25.309263578829942, 10.925985302621191, 25.309263578829942, 147.4634400697199, 8.163836683073404, 5.137894477934921, 21.0, 0.0
12, 0 ,1.0,1.0,1.0,41.43953800451902,55.309151593700896,176.6942434078475,13.424820809359675,12.182875737600964,12.580828005818386,67.0,61.0,52.0,0.8196960580726599,0.270769749222583,0.504759462799938,13.922644438431142,-0.5565982249353735,0.5846202852946196,0.5902690386771344,12.372315447985027,-0.1352656215707959,-0.7647894252197635,0.6299209051087996,11.832636671925677,70.4374529253442,70.83415464980179,64.0257476337341,21.214429364750444,6.072354983133456,87187.0,319448.62041644857, 0.0, 0.0,2.8421709430404007E-14,59.6846137290979, 72.9348740341383,72.9348740341383,0.0, 180.22581376341654, 7.696579680757504, 17.979884663131582, 7.696579680757504, 148.42246123782624, 11.864754644440847, 17.979884663131582, 11.864754644440847, 158.27723331198425, 7.390628504170582, 4.890300423397454, 11.0, 0.0
13, 0 ,1.0,1.0,1.0,78.45186059266399,186.40525852183018,27.481959148398676,12.262321157579391,7.91688674818612,14.922511806578136,59.0,31.0,59.0,-0.22016585154405133,0.009181208250768394,0.9754192448526628,15.052813645974352,0.9751570614033458,0.02709146880782376,0.21985167252724327,12.105127229255954,0.02440703605672443,-0.9995907951421373,0.01491773635760509,7.912121755621714,60.63515156415833,60.0856309038989,31.966331238910897,19.860947921173896,6.4238401478506315,60169.0,116462.97733167105, 0.0, 0.0,3.552713678800501E-15,12.730014085148524, 84.23045473546554,84.23045473546554,0.0, 150.36452017161918, 1.885885278274231, -17.222282326890344, 1.885885278274231, 62.677095783605004, 1.9684872297272424, -17.222282326890344, 1.9684872297272424, 222.68135861746384, 7.444830220393581, 4.898669303118372, 10.0, 0.0
14, 0 ,1.0,1.0,1.0,183.88216537817522,19.474152980156045,176.69188428515443,9.523678069785763,11.857988983770584,12.542911148838307,40.0,49.0,54.0,0.17857641060545595,0.6058043438599767,0.7753138477646682,13.495409158351825,-0.18410899854483004,-0.75348883166297,0.6311564443258051,10.954183894120114,-0.9665476409521117,0.25545190842809645,0.023021299927503715,9.30143825793992,75.48004166175096,59.584991496036636,42.67785466392593,18.81498284869601,5.8850137813827805,56138.0,191942.69709704857, 0.0, 0.0,0.0,NaN, 34.38452392236433,34.38452392236433,0.0, 90.70044397691828, 14.987361893258582, 9.347248112620616, 14.987361893258582, 140.61190273922452, 28.98577477105996, 9.347248112620616, 28.98577477105996, 157.3246200876523, 7.908224307456925, 5.184006953704218, 3.0, 0.0
15, 0 ,1.0,1.0,1.0,184.88721085353268,14.566664149613633,97.16058798358881,8.367327665566167,8.626982114752307,14.151221781864676,33.0,35.0,72.0,-0.2036704577930708,-0.13736631116239598,0.9693548582330399,14.466868394846651,0.5104621060938223,-0.8597765458318072,-0.014585248704988903,8.709093907002911,0.8354320935088746,0.4918483382051453,0.24523137919160523,7.717219237258863,76.11554271367677,43.33504496372344,42.99126596051471,17.54903481837427,6.060152434899421,39729.0,141805.42106393146, 0.0, 0.0,0.0,NaN, 99.40203195885849,99.40203195885849,0.0, 70.01217226294897, -2.961458328817336, -29.683289416937974, -2.961458328817336, 74.4248204082562, -19.73387996865084, -29.683289416937974, -19.73387996865084, 200.25707791952124, 7.795573990547209, 5.349315572069834, 8.0, 0.0
16, 0 ,1.0,1.0,1.0,101.55942446043166,84.65635683453237,13.573248920863309,14.52146611351699,17.469706360156337,9.320645687636077,73.0,84.0,37.0,-0.1555060536087833,0.9784565977938644,0.1357959996637519,17.671755397325985,0.9864089660785162,0.1464236534282165,0.07454840948434759,14.447336307525255,-0.05305863672329518,-0.14554312058764257,0.9879281254821507,9.051054591863895,87.53451582126688,71.5872957222304,42.271893236110046,23.132512717072633,8.235588007241132,86875.0,264890.87004051835, 1.4210854715202004E-14, 0.0,1.7763568394002505E-15,85.17357655358362, 130.54301494651048,130.54301494651048,0.0, 210.87297808602221, -16.737311564411783, 4.459822761968839, -16.737311564411783, 305.19064031008674, 31.99343623923391, 4.459822761968839, 31.99343623923391, 86.874436034449, 7.671453177500114, 4.860142363833025, 16.0, 0.0
17, 0 ,1.0,1.0,1.0,77.09106303312052,124.05743765579477,126.48097857526005,11.194968499822332,13.999539212868617,14.562927979401893,59.0,63.0,71.0,0.019887190368791614,-0.6176746452261941,0.7861822513284887,15.37206158090098,0.36694104333078253,-0.7269544097612902,-0.5804236012154667,13.430841360727502,-0.9300315964409771,-0.3000255302025306,-0.21219309802191513,10.803032551735935,71.91382974612462,63.362147767499906,60.656922677637056,22.144252914074325,6.559371318613666,95077.0,276390.22594826436, 0.0, 0.0,1.4210854715202004E-14,38.16984535477718, 130.8256522484464,130.8256522484464,0.0, 125.32731971201429, -18.456212282927194, -11.693209845752381, -18.456212282927194, 195.98709817264609, -31.20572403419839, -11.693209845752381, -31.20572403419839, 212.0788713332465, 7.109497531060347, 4.588902602433703, 20.0, 0.0
18, 0 ,1.0,1.0,1.0,182.9645758587983,150.9102918333402,35.396167539554895,10.59448111602891,15.2753515597133,11.427239535165366,45.0,77.0,52.0,-0.10602937435270995,-0.9813077175922885,0.16060179067552846,15.422265860537136,-0.34388576621462946,-0.11535890404748393,-0.9318985476176799,11.40714699915669,-0.9330060833506659,0.15403728980599732,0.32522632393438444,10.401534110472188,76.52430499865937,53.660941946063375,51.87829219610411,20.787694873999108,6.635732108093006,72747.0,213031.27015288314, 0.0, 0.0,0.0,NaN, 62.87204307199427,62.87204307199427,6.743495761743046E-7, 112.24303011789317, 14.360218593955494, 4.820362678178479, 14.360218593955494, 233.33636527283556, -18.07584657287433, 4.820362678178479, -18.07584657287433, 130.58180339404637, 7.825212459200864, 5.169056307962513, 13.0, 0.0
19, 0 ,1.0,1.0,1.0,188.45524398137516,55.8169043492786,93.91288914872737,7.209277152449228,13.304855384216163,14.39241171273437,28.0,59.0,76.0,-0.06751814340152712,0.6065057790117612,0.7922070691031148,15.898356763197688,-0.09865446094083677,-0.7941861935790965,0.5996128644924308,11.538322226949035,-0.9928285842219106,0.0376700139856875,-0.113456477991494,7.088281962631413,88.34210628520678,55.93168413379055,31.84462424381826,19.50548089717708,7.461272259770916,47893.0,157348.19841363202, 0.0, 7.105427357601002E-15,0.0,52.662725384520236, 109.85644701576348,109.85644701576348,0.0, 51.97367706082645, -1.7986128563113803, -15.735404382889026, -1.7986128563113803, 177.01917679490583, 57.8313975934936, -15.735404382889026, 57.8313975934936, 207.14151490885348, 8.369248984764447, 5.08553402708461, 12.0, 0.0
20, 0 ,1.0,1.0,1.0,155.9071948488242,188.0741531354983,10.054101343784994,17.55131243112558,7.300452587027224,6.436360330093157,83.0,28.0,25.0,-0.9950380047254674,-0.09941039140342257,-0.004116215856690949,17.624530084280163,-0.0940152939471021,0.9529665189565476,-0.28812486572991025,7.18691844387988,0.03256522157149337,-0.2863082042639665,-0.9575840007618872,6.3636509111150525,83.25047619434139,35.830110427477194,31.09634140239084,18.110602601503192,8.647426422909552,28576.0,92756.46065141191, 0.0, 0.0,0.0,NaN, 46.77057026984169,46.77057026984169,0.0, 308.0485680549833, 25.720802565626403, 1.4085763145197632, 25.720802565626403, 53.296607975432494, -2.9525350205585235, 1.4085763145197632, -2.9525350205585235, 41.426734298796895, 7.650039778122301, 5.016482273047219, 4.0, 0.0
21, 0 ,1.0,1.0,1.0,18.914023826361312,84.69496273731164,25.835119403796988,11.308764909310991,11.418170282787841,13.634402409352726,45.0,54.0,58.0,-0.10504167665901183,-0.3977688401958097,0.9114527941335986,14.14474047035066,-0.964004595571863,0.2658400947730919,0.004917695330383572,11.303729648088797,-0.2442568031416783,-0.8781281192288022,-0.4113752792022068,10.78479107402219,66.11479854004321,51.31115038595314,50.39753188180046,20.237818710287826,5.8813603265245575,73532.0,170969.91617024175, 0.0, -1.4210854715202004E-14,0.0,66.56122819674883, 90.54518432797637,90.54518432797637,0.0, 127.88816377406361, 0.562238949372829, -8.073755305570414, 0.562238949372829, 130.37461260673936, -30.352707280814517, -8.073755305570414, -30.352707280814517, 185.8969290601634, 8.031174509869105, 4.918567211332147, 10.0, 0.0
22, 0 ,1.0,1.0,1.0,66.61592169364434,189.0776777495903,74.33554093797005,14.44182039223985,6.67796921000898,11.527825352649655,71.0,27.0,51.0,0.9937911752121598,0.009274616413973105,0.11087416994416882,14.474806342716725,0.11125926797334473,-0.07666441696721396,-0.9908299261029172,11.509594582142093,-6.894639005962149E-4,0.997013815682336,-0.07722030806775479,6.637877693081428,71.02121935266797,50.68565506518321,27.8742402903531,18.595710640554323,6.344426857135841,44543.0,100340.49234126348, 0.0, 0.0,0.0,NaN, 100.4129015265278,100.4129015265278,0.0, 208.56617624171474, 0.7709384401587266, 8.485024232018116, 0.7709384401587266, 44.59527276982796, 6.885841284929595, 8.485024232018116, 6.885841284929595, 132.89075736119216, 6.814174114131661, 4.676816948427829, 10.0, 0.0
23, 0 ,1.0,1.0,1.0,113.715982144147,83.65082850580026,64.463024226752,11.236089000666045,12.27055820440112,11.408164060342136,54.0,55.0,57.0,-0.39204123024891224,0.9060810921353037,-0.1591248825916809,12.555833910882797,-0.3985889239980471,-0.011407839803126624,0.9170587390440731,11.455857121729073,0.8291143126559801,0.4229502519988885,0.3656262311200859,10.866318342245503,60.443118225926355,55.36399430605481,46.020127298859336,19.452295345335745,5.345157406850342,69221.0,154000.48629027992, 0.0, 0.0,0.0,NaN, 136.3740236977511,136.3740236977511,0.0, 126.24969603088847, -13.997005411305322, -2.3416440632474975, -13.997005411305322, 150.56659864759564, -5.843179157183508, -2.3416440632474975, -5.843179157183508, 130.14620722768197, 6.9264741312949285, 4.5067304723648185, 14.0, 0.0
24, 0 ,1.0,1.0,1.0,50.46421844316497,85.32679642518401,77.31744526230013,12.965170824272839,11.760808279751325,11.78836013780894,64.0,63.0,57.0,-0.8452676765895838,-0.05990812894440272,0.5309741716875009,13.677172342676435,0.09607912878672717,-0.9945396431242063,0.040739406794412125,11.759024881035625,0.5256342415829001,0.0854512395507399,0.8464081342560525,10.956185065534333,64.52153731825413,63.84120923146083,57.15407902088724,20.273446935433636,5.862171098703018,74857.0,235425.25091457716, 0.0, 0.0,0.0,NaN, 125.71907919306855,125.71907919306855,1.3486991523486091E-6, 168.09565450257563, 1.6515466051918972, -30.011384678318976, 1.6515466051918972, 138.31661139306732, -2.8710028915349617, -30.011384678318976, -2.8710028915349617, 138.9654347386828, 6.93983935946487, 4.443534087241433, 16.0, 0.0
25, 0 ,1.0,1.0,1.0,102.70342522974101,21.060437980196394,103.68863415369023,11.511043002540639,12.538053769424765,11.688082975371817,55.0,51.0,59.0,0.004679347822308335,-0.9665309175206775,0.25650748367366494,12.5994100455225,0.6391339083086752,0.20017010901332238,0.7425899101843988,11.865811683883189,-0.7690812382018148,0.16046779407168354,0.6186793483798626,11.259465642645335,58.81862346302657,59.926041665320156,59.433596040970095,19.87398512428275,5.598473207073873,73017.0,209489.59467828163, 0.0, 0.0,0.0,NaN, 138.51369860459297,138.51369860459297,0.0, 132.5041110063398, 1.6493115912890617, 6.693377879098654, 1.6493115912890617, 157.20279232498655, -5.841693612723424, 6.693377879098654, -5.841693612723424, 136.6112836391765, 7.390816348940834, 4.79799199815925, 14.0, 0.0
26, 0 ,1.0,1.0,1.0,143.6165951583101,72.79754783752466,113.13403902164042,12.925705690466538,9.915514438288714,11.563338290780386,58.0,46.0,58.0,-0.8649141882525962,0.27428020368937944,0.4203496364022032,13.40240917796014,0.4909115805250509,0.2878402815075937,0.8222857121755341,11.476565718422645,-0.10454313495274681,-0.917561083637347,0.3836044717264255,9.3683485277158,61.45016464830061,58.794804305988606,43.67982834742279,19.216431640054953,5.461761769117803,63862.0,157813.053521105, 0.0, 0.0,0.0,NaN, 126.58699178585641,126.58699178585641,0.0, 167.07386759655904, -15.581817688112015, -15.657199188173113, -15.581817688112015, 98.31742657591195, 20.99206085795625, -15.657199188173113, 20.99206085795625, 133.71079242702785, 6.713468688421598, 4.544911785210468, 15.0, 0.0
27, 0 ,1.0,1.0,1.0,40.92201724702544,174.59486955572535,187.10614561729068,12.050879515566917,13.073517692175393,7.095373667069466,68.0,60.0,30.0,-0.12032609084949628,-0.9895760616129491,0.07912553408023723,13.126300695815752,0.986588905706361,-0.11034577905469345,0.12027526837191888,12.084455204244122,-0.11029035768372152,0.09253662695071958,0.9895822399753236,6.939096618531848,62.96141736605385,68.0414396422559,33.90379046854554,18.208823685264928,5.909621766291762,45805.0,145243.34606736928, 0.0, 0.0,0.0,NaN, 49.86264763627149,49.86264763627149,0.0, 145.22369709871035, 4.126489991333961, 10.433012818359474, 4.126489991333961, 170.91686484762303, -11.02002523261505, 10.433012818359474, -11.02002523261505, 50.344327475342794, 7.51425220296901, 4.877655561343714, 9.0, 0.0
28, 0 ,1.0,1.0,1.0,136.9884588644264,140.9471147161066,18.241776747779067,10.339466684569116,13.71702427997051,10.875840203233658,46.0,68.0,44.0,-0.11713107999435689,-0.9884161520267452,0.09650813702480149,13.790828040934127,0.4656625266632065,0.031170596364877422,0.8844132547536228,11.044911478283241,-0.8771765622501515,0.14853250262114404,0.45661731713121184,10.058241343652512,68.43146160152433,51.34758326555142,54.31936654957799,19.476338446888008,5.832449506611839,64725.0,190866.85636200738, 0.0, 0.0,0.0,NaN, 88.26358249894784,88.26358249894784,0.0, 106.90457132131466, 10.608304282625488, 7.568954920518945, 10.608304282625488, 188.15675509730048, -7.917503255192766, 7.568954920518945, -7.917503255192766, 118.28390012627352, 7.494965932425867, 4.6849548154405465, 8.0, 0.0
29, 0 ,1.0,1.0,1.0,182.56294635156115,94.29153010177679,80.13853717440055,10.0733216819393,9.738694954932104,14.589871509486997,37.0,51.0,75.0,0.10051887436359495,-0.04740316902261399,0.9938052603318663,14.643787428056543,0.7645888794057643,0.642826182380679,-0.04667274081216651,10.6609001422298,-0.6366316057075027,0.7645439417145979,0.10086010014763534,9.004612024717481,74.81981353902565,56.647162664408825,48.90439428584195,19.26595076833842,6.1645341095925685,57970.0,207272.96867458685, -2.8421709430404007E-14, 0.0,0.0,84.23094965642443, 124.96851055096076,124.96851055096076,0.0, 101.4718097078284, 15.373507101235488, 12.159564910309006, 15.373507101235488, 94.84217942522002, -7.259639093451241, 12.159564910309006, -7.259639093451241, 212.8643506633404, 7.361418981351214, 4.588450882861672, 13.0, 0.0
30, 0 ,1.0,1.0,1.0,60.12507245563845,10.57317552027823,108.74949982236681,12.122143460582752,6.974385815847821,15.677852200710657,60.0,28.0,75.0,0.14206350581386248,0.01983482049987531,0.9896587998960108,15.747477456685242,-0.9886103551045482,0.05301619394156237,0.14085044891660553,12.046122001767872,0.049674199499672736,0.9983966461660857,-0.027140575314062724,6.9491990678272,75.80694337665315,57.46696498153885,29.472472652954647,19.824533881117915,6.954949720235678,53481.0,128393.73133537584, 0.0, 0.0,0.0,NaN, 109.78829701314534,109.78829701314534,0.0, 146.94636207894916, -4.511751295883417, 14.594035184237189, -4.511751295883417, 48.64205750829928, 4.642860687816798, 14.594035184237189, 4.642860687816798, 245.79504962732796, 6.717558950325088, 4.478423390920619, 13.0, 0.0
31, 0 ,1.0,1.0,1.0,56.460739133020155,148.384209430933,21.436448236903132,11.308257687178509,12.185552008650168,12.385398616564885,55.0,63.0,51.0,-0.4711003279131011,0.4252225886858859,0.7728196627360374,13.934908215376245,-0.5160359871846432,-0.843419634767464,0.14949976461215042,12.07340033647672,-0.7153819546022526,0.3283733694439788,-0.6167654248330308,9.477014609599422,65.60648912122946,60.659203670409866,51.95804963008815,19.840430291707495,6.009974576172054,67268.0,206774.19679622434, 0.0, 0.0,0.0,NaN, 79.44511446609016,79.44511446609016,0.0, 127.87669191963184, 3.445549103691108, -42.3144264762789, 3.445549103691108, 148.48767775551815, 27.242210193810465, -42.3144264762789, 27.242210193810465, 153.39809889120738, 7.180007823718061, 4.549395479453113, 12.0, 0.0
32, 0 ,1.0,1.0,1.0,12.511678600081742,103.51295015213212,109.65964790118224,8.734136135999275,14.746179645199861,13.775470043863889,35.0,76.0,66.0,-0.09592906257485652,0.8335679407835688,0.5440239912461119,15.395573624139379,-0.11367997924294529,-0.5521431909885888,0.8259629283232159,13.152194709653472,-0.988875359826926,-0.017389213403107336,-0.14772656492448613,8.572899754641561,75.15212654476296,66.10988322070537,41.34527908255982,20.83430500579255,7.030665546425714,66061.0,205415.6801783836, 0.0, 0.0,0.0,NaN, 132.76924382956713,132.76924382956713,0.0, 76.28513404216837, -6.831863596408927, -17.875454782031255, -6.831863596408927, 217.4498141285067, 28.78692679827071, -17.875454782031255, 28.78692679827071, 189.76357492939138, 7.05901219026787, 4.508291550512846, 17.0, 0.0
33, 0 ,1.0,1.0,1.0,22.559011520355178,178.74560810379802,99.828572522103,12.753352804635478,12.45024309808676,12.093912912408657,51.0,55.0,63.0,-0.7497454480835176,-0.6616895212210301,-0.006981445719116043,13.76082520486368,-0.13133937069959567,0.13846065690238799,0.9816204033099523,12.122922793887687,0.6485612791265595,-0.7368823678148657,0.19071613256690595,11.295739157244736,74.6578673022925,61.625019071065125,65.46615986739072,20.648449982876002,6.12868695550267,78383.0,301196.2170800451, 0.0, 0.0,0.0,NaN, 104.5294315848586,104.5294315848586,0.0, 162.6480077595036, 30.290046179858916, -2.174177592092499, 30.290046179858916, 155.008553201457, 2.9182314544065506, -2.174177592092499, 2.9182314544065506, 146.26272953292482, 7.151541158214935, 4.5857765690929, 10.0, 0.0
34, 0 ,1.0,1.0,1.0,31.797634626709417,40.29323431263495,104.01585094549499,10.126179609235745,11.761403841594097,11.658295258540628,45.0,56.0,53.0,-0.13630009351660866,-0.8316205197682996,0.5383582409582556,11.909556971890982,-0.10441143781788281,-0.5283440179217529,-0.8425858118785889,11.554611289835444,-0.9851500069330389,0.171055282954377,0.014817355136187513,10.071712506469156,59.16922366296715,59.04157851575471,46.850069345727704,18.709827413366718,5.169945870208571,61132.0,163668.110737576, -3.552713678800501E-15, 0.0,0.0,82.1661952869901, 108.84664059558314,108.84664059558314,0.0, 102.53951347850179, 6.348256259922781, -0.14300052269326052, 6.348256259922781, 138.3306203250644, -3.810036381092427, -0.14300052269326052, -3.810036381092427, 135.9158483353109, 6.924511865878272, 4.487335007959281, 11.0, 0.0
35, 0 ,1.0,1.0,1.0,90.97979941069809,74.77242463735267,100.53874376699909,11.55812991339218,12.748777229798527,10.624030031319046,56.0,56.0,53.0,0.161826443540089,0.9741202083122281,0.1578037449774497,12.81567348649939,-0.9303210570036786,0.20392996789954818,-0.3048201093892054,11.650706316879969,-0.3291123411036488,-0.09748019260460408,0.9392458032821043,10.44084562961732,59.31386405623766,54.32534811026497,50.584005780813285,19.513194328389627,5.312904023109204,70592.0,162994.1261047766, 0.0, 0.0,0.0,NaN, 154.14532389406466,154.14532389406466,0.0, 133.59036709485113, 3.6356170321405266, 8.989860729427479, 3.6356170321405266, 162.5313208550294, 6.828534658556933, 8.989860729427479, 6.828534658556933, 112.87001410636897, 6.864878741578061, 4.439731507612785, 7.0, 0.0
36, 0 ,1.0,1.0,1.0,133.111287996299,42.70129534383759,32.75438811331537,11.672736006547598,11.039269872311777,15.158487054175156,63.0,51.0,65.0,0.47831705938782815,0.004957133575625244,0.878173227515673,16.410505413758454,0.2768496670930575,-0.9498442773964998,-0.145430775723658,11.176592674328226,0.833406894937307,0.3126839866763808,-0.4556991024207979,9.678691193598251,77.26886570837001,52.91141168645874,51.311492032057174,20.96981822906334,6.940079135277758,73494.0,209782.14847392772, 0.0, 0.0,0.0,NaN, 85.85074465741921,85.85074465741921,9.5367431640625E-7, 136.2527658785528, -7.798349451890575, 72.51378152803238, -7.798349451890575, 121.8654793137305, 5.079817158565617, 72.51378152803238, 5.079817158565617, 229.7797297715958, 6.527025796466741, 4.256279989870572, 11.0, 0.0
37, 0 ,1.0,1.0,1.0,18.571945471569357,131.7766651325917,16.19613413105232,11.181151834049578,14.005348219540558,9.85917132927695,53.0,63.0,41.0,-0.25914858636603905,0.9643759884194513,0.05311273994523502,14.206211415038045,0.9392236715322148,0.26444668617831135,-0.21892200666642914,10.993480550002689,-0.2251686146380752,-0.006848585935522233,-0.9742957414731184,9.782542461683981,66.17035529760759,56.483088829735905,45.03680664114596,19.52082665893978,6.108070148446308,63013.0,168325.3375718383, 0.0, 0.0,0.0,NaN, 72.5372686266895,72.5372686266895,1.3486991523486091E-6, 125.01815633607025, -20.272007544135448, -6.633625983258528, -20.272007544135448, 196.1497787505879, 3.9789439580134895, -6.633625983258528, 3.9789439580134895, 97.20325930003662, 6.86470410732135, 4.4218753565751525, 7.0, 0.0
38, 0 ,1.0,1.0,1.0,98.44336332862707,134.7870107336656,16.339445795839215,10.872635377297376,13.175578384890418,10.829058169778628,51.0,61.0,44.0,-0.052682459773420724,-0.9378197796529352,0.34310147088571596,13.546958737141921,-0.779838787885223,-0.17597200782442435,-0.6007373114531398,11.691534667246504,0.6237595877755532,-0.2992121544221772,-0.7220776019958738,9.426902607285538,68.26461183447363,64.13166382584734,45.86776871048474,19.26200374345747,6.168774469500525,58787.0,200805.56589718626, 0.0, 0.0,0.0,NaN, 119.20909043113403,119.20909043113403,0.0, 118.21420004765845, 11.239599779504609, 20.69429780014691, 11.239599779504609, 173.5958657763916, -25.40066339820542, 20.69429780014691, -25.40066339820542, 117.26850084444926, 7.01606282193303, 4.510012594006787, 7.0, 0.0
39, 0 ,1.0,1.0,1.0,145.8091557962097,102.94757568299286,82.74657478053983,9.715062097285204,12.717903659704945,11.063904831197723,46.0,63.0,52.0,-0.06506261723098687,0.9558306800967666,0.28662617958729264,12.885845043471226,0.1022725064115094,-0.2793349718061938,0.9547315371130989,10.893843800396152,-0.992626410222578,-0.09143131034708918,0.07958093500865906,9.685900058005082,65.05908837497637,49.82790871230229,47.06446395909988,18.7403143921852,5.228586008425755,60945.0,152571.61744885828, 0.0, 0.0,0.0,NaN, 138.57422667739965,138.57422667739965,0.0, 94.38243155410757, -5.201981249177287, 1.080357884526376, -5.201981249177287, 161.74507349753642, 13.158426555481135, 1.080357884526376, 13.158426555481135, 122.40999011380033, 7.505861161887494, 4.499049715823409, 12.0, 0.0
40, 0 ,1.0,1.0,1.0,28.729383106997137,146.79277754095367,126.84408988490348,15.424276001030442,11.256134781081167,11.388555861538116,65.0,65.0,59.0,-0.9735660490957785,-0.22377073041835555,0.045779998428047884,15.62910527290669,-0.11850766548003906,0.32353828950216995,-0.9387645649727526,11.437336475400961,-0.19525645001000033,0.9193745892910271,0.3415044411064764,10.919087310488267,69.95939362879199,57.629323815241406,66.15224792404507,21.277413104336823,6.448236701966857,82105.0,266706.84812319017, 3.552713678800501E-15, 0.0,0.0,13.203224769158663, 94.91139636673321,94.91139636673321,0.0, 237.90829015596367, 26.796963938645483, -4.284150378750699, 26.796963938645483, 126.70057020986519, -4.799995794388276, -4.284150378750699, -4.799995794388276, 129.69920461137417, 7.062034572387147, 4.457373009521426, 12.0, 0.0
41, 0 ,1.0,1.0,1.0,125.16350993377483,73.58645695364238,166.22854304635763,10.644422392864616,9.771560065942065,13.3160369826629,48.0,44.0,64.0,-0.09076648570140552,-0.019979791238089368,0.9956717596755967,13.335759288730719,-0.8870015069844713,-0.4529211588711847,-0.08994859895551381,10.902016887186258,-0.4527579614768729,0.8913266695150918,-0.023387956953125004,9.455554299363701,64.27843885419567,53.80597454398509,47.224292794085684,18.876058772057796,5.458787443883442,60400.0,163328.24109476348, 0.0, 0.0,0.0,NaN, 110.25415274353253,110.25415274353253,0.0, 113.30372807771768, 11.990250846454114, -5.642816078242148, 11.990250846454114, 95.4833861223137, -0.5596266852331657, -5.642816078242148, -0.5596266852331657, 177.31684092364608, 7.267943543092107, 4.539213084782687, 14.0, 0.0
42, 0 ,1.0,1.0,1.0,179.6046993780235,83.20622987847017,20.39063158427023,11.410103409751272,10.901454218189615,11.10801378662896,50.0,54.0,45.0,0.8589853535661646,0.49563784747684897,0.1284028290472113,11.663663187606296,0.1170074342983134,0.054119515948579056,-0.9916553525859766,11.098522468544488,-0.4984510233490723,0.8668415092403038,-0.011505441332485032,10.639637880949323,64.62893013824237,47.33470776157411,56.35460883677031,18.563861300014533,5.272872823257783,59327.0,172399.54152479843, 0.0, 0.0,0.0,NaN, 88.06260747022573,88.06260747022573,NaN, 130.19045982121762, 9.786834040316833, 1.3616244191398108, 9.786834040316833, 118.84170407128417, 0.9181590602331859, 1.3616244191398108, 0.9181590602331859, 123.38797028393907, 7.029477493312813, 4.408190682175053, 8.0, 0.0
43, 0 ,1.0,1.0,1.0,149.085071005616,114.02909788085987,129.9014913724359,11.959176173058356,10.705948571847614,10.47424472975643,58.0,55.0,50.0,-0.9907112415694737,-0.09117446834752074,0.10088831522737501,11.986334520888372,0.03883190607370854,-0.9007166164772724,-0.4326680712421669,10.762142256799327,0.13032006330014562,-0.4247314364669526,0.8958905558036454,10.385235241336476,59.38187984677842,51.453025272159664,54.398188047083735,18.47257556439891,5.110086519587866,58939.0,166206.9924269505, 0.0, 0.0,0.0,NaN, 122.05378698545414,122.05378698545414,0.0, 143.02189473824671, 2.956668813949515, -3.714078585340681, 2.956668813949515, 114.61733482304595, 2.776751256320429, -3.714078585340681, 2.776751256320429, 109.70980265883034, 6.589860934563468, 4.380636361284271, 15.0, 0.0
44, 0 ,1.0,1.0,1.0,9.678183025390938,169.17640863612428,161.8523937083591,6.37571817751638,14.923266708925093,11.222609332781516,26.0,64.0,65.0,0.04952041168970287,0.9928268447468998,0.10882364254148535,14.978073695434318,0.011418392177142836,0.10838743286425362,-0.994043150329595,11.170084385390906,-0.9987078397340092,0.05046801707033462,-0.00596909597988754,6.339333953850675,66.74632410919435,64.983640638725,27.41586148445035,18.633084104034953,6.489130030521822,43677.0,118914.08233861807, 0.0, 0.0,0.0,NaN, 49.99000777177574,49.99000777177574,9.5367431640625E-7, 40.64978227911279, 9.158724266532916, 0.03235675446337325, 9.158724266532916, 222.70388926571195, 10.783531526366108, 0.03235675446337325, 10.783531526366108, 125.94696023623479, 8.159698379119051, 4.788999241177345, 6.0, 0.0
45, 0 ,1.0,1.0,1.0,118.54726511762159,178.93685957569636,31.64980516669072,11.314922645793521,10.688170377110833,13.771121235726655,59.0,45.0,61.0,0.22560792468430743,0.18877308575989296,0.9557540407512427,13.990375189765548,-0.8968733550468346,-0.34284137995587366,0.27942436042154023,11.276716010276294,-0.3804198329828169,0.9202306831890795,-0.09195781854027033,10.440944337208828,65.55962292078623,57.27285976911003,51.15253644930098,19.899409634024657,5.993474517905481,69290.0,192066.88348355258, -1.4210854715202004E-14, -2.8421709430404007E-14,0.0,75.80875220323006, 89.88834224437807,89.88834224437807,NaN, 128.02747448029106, 9.274343843117329, 14.149680878612878, 9.274343843117329, 114.23698601014954, 13.906752743603384, 14.149680878612878, 13.906752743603384, 189.64378008908162, 6.13967872965747, 4.159095446934106, 8.0, 0.0
46, 0 ,1.0,1.0,1.0,15.87802716082419,150.211048300776,60.80933904201231,10.278552402208193,10.30850211101972,13.701334235226055,41.0,52.0,68.0,-0.1028454553590279,0.060582346642450505,0.9928507398331775,13.740695811860654,0.6772322100730542,-0.7268054659831567,0.11450042906719769,10.697238648730261,-0.7285460493006328,-0.6841663495761099,-0.03372032259838957,9.818491685653246,67.57298731596714,56.41914368612909,52.518802584974324,19.104450904174406,5.887305897709081,59792.0,200223.2124002267, 0.0, 0.0,0.0,NaN, 80.17996740180138,80.17996740180138,0.0, 105.6486394849398, -9.449471915012692, -8.037421233051406, -9.449471915012692, 106.26521577289803, 4.057732650335362, -8.037421233051406, 4.057732650335362, 187.72655982537754, 6.947819374682138, 4.397336876848515, 10.0, 0.0
47, 0 ,1.0,1.0,1.0,121.76673004127915,152.87107548430194,110.48425055238683,11.519316642818607,12.359644561295276,9.326141521768973,61.0,56.0,43.0,-0.24057931588185982,-0.9683696951739682,0.06619460883253367,12.434495135541683,0.9621995580555947,-0.22896604710326746,0.14746714804159702,11.495733477253697,-0.1276463992732835,0.09916996895522315,0.9868493877031009,9.25547555921767,57.65090309762775,60.91464130112924,44.62210836441335,18.574861845448677,5.23515928178248,58383.0,156703.20989861098, 0.0, 0.0,0.0,NaN, 127.88529803542046,127.88529803542046,0.0, 132.69465591751774, 5.822091653746964, 5.498244493653235, 5.822091653746964, 152.7608136815559, -5.9896039273791155, 5.498244493653235, -5.9896039273791155, 86.97691568406329, 6.791053842357244, 4.4208208260506465, 15.0, 0.0
48, 0 ,1.0,1.0,1.0,112.7452615771744,30.013231056455215,65.18391574333374,9.38527081889773,12.957708727172255,9.850640102395529,44.0,56.0,53.0,0.24584893438460767,-0.9691135685487157,0.019421449913089445,13.16845457511651,-0.0772084461520453,-0.03955145163247201,-0.9962301634243721,9.854479248054695,-0.9662283153089333,-0.24342262410987595,0.08454743500971755,9.083043382147014,58.262207138621065,54.463021939430035,43.13377946163024,18.001040329378807,5.383603002571768,49278.0,136869.3426298881, 0.0, -3.552713678800501E-15,0.0,14.27728728669985, 112.97400713136592,112.97400713136592,0.0, 88.08330834405328, -21.614369709572657, 1.557747764236965, -21.614369709572657, 167.90221545823601, -1.1353730481077355, 1.557747764236965, -1.1353730481077355, 97.035110426923, 6.492741862496795, 4.188247984202827, 8.0, 0.0
49, 0 ,1.0,1.0,1.0,142.09230078632902,37.32333911212928,127.90300910160362,12.614472811596265,9.907457348956932,12.23689245599632,60.0,46.0,65.0,-0.956995727991056,0.12196599010292866,-0.2632175409524988,12.699893980874553,0.2497643089691462,-0.11514305528009716,-0.9614363560766407,12.21647731104369,-0.14757020895842415,-0.985832832725192,0.07972866077509554,9.823163818181126,56.78783564459383,62.39769828811052,45.51926491911749,19.380544757019226,5.605234815476873,64604.0,161294.33958874637, 0.0, 0.0,0.0,NaN, 99.72115807241431,99.72115807241431,0.0, 159.12492431450136, -9.079624653668953, 3.654717304302184, -9.079624653668953, 98.15771112140071, 3.759241577558226, 3.654717304302184, 3.759241577558226, 149.74153697961967, 6.770550832002441, 4.536882214344887, 11.0, 0.0
