// Sample: .//bubblelabels.tif, Map: .//bubblelabels.tif, Thickness:(8.191250068658265):/gpfs/home/mader/Foam/NewValid/InSilicoTest/LatticeDataPhi_16.0/out_Step_05000.vtk/distmap.tif, Neighbors:(1.0):
//LACUNA_NUMBER, TRIANGLES, SCALE_X, SCALE_Y, SCALE_Z, POS_X, POS_Y, POS_Z , STD_X, STD_Y, STD_Z,PROJ_X, PROJ_Y, PROJ_Z, PCA1_X, PCA1_Y, PCA1_Z, PCA1_S, PCA2_X, PCA2_Y, PCA2_Z, PCA2_S, PCA3_X, PCA3_Y, PCA3_Z, PCA3_S,PROJ_PCA1, PROJ_PCA2, PROJ_PCA3,OBJ_RADIUS, OBJ_RADIUS_STD, VOLUME, VOLUME_BOX, Mask_Grad_X,Mask_Grad_Y,Mask_Grad_Z,Mask_Angle, Mask_Distance_Mean,Mask_Distance_COV, Mask_Distance_STD, SHAPET_XX, SHAPET_XY, SHAPET_XZ, SHAPET_YX, SHAPET_YY, SHAPET_YZ, SHAPET_ZX, SHAPET_ZY, SHAPET_ZZ, Thickness, Thickness_STD, Neighbors, Neighbors_STD
1, 0 ,1.0,1.0,1.0,130.0179698992871,14.96340387009166,180.53321262872015,21.686993108007705,9.37873091126369,11.350055182311017,88.0,38.0,47.0,-0.9845262906056396,-0.04398827479367675,0.16962610290570074,21.948906196133436,0.14296080368015038,0.35817883520281973,0.922643013642805,11.113746282975262,0.10134195437934353,-0.9326161877714905,0.3463478808786735,9.046556061019068,88.98459725922656,55.06757124033743,45.854321219528444,24.461587794286725,9.420230294245478,88370.0,224693.7696919636, 0.0, 0.0,0.0,NaN, 74.16430275378568,74.16430275378568,0.0, 470.3256700667737, 19.45333387636417, -61.28920155770341, 19.45333387636417, 87.96059350589304, 10.78846225688923, -61.28920155770341, 10.78846225688923, 128.8237526415052, 11.10106438825819, 6.471029935786291, 11.0, 0.0
2, 0 ,1.0,1.0,1.0,180.83412724078556,165.68403940111702,92.12243363953397,11.27763686180442,16.22520585045811,15.472158310240248,49.0,67.0,79.0,0.15701333101160564,0.9096214971490513,0.3846239017650336,16.53424627635007,0.06823528263222398,0.37853193853471,-0.9230696169375604,15.280268522670196,-0.9852363980734473,0.17117915595501906,-0.0026337193826970282,11.088831083649184,80.94508320076815,85.09833172249691,54.791625336953956,23.962762429693022,7.457620102398455,114413.0,377420.6893548964, 0.0, 0.0,0.0,NaN, 100.15716953926378,100.15716953926378,NaN, 127.18509318672983, 24.338027145118062, 2.1224908499128063, 24.338027145118062, 263.2573048897401, 14.007472717865575, 2.1224908499128063, 14.007472717865575, 239.38768277713635, 7.864304394761703, 5.531772596808946, 16.0, 0.0
3, 0 ,1.0,1.0,1.0,169.686120633278,62.52181474534492,169.55471473025318,15.22633006247597,14.887240968935954,14.520955538421354,63.0,72.0,63.0,-0.7772129732407358,-0.6133429868461774,-0.14053602638791693,15.982097356653966,0.21907397554895375,-0.4731275920663872,0.8533210854435971,14.689957475656913,-0.5898699750482916,0.6324244319379763,0.5020883890556085,13.896292096572395,77.77900934478916,73.46636323686573,73.12228722975831,24.78495789625094,7.073548096146671,139149.0,417831.056016691, 0.0, 0.0,0.0,NaN, 75.86055626257736,75.86055626257736,0.0, 231.8411271714595, 27.3564652337978, 11.048334666857379, 27.3564652337978, 221.62994366716512, -3.787959931898089, 11.048334666857379, -3.787959931898089, 210.8581497488098, 8.07083141965744, 5.526351354967722, 15.0, 0.0
4, 0 ,1.0,1.0,1.0,16.101382396420153,44.425546366215194,15.74465619880938,10.054631707277515,11.98552889357924,10.367703523447084,45.0,57.0,41.0,0.158459530730959,0.9305948944267511,-0.32997533178616323,12.178228685744642,0.6435036223201762,-0.3508064898781805,-0.6803219052185241,10.761893658258343,-0.7488615794533304,-0.10453683143377877,-0.6544298172397476,9.386702772750148,56.62131128383141,61.33555857572599,47.92678773653788,17.973734663369143,5.402097761861869,50058.0,166444.92938259302, 0.0, 0.0,-1.7763568394002505E-15,70.73272176130745, 49.80740792122384,49.80740792122384,0.0, 101.09561876899035, 2.6220654479095846, -15.278020100862362, 2.6220654479095846, 143.65290285882278, -11.872661040134437, -15.278020100862362, -11.872661040134437, 107.48927635009709, 9.576448693754212, 5.8856026699504085, 7.0, 0.0
5, 0 ,1.0,1.0,1.0,29.780586414132216,108.48089601165543,173.28277545073757,16.370737418301875,14.402508596368351,14.069967272131093,74.0,71.0,64.0,-0.9932725754532886,0.07459809900189596,-0.08857039278277243,16.393084594581115,-0.11172306918198534,-0.818498422703545,0.5635408484257066,14.697843521116276,-0.030455650788459306,0.5696450260092781,0.821326364898838,13.734534933152302,76.36910437025135,78.58339608576952,71.72864102129336,24.878685049903904,7.378909588408635,137275.0,430468.2191118486, -3.552713678800501E-15, 0.0,0.0,6.649757722018734, 99.88212958089517,99.88212958089517,0.0, 268.0010436189892, -3.430190581889862, 5.321953717546816, -3.430190581889862, 207.43225386846427, -13.162654681336678, 5.321953717546816, -13.162654681336678, 197.96397903884008, 7.53148737592659, 5.165687818280245, 18.0, 0.0
6, 0 ,1.0,1.0,1.0,48.84152455076113,12.806134828888634,24.255785738811948,19.95854515371798,8.273808298632595,13.99616590197125,84.0,35.0,61.0,-0.9837345738028084,-0.024029696300603483,0.17801365678146197,20.133085654484848,-0.17897360208613378,0.04659204909520581,-0.9827500347074146,13.760569708075048,-0.015321163837047782,0.9986249319222962,0.05013489086322666,8.24607007667334,86.0135153815272,68.07354959654022,35.710755415980174,24.17710408321416,8.840798975227713,87370.0,209095.2329980333, 0.0, 0.0,0.0,NaN, 56.01637931449542,56.01637931449542,NaN, 398.3435246529995, 6.962455566450548, -37.73018645599668, 6.962455566450548, 68.4559037625216, -6.999696705459609, -37.73018645599668, -6.999696705459609, 195.89265995550267, 7.657809726893049, 5.080539669965213, 10.0, 0.0
7, 0 ,1.0,1.0,1.0,161.5021940187673,176.0417791804496,138.5799044757983,15.415833505923302,14.11653459258526,14.814155491766813,74.0,59.0,79.0,-0.8064654166660032,0.4303492815424643,-0.4054787634360332,16.70696408164853,-0.11827227987020568,0.5544948499626373,0.8237397217442021,14.805947966614108,0.5793316835251057,0.7122744957113069,-0.3962825295457393,12.571592202448745,89.88120885555406,83.11983820193481,73.39424756394305,24.402571714465726,7.803727842553145,118504.0,548321.9309092421, 0.0, 0.0,0.0,NaN, 76.34464974318132,76.34464974318132,0.0, 237.64792268234754, -46.0331411816219, 33.633334949337325, -46.0331411816219, 199.2765489036563, 6.812748033317845, 33.633334949337325, 6.812748033317845, 219.45920293424484, 7.647385771643409, 5.040129784635607, 20.0, 0.0
8, 0 ,1.0,1.0,1.0,88.90332725663906,123.69153846973913,79.46477116448652,13.635755643114933,12.433712673246955,12.717009291065988,72.0,61.0,64.0,-0.8371337564876629,-0.4118570422751239,-0.3599734024580725,13.79956171997617,-0.5371196174585887,0.4944240577138314,0.683408638879353,13.30079583436063,-0.10348715036174432,0.7654532173047396,-0.6351155657262926,11.61526128065506,68.74033143885168,70.77517550808795,57.9597085768571,21.582873928093935,6.035968945633795,93801.0,281980.3011137496, 0.0, 1.4210854715202004E-14,0.0,65.67845520649885, 141.56776735768835,141.56776735768835,0.0, 185.93383195874074, 7.98705633035461, 1.3129129211795763, 7.98705633035461, 154.59721084086195, 22.420791770591364, 1.3129129211795763, 22.420791770591364, 161.72232530905868, 7.352225893353416, 4.96873250601141, 22.0, 0.0
9, 0 ,1.0,1.0,1.0,171.45440147968324,38.5870527715161,16.165111843246056,15.473460122772902,14.038151711498127,10.979916460885253,70.0,69.0,50.0,0.8212898298132032,0.46940248895005265,0.3242596472163865,16.651011135297654,0.5036960409697179,-0.8634968020790575,-0.025759874042264062,13.330766237287351,-0.26790541942415474,-0.18448462311731195,0.9456173169292276,10.103996082396957,88.81693826522054,75.25887780147632,55.57787953052913,22.34456383649257,7.6010988739122,86505.0,371497.16952243604, 0.0, 0.0,0.0,NaN, 50.64704016405631,50.64704016405631,0.0, 239.4279681710432, 34.63944430561532, 45.66734620733711, 34.63944430561532, 197.0697034750378, 28.343657884104054, 45.66734620733711, 28.343657884104054, 120.55856548801894, 7.612993429471397, 5.027755082664868, 11.0, 0.0
10, 0 ,1.0,1.0,1.0,76.17733387688544,54.572577217649254,43.2425861515643,12.721896233948682,14.421378574150653,16.394465346245752,63.0,68.0,80.0,-0.21582125493357418,0.5589414737168069,0.8006282626026773,18.190296107340366,0.6765292622129871,-0.5056485469515499,0.5353762269052834,12.67272429982227,-0.7040804948927707,-0.6571940169577546,0.26901055887544933,12.12915842519809,88.7669706601051,64.64123258489221,63.43618885600034,24.101899690817902,7.596033770940617,115291.0,363997.25741238095, 0.0, 7.105427357601002E-15,0.0,56.017374834725004, 103.204038864001,103.204038864001,0.0, 161.84664378735764, -26.78030671270796, -26.87121001525425, -26.78030671270796, 207.9761599789715, 78.5884514869071, -26.87121001525425, 78.5884514869071, 268.77849398925287, 7.5648918660594715, 4.793194293120084, 18.0, 0.0
11, 0 ,1.0,1.0,1.0,60.16711937242819,73.91447915188616,139.06986195852676,12.287821108380571,15.310903857550485,12.101240611601531,63.0,67.0,61.0,-0.0030638322234145064,0.9701194232244889,0.2426085687165486,15.50214730389434,0.8237918136392531,-0.13508368230769044,0.5505628452367134,12.664186886346517,0.5668841686915037,0.2015457850136798,-0.7987625653660559,11.45234248276928,67.8771762843903,65.19849056666722,54.451294267025816,22.16876422619627,6.356118434228005,98666.0,240973.62764617443, 0.0, 0.0,0.0,NaN, 113.11902670914219,113.11902670914219,0.0, 150.99054759156314, -3.5766915323966844, 13.174052319601294, -3.5766915323966844, 234.42377693515434, 23.518359872763142, 13.174052319601294, 23.518359872763142, 146.44002433987418, 8.036757044986045, 5.154071681264408, 21.0, 0.0
12, 0 ,1.0,1.0,1.0,41.29618771740016,55.08365616165847,176.78859688921463,13.354974523862671,12.209768127470586,12.459324988535784,69.0,60.0,51.0,0.8101003640244416,0.2654034484078818,0.5227795039791374,13.927871769208917,-0.5184439003961344,0.7406576105559476,0.4273666178676075,12.318324639196854,-0.2737760441483349,-0.6172416977965437,0.7376037989000126,11.702214640545556,71.87042753863155,67.03119426498971,62.617566489046,21.12248532299883,6.042282284807903,85959.0,301663.9205749794, 0.0, 0.0,0.0,NaN, 72.65227821959847,72.65227821959847,0.0, 178.35534453302097, 6.581836853897493, 20.87924851615992, 6.581836853897493, 149.07843772659658, 12.599136795095978, 20.87924851615992, 12.599136795095978, 155.23477916995222, 7.436216814543645, 4.899071674672523, 11.0, 0.0
13, 0 ,1.0,1.0,1.0,78.49247857410028,186.10009594900066,27.6398822591924,12.24164157613883,8.07956412698057,14.958280902192055,59.0,32.0,60.0,-0.22082263833854238,0.012140441003792886,0.9752384180750056,15.092231563155712,0.9752097245405811,0.01736853176051884,0.22059992580680618,12.07811198856102,0.01426027905371549,-0.9997754466862634,0.015674841134534562,8.07657537235869,63.05367901896558,59.71974637557835,32.64714325185946,19.941607273064886,6.420250141260129,61491.0,122934.44110014282, 0.0, 0.0,3.552713678800501E-15,12.77694635265239, 84.3696605222197,84.3696605222197,0.0, 149.8577884786508, 0.9302791364006624, -17.654429989024884, 0.9302791364006624, 65.2793564819913, 2.2335061178817357, -17.654429989024884, 2.2335061178817357, 223.75016754888352, 7.3425133020629385, 4.902041840653697, 10.0, 0.0
14, 0 ,1.0,1.0,1.0,183.94212451559162,19.38080837347434,176.92914055992176,9.351916941215283,11.636437052776236,12.485294473301241,36.0,46.0,53.0,0.09952795515549827,0.5646414706894044,0.8193132463961944,13.180810387115395,-0.17494444892873326,-0.8006455064952833,0.5730281081394983,10.930105516703511,-0.9795349028654295,0.20036662024054186,-0.01909428086615358,9.249141948110534,71.68625267928738,58.24857633047898,40.85467424673263,18.604412513757655,5.71169246909965,55222.0,170593.68316654203, 0.0, 0.0,0.0,NaN, 34.14287119716126,34.14287119716126,0.0, 87.4583504753894, 9.707110636370034, 3.7907090150575558, 9.707110636370034, 135.4066672832237, 25.23447363669115, 3.7907090150575558, 25.23447363669115, 155.8825780850465, 7.987755395326066, 5.185076365568176, 2.0, 0.0
15, 0 ,1.0,1.0,1.0,184.76175621326183,14.443771269464783,97.29101784056925,8.442972424752636,8.60347358858587,13.643650368782101,35.0,32.0,68.0,-0.21734701233829387,-0.1261207930645697,0.9679120940376674,13.95195182342037,0.5437184476201595,-0.8391708675975893,0.012747732858564299,8.770057631311122,0.8106358775338913,0.5290423428538338,0.25096548273136127,7.738337418375767,71.35342338276337,40.911406439865175,42.86252917748442,17.26184400754344,5.786318173020912,38788.0,125122.96235976764, 0.0, 0.0,0.0,NaN, 99.5307427614335,99.5307427614335,0.0, 71.2837833651334, -4.0768049319086686, -28.234961950482194, -4.0768049319086686, 74.01975778949465, -16.63471408914406, -28.234961950482194, -16.63471408914406, 186.14919538556796, 7.889184134896022, 5.358010501827471, 8.0, 0.0
16, 0 ,1.0,1.0,1.0,101.27637043189368,84.90681524547804,13.710386674049465,14.4469970722181,17.349643879244468,9.368613222441288,73.0,84.0,38.0,-0.12341843827543533,0.9828273381135878,0.13717985475357253,17.522282874924333,0.9905658762643603,0.1137166772452651,0.07647066167436928,14.409879697428718,-0.0595578195896408,-0.14532357266753015,0.9875899581065379,9.100645625984466,86.97347165652857,72.32120211996119,42.38233916709569,23.039700389314397,8.165107888057776,86688.0,266586.01626590086, -1.4210854715202004E-14, 0.0,1.7763568394002505E-15,80.31727895623163, 130.93317766319723,130.93317766319723,0.0, 208.71572440467833, -13.13575673277926, 5.659267211876367, -13.13575673277926, 301.0101427366051, 31.314190009608645, 5.659267211876367, 31.314190009608645, 87.77091371170174, 7.679716793549701, 4.8628313897195135, 15.0, 0.0
17, 0 ,1.0,1.0,1.0,77.16733811212224,123.77358200599362,126.31043832398433,11.09185487767334,13.859814921499673,14.102091853134496,57.0,62.0,67.0,0.05815255334792685,-0.6809595927806738,0.730008433882168,14.999246591793462,0.3989749883015036,-0.6544563384675084,-0.6422661907258684,13.288189314369868,-0.9151159703824058,-0.3286045252878923,-0.23362753842684525,10.603741572853977,70.54840133314208,62.53430265696508,58.14643864282752,21.75369250109397,6.38510544060976,91097.0,256524.35733426176, 0.0, 0.0,-1.4210854715202004E-14,43.112898899214315, 131.13129440187376,131.13129440187376,0.0, 123.02924462736586, -21.20328313884477, -11.657445599865667, -21.20328313884477, 192.094469658225, -28.984487953824114, -11.657445599865667, -28.984487953824114, 198.8689946342423, 7.247022601919985, 4.598249534673843, 19.0, 0.0
18, 0 ,1.0,1.0,1.0,182.94984038253386,150.32435913244825,35.49296450052749,10.586851773260797,15.223847583916903,11.469559054162076,44.0,77.0,52.0,-0.11088002588340197,-0.9772286130922848,0.18091395085461234,15.400267481948978,-0.32660335945218705,-0.13609625408265535,-0.9353117422652267,11.404899990008076,-0.9386351077253833,0.16279449431230253,0.30407579181342287,10.3998927074551,76.51300086408821,53.96808480579189,51.683073563441965,20.775905929862912,6.6150951178124595,72987.0,213412.8545124386, 0.0, 0.0,0.0,NaN, 63.38870378560169,63.38870378560169,9.5367431640625E-7, 112.0814304689953, 14.953011889568026, 4.106275679729673, 14.953011889568026, 231.76553525833256, -20.018831320447244, 4.106275679729673, -20.018831320447244, 131.55078489691124, 7.8015134171545055, 5.1685269216647, 13.0, 0.0
19, 0 ,1.0,1.0,1.0,187.49827317400485,55.924453829606676,94.35203568115885,7.952662833467721,13.274426266884543,13.826768904764798,33.0,60.0,73.0,-0.09267732458767725,0.6382502978341277,0.7642299855553417,15.250967069871638,-0.13780030519871467,-0.7683689998530259,0.6249961247495877,11.736634569195125,-0.9861145924254501,0.047388156532077536,-0.15916146903720108,7.764933330454859,86.9121233477855,57.05131390904511,37.286234464064734,19.49730734781141,7.105616327142065,50671.0,184881.96028617688, 0.0, -7.105427357601002E-15,0.0,50.338527993778825, 110.39087075909082,110.39087075909082,NaN, 63.24484614281884, -1.990657581060389, -18.8740343959638, -1.990657581060389, 176.21039271495428, 46.84595908088395, -18.8740343959638, 46.84595908088395, 191.1795383457707, 8.063692999920436, 5.103126544379135, 11.0, 0.0
20, 0 ,1.0,1.0,1.0,156.12139680448033,187.56468456596937,10.249382309339483,17.636246249552244,7.57872804779446,6.490209485866084,82.0,29.0,25.0,-0.9939845134758696,-0.10947790657919763,-0.0030618525723971083,17.724450181062714,-0.10546895266021221,0.9643714653514633,-0.24261899521807617,7.425275916585261,0.029514182944756082,-0.24083659353783304,-0.9701168219437266,6.426994873912913,82.32206509223403,36.85865369053968,30.385121671025615,18.34051664133498,8.615252120316258,30355.0,92196.98182176561, 0.0, 0.0,0.0,NaN, 46.74418387411113,46.74418387411113,0.0, 311.03718177484564, 28.284834042971443, 1.184253868887573, 28.284834042971443, 57.43711882242643, -3.1440508042953477, 1.184253868887573, -3.1440508042953477, 42.1228191704261, 7.44059625071133, 4.989229359400022, 4.0, 0.0
21, 0 ,1.0,1.0,1.0,19.039154160982264,84.86806275579809,25.563519781718963,11.357405663469423,11.25614886375417,13.787802927792848,44.0,52.0,58.0,-0.1243756079948706,-0.35160215902434805,0.9278505428706306,14.222700790666956,0.9566350338710222,-0.2907285346346795,0.018064637271760216,11.350648250560232,0.2634010632220278,0.8898611357501741,0.3725144815640278,10.70853055906692,66.7390461695189,50.358792920998326,51.140211383611614,20.264798415147077,5.927310133333884,73300.0,171877.02422711105, 0.0, 1.4210854715202004E-14,0.0,69.41465833168952, 90.65633464197671,90.65633464197671,0.0, 128.99066340460732, -0.1081083234534848, -9.865884062394668, -0.1081083234534848, 126.7008872429943, -28.656619375047438, -9.865884062394668, -28.656619375047438, 190.10350957565302, 8.037452135250318, 4.926305873949046, 10.0, 0.0
22, 0 ,1.0,1.0,1.0,66.41980556183586,188.9300926972643,74.4832466651594,14.444823606222101,6.7399884247711395,11.286779340296201,71.0,26.0,51.0,0.9958053214896603,0.007843380642999626,0.09116053462416596,14.468618569786866,0.09149193694561852,-0.07453894144710668,-0.9930121709636207,11.276979539199676,-9.935626873614006E-4,0.9971872580353373,-0.07494388063846483,6.705264350638827,71.07466334490555,50.775745606540355,28.126073877305657,18.496011821892317,6.2744965966926936,44230.0,101503.31681267888, 0.0, 0.0,0.0,NaN, 100.40860248179047,100.40860248179047,1.9073486328125E-6, 208.65292901487126, 0.723243020510874, 7.453178293495883, 0.723243020510874, 45.42744396604895, 6.2025367101214, 7.453178293495883, 6.2025367101214, 127.39138787653715, 6.824714019591388, 4.688752940122408, 9.0, 0.0
23, 0 ,1.0,1.0,1.0,113.76974605954466,83.65161996497373,64.70128429655576,11.300371620786647,12.259369113428425,11.199828702888064,54.0,54.0,56.0,0.3932030847794587,-0.9070496732920672,0.15050655899552198,12.524621239263405,0.5728813912540401,0.11365365328371373,-0.8117202465443997,11.286198745579297,-0.7191649641596519,-0.4053933118294138,-0.5643208458396931,10.917063409611341,59.98093857464097,51.65424517177444,50.884624941157355,19.37206952027391,5.305621104357143,68520.0,157654.31234927132, 0.0, 0.0,0.0,NaN, 136.45331218780854,136.45331218780854,0.0, 127.69839876788025, -12.906485578117444, -1.5811856049801587, -12.906485578117444, 150.29213105928287, -5.900607743095684, -1.5811856049801587, -5.900607743095684, 125.43616297403533, 6.970270372920664, 4.505499371954328, 14.0, 0.0
24, 0 ,1.0,1.0,1.0,50.039757503586024,85.28694957914963,77.23978998078432,12.961211612905712,11.707045600763427,11.733483927296227,63.0,62.0,56.0,-0.8474742654812144,-0.07009777239324613,0.5261878672609058,13.678784609113432,-0.09056654909624345,0.9958028321634688,-0.013206802792958952,11.699181141874954,-0.523053601012242,-0.05884744481045054,-0.850265787096839,10.89690692224514,64.59447132771449,63.17187143597306,55.15839818597854,20.208592421137332,5.859638265401067,73898.0,225076.80239447378, 0.0, 0.0,0.0,NaN, 125.47440478364413,125.47440478364413,0.0, 167.9930064745219, 2.426465427162541, -30.465066753681477, 2.426465427162541, 137.05491669835433, -2.760084799893542, -30.465066753681477, -2.760084799893542, 137.6746450721189, 7.004941240698725, 4.448307395794983, 14.0, 0.0
25, 0 ,1.0,1.0,1.0,102.53120989855601,20.923275384636167,103.67931001877592,11.60725138140665,12.595699610986474,11.773620500373298,56.0,51.0,60.0,-0.05472443629035249,-0.9457241016074436,0.32032976713302264,12.71226600727971,-0.6756938621441878,-0.20112219342524712,-0.7092162349893637,11.90557985934072,-0.7351483120659221,0.25525631618161937,0.6280136720772999,11.342554129524935,62.490468759823855,60.01694384159046,57.5539530172277,19.99502059115366,5.674259825522505,74031.0,215855.34995335, 0.0, 0.0,0.0,NaN, 138.62043072765192,138.62043072765192,0.0, 134.7282846311666, 3.4840036231281255, 5.694985265653614, 3.4840036231281255, 158.6516486902048, -8.11439152643271, 5.694985265653614, -8.11439152643271, 138.6181396868104, 7.336482187170142, 4.793268527497633, 13.0, 0.0
26, 0 ,1.0,1.0,1.0,143.32113706284926,72.77698248257676,113.2027374897972,12.824780428675625,9.954889278257328,11.549185223523777,60.0,47.0,58.0,-0.8619502105636869,0.2695717933951407,0.42938663546382433,13.273365039142247,0.4990976416076164,0.3022842811834641,0.8121119119253897,11.487824943330239,-0.0891256340843158,-0.9143058905831917,0.3950966461436301,9.423701582840994,60.50530795886828,57.880598184072085,44.482208116592886,19.17504219484204,5.410753158240021,63708.0,155780.4034398458, 0.0, 0.0,0.0,NaN, 126.65996787613149,126.65996787613149,0.0, 164.47499304374136, -13.790360466676667, -14.84339182369191, -13.790360466676667, 99.0998205423627, 20.710091264127552, -14.84339182369191, 20.710091264127552, 133.38367932725996, 6.710883112437286, 4.5556848719385625, 16.0, 0.0
27, 0 ,1.0,1.0,1.0,41.02459192902364,174.3091864421379,187.03038459881992,11.818833498817527,13.292950883786117,7.124709901333723,65.0,60.0,30.0,-0.19143421510707506,-0.9794193358009458,0.0639586268268146,13.379378837913553,0.9745028308503687,-0.1818942937907226,0.13137236600971794,11.810174657007822,-0.11703492620134893,0.08747702867386291,0.9892677066918929,6.975733375943018,63.892037427656845,64.11064801510346,33.68318659740433,18.24619366819838,5.850237283416694,46438.0,137971.71900211822, 0.0, 0.0,0.0,NaN, 50.11233349049185,50.11233349049185,NaN, 139.68482527277135, 8.340990332983287, 10.030994030495677, 8.340990332983287, 176.7025431987501, -10.335442139408652, 10.030994030495677, -10.335442139408652, 50.7614911781628, 7.440264432107151, 4.887838035875469, 9.0, 0.0
28, 0 ,1.0,1.0,1.0,137.10804800074132,141.04888106380022,18.264127631314768,10.497954427134658,13.471169136232785,10.880200761844605,47.0,66.0,44.0,-0.14142298439747736,-0.9813139851112874,0.13046992798769905,13.581646951753482,0.5322686640587598,0.03574707929295086,0.8458204393268862,11.06954440652473,-0.8346793448655683,0.18906350506384872,0.5172672252402601,10.151958745933378,66.85424186514815,52.677000178587164,56.703168674024795,19.42019678947033,5.737087268595312,64749.0,199690.4666937983, 0.0, 0.0,0.0,NaN, 88.11475704012345,88.11475704012345,0.0, 110.20704715419618, 11.667068650908245, 7.264686143281134, 11.667068650908245, 181.47239789699074, -9.832892615377592, 7.264686143281134, -9.832892615377592, 118.37876861804395, 7.486048782994773, 4.690795798032425, 8.0, 0.0
29, 0 ,1.0,1.0,1.0,182.48192208600625,94.50282710563174,79.76100150433143,10.117161043619685,9.651182755497878,14.599520507378509,37.0,50.0,75.0,0.10608301289180411,-0.021970916711665664,0.994114517143094,14.647584049276698,0.7893930882781504,0.6097963538952922,-0.07075986824954081,10.607873707052104,-0.6046527487363987,0.7922535488054674,0.0820327242669732,9.031587465253743,75.5398812507764,55.91307202400267,48.95997648356735,19.252860158890694,6.1624387145155834,57833.0,206790.62823348554, 0.0, 0.0,0.0,NaN, 124.89789728306734,124.89789728306734,0.0, 102.35694758253575, 14.59199256028455, 12.294920323565652, 14.59199256028455, 93.14532858001962, -4.240328596924837, 12.294920323565652, -4.240328596924837, 213.14599904536564, 7.347871011034073, 4.600961819005038, 12.0, 0.0
30, 0 ,1.0,1.0,1.0,59.88998818102101,10.726314384841206,108.90594380266117,11.965322288590594,7.039790525766541,15.40905260250906,59.0,29.0,72.0,0.15955147745538656,0.014984513206268325,0.9870758787478168,15.492850637197046,-0.9865373592683767,0.03876150431122336,0.15887600369882462,11.864211820931388,0.035879866354003594,0.9991361319397383,-0.02096723736968309,7.0269870659466465,73.3181684674245,56.70555679416956,29.976780671950916,19.585427884976305,6.824771409049223,52458.0,124629.89152140461, 0.0, 0.0,0.0,NaN, 109.5444730650032,109.5444730650032,0.0, 143.16893746984283, -3.038572566340365, 15.702546831468156, -3.038572566340365, 49.55865064667236, 3.3826229588393306, 15.702546831468156, 3.3826229588393306, 237.43890210689125, 6.746241478985498, 4.482322914876803, 13.0, 0.0
31, 0 ,1.0,1.0,1.0,56.45351297015888,148.10689691386733,21.071234603093636,11.406310948531523,12.100389100053366,12.272619654994603,54.0,63.0,50.0,-0.5024776713961707,0.40687504614476283,0.7628688528003875,13.928570284234267,-0.5163003844984949,-0.8489571629072885,0.11271933514315144,12.026100604522211,-0.6935056616315314,0.3372305329787108,-0.6366517611001374,9.407888876389693,65.07223806410775,61.33269833194842,52.82624465525736,19.77708551275604,6.000618938459878,66653.0,210832.4978874915, 0.0, 0.0,0.0,NaN, 79.52289105835186,79.52289105835186,0.0, 130.1039294545901, 3.0294468379160286, -43.705418804589414, 3.0294468379160286, 146.41941637269034, 27.37514370625435, -43.705418804589414, 27.37514370625435, 150.61719319615986, 7.239366506032964, 4.541732961243169, 11.0, 0.0
32, 0 ,1.0,1.0,1.0,12.465055600422438,103.44530036652793,109.67653910666584,8.679722590981596,14.52260885798579,13.578448609216034,35.0,73.0,66.0,-0.09763743288950696,0.840181301851033,0.5334438224580456,15.102718797470011,-0.10933280139667514,-0.5418158012140968,0.8333558520185012,13.031916939813112,-0.9891982967218972,-0.02304381857744559,-0.14476087934199472,8.526138911014906,70.87453639703358,65.18938586169385,40.794072591939965,20.573290053504635,6.88169712396176,64388.0,188479.52782813474, 0.0, 0.0,0.0,NaN, 132.80254222032536,132.80254222032536,0.0, 75.33758425639627, -6.9935558516386935, -16.944062356495014, -6.9935558516386935, 210.90616804204734, 25.788054773151135, -16.944062356495014, 25.788054773151135, 184.37426663312084, 7.098444712615524, 4.500881716886609, 16.0, 0.0
33, 0 ,1.0,1.0,1.0,22.43781933565691,178.0796387212832,99.92289722544942,12.803366921303228,12.912865164681515,11.957908227814032,51.0,58.0,61.0,-0.6922947638609483,-0.7215572191423022,-0.009118082821581478,14.13915348591513,-0.14501741436252982,0.12673619465072977,0.9812786997061835,11.978132520987412,0.7068931386442506,-0.6806563864895995,0.1923771661829962,11.413524454741715,76.47226677930593,59.54943008171199,68.13517760140516,20.84354192089692,6.261519037693692,80049.0,310279.41601845075, 0.0, 0.0,0.0,NaN, 104.73081382791204,104.73081382791204,0.0, 163.9262045215217, 34.54811305244525, -1.4397653819574716, 34.54811305244525, 166.74208676124536, 2.1007074440373525, -1.4397653819574716, 2.1007074440373525, 142.99156918482254, 7.1123413269976306, 4.57679033490414, 9.0, 0.0
34, 0 ,1.0,1.0,1.0,31.793029684723226,40.018034621207136,104.0458270256039,10.08128675554384,11.70323790935401,11.632660391872758,45.0,55.0,53.0,-0.18643670231236703,-0.8209739754876246,0.5396694243728615,11.89463605355625,-0.12663508149595093,-0.5246374901232501,-0.8418545361828795,11.523359483163578,-0.9742714776515855,0.22529366508897344,0.006152422723914359,9.982320741105925,58.687694763645105,58.83527677415972,47.01463586421671,18.646228991243643,5.122016439761505,60772.0,162337.15421341427, 0.0, 0.0,-1.4210854715202004E-14,57.33886203298393, 108.71726239506839,108.71726239506839,0.0, 101.63234264750363, 8.605160920580946, -0.6761434159144417, 8.605160920580946, 136.96577756294081, -3.8980982429421926, -0.6761434159144417, -3.8980982429421926, 135.31878779264528, 6.961270396696436, 4.477736296193391, 11.0, 0.0
35, 0 ,1.0,1.0,1.0,90.715576416198,74.80608059537401,100.4528027964537,11.68970536907315,12.70285332725198,10.60274670549505,56.0,56.0,53.0,0.15070431311230711,0.9768876827964235,0.1515871538422098,12.757728681927436,-0.9415288483408626,0.18857665048459793,-0.27921725346750903,11.782568510139152,-0.301349693464714,-0.10064443398739904,0.9481872495219914,10.432706751006844,59.024661690251705,54.78078113702681,50.614114616979734,19.548577165117656,5.318182282486175,70947.0,163656.5423748125, 0.0, 0.0,0.0,NaN, 154.06138377168494,154.06138377168494,0.0, 136.64921161573764, 2.61361157390802, 9.11521428150076, 2.61361157390802, 161.3624826536767, 6.405452815110002, 9.11521428150076, 6.405452815110002, 112.41823770088614, 6.840216484206614, 4.4441998948583326, 8.0, 0.0
36, 0 ,1.0,1.0,1.0,132.74952413094837,42.372298346270675,32.33695578805265,11.78189271264597,11.031985990738713,15.491840833597623,64.0,51.0,65.0,0.47618599294717545,0.040284375450483856,0.8784213506145426,16.82123556755746,0.29575583364456526,-0.94809023257651,-0.11684775461354664,11.162206798858751,0.8281155637869159,0.31543950289648864,-0.46338162784717224,9.641888641025131,77.92932675010702,51.89951373433635,52.20987255255966,21.198695022649623,7.150536521296284,74075.0,211162.5248406938, 0.0, 0.0,0.0,NaN, 85.81210218493507,85.81210218493507,0.0, 138.81299589230022, -5.224318278545997, 78.37738613151315, -5.224318278545997, 121.70471489985522, 10.226951512346622, 78.37738613151315, 10.226951512346622, 239.99713241352268, 6.512560809117252, 4.25008971683789, 11.0, 0.0
37, 0 ,1.0,1.0,1.0,18.328974878574414,131.5754125253305,16.368522628582458,11.056841883390252,13.872550761081008,9.880352831184744,52.0,60.0,41.0,-0.2608968103908547,0.9632440982644699,0.06398172775524488,14.079849102638864,0.9375093713744053,0.2686179747673884,-0.22117993176830902,10.86020668248304,-0.23023690606209413,0.002278330646449278,-0.9731319418744919,9.804924741293673,64.89229917535464,55.30701946174726,45.038806461553065,19.3938682963603,6.016698565263656,62178.0,161644.26078046288, 0.0, 0.0,0.0,NaN, 72.70353515628057,72.70353515628057,0.0, 122.25375243429288, -20.16805080905844, -6.22638441840604, -20.16805080905844, 192.44766461876927, 4.997121126356191, -6.22638441840604, 4.997121126356191, 97.62137206870038, 6.916621772783833, 4.423825654366733, 7.0, 0.0
38, 0 ,1.0,1.0,1.0,98.36576557624207,134.64005469653938,16.387749377651556,10.654146060796206,12.941477833526127,10.798033173255185,50.0,59.0,44.0,-0.0479447908327109,-0.9364579189680028,0.34748793221365915,13.291347941628993,-0.7510412368035241,-0.1955541150943756,-0.6306311510624012,11.51740501191889,0.658512230450309,-0.2912132450143239,-0.6939427125315074,9.395725033073663,66.45464623522997,63.369558287118736,46.47922370642189,19.008736595004663,6.021472433945192,57042.0,195733.3802191744, 0.0, 0.0,0.0,NaN, 119.23214590510518,119.23214590510518,0.0, 113.51082828477931, 10.484851492083147, 19.542985817199074, 10.484851492083147, 167.4818485156481, -23.28769555376817, 19.542985817199074, -23.28769555376817, 116.59752041071944, 7.084595813450199, 4.516325486716732, 7.0, 0.0
39, 0 ,1.0,1.0,1.0,145.82449791930523,103.2964948928401,82.85527246410184,9.573466232253304,12.886555604408555,11.09310234445424,46.0,62.0,50.0,-0.10415714551599659,0.9601884853361278,0.259209107991738,13.054962934206507,0.07025554460330918,-0.25287226751751046,0.9649454776167643,10.940621797380373,-0.9920763314838488,-0.11871684357522964,0.04112011139433485,9.520621205747224,64.794883708902,49.77870167402714,47.14699708455626,18.785705597316515,5.279086652167001,60797.0,152068.1689078661, 0.0, 0.0,0.0,NaN, 138.3891220465193,138.3891220465193,0.0, 91.65125570009427, -8.4960014391073, -0.18448678072984143, -8.4960014391073, 166.06331534551353, 12.769213259899, -0.18448678072984143, 12.769213259899, 123.05691962453615, 7.505159144819921, 4.503814689782764, 12.0, 0.0
40, 0 ,1.0,1.0,1.0,29.380914284285662,146.51851944447918,126.93951023163369,15.434708237679038,11.292778884096652,10.993528131923915,66.0,65.0,57.0,-0.9719098668414788,-0.2342168474660602,0.023101495606111293,15.655720543914887,-0.18002292846064838,0.6766016067503081,-0.7140042093512853,11.067114138132931,-0.15160130594632473,0.6981065349256957,0.6997601802970836,10.910184828826617,71.10005025729615,50.59581566494779,64.4117470176314,21.108255687652033,6.407517141570696,79997.0,231712.56666669354, 0.0, 2.8421709430404007E-14,0.0,76.45453688024938, 95.19108178702798,95.19108178702798,0.0, 238.23021838227717, 28.278068871180718, -2.3872739700030126, 28.278068871180718, 127.52685492509923, -2.3482741153792306, -2.3872739700030126, -2.3482741153792306, 120.85766078740252, 7.189787334880109, 4.470845698474599, 11.0, 0.0
41, 0 ,1.0,1.0,1.0,124.8772387439774,73.7917262003655,166.24028908456555,10.492812686663271,9.863559210205686,13.369724062152228,49.0,45.0,64.0,-0.08075962112560044,0.0019773189032230177,0.9967316458333229,13.386815356404927,0.8675010824777366,0.4925827584774217,0.0693116004051945,10.745470675027196,0.4908357724286246,-0.8702633602885559,0.04149612323658939,9.563810665962558,64.44283425904715,52.9410950819377,48.26832531548469,18.87270014725825,5.473538985005597,60190.0,164675.80092147383, 0.0, 0.0,0.0,NaN, 110.58194335176418,110.58194335176418,0.0, 110.09911807740168, 10.241004567112553, -5.619729256589873, 10.241004567112553, 97.28980029323341, 0.9922788497111822, -5.619729256589873, 0.9922788497111822, 178.7495214980923, 7.248299850810404, 4.546901604742612, 14.0, 0.0
42, 0 ,1.0,1.0,1.0,179.47724043396133,83.24344293809867,20.47680580398188,11.450272724764956,10.890428056520415,11.149501337943295,50.0,53.0,45.0,0.8806802693020137,0.47177800382927515,0.04275252466226792,11.669023420689566,0.036417295929323634,0.02255570962631502,-0.9990820889799046,11.14853129162938,-0.4723092671325952,0.881428814519992,0.0026834892496048397,10.656720473837229,63.39703483579518,45.86231813671299,56.387836498696224,18.60709057386503,5.2723551840274165,59821.0,163949.60709825536, 0.0, 0.0,0.0,NaN, 88.14734271847284,88.14734271847284,0.0, 131.1087454714963, 9.398956011437805, 0.4607524297842203, 9.398956011437805, 118.60142325424701, 0.21417691239887812, 0.4607524297842203, 0.21417691239887812, 124.31138008479932, 6.995687031277212, 4.407877937375695, 8.0, 0.0
43, 0 ,1.0,1.0,1.0,149.08570132248903,113.9844561326858,129.85677796635804,11.93124823965234,10.691933474715162,10.607534693646157,57.0,55.0,52.0,-0.9928746321970031,-0.08538983629617901,0.08311763108376843,11.950298906941418,0.02246819642126128,-0.8191450254646488,-0.5731462356206278,10.760920748105022,0.11702625726409148,-0.567194854625668,0.8152268714884997,10.515933574752465,57.6071710447213,50.19359418116986,54.36795444182663,18.523118566359816,5.107445235872145,59509.0,157205.5364318636, 0.0, -1.4210854715202004E-14,0.0,85.10155765263107, 122.11065143497285,122.11065143497285,1.9073486328125E-6, 142.35468455620708, 2.6361268669159723, -2.726487886343619, 2.6361268669159723, 114.31744142773462, 2.2185302999358063, -2.726487886343619, 2.2185302999358063, 112.51979227690686, 6.551559519880142, 4.379260884031419, 15.0, 0.0
44, 0 ,1.0,1.0,1.0,9.908702638700948,167.92107154939106,161.73513616373478,6.53995180376864,15.627845045512286,11.54188430274055,27.0,67.0,66.0,0.04364497444933774,0.9853385501184716,0.1649334952510998,15.742528172363356,0.004674326785635962,0.16488759916519102,-0.9863012877973141,11.402224033260573,-0.9990361689520643,0.04381804755996346,0.002590720674838931,6.509815470325507,71.62542169647497,65.63729105997464,28.05669835124293,19.311823132153766,6.8752520631899126,47296.0,131902.9181154014, 0.0, 0.0,0.0,NaN, 50.90618668619174,50.90618668619174,0.0, 42.7709695956167, 8.902913289713126, 1.0749179202258632, 8.902913289713126, 244.2295407665429, 19.137036182747394, 1.0749179202258632, 19.137036182747394, 133.2150932578487, 7.828841975345673, 4.793375001449848, 6.0, 0.0
45, 0 ,1.0,1.0,1.0,117.93733515099429,178.4642148001067,31.46686720208636,10.667389624925445,10.813959608426623,13.93070912037161,58.0,46.0,61.0,0.147492977936997,0.1379299634408679,0.9793983595271525,14.051389787118877,-0.2613264899133552,-0.9496045409619989,0.1730886520079109,10.756780423990067,-0.953915241061197,0.28147209625387654,0.10401524840910088,10.566442181717058,64.78528273099658,52.314425698538685,57.951553456198404,19.730134870723653,5.959979731685227,67486.0,196409.68660610108, 0.0, 2.8421709430404007E-14,0.0,82.07192019218161, 90.48886526976631,90.48886526976631,NaN, 113.79320140996703, 2.7524992500615144, 12.2094268647957, 2.7524992500615144, 116.94172241268248, 10.922383669102391, 12.2094268647957, 10.922383669102391, 194.06465659640477, 6.228496739769174, 4.178441237791759, 9.0, 0.0
46, 0 ,1.0,1.0,1.0,15.999948992603928,150.05048031964634,60.702252826659866,10.278967812401797,10.256599962656438,13.460896955950604,40.0,48.0,66.0,-0.1038452344993839,0.0694061000009279,0.9921688165601804,13.501349789409865,0.7006620666837042,-0.7028976832528736,0.12250516392488273,10.629746289628757,-0.7058957682138971,-0.7078966309853463,-0.024362353279362346,9.837317552219321,65.48050273795184,53.07309737298126,52.55794402870852,18.938223536793895,5.778793837095854,58815.0,182652.15780203269, -1.7763568394002505E-15, 0.0,-7.105427357601002E-15,39.39126787442976, 80.22291681493326,80.22291681493326,0.0, 105.65717928839219, -8.603941997093202, -7.418513869616852, -8.603941997093202, 105.19784279396406, 4.492119550414722, -7.418513869616852, 4.492119550414722, 181.19574685872024, 6.980495586577073, 4.396389400292426, 10.0, 0.0
47, 0 ,1.0,1.0,1.0,121.03082118087167,152.84405674275405,110.45407445417376,12.12025486001287,12.343589056520013,9.294116989961319,65.0,56.0,44.0,-0.48210336208131344,-0.8757831062331902,0.02408939821661527,12.4513077010111,0.8716810445981853,-0.4767199082222073,0.11362343769146867,12.043160968271636,-0.08802559149537474,0.07577651312349455,0.9932318034078119,9.250545374086549,58.509333503888115,61.77822087635518,44.04616458312283,18.872335852697606,5.42957813775571,60413.0,159209.37787427162, 0.0, 0.0,0.0,NaN, 128.36778010741918,128.36778010741918,0.0, 146.9005778716656, 4.617704241553827, 5.0829211157582606, 4.617704241553827, 152.36419079624062, -4.686477489401584, 5.0829211157582606, -4.686477489401584, 86.38061062308763, 6.656651128037034, 4.41993022289365, 14.0, 0.0
48, 0 ,1.0,1.0,1.0,112.55092897073331,30.03565850049326,65.03765208812891,9.424338054862412,12.98985509326701,9.71451990678791,44.0,56.0,52.0,-0.251188419418095,0.9679378056602259,8.844907606473744E-4,13.210136410131613,0.10285649301716801,0.025783532553529234,0.9943619820232823,9.721218842410414,-0.9624577496152485,-0.24986319021161818,0.10603521293807998,9.105854181759176,58.22706979070476,53.84130352321461,43.195624933471336,17.96507748742709,5.402070992362663,48656.0,135419.20586900742, -1.4210854715202004E-14, 0.0,0.0,75.45215213650238, 113.04590658036443,113.04590658036443,1.3486991523486091E-6, 88.81814777232785, -22.238261710050654, 1.1645778141569212, -22.238261710050654, 168.73633534407492, 0.3754454461340253, 1.1645778141569212, 0.3754454461340253, 94.3718970193786, 6.524469711551665, 4.197775294421288, 8.0, 0.0
49, 0 ,1.0,1.0,1.0,142.0685600037783,37.32162591898742,127.58982068922089,12.645625599765507,9.77799183194651,12.002149869378982,60.0,45.0,63.0,-0.9884007546527664,0.13040009564878544,-0.0778444812214027,12.701864479167982,0.054241602883369724,-0.17565400527592095,-0.9829565193573766,12.058766599998838,-0.14185131905796472,-0.9757773749607608,0.16654344116836656,9.634384225351123,57.38375514596652,62.96725555454444,44.68701342125082,19.227905518740613,5.464450743164477,63521.0,161467.47722700846, 0.0, 0.0,0.0,NaN, 99.96094021712608,99.96094021712608,0.0, 159.91184680944477, -9.331948188428832, 2.4676458320611356, -9.331948188428832, 95.60912426561266, 8.385131898415, 2.4676458320611356, 8.385131898415, 144.0516014870339, 6.822364295920152, 4.5496727496418785, 11.0, 0.0
