// Sample: .//bubblelabels.tif, Map: .//bubblelabels.tif, Thickness:(8.191250068658265):/gpfs/home/mader/Foam/NewValid/InSilicoTest/LatticeData_OldFoam/out_Step_07000.vtk/distmap.tif, Neighbors:(1.0):
//LACUNA_NUMBER, TRIANGLES, SCALE_X, SCALE_Y, SCALE_Z, POS_X, POS_Y, POS_Z , STD_X, STD_Y, STD_Z,PROJ_X, PROJ_Y, PROJ_Z, PCA1_X, PCA1_Y, PCA1_Z, PCA1_S, PCA2_X, PCA2_Y, PCA2_Z, PCA2_S, PCA3_X, PCA3_Y, PCA3_Z, PCA3_S,PROJ_PCA1, PROJ_PCA2, PROJ_PCA3,OBJ_RADIUS, OBJ_RADIUS_STD, VOLUME, VOLUME_BOX, Mask_Grad_X,Mask_Grad_Y,Mask_Grad_Z,Mask_Angle, Mask_Distance_Mean,Mask_Distance_COV, Mask_Distance_STD, SHAPET_XX, SHAPET_XY, SHAPET_XZ, SHAPET_YX, SHAPET_YY, SHAPET_YZ, SHAPET_ZX, SHAPET_ZY, SHAPET_ZZ, Thickness, Thickness_STD, Neighbors, Neighbors_STD
1, 0 ,1.0,1.0,1.0,78.98476460791443,135.78843642732596,39.51383578460119,18.05503373539884,17.345064185018753,19.097349416121393,98.0,91.0,87.0,0.3858307145904843,-0.35538388137658783,0.8513735704943561,19.521365329765974,0.8098850144091658,-0.3114894530079675,-0.4970518927639886,18.049070768905825,-0.4418381186747724,-0.8812925833810865,-0.16763788164799978,16.87280621387809,95.57411288123947,91.81032309267412,87.92565322126606,30.294960800814703,8.588340908889618,255786.0,771520.3661476742, 0.0, 0.0,0.0,NaN, 161.9828254042941,161.9828254042941,0.0, 325.9842431863902, -23.579709066339543, 15.12757311992228, -23.579709066339543, 300.8512515824203, -22.804964996192464, 15.12757311992228, -22.804964996192464, 364.7087547214321, 7.881280603872315, 6.2176464897120685, 42.0, 0.0
2, 0 ,1.0,1.0,1.0,57.142073729470646,262.3596954958765,13.616874603510256,20.050282594349035,21.113560567349857,9.13086780631795,114.0,95.0,38.0,0.5719909130005539,0.8181067976307648,-0.05939413367605266,22.06792558615118,0.8171636592166676,-0.5746215206775511,-0.04531734800101047,19.04762073562818,0.07120357786248473,0.022613616352865296,0.9972054326241043,9.020189769435127,106.74909240015728,102.51493832401331,42.04959030089684,28.651099798587282,10.501595077522877,141870.0,460164.50352854305, 0.0, 0.0,1.7763568394002505E-15,86.59496283724374, 69.76695770373767,69.76695770373767,0.0, 402.0138321132559, 57.657503190139415, -24.20290917395016, 57.657503190139415, 445.78243983115084, -12.380842398090682, -24.20290917395016, -12.380842398090682, 83.37274689645356, 7.7043719545595994, 5.951665468877121, 23.0, 0.0
3, 0 ,1.0,1.0,1.0,260.90003434519565,140.30572507991863,127.04956275924017,18.219207141434392,16.80765697374122,15.254275557466585,89.0,99.0,75.0,-0.9181208077495723,-0.3345596270635319,0.2124241942820603,18.456261037417647,0.39057080193050286,-0.8546963651016372,0.3419774439366025,16.947784568325712,0.06714634060495125,0.39694329496939296,0.9153837389435127,14.807727419725436,107.21381855101478,87.54111235337103,79.26623987210328,27.84417247256074,8.475365709565688,189255.0,743962.5633656041, 0.0, 0.0,1.4210854715202004E-14,77.7355458302008, 193.27724957097954,193.27724957097954,NaN, 331.939508862494, 14.593247273715578, -14.592916024188458, 14.593247273715578, 282.4973329469519, -28.48863016168387, -14.592916024188458, -28.48863016168387, 232.69292278312247, 6.7121731782144725, 5.5772786509106815, 44.0, 0.0
4, 0 ,1.0,1.0,1.0,79.26949917106836,16.586482630990478,263.1315418128542,17.68908783793369,10.605065022233195,18.930958589256786,83.0,45.0,80.0,-0.16293284044307563,0.0759568865792667,0.9837090224687055,18.981314029743707,0.973460856585501,-0.15002455581450497,0.17281953983413906,17.810346019761365,-0.16070734333245093,-0.9857602061525133,0.04949712885795274,10.307944418394401,92.82544947808083,85.11159677254469,47.63902986907515,26.409344357525956,9.289723159361676,129685.0,376373.2143156452, 0.0, 0.0,0.0,NaN, 88.98341482544639,88.98341482544639,0.0, 312.90382853813367, -33.95238900376406, -5.2270454282243195, -33.95238900376406, 112.46740412579393, 13.51201906772564, -5.2270454282243195, 13.51201906772564, 358.3811931081553, 7.3426454115466395, 5.781868158575716, 19.0, 0.0
5, 0 ,1.0,1.0,1.0,188.2659555481522,113.19033624443757,236.3066713466435,15.945819480241322,14.989603751612195,16.260931845177275,81.0,89.0,83.0,0.26397173374191363,0.1762474406285325,-0.9482909698279218,16.28220000535038,-0.8857565876927914,-0.344857089527432,-0.31065874389994425,16.12432624204761,0.38177767240124294,-0.9219601008040212,-0.0650798077849704,14.774009280695388,82.91602187997398,83.87638822847396,84.68983471623966,26.251062952570283,7.365933604128171,168092.0,588992.0921377887, -2.8421709430404007E-14, 0.0,0.0,74.69413799227213, 171.32830771253427,171.32830771253427,0.0, 254.26915889644366, 14.92368475711178, -0.24404339618601187, 14.92368475711178, 224.6882206303464, -3.3584741871386417, -0.24404339618601187, -3.3584741871386417, 264.41790447350047, 7.015541440185655, 5.682442086346743, 39.0, 0.0
6, 0 ,1.0,1.0,1.0,275.02181248003717,206.25039635297193,208.2716164813148,15.228267310448087,16.444001459776757,17.409718793290185,61.0,90.0,86.0,-0.3338349866827932,0.29850210013420514,0.8941200690522318,17.915750171916518,-0.21024771724238356,-0.9482201742452139,0.23806385393155188,16.311819015445305,0.9188852480374609,-0.10851265995193991,0.37930845438678085,14.776808651866402,93.09973224905366,94.58077943646447,74.26866579662874,27.156667915446892,8.241298773819109,172195.0,653968.6698271442, 0.0, -2.8421709430404007E-14,0.0,72.63234201707449, 133.51776802623795,133.51776802623795,0.0, 231.90012527846184, -0.7123464020544231, -33.01947322224166, -0.7123464020544231, 270.4051840091401, 16.616473835913528, -33.01947322224166, 16.616473835913528, 303.0983084614415, 7.748701610650061, 5.966253108545735, 34.0, 0.0
7, 0 ,1.0,1.0,1.0,261.49010258816367,277.4647598879012,25.187492867015813,19.242915476330392,13.54596972733008,16.364064392259202,81.0,59.0,69.0,0.9345717985309974,0.19558033076101808,0.29719335054800267,19.650124109209024,-0.34324275356925216,0.27591044430570744,0.897807239247504,16.36940980368303,-0.09359468741726203,0.9410747903022574,-0.3249896514426684,12.94143502432062,94.02792352557992,89.77438820829533,61.50595430718556,27.236478929477144,8.929720647437703,157718.0,519190.16959295806, 0.0, 0.0,0.0,NaN, 51.23728176343938,51.23728176343938,0.0, 370.28979602919566, 30.44949206929457, 29.76525302353052, 30.44949206929457, 183.49329585374295, 37.598432552751454, 29.76525302353052, 37.598432552751454, 267.7826034340055, 7.301452641220145, 5.793832967996313, 20.0, 0.0
8, 0 ,1.0,1.0,1.0,155.77563236635035,176.3862331565972,14.614518253351795,17.245786812882745,17.424187011091462,9.595177872491334,82.0,81.0,41.0,-0.6565545271029426,-0.7542567620790563,-0.0057349628289384376,17.998617848376472,-0.748580984282611,0.6506435253130944,0.12763037623789225,16.738944883378444,-0.09253465789156425,0.0880893854341509,-0.9918052214334855,9.431032495806521,85.7158730992438,87.44894116947592,44.592099068622986,25.06282287253924,8.058647768531202,118444.0,334251.7770360952, 0.0, 0.0,0.0,NaN, 190.5114582284195,190.5114582284195,0.0, 297.4171627954004, 23.228336987408166, -17.38727311993143, 23.228336987408166, 303.6022929974884, 16.898134421870413, -17.38727311993143, 16.898134421870413, 92.06743840474732, 8.569377547423812, 5.852252918853098, 18.0, 0.0
9, 0 ,1.0,1.0,1.0,44.04013061131235,257.72342197830443,214.5425557739815,16.856749857242374,21.576736228087977,15.378519555540688,84.0,89.0,92.0,-0.17745988615084757,0.9580788789022647,0.22492854556216046,21.981975550025403,-0.9144225128812049,-0.2450121712456383,0.3221808558519903,16.956479184949398,0.36378490450175555,-0.14850554785218845,0.9195687279990394,14.679066397245284,98.88163779896209,90.79687772466397,87.60460396763943,29.874312805985582,9.681418289502727,210089.0,786526.7474210757, 0.0, 0.0,0.0,NaN, 105.02293524335067,105.02293524335067,0.0, 284.1500157496408, -29.37820243182193, -31.912528917413514, -29.37820243182193, 465.55554625648415, 52.00883314120587, -31.912528917413514, 52.00883314120587, 236.49886372014734, 7.393486885281373, 5.424785316219818, 30.0, 0.0
10, 0 ,1.0,1.0,1.0,278.2468409842278,209.53624211062763,285.47790975734057,13.46847074976009,18.532490457641945,8.82322727425038,53.0,103.0,39.0,0.26616158182472877,0.9631685489256901,-0.038266940313270714,18.903084443647,0.9637166655220728,-0.26506124546908166,0.03150753474007005,12.962496281366198,-0.02020398365609251,0.04526458340425199,0.9987707026808825,8.794847076824427,107.72353115773745,62.29107721904302,40.866962236521374,22.853153963732737,8.968589651816677,76527.0,274226.0947346979, 0.0, 0.0,0.0,NaN, 94.16890422877607,94.16890422877607,0.0, 181.39970433714313, 48.6116584542741, -0.09827531872622645, 48.6116584542741, 343.4532025625897, -11.076547920498488, -0.09827531872622645, -11.076547920498488, 77.84933953307578, 6.903997151152649, 5.554301316921049, 13.0, 0.0
11, 0 ,1.0,1.0,1.0,14.34414840827544,168.30418352545996,12.726105046186731,9.042281267526725,17.337716634663902,8.323767444158333,35.0,81.0,33.0,0.048527626250337054,-0.9979175784694229,0.0424920706983204,17.36518353296762,0.9670110992140196,0.03628853087453922,-0.25213622612361963,9.062683602704938,0.2500691973982422,0.05332587653936019,0.9667583707441629,8.243939584507475,81.34726425995512,42.24787844630999,39.180862688416155,19.8931505602945,7.477093945834245,52396.0,134654.80368705248, 1.7763568394002505E-15, 0.0,-1.7763568394002505E-15,89.96040144295927, 133.0845461355335,133.0845461355335,0.0, 81.76285052106473, -10.814585795310574, -2.9731682989701693, -10.814585795310574, 300.5964181039014, -10.034576346019072, -2.9731682989701693, -10.034576346019072, 69.28510446443015, 9.157337195854467, 5.725585616792844, 11.0, 0.0
12, 0 ,1.0,1.0,1.0,22.205933769187038,131.32938459351905,188.86636583285957,14.128387604687251,15.958942510069571,15.707029873488253,61.0,75.0,76.0,-0.47765727681335973,-0.5785022974252391,-0.6611948410120609,16.43059594668985,0.09402571033037434,-0.7819403456503418,0.6162211142447912,15.90883803171933,0.8735002528357466,-0.23217318475212334,-0.4278935855770014,13.339953489865632,86.73227293103443,84.57831631660352,66.40343206072235,25.33198615834234,7.700678351168043,140720.0,487113.6388875401, 0.0, 0.0,0.0,NaN, 173.4681394247075,173.4681394247075,0.0, 199.61133630828039, 19.90053129522737, 33.41252547277939, 19.90053129522737, 254.68784603970565, -1.0103888766236033, 33.41252547277939, -1.0103888766236033, 246.7107874466524, 6.965422997094432, 5.184559789111406, 25.0, 0.0
13, 0 ,1.0,1.0,1.0,123.11549676507516,234.93410084183515,76.67722791297606,14.332505598921506,14.556177657770768,16.509465344702814,75.0,70.0,79.0,-0.14355421703366897,0.3905478222294885,0.9093209473687793,16.945210419359636,0.8213600166851259,-0.46553550599506066,0.3296125235013576,14.40676889759317,-0.5520506405782539,-0.7941971362386837,0.2539507807182584,13.970337307689167,81.38012953379899,70.0535165198736,72.39533310722732,25.241969105819404,7.260059667553721,145753.0,412723.2058159764, 0.0, -2.8421709430404007E-14,0.0,67.01140920791877, 158.9666444805016,158.9666444805016,0.0, 205.42071674311632, -9.891821462141111, -8.65254543431036, -9.891821462141111, 211.88230800458484, 30.76116974679177, -8.65254543431036, 30.76116974679177, 272.5624459679432, 6.565619218232745, 5.131635619638797, 32.0, 0.0
14, 0 ,1.0,1.0,1.0,190.91074591144795,279.8303470283207,60.39387315516554,16.717379377073822,12.130594444576737,15.036460327053284,76.0,52.0,78.0,-0.9115937924082878,0.08629934445118756,0.4019318111197107,17.08007018595727,0.4106106519908492,0.23845147368763986,0.8800794209432703,14.811373299744623,0.019890955591052153,-0.9673124199778933,0.2528063132957457,11.900069638503902,80.30129919886434,73.12093372252002,59.16835775979263,24.464462218353237,7.362562213629934,125350.0,347419.1998809655, 0.0, 0.0,0.0,NaN, 126.31191619667904,126.31191619667904,0.0, 279.47077323701313, -4.195668747085335, -26.900720758994712, -4.195668747085335, 147.15132157879597, 21.526526577724418, -26.900720758994712, 21.526526577724418, 226.09513916704736, 7.044905367057353, 5.536896350430696, 26.0, 0.0
15, 0 ,1.0,1.0,1.0,173.8084862385321,100.89668590866921,11.268606329244408,14.431311010712843,18.459888769919573,7.521947264929405,81.0,86.0,30.0,-0.11180951263916863,-0.9929515147307436,-0.039318218135028976,18.521668094097564,0.9889988685050486,-0.10733392547998669,-0.10178735941555041,14.422694279068633,0.0968497340168023,-0.05026646829625892,0.9940288784466456,7.385365413215005,86.88667214928817,82.2737030724311,33.401921677209096,23.113458363150887,8.448548043125104,77608.0,238773.24515007666, 0.0, 0.0,0.0,NaN, 161.96117084464063,161.96117084464063,0.0, 208.26273748792173, 15.739259388987353, -14.181175962896138, 15.739259388987353, 340.76749339780275, 12.94038869121613, -14.181175962896138, 12.94038869121613, 56.57969065637894, 6.980414316029358, 5.127410661982142, 23.0, 0.0
16, 0 ,1.0,1.0,1.0,217.80599693019434,28.334262922368506,263.1677043474501,16.287418494665836,17.201246621379454,16.777808747459332,84.0,71.0,74.0,-0.5577570006272148,-0.6216763452677193,0.5499324049243737,18.761263421931037,0.15677853452252657,-0.7295491343707792,-0.6657165700595236,16.31020058305974,-0.8150629542337836,0.28509048085374483,-0.5043766433552196,14.988332284463615,90.09717119914862,93.05817544516671,79.41507045448407,27.781389877204994,8.417370694432707,185028.0,665838.0570318243, 0.0, 0.0,0.0,NaN, 94.42088010090761,94.42088010090761,1.9073486328125E-6, 265.28000122038276, 39.42056176287686, -43.375316626367066, 39.42056176287686, 295.8828853295181, -23.439729005777885, -43.375316626367066, -23.439729005777885, 281.4948663663229, 7.514108087507751, 5.493863546451276, 34.0, 0.0
17, 0 ,1.0,1.0,1.0,157.1973746626955,257.8496185639965,280.10469465678534,17.132862064090045,17.623651592521153,10.96248258030503,82.0,83.0,49.0,-0.6706608551368182,0.7404635279143862,-0.04390650539193888,19.653827045746763,0.7379209723994238,0.6720338950267613,0.061992599786171956,14.79027144812837,-0.07540991897781171,-0.009176478831268459,0.9971103932644663,10.921494184943395,93.19147961952183,71.59265809098724,51.24917754293094,25.560341234341173,8.424549736889814,128593.0,341925.5817511824, 0.0, 0.0,0.0,NaN, 150.21673552945722,150.21673552945722,0.0, 293.53496250713584, -83.2596421949305, 12.412462147364943, -83.2596421949305, 310.5930954545734, -4.536121054234081, 12.412462147364943, -4.536121054234081, 120.17602432349123, 7.546050153049791, 5.461585122057077, 28.0, 0.0
18, 0 ,1.0,1.0,1.0,272.32280489231806,66.06732787754062,238.2516226280035,15.78112638543529,16.238776223451584,13.852147172631742,72.0,82.0,72.0,-0.5684016714408787,0.8207307685132595,-0.05762417477803344,16.65181691677096,0.8207190147663889,0.5705249538302876,0.030357467908840228,15.35526666294431,-0.057791337621685014,0.030038020450456143,0.9978766850785296,13.840396078179245,88.19198334006208,79.7164930656065,72.0250647450776,25.445207335762994,7.56076769651497,145289.0,506361.81931428023, 0.0, 0.0,2.8421709430404007E-14,86.69654805390736, 94.57156575832738,94.57156575832738,0.0, 249.04394999308187, -19.282606924520383, 3.9097860040790993, -19.282606924520383, 263.69785323533654, -3.288331343371419, 3.9097860040790993, -3.288331343371419, 191.88198129224955, 6.037566479980633, 4.9071160964044775, 28.0, 0.0
19, 0 ,1.0,1.0,1.0,276.42188919164397,206.46568460490462,11.831460036330608,15.343247655264458,17.8562595980092,7.567785578862914,63.0,84.0,31.0,0.5730070895096963,-0.8192493896774359,0.02221064800441231,19.959079732924668,0.8149206644531481,0.572437406155456,0.09066270832736742,12.525661249444203,-0.08698957419637679,-0.03385045859604063,0.9956339490163897,7.501705172082343,102.01890400149995,68.30939520989841,33.61523080590428,22.933881975721913,9.25038872337829,70464.0,234259.48884204932, 0.0, 0.0,0.0,NaN, 97.18322340976131,97.18322340976131,0.0, 235.41524861077826, -113.6521751807252, 11.787570334354635, -113.6521751807252, 318.84600683149563, -1.0028032702110161, 11.787570334354635, -1.0028032702110161, 57.27137856764549, 7.378339801767383, 5.431826318069183, 10.0, 0.0
20, 0 ,1.0,1.0,1.0,40.69614865111525,85.25294783338809,36.880648340817,13.32516312808738,13.859579601066415,17.34412637775362,62.0,71.0,80.0,0.2505556037780375,0.023575940033466854,0.9678150982842547,17.597914760001956,-0.1532115377650643,-0.9861390372204263,0.06368692146457247,13.881148106775552,0.9559017282707923,-0.164237554540698,-0.24347055585307215,12.965097849742264,82.75569017573496,72.41558085721945,61.206182045504654,24.851850631455683,7.269949044387076,136965.0,366796.4918177255, 0.0, 0.0,0.0,NaN, 101.41214844068273,101.41214844068273,0.0, 177.55997239013948, 4.5520310296944615, 34.09509686416048, 4.5520310296944615, 192.08794671829625, 1.686233258367975, 34.09509686416048, 1.686233258367975, 300.81871980748895, 6.836226424719441, 4.936807308925895, 22.0, 0.0
21, 0 ,1.0,1.0,1.0,69.91965109986312,63.670287778945024,159.60788527042945,14.571158097779207,14.269891860515937,14.078520664935672,71.0,65.0,70.0,-0.8669069585406968,0.46173748452685565,0.18780527313291945,14.613808144553195,-0.47390705356544316,-0.6466418866815583,-0.5977176381618957,14.509289944525516,-0.15454588255479063,-0.6071678233995323,0.7793990020609695,13.786599397755692,79.42691869031692,78.44091809250523,80.07868666893307,23.85357508284998,6.720131092547299,125652.0,498915.87702667515, 0.0, -7.105427357601002E-15,0.0,62.5007188479599, 169.27081565946673,169.27081565946673,0.0, 212.3186483104766, -3.1372741745756647, 1.9675867450592601, -3.1372741745756647, 203.62981371081898, 9.941036186201732, 1.9675867450592601, 9.941036186201732, 198.20474411302075, 7.011075402818042, 5.099300291188174, 29.0, 0.0
22, 0 ,1.0,1.0,1.0,65.70167441109325,42.034104839716065,34.68487891533984,14.687467952111618,13.32579531083577,16.561311133151882,77.0,69.0,76.0,-0.11581027647529987,-7.481667822832752E-4,0.993271070810572,16.585561289132038,0.919717968270753,0.3775692974989886,0.10751876313480477,14.911886605559166,0.3751091023990654,-0.9259810288729388,0.043038302299013384,13.043402797853359,79.06749745060353,80.54818829804293,62.899292139244196,24.803884207836443,7.2348386411696,136227.0,400589.4688420928, 0.0, 0.0,0.0,NaN, 85.36168236081886,85.36168236081886,0.0, 215.72171484430584, 18.14773151200609, -6.9072982659868245, 18.14773151200609, 177.5768206662926, 2.042488292037045, -6.9072982659868245, 2.042488292037045, 274.27702644906043, 6.408351059673438, 4.929678118861248, 22.0, 0.0
23, 0 ,1.0,1.0,1.0,25.719581384927835,281.696186063992,133.55880631102696,15.532305483362228,11.64779992866706,19.865280063531742,64.0,47.0,108.0,0.1302531717417161,-0.07489603370203672,0.9886479127510088,19.9862956996184,0.9580381359980512,0.26630265416622945,-0.10604634061296665,15.701804862215974,-0.25533711290097005,0.9609752757067818,0.1064400218699352,11.205106741374593,105.99245554665866,73.19201380074264,56.35638817369173,26.333390202567248,8.837741184761384,138361.0,437201.6596983301, 0.0, 0.0,0.0,NaN, 137.23877445695274,137.23877445695274,0.0, 241.25251362848434, 28.19653170399773, 22.97865096422776, 28.19653170399773, 135.6712431782564, -23.697841284103472, 22.97865096422776, -23.697841284103472, 394.6293520025516, 6.603291098540605, 4.875801283050527, 16.0, 0.0
24, 0 ,1.0,1.0,1.0,281.5954406297835,104.23876011371091,168.28872731248634,11.736437892361728,13.155316691913113,15.040077874303837,49.0,66.0,73.0,0.09251520662251066,-0.09860972777318383,0.9908163594390701,15.066525753059512,0.4709819374683249,-0.8723916769542124,-0.13080052201577366,13.698179859812347,-0.8772781492332843,-0.47875764596454723,0.034266095609339325,11.062094936834598,72.03266766637014,71.68862815666115,58.71709943804234,22.153246378291314,6.800290363909297,91460.0,303210.58776587225, -5.6843418860808015E-14, 0.0,0.0,84.6916782979424, 168.97427694362293,168.97427694362293,0.0, 137.74397440126418, -27.77279288249051, 5.570043727195453, -27.77279288249051, 173.06235726452775, -2.7748735876096005, 5.570043727195453, -2.7748735876096005, 226.20394246512382, 6.819468469898875, 5.218735666356138, 15.0, 0.0
25, 0 ,1.0,1.0,1.0,33.75472629848832,180.69353685591514,207.33636504344878,15.248798804222279,15.547857794648527,14.361882627587546,69.0,73.0,74.0,-0.6093318807407093,0.7583089818082559,-0.23169408111109777,16.77390744170475,-0.6217979317227932,-0.2756598222420244,0.7330613852241514,14.745530118487595,0.4920182834186616,0.5907445729843154,0.6394832744265732,13.480756293500813,95.24290263204419,76.70877865290205,67.60676774655695,24.965529873367178,7.566223478385019,135677.0,493932.79630249384, 0.0, 0.0,0.0,NaN, 154.79006085274892,154.79006085274892,0.0, 232.5258649716508, -39.917565103215395, -2.206501058279095, -39.917565103215395, 241.73588200261298, -24.71919294717179, -2.206501058279095, -24.71919294717179, 206.26367260860096, 6.586710968142879, 4.928590573319373, 35.0, 0.0
26, 0 ,1.0,1.0,1.0,124.06293272292031,187.41322973506678,114.29793905004473,14.012952414399443,13.9488327061849,15.080042502556294,70.0,72.0,73.0,-0.21536162858950086,-0.35322275309981405,0.9104136728014721,15.231485394890266,-0.7230406167120869,-0.5689618548022887,-0.39178396389406306,14.432478821591413,-0.6563776622615085,0.7426412959649679,0.13286184558250674,13.343382586204322,76.07037882379666,68.05464801153104,65.99087719842521,23.906057585046117,6.844038416940547,124069.0,341631.00020475243, 0.0, 0.0,0.0,NaN, 202.80880401399847,202.80880401399847,0.0, 196.3628353682232, 16.548747086126323, -2.0090700183191506, 16.548747086126323, 194.56993386513358, -10.606751381543964, -2.0090700183191506, -10.606751381543964, 227.40768187890427, 6.338818733036633, 4.7656897874791, 31.0, 0.0
27, 0 ,1.0,1.0,1.0,31.894556765163298,14.020695401021996,71.40406576316374,17.529463289986786,8.977422645553633,14.173217665703309,73.0,36.0,72.0,0.9947911464174463,-0.0015163235259005054,-0.10192289130724122,17.561659754581132,-0.10189389739911622,0.013311861261060128,-0.994706201861929,14.134070028631045,0.0028650798036502635,0.9999102435282533,0.013088017611068028,8.97621694709841,76.47614399936383,68.46013571468629,36.728917119258355,23.0435435431854,7.5994342266164345,90020.0,192296.71365578147, 0.0, 0.0,0.0,NaN, 79.45050823175819,79.45050823175819,NaN, 307.28208323499433, -0.5053605782437074, -11.01969126611917, -0.5053605782437074, 80.59411735689918, -1.5431545713928398, -11.01969126611917, -1.5431545713928398, 200.88009899940434, 6.848399909873243, 5.211634754646228, 16.0, 0.0
28, 0 ,1.0,1.0,1.0,235.46831103826293,274.23386030772485,95.42515729921219,13.761363842185636,13.461398039069607,14.49549907047574,79.0,60.0,83.0,-0.48837772459523465,-0.48787083755515437,0.7235117441910763,15.317926045715716,-0.6721683853776941,-0.31841626959564545,-0.6684315529323386,13.58794882911198,-0.5564861721713539,0.8127688017634694,0.17242393993308716,12.705615039850015,77.87683934713667,103.52501031089923,67.29970203019668,23.165314155688996,6.638680993514815,113478.0,542583.6978448938, -2.8421709430404007E-14, 0.0,0.0,60.76599021717098, 118.04318481164258,118.04318481164258,0.0, 189.37513479701423, 22.40791132789245, -15.443602586863097, 22.40791132789245, 181.20923716626706, -20.902534627033344, -15.443602586863097, -20.902534627033344, 210.11949330216305, 6.091787519950469, 4.709637331668841, 25.0, 0.0
29, 0 ,1.0,1.0,1.0,135.12852562648396,23.866521482691347,250.165403868548,15.859567679568256,13.957100093605685,14.491080346673204,75.0,60.0,76.0,0.8847649396317894,-0.05231643459313805,0.46309177521288125,16.314122093110957,0.3649280185265718,0.6958080935252241,-0.6186102474733697,14.545467878491563,-0.28985952268750115,0.7163198221857721,0.6347183386756041,13.36400853585149,81.30106686908499,75.75773007735594,69.94075312511573,24.572793515759265,7.245395672518056,132246.0,430777.98710048513, 0.0, 0.0,0.0,NaN, 145.98909636426973,145.98909636426973,0.0, 251.525886982806, 4.320060601898731, 28.429409059226643, 4.320060601898731, 194.80064302292783, -16.314287698019978, 28.429409059226643, -16.314287698019978, 209.99140961373837, 7.667198609928902, 5.228591264493722, 19.0, 0.0
30, 0 ,1.0,1.0,1.0,19.49202890625657,253.06947260383453,82.82346656347009,11.797306937156394,15.581831109294567,16.31878432105877,49.0,81.0,89.0,-0.20889317977931007,0.37167148001207434,0.9045573228863515,16.577952467095685,0.10556836733414254,-0.9109879951308983,0.3986931057164011,15.547970125625104,-0.9722237187294356,-0.17877691034644294,-0.15106242771413314,11.4762690094245,85.77404611091455,86.74757692487071,55.10191904805377,24.28068893528582,7.6629484034046556,118867.0,409996.3345832705, 0.0, -2.8421709430404007E-14,0.0,68.18126122777481, 97.17067564936877,97.17067564936877,0.0, 139.1764509694784, -21.694273218873768, -22.412782903842867, -21.694273218873768, 242.79346071857998, 8.152858346882615, -22.412782903842867, 8.152858346882615, 266.3027217172336, 6.662683987276363, 5.237355748690061, 16.0, 0.0
31, 0 ,1.0,1.0,1.0,165.64955508934383,11.282398900383418,220.292686102872,16.45969908287665,7.688258097242571,14.891858001980697,85.0,32.0,81.0,0.9096769951388788,0.035918326390361556,0.4137603634284165,16.844793398503974,-0.41509452921594425,0.046065839064275284,0.908611286682208,14.475952874174405,-0.013575578444148455,0.9982924482838783,-0.05681453484177289,7.648409309537626,84.26061520355768,75.90331606265993,34.55984142092392,22.058842505835603,8.07501755555593,69115.0,221032.99909490335, 0.0, 0.0,0.0,NaN, 156.62244558598212,156.62244558598212,0.0, 270.9216938988505, 4.471373562413169, 27.809189757616366, 4.471373562413169, 59.109312569815955, 9.670105659323381, 27.809189757616366, 9.670105659323381, 221.76743475115654, 6.7415688838264, 4.7939625807441635, 17.0, 0.0
32, 0 ,1.0,1.0,1.0,58.9037597957207,111.71238002993748,158.18693316897068,13.86271450137253,12.618788706534918,14.93823313749859,71.0,63.0,73.0,0.5115869454988224,0.15156400888069702,0.845758327424092,15.520550848430958,-0.7872731753629413,-0.3116353835822244,0.5320567028555434,13.36864446625724,-0.34420886762129893,0.9380361074668565,0.040106315453940646,12.447945112872135,74.42121852586234,65.3093425283134,62.545575122089964,23.07618658498146,6.484528026935063,113570.0,303996.5666172401, -7.105427357601002E-15, 0.0,0.0,59.23040668809972, 189.89537828511556,189.89537828511556,NaN, 192.17485334656425, 12.494948610788281, 27.226417007457083, 12.494948610788281, 159.23382842017318, 7.074721950906312, 27.226417007457083, 7.074721950906312, 223.150809270261, 6.624273562234262, 4.937439562893203, 23.0, 0.0
33, 0 ,1.0,1.0,1.0,144.78243300723096,152.5186507129251,58.37530745473711,13.281022931999031,13.917989012511889,13.779726927545207,65.0,66.0,64.0,0.5168410657084966,0.6520768512228309,0.554681073137189,14.749416346442237,0.016305742841045207,-0.6553111355703625,0.755183049563405,13.455682612514135,-0.8559260689730785,0.38126512520397265,0.34932430312746915,12.703392670502936,74.66606386027254,66.75188151806677,64.55145363259999,22.769193811041852,6.445205634113172,108146.0,321730.9160732886, 0.0, 0.0,0.0,NaN, 214.75655476717026,214.75655476717026,0.0, 176.38557012028414, 18.719835524424475, 16.344992964164287, 18.719835524424475, 193.71041815240167, 10.577219729475337, 16.344992964164287, 10.577219729475337, 189.8808741977145, 6.214639296552268, 4.7369542813736905, 19.0, 0.0
34, 0 ,1.0,1.0,1.0,24.725799658868368,14.403103876687233,264.99128219166545,13.881721207005752,9.12379775847044,19.268627062066198,50.0,41.0,79.0,0.09908671006631345,0.06530948701750933,0.9929332781177919,19.345449019831605,-0.9933153733886262,-0.05288756376884612,0.10260348234056667,13.830769729361728,-0.05921480286253688,0.9964625314100403,-0.05963246278533959,9.038211602853783,83.18666625908816,55.8938950448169,42.52133146641873,24.024650487190144,8.369111484009409,94978.0,197708.32206087638, 0.0, 0.0,0.0,NaN, 45.21531701356011,45.21531701356011,0.0, 192.70218366903325, 7.65100375097977, 17.613404810772415, 7.65100375097977, 83.24368553747021, 18.37699014519045, 17.613404810772415, 18.37699014519045, 371.2799888569898, 6.281228696937979, 4.8173626902127165, 10.0, 0.0
35, 0 ,1.0,1.0,1.0,53.86055176644654,19.115197935837752,163.50683843960883,14.925181052593636,11.913956175496786,15.528246724119295,85.0,47.0,79.0,-0.5237891059561758,0.19575243074035226,0.8290512398765677,16.05134131035836,0.8443585707022376,-0.009464511482848433,0.5356949011368937,14.520986951974386,-0.11271014401244096,-0.9806076732728718,0.16032783462349942,11.71858385678289,86.61178003437361,75.94813762745471,51.56387744834323,23.526280095102273,7.234913435297017,110844.0,339187.3606675459, 0.0, 0.0,0.0,NaN, 147.97544722508314,147.97544722508314,0.0, 222.7610294527001, -12.9244468397549, -18.988143681561283, -12.9244468397549, 141.942351751658, 19.153821406343063, -18.988143681561283, 19.153821406343063, 241.12644632512163, 6.440991307312861, 4.761348039750882, 21.0, 0.0
36, 0 ,1.0,1.0,1.0,128.7179169249845,93.01292936916539,209.52619567463634,14.347833588623851,12.59612041892884,14.448826631798342,69.0,63.0,68.0,0.6435196926416433,0.09268349239814731,0.7597974568391815,15.333716161202647,-0.6545873619301608,0.581139473816249,0.4835207312762153,14.278098810225368,0.3967339042528602,0.8085089252503372,-0.43464413835553617,11.588969427169854,71.68375879292017,70.3765066138094,58.76027166565315,23.035502323824897,6.531217499045739,111297.0,296436.90486997314, 0.0, 0.0,0.0,NaN, 182.77093980292588,182.77093980292588,0.0, 205.8603286868428, -20.44784749323907, 27.27856917262079, -20.44784749323907, 158.66224960815603, 26.64555921924307, 27.27856917262079, 26.64555921924307, 208.76859103576504, 6.6898202962686515, 4.829272671533889, 27.0, 0.0
37, 0 ,1.0,1.0,1.0,282.38608141964704,255.3333260396267,245.8890517816702,11.107588253925597,13.921987273871826,15.84095565302156,44.0,74.0,89.0,0.21334482891794687,0.36339724409430363,0.9068772943230178,16.334492728585406,-0.12901961475670534,-0.9096387844807948,0.39485594939969465,13.638736707407556,-0.9684203235073102,0.20124543411707008,0.1471813584154887,10.738031979808737,93.65357445598443,77.38812828017751,53.853268878077415,22.600577700241008,7.57297894417569,91403.0,390310.98157072364, 0.0, 0.0,0.0,NaN, 72.34194224324062,72.34194224324062,0.0, 123.3785168187459, 20.045023220109172, 25.71159865296154, 20.045023220109172, 193.8217296538491, 24.533956865396604, 25.71159865296154, 24.533956865396604, 250.93587600099573, 6.430122802647838, 4.920627902449457, 15.0, 0.0
38, 0 ,1.0,1.0,1.0,133.642643778489,278.5660265735622,54.475162447871206,13.675664332335153,12.437726557032962,14.820064500968298,62.0,52.0,72.0,-0.0932884823153273,-0.03674136880930927,0.9949609695286146,14.834596804292362,0.971684629937611,-0.22124784225625288,0.08293595263792519,13.7267682479081,0.21708578721397362,0.9745252506297465,0.056340898774501755,12.363887728922018,71.85210898604677,67.85032145681313,57.89335808608331,22.7113648117053,6.749004151784416,103110.0,282241.04468626267, 0.0, 0.0,0.0,NaN, 145.90172986181935,145.90172986181935,0.0, 187.02379493070387, -7.414136541983587, -3.371784398053292, -7.414136541983587, 154.697041907523, -3.109037978325153, -3.371784398053292, -3.109037978325153, 219.63431181286072, 6.243131994397595, 4.649867893579144, 15.0, 0.0
39, 0 ,1.0,1.0,1.0,200.03686104706742,175.08652458340362,190.46683161821215,14.38718254650595,12.354691113886183,14.160998283939074,75.0,65.0,66.0,0.9083198585139174,0.29715719833230486,0.294368194797862,14.630294039520566,0.29946499095009427,0.029331583837238134,-0.9536563203716835,14.123626693881432,-0.2920201257182746,0.9543779427820479,-0.06234571762830978,12.109539705240564,75.51375905505884,68.96400485525173,62.059173729606,22.754315343359877,6.511867612189547,106698.0,323187.49813952413, 0.0, 0.0,0.0,NaN, 193.89048575350216,193.89048575350216,0.0, 206.99102162648543, 18.65751653089542, 2.9334378455601637, 18.65751653089542, 152.6383925195382, 4.418182257406022, 2.9334378455601637, 4.418182257406022, 200.53387239772542, 6.709971511309685, 4.827901569608768, 35.0, 0.0
40, 0 ,1.0,1.0,1.0,104.78720545984056,216.13924162343966,276.10735333052236,13.954012958805675,14.17700068135909,12.48933363792373,72.0,68.0,54.0,-0.6388210523595642,0.745418064188557,-0.19041946498087473,14.532131770156468,0.7152925597929484,0.6665936611253418,0.2097842817094855,13.720006486132853,-0.28330940148020156,0.0021910109304247305,0.9590260593456426,12.33952385339189,72.99680954973205,64.42994529400588,57.41618410382512,22.54421059847321,6.591194822248982,101981.0,270038.67435680906, 0.0, 0.0,0.0,NaN, 136.32257255659158,136.32257255659158,0.0, 194.71447765451674, -10.903475329029396, 12.56540605235939, -10.903475329029396, 200.9873483192561, -3.332350313229085, 12.56540605235939, -3.332350313229085, 155.9834547193732, 5.488509868484824, 4.402168553839587, 22.0, 0.0
41, 0 ,1.0,1.0,1.0,175.4774133139425,279.9441384187826,173.23465250869103,13.069916164859121,11.502098116503939,16.302543995043354,70.0,50.0,75.0,0.25544048101104455,-0.08453371058507975,0.9631221170939666,16.536464587317873,0.9201305053586848,-0.28458731936027687,-0.26901656225538084,12.936824151645176,-0.29683330973665606,-0.9549157603862498,-0.005086924093461332,11.317147616349507,77.9143285204965,71.42222277876894,56.73726502100101,22.812156677340102,6.964152358828149,100391.0,315732.3567387227, 0.0, 0.0,0.0,NaN, 178.82272088116758,178.82272088116758,NaN, 170.82270855644575, -13.425871503774188, 26.04178237654173, -13.425871503774188, 132.29826108168345, -8.828541091644288, 26.04178237654173, -8.828541091644288, 265.7729407103242, 6.562442731741702, 4.931029908383731, 26.0, 0.0
42, 0 ,1.0,1.0,1.0,240.07880054373186,93.84697396985129,186.74099697701314,13.611510717746748,12.294037769135803,13.472490305716113,66.0,62.0,68.0,0.7772551605796205,-0.36985743511263897,0.5089989126159791,14.263621257828955,0.4488497537659031,-0.24097064962191772,-0.8605039480241097,13.185426679693089,-0.4409175817504187,-0.897295170895671,0.02128526228806258,11.858255167331093,70.1107539740891,67.1569826765276,60.08225319728837,21.925290824720346,6.099689006605363,98578.0,282892.8845540281, 0.0, 0.0,0.0,NaN, 158.82508124769453,158.82508124769453,0.0, 185.27322401933458, -21.657664933330032, 12.020531310054556, -21.657664933330032, 151.14336466893764, -4.936741063946863, 12.020531310054556, -4.936741063946863, 181.50799503761465, 6.761317866492886, 4.749144619561042, 19.0, 0.0
43, 0 ,1.0,1.0,1.0,118.55246528136415,169.69541498042236,271.9113137212556,14.445193252818639,12.149885329874092,14.312630165298504,69.0,58.0,62.0,-0.9329374089815691,-0.042100431794771326,-0.35756865713517233,14.479535809652498,0.35182385012371603,0.10433657474078545,-0.93023322755935,14.30376248750825,0.07647070947023851,-0.9936505587046452,-0.08252755769477281,12.119411096539393,72.1903633354107,70.73972479988055,57.7159453955027,22.76078232517678,6.5636492772619555,106499.0,294739.5441039935, 0.0, 0.0,0.0,NaN, 178.38987134442107,178.38987134442107,3.3036247397782844E-6, 208.66360811127714, 4.584389231794483, 2.0519914232292122, 4.584389231794483, 147.61971352908967, -4.656877581102994, 2.0519914232292122, -4.656877581102994, 204.8513822486127, 6.12804961389193, 4.5562932456155885, 17.0, 0.0
44, 0 ,1.0,1.0,1.0,91.99254216444132,268.20240688685874,40.930586788475054,12.21382775556136,15.348184309544067,14.831690864741716,63.0,65.0,73.0,0.2771459907527984,0.6924596342489691,-0.6661004089065214,16.357088483816224,0.3231447299729081,-0.7200484654915018,-0.6140909467123499,14.366409186701679,0.9048577696524391,0.04505399293202353,0.42332322688519597,11.435704935087251,83.3634251670415,68.80099391114115,57.75859140643779,23.571428327350997,7.007936255280351,113840.0,331273.6216939812, 1.4210854715202004E-14, 0.0,0.0,73.91005788629793, 105.58895622419179,105.58895622419179,1.9073486328125E-6, 149.17758844252106, 8.654715771670237, -40.256095676533725, 8.654715771670237, 235.5667615997347, -29.652420772839157, -40.256095676533725, -29.652420772839157, 219.9790539072629, 6.764412588601538, 4.625336355913821, 15.0, 0.0
45, 0 ,1.0,1.0,1.0,51.54603489391692,187.17633802355218,47.203373024002886,15.820974344048851,11.602143349078286,15.58317591544682,74.0,60.0,81.0,-0.9771045086206006,-0.20862590060212333,0.041737427223628956,16.00163672985151,-0.02127918871828464,-0.09936156717718521,-0.9948238412380283,15.61438641030271,0.21169311599763085,-0.9729349991474489,0.09264724536200152,11.30870859537005,75.35170852802506,80.58758945721894,59.348252988492874,24.03568684242516,7.073477865391569,122027.0,360387.0763721447, 0.0, 0.0,0.0,NaN, 132.7189920090709,132.7189920090709,0.0, 250.30322919505198, 26.371544175901438, -2.772861317268606, 26.371544175901438, 134.60973029256152, 10.34258663467648, -2.772861317268606, 10.34258663467648, 242.83537161176184, 6.556701438599367, 4.737414001940127, 27.0, 0.0
46, 0 ,1.0,1.0,1.0,279.9966470449729,234.98167176830705,50.936369201789496,12.20150600637456,13.380854057824992,16.547448060047824,50.0,60.0,80.0,0.32199483205974894,-0.01933183115734713,0.9465440340686307,17.035449401630295,0.0012328879447932421,0.9997992180315207,0.020000090271688628,13.37934939152096,-0.9467406234624821,-0.005272942979393232,0.3219540152851125,11.51210297836534,91.39192480708923,60.629462741685074,61.19159971634275,23.368499113421418,7.46024735692072,106175.0,339065.3036234398, 0.0, 0.0,0.0,NaN, 84.98253257551555,84.98253257551555,0.0, 148.87674882359445, -0.924214973868431, 48.05861405637667, -0.924214973868431, 179.04725531681157, -1.9558730919081588, 48.05861405637667, -1.9558730919081588, 273.8180372999805, 6.20365519916026, 4.521804663449506, 14.0, 0.0
47, 0 ,1.0,1.0,1.0,187.4003958390868,67.05821366105127,61.855714351468286,11.915370894176247,12.782010057274954,13.450617229876123,58.0,63.0,72.0,0.09798393323678876,0.38303422863316416,0.9185226880827961,13.58570919605601,-0.22577408401376087,-0.8903429503656333,0.39536754257521706,12.69669846746362,-0.9692395017822972,0.24611828544343387,7.601020909016656E-4,11.853155789966102,68.72958801665467,63.55289169509739,57.27042003020355,21.19865663067512,6.073870723803118,86904.0,250155.1365918256, 0.0, 0.0,0.0,NaN, 144.91930262920803,144.91930262920803,0.0, 141.97606354578247, 5.816975023589949, 2.1181483410004835, 5.816975023589949, 163.37978110427807, 8.216652180520336, 2.1181483410004835, 8.216652180520336, 180.91910386464042, 6.01075872504374, 4.538668474681353, 29.0, 0.0
48, 0 ,1.0,1.0,1.0,230.67566782810684,242.62296167247388,286.355493612079,18.037398245632524,15.309755342594286,7.864044414859956,102.0,77.0,32.0,-0.9532050581104553,-0.3023090610791978,0.0030575778089013033,18.318311789843936,-0.3002700644262295,0.9478561379600297,0.1068018264870266,15.035735128059297,-0.03518530378029388,0.10088594213720191,-0.9942756263114255,7.74245833114005,110.22620555367195,79.60422434072251,35.60596060099164,23.58205388540751,8.09112311278741,86100.0,312423.4899104019, 0.0, 0.0,0.0,NaN, 91.01736160144064,91.01736160144064,0.0, 325.34773547154725, 32.13981654708281, -6.130892460890747, 32.13981654708281, 234.38860865009428, 16.562803590347595, -6.130892460890747, 16.562803590347595, 61.84319455889006, 6.8720208607293864, 5.185338338650237, 18.0, 0.0
49, 0 ,1.0,1.0,1.0,80.72028173603539,279.82627113333587,120.81113158125603,11.89184589952099,11.914859535943881,13.429973878600203,60.0,49.0,64.0,-0.3268609115225624,0.3086482348308657,0.8932514828727856,13.77035787727683,0.5952481824221383,-0.6668969769860156,0.44824995639715814,11.995446294253819,-0.7340582714211319,-0.6782217109638292,-0.03426025299841638,11.4118616874068,67.70108537082439,63.77150429462701,57.230958163354586,20.685069808997063,5.9893206656547555,79791.0,247088.94200666773, 0.0, 0.0,1.4210854715202004E-14,26.71528592153295, 146.69039755169445,146.69039755169445,0.0, 141.41599889795418, -11.414438402515088, -13.695872394605248, -11.414438402515088, 141.96387776127284, 12.290933889528342, -13.695872394605248, 12.290933889528342, 180.3641983798838, 6.7568969575984035, 4.80837277448758, 18.0, 0.0
