// Sample: .//bubblelabels.tif, Map: .//bubblelabels.tif, Thickness:(8.191250068658265):/gpfs/home/mader/Foam/NewValid/InSilicoTest/LatticeData_OldFoam/out_Step_03500.vtk/distmap.tif, Neighbors:(1.0):
//LACUNA_NUMBER, TRIANGLES, SCALE_X, SCALE_Y, SCALE_Z, POS_X, POS_Y, POS_Z , STD_X, STD_Y, STD_Z,PROJ_X, PROJ_Y, PROJ_Z, PCA1_X, PCA1_Y, PCA1_Z, PCA1_S, PCA2_X, PCA2_Y, PCA2_Z, PCA2_S, PCA3_X, PCA3_Y, PCA3_Z, PCA3_S,PROJ_PCA1, PROJ_PCA2, PROJ_PCA3,OBJ_RADIUS, OBJ_RADIUS_STD, VOLUME, VOLUME_BOX, Mask_Grad_X,Mask_Grad_Y,Mask_Grad_Z,Mask_Angle, Mask_Distance_Mean,Mask_Distance_COV, Mask_Distance_STD, SHAPET_XX, SHAPET_XY, SHAPET_XZ, SHAPET_YX, SHAPET_YY, SHAPET_YZ, SHAPET_ZX, SHAPET_ZY, SHAPET_ZZ, Thickness, Thickness_STD, Neighbors, Neighbors_STD
1, 0 ,1.0,1.0,1.0,79.58000215429543,138.22339445149245,39.76224956315676,15.436676914240772,15.55544429833683,16.17120774626711,83.0,82.0,80.0,0.04543205320768551,-0.49325475764894705,0.8686976876900344,16.45853532788662,0.9985351761244137,0.04800180681081132,-0.02496654932272645,15.434649354965961,-0.0293841893459836,0.8685594801736817,0.49471304694429014,15.253164117526563,90.61435708492307,82.7094476485712,80.36695713106245,26.216613988215858,7.379698668584392,167108.0,602323.2940701257, 0.0, 0.0,0.0,NaN, 164.37676236893492,164.37676236893492,0.0, 238.290994154654, -0.5896429879000518, 1.3697458265922025, -0.5896429879000518, 241.97184731865983, -16.38540667378112, 1.3697458265922025, -16.38540667378112, 261.50795997292937, 6.996594947706677, 5.518584687454134, 54.0, 0.0
2, 0 ,1.0,1.0,1.0,57.750018785222295,259.1841828428303,12.89800876643707,14.652391020480477,15.705210229085178,8.148383894527855,82.0,72.0,33.0,-0.3276307920521994,-0.9447906856535419,0.005350177712846772,15.841948349955544,-0.9400860829236293,0.3265542037369918,0.09798218570233704,14.553132305484409,-0.09431977943441375,0.02707235349964695,-0.9951737872770937,8.061101886580182,70.8799360242038,73.31974558638574,36.574218000714225,21.906655013134536,6.916705659844604,79850.0,190072.51243582397, 7.105427357601002E-15, 0.0,0.0,70.87496285679474, 71.88431143191207,71.88431143191207,0.0, 214.69256261705695, 12.500794912031768, -13.849140225587405, 12.500794912031768, 246.65362833976172, 3.757357358447262, -13.849140225587405, 3.757357358447262, 66.39616009260094, 8.177042553246805, 5.606165340251779, 26.0, 0.0
3, 0 ,1.0,1.0,1.0,76.76445592879702,15.492104507608383,259.8250358886018,15.094216498503801,9.146634801204744,14.90928966865861,69.0,39.0,71.0,-0.7829356283706962,0.13518714749018249,0.6072365576785135,15.606479437174508,0.6047544951875798,-0.06351388963448754,0.793875296488002,14.493813613415858,-0.14588969250155526,-0.98878229200212,0.032027748045029676,8.952674730542538,73.27444891893963,78.23863472592487,40.62627343602374,22.07418607350714,6.820082661259658,87075.0,232906.07224808194, 0.0, 0.0,0.0,NaN, 88.01599137356241,88.01599137356241,0.0, 227.83537170370437, -22.28624675910366, -15.315745207289952, -22.28624675910366, 83.66092818660974, 6.863717624730752, -15.315745207289952, 6.863717624730752, 222.2869184239704, 7.221276713639472, 5.3358907162639815, 30.0, 0.0
4, 0 ,1.0,1.0,1.0,154.39867646055535,177.25147249448526,14.10947626952903,15.849137539132066,14.992867577972623,8.817248160689203,76.0,65.0,38.0,-0.7972118862689827,-0.6022852328229007,0.04130020235924634,16.974079787515365,0.5974923987401418,-0.7969515550481878,-0.08871895149304958,13.75169811983948,0.08634837484980125,-0.0460512456915011,0.9952001009500848,8.746228802174732,79.8189256479865,65.91791583394017,40.78221916366247,22.426879584365977,7.1246176164403225,87946.0,214575.5328700264, 0.0, 0.0,0.0,NaN, 190.9607911111874,190.9607911111874,0.0, 251.19516073432524, 47.98743400948727, -12.93715981354729, 47.98743400948727, 224.7860782106227, 2.6982332661303756, -12.93715981354729, 2.6982332661303756, 77.74386512717713, 8.234112238061126, 5.542964126344131, 23.0, 0.0
5, 0 ,1.0,1.0,1.0,281.63485493457836,287.6711458108559,149.17156756968828,10.127326779801908,7.362203068556228,16.932721520349425,41.0,31.0,81.0,-0.07173817103685486,0.00337347658725974,0.9974177933403844,16.960887586287946,-0.972118550282572,0.2235857816986653,-0.07067476507712409,10.210005079653362,0.22324685666946528,0.974678417673189,0.01276021587948862,7.180942025389994,80.89294072089334,47.300071310581075,34.56893429622835,19.75964319872669,7.282742647676226,50977.0,132269.10361955684, 0.0, 0.0,0.0,NaN, 150.8026384719088,150.8026384719088,0.0, 102.5627477048929, -11.506861758768233, -13.274838481233145, -11.506861758768233, 54.202034022658744, -0.03797479768819377, -13.274838481233145, -0.03797479768819377, 286.71705808570454, 7.132517020678557, 5.422756827503338, 16.0, 0.0
6, 0 ,1.0,1.0,1.0,16.842372952015676,163.74761329053237,12.868553799974986,10.250141995915133,14.18001674633907,8.104274542351646,41.0,74.0,36.0,-0.09933314882258862,0.9915759498602741,0.08312677789789025,14.249378500347794,0.9934890687462989,0.09414646112555364,0.06415539056966392,10.208509072102798,0.05578885037891512,0.08895830212088274,-0.9944717314520155,8.034868175602481,73.76193636057474,46.65932729569955,37.74365386323659,18.30735929080518,6.054597221784548,47974.0,129901.66659386005, 0.0, 0.0,0.0,NaN, 137.89118205158715,137.89118205158715,0.0, 105.06541093642305, -9.931307547775734, 1.3839789018095354, -9.931307547775734, 201.0728749264565, 11.6544054990224, 1.3839789018095354, 11.6544054990224, 65.679265857809, 7.612832033152618, 5.23296779599448, 18.0, 0.0
7, 0 ,1.0,1.0,1.0,171.65070699838913,99.51186683372114,11.055217469124754,13.49336594090385,14.357048955255033,6.91720015826399,64.0,68.0,28.0,-0.22378787968139038,-0.9738243336370913,-0.03981396895541038,14.4184730386051,0.973025208333465,-0.22088213191497727,-0.06658098638734218,13.459315383129583,0.056043990358685986,-0.05364001320813912,0.9969863690781863,6.855501571780898,71.60796997972525,68.5100817768525,29.930798009951364,19.856663461675268,6.461915607463751,55870.0,146836.54055540598, 0.0, 0.0,0.0,NaN, 162.7832008778401,162.7832008778401,3.3036247397782844E-6, 182.07092441514405, 6.230572422768356, -7.257695204761627, 6.230572422768356, 206.12485470358965, 8.211131033076073, -7.257695204761627, 8.211131033076073, 47.84765802948736, 6.5270462421610675, 4.846284729265248, 26.0, 0.0
8, 0 ,1.0,1.0,1.0,279.7912015044623,205.9332449208092,209.97796571478264,12.166554107278477,13.190024596302559,14.23417680574554,50.0,69.0,68.0,-0.24767365801678,0.30428206334450986,0.9198207352801927,14.545636781717965,-0.24290331809327734,-0.938579974745141,0.2450828616339507,13.076109344490982,0.9378996413176962,-0.16272693979245556,0.3063726585090766,11.918615358290346,79.3332316621686,63.871728385082264,58.460344194201355,21.967618147082344,6.483620129037996,91993.0,296227.3696001321, 0.0, 0.0,0.0,NaN, 131.7608310713414,131.7608310713414,0.0, 148.0250388453348, 1.356491998727118, -17.56053432924688, 1.356491998727118, 173.97674885106647, 12.8031555385134, -17.56053432924688, 12.8031555385134, 202.61178933722428, 7.376772574560839, 5.125153450302307, 38.0, 0.0
9, 0 ,1.0,1.0,1.0,189.78770380101767,114.1504034353278,234.76564476122314,13.19192153454298,13.249653052879195,13.451222303142577,64.0,69.0,67.0,0.6389958723281948,-0.2477412001626194,0.7282228868207279,14.253708921405307,-0.11016859790233514,-0.9664305947657701,-0.23210942578213684,13.185147150278159,0.761279945344525,0.06808967060182239,-0.6448384616115669,12.389477707035617,67.5659869953181,66.91770478997006,67.91997375388286,22.19088273669849,6.170916026800078,101999.0,307090.70493861224, 0.0, 0.0,0.0,NaN, 171.55927821403085,171.55927821403085,0.0, 174.0267937735388, -5.696331964150776, 23.63292063313883, -5.696331964150776, 175.55330602167095, -4.396207377346266, 23.63292063313883, -4.396207377346266, 180.9353814485603, 6.446905339647108, 4.827037036485128, 39.0, 0.0
10, 0 ,1.0,1.0,1.0,121.74633375409213,186.72372566526073,114.2984000903092,12.53895007180421,13.00221034252156,14.079366772254465,64.0,68.0,67.0,-0.0864969434739354,-0.3481478842471135,0.9334405870026895,14.267481115864635,0.38103699189945106,-0.8772745098510155,-0.2918908103553079,12.86712035913793,-0.9205048014942042,-0.33042773046449847,-0.20853878623938607,12.465452565949647,73.60630014177039,68.2888982484385,66.91015520417307,22.01643254962997,6.307773711030434,97443.0,336323.43618533766, 1.4210854715202004E-14, 0.0,0.0,85.03788950980952, 201.7865416050493,201.7865416050493,3.814697265625E-6, 157.2252689031988, -1.9506475478596226, -5.021224167645272, -1.9506475478596226, 169.0574737911746, -13.049636927936382, -5.021224167645272, -13.049636927936382, 198.22856870766313, 6.32304508215825, 4.693731552926633, 36.0, 0.0
11, 0 ,1.0,1.0,1.0,259.8857269372694,141.05896186961868,126.5659926199262,13.193619519816316,13.426330797216904,13.18583744707799,71.0,68.0,64.0,-0.22538044543938457,-0.9009232850040829,0.37086505544604387,13.516846613785388,-0.7779840587336121,-0.0627161102926113,-0.6251459780452407,13.26173018843104,0.5864677818686378,-0.4294227800748554,-0.6867689690011205,13.024040614163983,66.40245388711475,64.57138755193034,72.55304185354717,22.14764228191553,6.13890912483846,101625.0,311085.57484531024, 0.0, 0.0,0.0,NaN, 193.7156062761931,193.7156062761931,0.0, 174.07159603367813, 2.9606467325153485, 1.945405877443512, 2.9606467325153485, 180.2663586762951, -4.12518010114232, 1.945405877443512, -4.12518010114232, 173.8663091807642, 6.2754630133381335, 4.664539227430926, 38.0, 0.0
12, 0 ,1.0,1.0,1.0,23.62849716051445,132.52332136295306,192.35485217972274,13.007100921518271,13.320699601541422,12.892819635493945,62.0,65.0,63.0,0.09038061221243829,0.8922390791495106,-0.44242600576202407,13.44194487802164,-0.8841570143954199,0.2763490388061899,0.3766929553977249,13.088192806990516,-0.4583641770813708,-0.35712831642048304,-0.813856035659372,12.683210845590922,64.58822652150134,64.38718073762735,63.82633003263089,21.795454164623308,6.148876984312441,95792.0,265431.6108597397, 0.0, 0.0,0.0,NaN, 172.36071023403886,172.36071023403886,0.0, 169.18467438256147, -0.9516511050671087, -4.268705899033332, -0.9516511050671087, 177.4410378745058, -6.738273966192414, -4.268705899033332, -6.738273966192414, 166.22479815337823, 6.368877007197436, 4.720215940948712, 37.0, 0.0
13, 0 ,1.0,1.0,1.0,46.89871040324305,249.09667791693397,213.8650246855039,13.394272293756984,14.104772960307356,13.22292327432708,62.0,69.0,65.0,-0.031451060408855334,0.8217321548583555,0.5690053571549238,14.793239546487884,-0.8360008927496955,-0.33365187079608616,0.4356362432534555,14.061070391135448,-0.5478260108107964,0.46198776475802455,-0.6974625202066516,11.689448816587774,68.71395090259097,66.71938699562794,63.00291858643567,22.64645231347322,6.350987960425602,107553.0,288840.19939619035, -7.105427357601002E-15, 0.0,-2.8421709430404007E-14,57.28449103303369, 110.4982860003198,110.4982860003198,0.0, 179.40653027930597, 14.91026944136498, -23.7123782793235, 14.91026944136498, 198.94462026181753, 29.55607443139806, -23.7123782793235, 29.55607443139806, 174.8456999187408, 7.062128004805331, 4.919739982691174, 41.0, 0.0
14, 0 ,1.0,1.0,1.0,261.07667523014345,280.2974951830443,26.05398201669878,14.58522954011388,10.894120753252613,13.93756867922763,74.0,51.0,63.0,0.850214712355946,-0.037418123128378326,0.5251045866825439,14.969156598018966,0.5263246951812357,0.03990136195460518,-0.8493469235574744,13.53366408595146,-0.01082857958713912,-0.9985027618267852,-0.0536188072266428,10.882595993836208,78.95684596762572,68.86333663372244,52.58792024002821,21.98607632429444,6.502234713906238,93420.0,285932.71555931267, 0.0, 0.0,0.0,NaN, 50.813619100870525,50.813619100870525,0.0, 212.72892073781057, -2.001540976195197, 18.22924777150944, -2.001540976195197, 118.68186698644928, -4.269431258917817, 18.22924777150944, -4.269431258917817, 194.25582068818701, 6.51286706584401, 4.790184397614451, 30.0, 0.0
15, 0 ,1.0,1.0,1.0,136.3242179669779,22.869694571925937,250.84281268133142,14.080822873610352,12.33005746168846,12.861944862206466,67.0,55.0,66.0,-0.9071148155289097,-0.27304103086950215,0.32029877756506003,14.245748665793434,-0.41933019192830173,0.5209880256045423,-0.7434606023953486,13.299249476366322,0.0361234215617177,-0.8087150750656261,-0.587090304617845,11.658392846416774,66.60602052032462,68.31708597631388,66.16554697790798,21.8362960216891,6.237442705000194,94785.0,301075.02246077504, 0.0, -3.552713678800501E-15,0.0,74.1546936508361, 146.70972837274272,146.70972837274272,0.0, 198.26957279798847, 7.653683769690809, -6.706467020203474, 7.653683769690809, 152.03031700853927, -21.723568292166043, -6.706467020203474, -21.723568292166043, 165.4296256384393, 6.8594920258390735, 4.753066180256014, 29.0, 0.0
16, 0 ,1.0,1.0,1.0,237.67362340838181,243.09225061135004,9.774728054642043,13.442179756032532,13.288349821710627,6.795031902392011,62.0,64.0,28.0,-0.7519308968554095,0.6493196185123099,-0.11394717797842557,14.009730846204214,0.6520316101346941,0.7580072009933918,0.016729095233205253,12.767462845318777,-0.09723531117540316,0.061718038345293755,0.993345950816447,6.645617371056759,67.26050380738218,61.528558830575435,31.391011365290993,19.01147418484862,6.481415389480533,47436.0,129909.87563408773, 0.0, 0.0,0.0,NaN, 84.96242974435117,84.96242974435117,0.0, 180.69219659349082, -15.527948731661134, 14.329039964203721, -15.527948731661134, 176.58024098415686, -9.74717956756722, 14.329039964203721, -9.74717956756722, 46.172458554525186, 5.9717680007258265, 4.527437766269365, 15.0, 0.0
17, 0 ,1.0,1.0,1.0,144.34739954774744,151.8847567692932,58.7552617846582,12.350113058796508,11.848402072779356,13.837199943566317,62.0,65.0,69.0,0.33694165430820816,0.15364191053820542,0.928904992406768,14.031139296523294,-0.7301494934873018,-0.5802498494855861,0.36082104890401184,12.609743638966625,-0.5944342173464483,0.7998151508305684,0.08332878103987014,11.335762961646223,71.71306491867188,66.37212456488737,60.463271350889485,21.16005131360284,6.052293360971183,86235.0,287789.9637698805, 0.0, 0.0,-7.105427357601002E-15,21.7352383240102, 215.00343676525776,215.00343676525776,0.0, 152.52529256505602, 16.464074409526475, 13.363018118573839, 16.464074409526475, 140.38463167824213, 3.3712041701854005, 13.363018118573839, 3.3712041701854005, 191.46810227823167, 5.606857971097377, 4.459728609491637, 33.0, 0.0
18, 0 ,1.0,1.0,1.0,32.94365439311246,11.508225074948113,73.50878238142825,13.388022908708798,7.261618224101354,13.094717085305,66.0,31.0,64.0,-0.88777545803206,-0.02854727085194249,-0.45939067191538846,13.514358694117945,0.45504419923796424,0.0956329280132446,-0.8853186543948421,13.009851458267342,0.06920630647452738,-0.9950072343488363,-0.0719102964646537,7.179675918969398,67.4692565806616,71.0359326360331,32.706780002924546,19.09166756738909,6.241001656553719,52036.0,156755.14399260495, 0.0, 0.0,0.0,NaN, 81.37115395733723,81.37115395733723,0.0, 179.2391574041116, 8.44463671150254, 6.043311360257264, 8.44463671150254, 52.7310992326009, -8.246699570667433, 6.043311360257264, -8.246699570667433, 171.47161554417866, 6.516262495517846, 4.6720129826578045, 28.0, 0.0
19, 0 ,1.0,1.0,1.0,219.03227529672293,29.99874706190874,269.3624099147225,12.325169590994246,13.862844919524306,14.084925693455148,57.0,65.0,63.0,-0.17556222366634158,-0.6341608237485208,0.7530059463536312,14.631275345022772,-0.048288326473146403,-0.7584180761960206,-0.6499771220785775,13.361711562358778,-0.9832833483527279,0.15047282585810884,-0.10252699903207417,12.241889249709779,67.07630509387886,64.3173284841119,54.636446481256314,22.405625475287778,6.360923954977362,102958.0,235710.84992342262, 0.0, 3.552713678800501E-15,0.0,50.64222791419631, 91.62073561778216,91.62073561778216,0.0, 151.90980544676927, 8.19886908752385, -7.5886797349077, 8.19886908752385, 192.17846926278088, -16.528441200499554, -7.5886797349077, -16.528441200499554, 198.385131790153, 6.342407108389771, 4.63695056036192, 37.0, 0.0
20, 0 ,1.0,1.0,1.0,161.58087231626885,256.74970978070905,281.5316944979525,15.00661237865257,12.766726817273359,9.996740404995226,73.0,68.0,44.0,-0.9499687326859265,0.3122350948702004,0.0082856774310691,15.257402103066275,0.3084131086472747,0.9418759757517375,-0.13323288151292337,12.507187202334872,-0.04940406191417017,-0.12401166006916142,-0.9910501232698938,9.945073996003197,76.52912466808726,64.38554283836001,46.43427307979266,21.122673294183592,6.4772849514288655,78389.0,228798.8086089975, 0.0, 0.0,0.0,NaN, 146.19001614643497,146.19001614643497,0.0, 225.1984150831285, -23.00143240958288, -3.417573604329351, -23.00143240958288, 162.98931362688674, -6.8724075310332955, -3.417573604329351, -6.8724075310332955, 99.93481872486412, 6.666231102350195, 4.879089559420055, 32.0, 0.0
21, 0 ,1.0,1.0,1.0,41.37685383003879,85.69322353819668,39.590238742195766,12.504527508612727,12.519200806565747,14.414864169458575,58.0,59.0,70.0,-0.1158021098504598,-0.03219527813121437,0.9927503892823392,14.441340213144596,0.11001527660236395,-0.993740659235944,-0.019394357308668963,12.517532438206407,0.9871608330299008,0.10697180117846325,0.11861923741260474,12.475615438902105,69.85240812487996,59.13563569606554,57.10064701966377,21.945662558135265,6.26656213223478,96422.0,235869.44322697696, 0.0, 0.0,0.0,NaN, 103.06677251618873,103.06677251618873,1.9073486328125E-6, 156.3632082136524, 0.08273357006234652, -6.085058442836236, 0.08273357006234652, 156.73038883511646, -1.6709541184151948, -6.085058442836236, -1.6709541184151948, 207.78830902394063, 6.016440162694533, 4.450589567005647, 35.0, 0.0
22, 0 ,1.0,1.0,1.0,190.70280182468508,282.10118708205897,60.0443730236898,13.996356706867159,10.05843685303903,13.171332846448676,66.0,43.0,69.0,0.9826385630981709,0.1524596740248191,-0.10572370646457402,14.087928886974822,-0.10735236771951695,0.002467321480598389,-0.9942179748273137,13.16161588671492,-0.15131729397981972,0.9883066124037401,0.018791392222706534,9.942649992355681,67.7899054027992,68.05194181708407,46.84355195089438,20.772554798352974,6.249410299684048,77164.0,216100.2992494668, 0.0, 0.0,0.0,NaN, 125.98242641199417,125.98242641199417,NaN, 195.89800106586532, 14.903666520046208, -2.410831390904076, 14.903666520046208, 101.17215192657369, -1.7880678110126051, -2.410831390904076, -1.7880678110126051, 173.4840089519378, 6.146514363668781, 4.671842573621838, 34.0, 0.0
23, 0 ,1.0,1.0,1.0,32.80522496371553,288.61127609690743,207.8656693089204,12.977325815266576,6.70895399908006,12.536294849223207,64.0,27.0,66.0,0.7822145286903381,-0.014406617245747863,0.6228425808222221,13.69414814414553,0.6222060781733929,0.06881004997458912,-0.7798235526749495,11.769224018975617,0.03162320967007187,-0.9975257522500504,-0.0627881056262538,6.67348561258507,64.58869140562703,67.455039755222,29.25681353263667,18.28579023440551,6.01744240748066,44785.0,127467.04325736269, 0.0, 0.0,0.0,NaN, 98.46126501804693,98.46126501804693,0.0, 168.41098531558433, 2.4122175146438076, 24.06656767626902, 2.4122175146438076, 45.01006376177232, -6.325992251892497, 24.06656767626902, -6.325992251892497, 157.1586885466603, 5.861833233681989, 4.505487545257315, 21.0, 0.0
24, 0 ,1.0,1.0,1.0,281.37230146076615,105.63182085864896,168.78799500150816,10.644659271435597,12.130440102594557,12.692848883563146,44.0,62.0,61.0,0.13347033239901127,-0.5153809303460004,0.846503494975059,12.94822106506812,0.29928306439269015,-0.7933074283934015,-0.5301820172578192,12.035329337910685,-0.9447832120317439,-0.3241077300706372,-0.048361778001234375,10.443140324955749,64.98775508085438,60.01528096168737,51.34499501138481,19.737538792738036,5.656352470780599,69621.0,200258.74707688382, 0.0, 0.0,0.0,NaN, 169.47466768371766,169.47466768371766,0.0, 113.30877100495981, -12.528171049772046, 0.9415430625948057, -12.528171049772046, 147.14757708263426, -10.511157899575382, 0.9415430625948057, -10.511157899575382, 161.10841278097018, 6.258730960555603, 4.639697884687799, 23.0, 0.0
25, 0 ,1.0,1.0,1.0,277.6627244553824,206.78003372527573,11.334768936286574,12.417162382229277,11.893767680317163,7.224278783150335,48.0,63.0,28.0,-0.8492442422202731,0.5272510016037102,-0.028117581041030442,12.727271732944859,-0.5279575460184895,-0.8472937675241003,0.05791460193207702,11.577002217843223,0.006711680702248871,0.06402853131769394,0.99792549848145,7.199125577493355,59.498684493113274,60.979534322790016,30.146265874383843,17.769761252731858,5.66334002313054,43884.0,109376.74434493878, 0.0, 0.0,0.0,NaN, 96.52664387543943,96.52664387543943,1.9073486328125E-6, 154.18592162664987, -12.553247671866526, 0.11701109803066126, -12.553247671866526, 141.4617096333571, -5.666654713745936, 0.11701109803066126, -5.666654713745936, 52.19020393667608, 6.607909539325492, 4.7092726011619455, 16.0, 0.0
26, 0 ,1.0,1.0,1.0,91.79927625051072,265.4287982256464,40.30789704079846,11.747658878094368,12.781743840339466,13.477140018264555,62.0,62.0,67.0,-0.3141183705202737,-0.3964110845424582,0.8626632606953654,13.91817985190328,-0.10935137419978527,0.9177154152185212,0.3818909446830545,12.559310957354855,-0.9430651760415645,0.025625548231583382,-0.3316193676725234,11.47003686456905,71.44044807570552,64.22576383520305,58.16826900703832,21.127718257682698,6.052544011566918,85665.0,266894.4776945522, 0.0, 0.0,0.0,NaN, 106.0518820016517,106.0518820016517,1.9073486328125E-6, 138.00748911606945, 5.112708638183499, -17.935442834102652, 5.112708638183499, 163.37297560005587, -12.081433280798777, -17.935442834102652, -12.081433280798777, 181.6333030719079, 5.87633575924271, 4.349870832806886, 36.0, 0.0
27, 0 ,1.0,1.0,1.0,53.17052408505369,188.81480820058576,48.775091077934135,13.66697675361848,11.282395735266423,12.712781314210357,72.0,57.0,65.0,-0.9312738651918198,0.0462564709739484,0.36137145280683713,13.820613437158235,0.36043914290039547,0.261373154904612,0.8954148190422347,12.646643592072198,0.05303406712591559,-0.9641288361978628,0.2600826309768453,11.169000220690405,67.95064694282291,65.70162996773806,58.764166986331276,20.966168725197736,6.009432988275049,83994.0,262350.7584243007, 0.0, 0.0,-7.105427357601002E-15,68.81555445462503, 132.54531684149606,132.54531684149606,0.0, 186.7862535839479, 0.46088413628364355, -10.942158124499999, 0.46088413628364355, 127.29245352715799, 9.343650043065697, -10.942158124499999, 9.343650043065697, 161.614808742936, 6.13496905526658, 4.339838023176326, 31.0, 0.0
28, 0 ,1.0,1.0,1.0,68.79240161281163,62.301822931455504,161.4339031177239,13.59621059935618,12.654963405075412,11.897319703628483,66.0,60.0,59.0,-0.9579585316423276,0.2244955665853191,-0.17865383353628925,13.732452562842163,-0.14903426692314511,-0.9214551711263227,-0.3587605815683208,12.697710122303539,-0.2451616587812138,-0.3170522168162456,0.916173374899941,11.6935521478903,65.78855619712881,62.833267695716714,64.99775508028316,21.22984045767683,5.9870804001397175,88045.0,268681.86773817905, 0.0, 0.0,2.8421709430404007E-14,79.7086407674674, 166.77672159336007,166.77672159336007,0.0, 184.85694266204536, -7.785272081990634, 10.181803409458363, -7.785272081990634, 160.14809878379788, 6.017643915607181, 10.181803409458363, 6.017643915607181, 141.54621613034655, 6.3012905495456115, 4.3906796462697955, 36.0, 0.0
29, 0 ,1.0,1.0,1.0,124.43624061635717,168.78344774792572,274.2208860134334,12.822995441851488,11.683615701696258,12.755769465129122,65.0,57.0,60.0,0.7566612100905636,-0.114234051880543,0.643750257891395,13.183143604759037,-0.5922139190049064,0.29745267904610395,0.7488688656000773,12.48132408479841,0.27703156369109855,0.9478778851303844,-0.15741990852371876,11.57873120858758,73.20986515398351,63.64703632684527,63.1085252204884,20.696821394901942,5.940313692203471,80992.0,294059.9127920614, 0.0, 0.0,0.0,NaN, 182.66560782365593,182.66560782365593,0.0, 164.42921210174404, -7.259442609513349, 9.720634820394402, -7.259442609513349, 136.50687586492336, 1.915857366031386, 9.720634820394402, 1.915857366031386, 162.70965464752047, 5.726577751848115, 4.249422141787126, 31.0, 0.0
30, 0 ,1.0,1.0,1.0,276.8337804791187,208.4275030271374,287.8259455352691,12.72777777167932,12.283934407528962,6.764613049757927,52.0,60.0,31.0,-0.8267144578789594,0.5623047767873545,0.018882349854329215,13.116114976869625,-0.558440972545649,-0.8241928202438775,0.09407377552065951,11.906378049134874,0.06846083052495933,0.06722747251359015,0.9953861469918429,6.697540661414382,63.36612221559825,68.33596965925284,33.78105254113848,17.973774953596873,5.966135697759626,42119.0,146278.22068423065, 0.0, 0.0,0.0,NaN, 95.23866615427175,95.23866615427175,0.0, 161.99632700525416, -14.517772295329989, -7.076107108610936, -14.517772295329989, 150.89504452847393, -6.163203668369533, -7.076107108610936, -6.163203668369533, 45.759989712955246, 6.050953797509764, 4.462422758952458, 19.0, 0.0
31, 0 ,1.0,1.0,1.0,13.21091120337622,250.21677174637347,81.45534539614195,8.434029488915016,12.183876659736946,13.716717007978872,34.0,61.0,59.0,-0.07994232983172322,0.10433985393957255,0.9913235691644503,13.75429439785192,-0.12616914395607678,0.9854486493134895,-0.11389603452100633,12.22544609232461,-0.9887823678719534,-0.13417956046316473,-0.06561459090358718,8.311791793436097,56.9883773433796,61.83179780230296,37.75456385275659,19.268433761732187,6.037838166621556,58527.0,133035.52351266542, 0.0, 0.0,0.0,NaN, 96.37360262945946,96.37360262945946,0.0, 71.13285341988808, -10.99509338317762, -8.36234188613758, -10.99509338317762, 148.4468504596827, 3.4006874256182016, -8.36234188613758, 3.4006874256182016, 188.14832547697685, 7.693549239943741, 4.957418982748895, 25.0, 0.0
32, 0 ,1.0,1.0,1.0,59.88256430140881,43.99282667700659,35.61959415794235,11.768717600572993,12.088269671572327,13.474957694968996,63.0,60.0,67.0,-0.3533335553712087,-0.5119595635568606,0.7829768859496488,14.399175921693862,-0.6422287291534859,-0.47582551278368207,-0.6009428765149344,11.93746679864925,-0.6802188310379529,0.7151835335540202,0.16067001971290912,10.787218441431257,71.97177799960096,60.853896147628525,55.11914821010329,20.720205699634768,6.072605557805001,77370.0,241408.81165164587, 0.0, 0.0,0.0,NaN, 82.40173417059877,82.40173417059877,0.0, 138.50271396203652, 24.44398117083252, -15.079467073554532, 24.44398117083252, 146.12626365265535, -28.992130350812072, -15.079467073554532, -28.992130350812072, 181.57448488120414, 6.480991743775599, 4.352013824556671, 28.0, 0.0
33, 0 ,1.0,1.0,1.0,135.24979207853295,142.877087736042,174.99910014315904,12.44474244071916,11.581024572603226,11.765487450300554,59.0,54.0,54.0,-0.8613066801153313,0.47445885633611456,0.18176797416743207,12.787616298574047,0.30632832835275786,0.19950228618363455,0.9307855784530115,11.791784981125861,-0.4053563346455945,-0.8573725161513688,0.31717284012184854,11.173590106568,66.13306648422173,55.75877891196626,60.52136264291231,19.908362839519203,5.574542901467422,73345.0,223172.4662133557, 0.0, 0.0,0.0,NaN, 233.091384272862,233.091384272862,0.0, 154.8716144158367, -14.936684496721258, -2.0067695646985975, -14.936684496721258, 134.12013015123975, 5.97161207704115, -2.0067695646985975, 5.97161207704115, 138.42669494317985, 5.572922988010335, 4.097854035745475, 32.0, 0.0
34, 0 ,1.0,1.0,1.0,239.53570161724713,95.15426251691476,184.9771930055047,12.93461574997272,11.331291133378347,11.98825158472553,66.0,55.0,59.0,0.8928175327891416,-0.29828530920212853,0.3374947813796546,13.246176570927625,0.37612788454293544,0.08151331627610164,-0.9229752942191513,11.843929652017072,-0.24779965216595165,-0.9509897231746842,-0.18496994026752203,11.121185011381383,72.95436702387735,60.511527483332074,57.4142170509686,20.175020962931104,5.691146506001274,76117.0,253459.6649416593, 0.0, 0.0,0.0,NaN, 161.06058233767013,161.06058233767013,0.0, 167.30428459944235, -13.280991216018977, 9.840468988629707, -13.280991216018977, 128.39815874937872, -6.4614632772002265, 9.840468988629707, -6.4614632772002265, 143.71817605867417, 5.858912233120883, 4.289215364780042, 35.0, 0.0
35, 0 ,1.0,1.0,1.0,273.29025140730846,65.97940320580098,239.09630521896764,13.038848963226945,12.843411465696649,11.86309742516759,58.0,70.0,58.0,0.9021028991583608,0.2910833022300935,0.3185606229478212,13.220162538953987,0.29072597888739155,-0.9555088878872032,0.049811347788713156,12.810620609998129,-0.3188867581603975,-0.04767888769029898,0.9465928159132456,11.696716757807689,66.81619760352828,69.60177865766818,62.741158956949505,20.96305822641994,6.020637065770034,83848.0,291779.4033185147, 0.0, 0.0,0.0,NaN, 93.68005313437646,93.68005313437646,0.0, 170.01158228584438, 2.384305698174009, 11.303921618713957, 2.384305698174009, 164.95321807718813, 2.220605370589134, 11.303921618713957, 2.220605370589134, 140.7330805190179, 5.605872514106844, 4.2535640531297405, 35.0, 0.0
36, 0 ,1.0,1.0,1.0,131.77190999949775,275.7403947566672,59.250527346692785,12.673687345233954,12.16122483585154,12.285914793921426,61.0,53.0,68.0,0.7619728457969477,0.12995631956641113,-0.634435762920766,13.092737846618663,-0.48014683270479774,0.7707637513344163,-0.4187866505423127,12.675191330807145,-0.43457611682149816,-0.6237263780165556,-0.6496991642712007,11.286327266366316,62.8448866952174,67.70475221854923,61.49841122083615,20.60500662746524,5.907211240383899,79644.0,261669.4350445399, 0.0, 0.0,7.105427357601002E-15,50.62185139007327, 146.50252455961046,146.50252455961046,0.0, 160.62235092474327, -7.955150279373091, -14.597495357086784, -7.955150279373091, 147.8953895081323, -14.373011106672216, -14.597495357086784, -14.373011106672216, 150.94370232349735, 6.253521694820411, 4.290781657923845, 26.0, 0.0
37, 0 ,1.0,1.0,1.0,35.93161294844686,176.34955199121507,209.21282461653485,12.271704531017173,13.091285056642654,12.726676850400382,66.0,63.0,66.0,0.20765585615014923,0.8261534434220226,0.5237838612715017,13.42068239684852,-0.35586199788931167,-0.4349651571258582,0.8271442138736785,12.47075608002186,-0.9111757700162887,0.3581561112258355,-0.20367355284084096,12.178271920962258,60.073647432053406,62.21885453855057,72.87539815926294,21.144578023722055,6.070551901119323,85601.0,272387.3617896503, 0.0, 0.0,2.8421709430404007E-14,58.41359058116123, 157.55261126353406,157.55261126353406,0.0, 150.59473209658742, 6.5721577710140195, 1.337167501608596, 6.5721577710140195, 171.38174443427525, 11.168781460777822, 1.337167501608596, 11.168781460777822, 161.968303654517, 5.570885468370924, 4.212541707303306, 40.0, 0.0
38, 0 ,1.0,1.0,1.0,200.86466614251188,175.51071605369674,193.66989895460236,12.65883740804981,10.703972900782663,11.810585861789006,65.0,54.0,56.0,0.9552707433813213,0.24551501870029213,0.16486413325005916,12.803726501642023,-0.1813128282390591,0.04581087699980581,0.9823578888900226,11.791042636742803,-0.2336310449312154,0.9683097330612268,-0.08827681294227022,10.552110688979916,64.0367709714769,57.68978468394769,51.377493271291684,19.573261946465802,5.585566717693076,68682.0,189802.20512381275, 0.0, 0.0,0.0,NaN, 191.39353861827055,191.39353861827055,0.0, 160.2461645234412, 12.103798749586723, 3.3516454206783055, 12.103798749586723, 114.57503586068961, 3.3743477820886163, 3.3516454206783055, 3.3743477820886163, 139.48993839869036, 5.869840494451996, 4.202757217494469, 34.0, 0.0
39, 0 ,1.0,1.0,1.0,163.8679069081615,9.979798972745815,223.49256592366862,12.937114314275835,6.592159932648184,11.777604313387098,57.0,27.0,58.0,0.921886955035273,-0.03017477301732415,0.386282183395954,13.168499795030232,0.38745109236240616,0.06544236089162431,-0.9195645428288918,11.54022078247853,-0.002468433302838971,-0.9974000102638272,-0.07202170758004885,6.553730247798315,61.31445011673475,58.67126421660346,28.554209918527548,17.748495005233874,5.876086092813396,40691.0,102720.80919870094, 0.0, 0.0,0.0,NaN, 156.4766136713266,156.4766136713266,0.0, 167.36892678064072, -1.341318240433794, 14.311163201683907, -1.341318240433794, 43.45657257761211, -6.9502374188579354, 14.311163201683907, -6.9502374188579354, 138.71196336271439, 6.591749326760933, 4.337632065572521, 17.0, 0.0
40, 0 ,1.0,1.0,1.0,103.78290217068094,229.53446327683616,156.84915254237288,12.111179591177155,10.912123723585687,11.846426295020681,60.0,52.0,58.0,-0.83006741323868,0.5340842064305836,0.1604436035517172,12.857925266126822,-0.19341434041881564,-0.00587133324393041,-0.981099597577276,11.838599647593899,-0.5230477821381149,-0.8454108988458533,0.10817314691292929,10.030665354134408,60.435840323893004,58.972621071649655,54.0572870289146,19.393411012543183,5.4761793716527825,67260.0,192663.40957380406, 0.0, 0.0,0.0,NaN, 190.33772031967158,190.33772031967158,0.0, 146.68067108974606, -28.643603437877736, -1.1155616202240715, -28.643603437877736, 119.07444415884156, 5.77295070482881, -1.1155616202240715, 5.77295070482881, 140.33781596335743, 5.983323375177975, 4.144354959260228, 23.0, 0.0
41, 0 ,1.0,1.0,1.0,51.95099257375676,21.6626260583119,165.2358193429075,12.073229765601953,10.982755984656354,12.160312075320393,59.0,50.0,59.0,-0.6162754392454081,0.3684743365188277,-0.6960109527226486,12.33168857064426,0.7239306518899453,-0.08288321619770947,-0.684875743275321,12.114263163496567,-0.3100467613716979,-0.9259357622425723,-0.21567097617247452,10.743885738544353,59.99666484032801,60.0784509969046,53.77191910232861,19.583725037024003,5.5438893779517455,69214.0,193821.24206252166, 0.0, 0.0,0.0,NaN, 146.04642886876164,146.04642886876164,0.0, 145.76287697301697, -10.199661519493246, 0.18526453045832766, -10.199661519493246, 120.62092901850497, -7.618522011786376, 0.18526453045832766, -7.618522011786376, 147.87318976918294, 5.723781075244517, 4.118767842803193, 28.0, 0.0
42, 0 ,1.0,1.0,1.0,187.72557582916292,66.54954772932143,61.04906592894221,11.802258247829363,11.132347132639824,11.431650579165632,57.0,58.0,58.0,0.45394756093985655,0.5791126482960116,0.6771706967230164,12.057847423601405,-0.8890158121670465,0.24331962870010534,0.3878742631397572,11.740228244954407,-0.05985396923949293,0.778090032626574,-0.6252946533382922,10.52047734942251,58.37280829127772,60.789919483707436,51.33449747959802,19.10162328429425,5.388234896429042,64342.0,182159.35117242965, 0.0, 0.0,-7.105427357601002E-15,47.37705502975004, 144.08808790690023,144.08808790690023,0.0, 139.2932997484562, 3.251629794793887, 1.30733202429724, 3.251629794793887, 123.92915268159412, 16.174879205161847, 1.30733202429724, 16.174879205161847, 130.68263496413795, 5.3472439475791305, 4.019797679744369, 31.0, 0.0
43, 0 ,1.0,1.0,1.0,92.3647986617278,158.69874271451522,106.47654704531273,11.361139727442385,11.783480069834637,13.30684269503945,57.0,58.0,61.0,-0.14303448321157533,0.2919298566102613,0.945683929985019,13.39804856724199,-0.636892083065068,0.7042338283381603,-0.3137247034474933,12.658489841765304,0.7575682221037497,0.6471720589176356,-0.08519809278893795,10.259283137185273,64.80153606544043,58.77508584390276,53.73573870156673,20.278478797979144,5.812164709736741,75321.0,204664.15943882347, 0.0, 0.0,0.0,NaN, 199.5859624647309,199.5859624647309,0.0, 129.07549590646963, -27.762275508380508, 0.9422726309516606, -27.762275508380508, 138.8504025561901, 8.35175222056519, 0.9422726309516606, 8.35175222056519, 177.07206251052474, 6.103680560236009, 4.288559706487927, 27.0, 0.0
44, 0 ,1.0,1.0,1.0,85.14379152555519,207.85839300948786,190.64178795791216,13.845456038655874,12.445205616118233,10.368967575639573,65.0,62.0,55.0,-0.9257281612597974,0.35019449392904733,-0.14279771662156784,14.090167979026326,0.37352934935889165,0.9057319528451566,-0.2003133913716784,12.325540224314237,-0.05918780801886586,0.2387748856498077,0.9692694967679749,10.18054560581658,65.27150804238181,59.61818805915328,55.33232168360348,20.480942952802433,5.88440821957305,77362.0,215318.4835869913, 0.0, 2.8421709430404007E-14,0.0,69.50078830966861, 166.4294430537561,166.4294430537561,0.0, 191.69665291835238, -14.429264546386433, 8.931487691065312, -14.429264546386433, 154.88314282746083, -13.50375136269845, 8.931487691065312, -13.50375136269845, 107.51548858466481, 5.670607967940196, 4.0842438689998, 22.0, 0.0
45, 0 ,1.0,1.0,1.0,26.20949993035242,11.741806459315862,264.08682068732213,12.213346331040361,7.609911325322666,13.331906129224437,50.0,34.0,66.0,0.31276331821704995,0.1420667621159547,0.9391464964954878,13.536115210739686,-0.943561434679445,-0.06694683652792757,0.32436081770856695,12.111162312832763,-0.10895377810579882,0.9875905812535838,-0.11311020314578465,7.410103403695828,64.93203997632827,58.426327699162485,36.25116038772083,18.695132955290887,5.9420790808922845,50253.0,137527.50062147414, 0.0, 0.0,0.0,NaN, 45.984392503019194,45.984392503019194,9.5367431640625E-7, 149.16582860193705, 11.498542606338361, 9.603763990286541, 11.498542606338361, 57.91075037927417, 15.127425196863793, 9.603763990286541, 15.127425196863793, 177.7397210384521, 6.015816593688251, 4.249241742277278, 25.0, 0.0
46, 0 ,1.0,1.0,1.0,287.8024176418337,78.83045610782837,285.0336384350983,7.581555367894836,10.477318988993895,8.256451517147328,31.0,52.0,35.0,-0.045997129553142654,-0.9847153735832166,0.16798778854946023,10.537380809532092,0.4348801299349226,-0.17113313895880855,-0.8840773276913565,8.364617827757936,-0.8993128135752636,-0.032389531935054214,-0.43610478277630915,7.37698860776201,51.7551599215288,43.1978693943168,36.35455698539761,14.634396744010377,4.610598506429555,25893.0,81278.34252921688, 0.0, 0.0,0.0,NaN, 81.16042018153844,81.16042018153844,0.0, 57.47998179645501, 1.4073538580948453, -6.41474165859657, 1.4073538580948453, 109.77421319713207, -7.013336703739145, -6.41474165859657, -7.013336703739145, 68.1689916550044, 6.904758870640787, 4.4642997505625335, 12.0, 0.0
47, 0 ,1.0,1.0,1.0,121.60100244916558,237.0680754115168,78.76850259155893,11.766395255963728,12.608333168518964,13.866132498175286,63.0,64.0,66.0,0.16107599401641864,0.405692602693621,0.8997044160563502,14.24085719828279,0.12572826585027794,-0.912615698267724,0.3890051290684947,12.26282640026566,-0.978900877166787,-0.05045888816640901,0.19800750815841656,11.683699242960627,69.42220008852689,59.4679416875432,60.80738939890978,21.27915495113401,6.073328381571287,87785.0,251036.94343855072, 1.4210854715202004E-14, 0.0,0.0,80.73064373144517, 157.96109625337795,157.96109625337795,1.9073486328125E-6, 138.44805731956572, 2.740837379549825, 10.285533653493692, 2.740837379549825, 158.97006528837548, 19.273901332948004, 10.285533653493692, 19.273901332948004, 192.26963045695283, 6.106605469508317, 4.226253766752032, 38.0, 0.0
48, 0 ,1.0,1.0,1.0,24.122330877091677,188.95734424624345,121.60353246883669,12.435727929124452,12.179010813145178,12.163564029635255,53.0,60.0,58.0,-0.6167390891112488,-0.48606543746612635,0.6191714515892115,13.311303388167207,0.687977724781728,-0.7150729872980895,0.12392446506135717,12.01395478725059,0.38251738021478765,0.502405228214686,0.7754156565972636,11.375500687662797,62.142516615410486,62.750109287597425,57.822749961230215,20.459181643436313,5.687689328522723,79661.0,225476.9055112489, 0.0, 0.0,-1.4210854715202004E-14,51.744345306849866, 166.43250089057304,166.43250089057304,0.0, 154.64732912720592, 6.979509174129818, -16.975815316262985, 6.979509174129818, 148.32830438670715, -15.705705384954946, -16.975815316262985, -15.705705384954946, 147.95228990303664, 6.143832393624245, 4.30275956626219, 25.0, 0.0
49, 0 ,1.0,1.0,1.0,217.7819946756704,137.84379261086943,208.75824621777807,11.779385176799408,12.141274841381035,10.384711220977243,62.0,58.0,60.0,-0.05322748502347628,-0.9854833425225815,-0.161212333425814,12.191974346522981,0.9797781696524819,-0.020357577900539988,-0.19904850487872455,11.832983641904352,0.1928770932757641,-0.16854717628172755,0.9666386482326005,10.26367169801304,58.453832186316646,61.03766241554925,56.68204868039183,19.06574898659303,5.523034731073601,61604.0,202235.04689368533, 0.0, 0.0,2.8421709430404007E-14,80.72272861507957, 184.6233170380044,184.6233170380044,0.0, 138.75391514340163, 1.579704804298054, -6.391171892981627, 1.579704804298054, 147.41055477395207, 7.019878633752329, -6.391171892981627, 7.019878633752329, 107.84222714309065, 5.699745380295406, 4.086006085332884, 30.0, 0.0
