// Sample: .//bubblelabels.tif, Map: .//bubblelabels.tif, Thickness:(8.191250068658265):/gpfs/home/mader/Foam/NewValid/InSilicoTest/LatticeData_Phi_6.65/out_Step_06000.vtk/distmap.tif, Neighbors:(1.0):
//LACUNA_NUMBER, TRIANGLES, SCALE_X, SCALE_Y, SCALE_Z, POS_X, POS_Y, POS_Z , STD_X, STD_Y, STD_Z,PROJ_X, PROJ_Y, PROJ_Z, PCA1_X, PCA1_Y, PCA1_Z, PCA1_S, PCA2_X, PCA2_Y, PCA2_Z, PCA2_S, PCA3_X, PCA3_Y, PCA3_Z, PCA3_S,PROJ_PCA1, PROJ_PCA2, PROJ_PCA3,OBJ_RADIUS, OBJ_RADIUS_STD, VOLUME, VOLUME_BOX, Mask_Grad_X,Mask_Grad_Y,Mask_Grad_Z,Mask_Angle, Mask_Distance_Mean,Mask_Distance_COV, Mask_Distance_STD, SHAPET_XX, SHAPET_XY, SHAPET_XZ, SHAPET_YX, SHAPET_YY, SHAPET_YZ, SHAPET_ZX, SHAPET_ZY, SHAPET_ZZ, Thickness, Thickness_STD, Neighbors, Neighbors_STD
1, 0 ,1.0,1.0,1.0,184.2674619621823,35.61041973134617,21.072102737004865,9.803672845771068,18.310865376592588,13.198895851729072,41.0,81.0,56.0,-0.03782125419286978,-0.998948276928034,0.025920894154916902,18.32478222902011,0.3172747177506716,0.012593005953159906,0.9482500565132045,13.561997072929206,-0.9475791820251804,0.04408805080263542,0.31646474933065505,9.267428740715811,81.45326749139376,65.8937359223916,45.67770448442829,23.32655567367991,7.841074174760181,93131.0,245164.12065179335, 0.0, 0.0,0.0,NaN, 44.26791456927825,44.26791456927825,4.76837158203125E-7, 96.112001266909, 9.833783111015517, 29.25165619314581, 9.833783111015517, 335.28779083969727, -5.300382992730549, 29.25165619314581, -5.300382992730549, 174.2108517047909, 10.667978868163175, 7.147026452243166, 9.0, 0.0
2, 0 ,1.0,1.0,1.0,60.42935205125685,82.5854504186512,32.74633400949002,16.56574850663184,18.093734677067832,17.42658451685329,80.0,86.0,70.0,-0.059021087734854975,0.8123051015886011,0.5802386863487538,18.727938966407702,-0.5790633059052439,-0.501325732106475,0.6429293880994994,16.94784318331126,-0.813143406144749,0.29804854010888787,-0.4999648675479869,16.35628379481509,97.16784532890446,88.06329805763629,80.82015113682597,28.959049262058727,8.177198292190774,223814.0,691571.6424096284, 0.0, 0.0,0.0,NaN, 107.44480257903274,107.44480257903274,0.0, 274.42402358497503, 1.7300577355292026, -10.184313611489854, 1.7300577355292026, 327.38323456412695, 32.86825829513741, -10.184313611489854, 32.86825829513741, 303.6858479230308, 10.559094189833614, 6.721032925719841, 19.0, 0.0
3, 0 ,1.0,1.0,1.0,56.44054141718754,148.0028754021618,14.169675026956895,15.970630154658236,19.490754196389734,8.965129532032964,81.0,89.0,36.0,-0.28409084982489774,0.9587966716785398,0.0011538734428029138,19.79684870766391,0.9546898914645725,0.2827623269154511,0.09280451288985313,15.635256317374989,0.08865438613588643,0.027466504246337405,-0.9956836801732544,8.885247061446497,92.05943099148776,73.72057140363758,39.0299155137322,25.35306974018377,8.517389797145903,114071.0,264883.3072105913, 0.0, 0.0,0.0,NaN, 78.03855055213377,78.03855055213377,0.0, 255.06102753687895, -40.56733523493952, 14.56183710908439, -40.56733523493952, 379.88949914408397, 4.689591101955205, 14.56183710908439, 4.689591101955205, 80.3735475261296, 10.45133488491176, 6.771621531597027, 13.0, 0.0
4, 0 ,1.0,1.0,1.0,167.73014641212686,184.85492265507787,81.07356821356511,17.952168332956774,8.61180609434509,15.776058055179444,73.0,35.0,69.0,0.9711033527033744,0.06879506176561055,-0.2285290306392862,18.10546431935567,-0.22886154955101942,-0.003114770474783618,-0.9734539996024444,15.638552936473886,-0.06768064350589706,0.9976259507859424,0.012719780386171869,8.541392372175048,77.86186194471368,69.03342595863178,37.02599280452583,24.147911059690937,7.887074950515154,96645.0,199017.3431897147, 0.0, 0.0,0.0,NaN, 88.56432849204039,88.56432849204039,0.0, 322.28034785481594, 17.14828892176959, -18.326104206014023, 17.14828892176959, 74.16320420659923, -3.4863728085013377, -18.326104206014023, -3.4863728085013377, 248.88400776039222, 10.956692630359086, 6.873108398272771, 15.0, 0.0
5, 0 ,1.0,1.0,1.0,14.499037428007636,113.04058845234466,142.5225803346542,9.210224324744889,17.821184972975715,19.500841293705783,37.0,91.0,101.0,-0.057865479688651494,0.2980870719406632,0.9527831252715615,19.691273269818943,0.03886305173531997,-0.9529862845425904,0.300510906097476,17.64920573109308,-0.9975676666122555,-0.054417267622970646,-0.0435604351933027,9.13591654900062,95.51722125988633,91.10132732330786,39.42472033511292,26.45763949025482,9.093898488503255,124666.0,343063.8882452469, 0.0, 0.0,0.0,NaN, 105.24169855356544,105.24169855356544,1.3486991523486091E-6, 84.82823211212244, -13.693822929954592, -14.112912023806262, -13.693822929954592, 317.5946338410154, 21.115915674735867, -14.112912023806262, 21.115915674735867, 380.28281116230056, 11.353109348875815, 6.891884775272581, 16.0, 0.0
6, 0 ,1.0,1.0,1.0,58.48789883268483,145.30052140077822,184.0648093385214,18.736559942114994,19.19470333982918,8.880410070379693,92.0,94.0,39.0,-0.6408271020890813,-0.7673258155550038,0.023488678357002985,20.184909257426284,0.766266374388619,-0.6412026085216275,-0.04117108580523945,17.68173082437387,0.046652638826026195,-0.008384963202631398,0.9988759801309971,8.84775853594979,107.90753527044285,98.52437931216853,41.32126433679761,26.683935022114863,9.29110378384423,128500.0,439307.96952574153, 0.0, 0.0,0.0,NaN, 81.65045970664691,81.65045970664691,0.0, 351.0586784644682, 46.7006210955506, -12.348009505670007, 46.7006210955506, 368.43663630404944, 0.2545078426017008, -12.348009505670007, 0.2545078426017008, 78.86168301810106, 9.471238626145436, 6.502032059496423, 22.0, 0.0
7, 0 ,1.0,1.0,1.0,185.22283392483163,174.37950364304436,136.05220651860398,9.28130135385633,15.052406106467268,14.844846477909025,38.0,60.0,70.0,-0.035781855832267874,0.7632874550721004,0.6450673761110189,15.665858769255891,0.12469031760145408,-0.6370268352626831,0.7606899078150431,14.268495827949712,-0.9915502929703804,-0.10765255261611864,0.07238055281349066,9.169397319197502,73.52327599450535,75.1835160140808,43.3694265070167,21.991018357799568,7.034348793922562,79741.0,239734.8442081719, 0.0, 0.0,0.0,NaN, 70.45633230540147,70.45633230540147,0.0, 86.14255482109535, -13.899504649217498, 7.611772392758051, -13.899504649217498, 226.57492959401313, 21.526731873615674, 7.611772392758051, 21.526731873615674, 220.36946695268796, 11.109138335251748, 6.893825577915101, 8.0, 0.0
8, 0 ,1.0,1.0,1.0,77.82245972675712,23.75804281841719,45.80759428637098,16.664435875193192,13.612742257402711,14.939629143174965,82.0,56.0,77.0,-0.9564495246132916,-0.27122457634691344,0.10789595012069114,16.933887887013928,0.08341508968174582,0.10025664138345394,0.991458788186325,14.922912930088847,0.2797252753692373,-0.9572804369900948,0.07326619463065843,13.294841272145229,85.14297214982412,73.00175975894322,60.92232891257781,25.212742037780494,7.107765659949603,147927.0,378668.023295104, 0.0, -3.552713678800501E-15,-7.105427357601002E-15,83.95160289567899, 93.37620430703556,93.37620430703556,0.0, 277.70342303842585, 28.920558644061465, -7.5526587523379165, 28.920558644061465, 185.30675176647748, 1.3473498056323179, -7.5526587523379165, 1.3473498056323179, 223.19251893560275, 9.604896670778476, 6.288350850701734, 18.0, 0.0
9, 0 ,1.0,1.0,1.0,51.78911097766721,183.21605044179464,121.74251522690228,14.65200078598781,9.711376458324835,12.700404590163428,61.0,37.0,60.0,-0.9638041778088965,0.024875711916095253,0.26544812260549994,14.80713330617301,-0.2608823152435179,0.1172947461079172,-0.9582183259198611,12.557602822175193,0.054972033174140886,0.9927855465769772,0.10655953301584271,9.661658818001031,62.714004431568725,63.74653821797676,41.33214339358156,20.723519893705216,6.389676025989257,69942.0,165237.67097709107, 7.105427357601002E-15, 0.0,0.0,15.4627097693187, 95.3312482958297,95.3312482958297,0.0, 214.6811270325874, -4.987564782012707, -16.125874301610075, -4.987564782012707, 94.31083271530584, -6.400705550223355, -16.125874301610075, -6.400705550223355, 161.3002767538443, 10.864538568799349, 6.572275648449045, 9.0, 0.0
10, 0 ,1.0,1.0,1.0,169.88974261854517,95.49782659668489,16.71475208772974,16.11156945891827,15.630189516059426,10.400364994472442,66.0,74.0,41.0,0.8750079487174639,0.47076498960720164,0.11287787312572864,16.372023597476563,-0.4730180084710447,0.88101990739552,-0.00760831353692066,15.424441561756135,0.10302938097136945,0.046735931925239095,-0.9935797397912944,10.300317111010227,78.61657667895923,69.76058062731019,44.02204869804757,23.6844506259662,7.148418377650326,110886.0,241431.79609979637, 0.0, 0.0,0.0,NaN, 101.51770989153675,101.51770989153675,NaN, 259.58267042954805, 11.776422884503656, 16.46970365081737, 11.776422884503656, 244.30282430793397, 7.722095262279729, 16.46970365081737, 7.722095262279729, 108.16759201824775, 9.640964040043858, 6.081695069118229, 14.0, 0.0
11, 0 ,1.0,1.0,1.0,90.3152101709452,179.34624601646388,85.66114507218714,16.70258722850906,12.204508615090568,14.333129192820449,83.0,55.0,70.0,0.873946002584591,-0.18616497085304287,0.44895544121182,17.47377965764366,0.48525268447845143,0.3862113918628029,-0.7844556029514055,13.926431946752219,0.02735355137584123,-0.9034286714637089,-0.4278649539334192,11.579575157511323,92.43586821124924,72.24283213899106,66.93994284471995,24.075683612393775,7.329836404437226,118927.0,447013.48561625107, -1.4210854715202004E-14, 0.0,0.0,29.079520237538574, 126.17942192335772,126.17942192335772,0.0, 278.976420125954, -16.643299876556014, 44.40486731086229, -16.643299876556014, 148.95003053581988, -32.44794396379673, 44.40486731086229, -32.44794396379673, 205.43859245808179, 10.611142465116604, 6.561247616338059, 15.0, 0.0
12, 0 ,1.0,1.0,1.0,152.9218556027442,181.68216922574322,181.37466187520417,15.789436378891857,11.48766349366665,11.184989631911902,70.0,52.0,45.0,-0.9939217064303029,-0.0077161268100315854,-0.10981849968801591,15.840264817538827,-0.06752143187299903,-0.7451544442233821,0.6634649278537359,12.882822019855313,-0.08695112261779711,0.6668472955941226,0.7401041728259004,9.460212158706833,71.09241551401848,68.01975874792953,50.40995971353453,21.44902863416259,6.8055769354020486,76525.0,243766.88526108817, 0.0, 0.0,0.0,NaN, 53.84048499434371,53.84048499434371,0.0, 249.3063011630736, 5.085532466121586, 14.193198013900512, 5.085532466121586, 131.96641254372148, -37.669486754280136, 14.193198013900512, -37.669486754280136, 125.10399306597674, 10.529295057155696, 6.739649749926807, 10.0, 0.0
13, 0 ,1.0,1.0,1.0,21.361432361817187,45.426575928813996,57.24294654973366,12.387660239093742,16.357115600575963,17.0280868605101,53.0,85.0,82.0,0.19067125405894045,-0.2236552969459453,-0.955836168505677,17.13757816088856,0.2250958600702906,-0.9377943744543362,0.2643360834638672,16.619619131531827,0.9554979469652501,0.26555605696316076,0.12846654800130433,11.876732454726895,81.64324827788045,85.88076526681515,62.57328996417241,25.594720812069582,7.474982652228819,148119.0,438737.91884793877, 0.0, 0.0,0.0,NaN, 76.13566524868918,76.13566524868918,0.0, 153.45412619922402, -35.039621806446476, -19.776829060012567, -35.039621806446476, 267.5552307706055, -0.8729490126072832, -19.776829060012567, -0.8729490126072832, 289.9557421290767, 11.136235307073207, 6.247403416054817, 15.0, 0.0
14, 0 ,1.0,1.0,1.0,139.87365031348344,114.56478739235442,119.597121319314,16.821939223244748,15.896614162585735,18.512996673880558,85.0,82.0,91.0,0.4890497204125757,-0.2687596088447237,0.8298184401530326,19.720231852963167,-0.7805731330681076,-0.5594211585133999,0.27884323793085464,15.904205375834627,0.38927619359089893,-0.7841021872569646,-0.4833712910819426,15.381148654779462,101.5869553166212,76.87462322308446,72.14447628876991,28.438111550551092,8.347744506764185,204955.0,563409.3234741269, 0.0, 0.0,1.4210854715202004E-14,33.91990806625754, 131.82934567113645,131.82934567113645,0.0, 282.97763923054015, -12.873192972543185, 58.24818157002746, -12.873192972543185, 252.70234183412137, -36.520579519594776, 58.24818157002746, -36.520579519594776, 342.73104584711257, 9.712859325038027, 6.080855387671443, 27.0, 0.0
15, 0 ,1.0,1.0,1.0,77.9356879371067,92.39371734739863,157.23743552936855,13.97634488074411,17.91882816747529,18.184130956839166,75.0,83.0,84.0,-0.123014196792936,-0.6766653301152042,0.7259418285286166,19.26953571279441,-0.1541025696041426,-0.7096001871638714,-0.6875463420151404,16.894634832106753,-0.9803672298831645,0.19644746218030332,0.01698496906470766,13.796432331570026,103.80507309187176,85.09024772054022,75.03829183164038,27.81205595156459,8.577574337976364,179733.0,662798.1778696382, 0.0, 0.0,0.0,NaN, 128.2154724657129,128.2154724657129,0.0, 195.3382162255021, 25.462024106972983, -6.086403068529432, 25.462024106972983, 321.08440289550583, -42.5063226441457, -6.086403068529432, -42.5063226441457, 330.66261865547654, 9.988063420102444, 6.301170399387351, 23.0, 0.0
16, 0 ,1.0,1.0,1.0,115.84087409688499,58.949153144616844,15.422669667179912,15.475313081705817,13.4894366990277,9.380907659907642,75.0,66.0,37.0,-0.9849783585177833,0.16695131194041504,-0.044100937552243584,15.538791371189744,0.1680394200111082,0.9855299462889168,-0.02221437125139934,13.429111567653663,-0.03975407619280095,0.02929137089893308,0.9987800703943375,9.362508808207023,74.27028532680393,66.27249341639791,38.183045476601976,21.610021715220665,6.51602696627868,84430.0,187939.8897529614, 0.0, 0.0,-1.7763568394002505E-15,87.47238262965122, 103.90197240142656,103.90197240142656,0.0, 239.48531497681518, -9.941704696222661, 6.334745552274885, -9.941704696222661, 181.9649024570753, -3.1615004041075485, 6.334745552274885, -3.1615004041075485, 88.00142852371386, 9.868192431465873, 6.069220868809044, 9.0, 0.0
17, 0 ,1.0,1.0,1.0,48.417204328069694,13.205068661662441,119.75434940878166,15.408853348845664,8.207689300233453,15.253861739512852,68.0,33.0,72.0,-0.770581504886797,0.05983817290580094,0.6345262306553565,15.894108144108321,-0.6282903390399968,0.0958697181361647,-0.7720493812014217,14.818211385245691,0.10702987524707945,0.9935936746013371,0.03627968573191923,8.079428246425449,76.90890413372146,78.05761232409695,36.732845304197866,22.04625067723196,7.172311637134642,79666.0,220519.2240790027, -7.105427357601002E-15, 0.0,0.0,39.593863763973324, 94.64652107770877,94.64652107770877,0.0, 237.43276152623224, -17.93278019616496, -16.75580939547206, -17.93278019616496, 67.3661636491667, -4.3075566275609205, -16.75580939547206, -4.3075566275609205, 232.68029796817402, 8.722612469841492, 5.734655801300161, 10.0, 0.0
18, 0 ,1.0,1.0,1.0,100.66007512935006,23.140293429725705,186.82891771209867,16.845259567187192,14.357539973302899,7.471788989387301,79.0,59.0,33.0,-0.9952185507511095,0.09666816545778169,0.013975050192700204,16.86628667665681,-0.09762098135724966,-0.9797792888659068,-0.17465019069060594,14.503048738730834,-0.00319064879124346,-0.17517936778183799,0.9845313650990738,7.135776460600386,78.2903358623862,63.909818702760255,36.30549966971151,22.103249764310778,7.561461798444142,70545.0,181655.33622633803, 0.0, 0.0,0.0,NaN, 102.84634782992953,102.84634782992953,0.0, 283.7627698859116, -7.221160444470695, -0.53027930064319, -7.221160444470695, 206.13895408499062, 27.595098184185225, -0.53027930064319, 27.595098184185225, 55.8276307019293, 8.852947357368972, 6.184804193471966, 15.0, 0.0
19, 0 ,1.0,1.0,1.0,169.44149706842154,11.869412736455837,74.04649903183437,17.279803136372458,7.971937124177103,14.734881723724618,74.0,32.0,67.0,-0.8551747933515521,-0.1348734091966306,0.5004850010817594,18.571358432626443,-0.5100760023074649,0.04724593600894195,-0.8588307711072506,13.277592665475149,-0.09218755168766209,0.9897358157722275,0.1091992229437438,7.620386888630364,82.91887565731778,62.78383145395833,36.2622893833142,22.68782341932113,8.032607661864706,73851.0,188780.1989646387, 0.0, 1.7763568394002505E-15,0.0,82.24870017789254, 80.9789421948637,80.9789421948637,0.0, 298.5915964317874, 30.233413193157304, -70.97140324346326, 30.233413193157304, 63.5517815118331, -24.158394108908077, -70.97140324346326, -24.158394108908077, 217.11673941215375, 10.114082096481797, 6.248913614926696, 10.0, 0.0
20, 0 ,1.0,1.0,1.0,185.98353042621335,27.84519586104952,171.50023404779503,8.24957984564716,15.730470153773577,15.242197182943293,34.0,70.0,59.0,0.048128222643658285,0.7754770707091924,0.6295387096830914,16.67018522749536,-0.023575407014933734,-0.6292115722899513,0.7768764364302001,14.228125426160801,-0.998562904562974,0.05223131341155966,0.012000647068419322,8.21542483324054,81.68266372420182,73.48501867902343,34.75438102531348,22.246910483046708,7.273431639293136,81180.0,208611.50631046577, -2.8421709430404007E-14, 0.0,0.0,87.24139029413956, 42.23805169729728,42.23805169729728,NaN, 68.05556762970781, 9.854471875661785, 3.903311319560375, 9.854471875661785, 247.4476912587613, 36.75225968562022, 3.903311319560375, 36.75225968562022, 232.32457496372444, 8.572376239149992, 5.64051600326741, 8.0, 0.0
21, 0 ,1.0,1.0,1.0,22.28494365448277,178.23695991492428,41.47595238503628,14.291636906449323,12.69571801337486,17.23729821012433,59.0,53.0,74.0,0.32732911337611437,-0.30250052931492255,0.8951810326970735,18.30790133982724,-0.8938959328309682,-0.40620745754507426,0.18959315046440953,13.969612287357245,0.3062771829644847,-0.8622580421190394,-0.40336751975881907,11.499011783529056,86.3681839339232,74.91914326230868,66.93454481557981,24.462337366731717,8.00940955888113,116602.0,433108.696842642, 3.552713678800501E-15, 2.8421709430404007E-14,0.0,74.46301428416939, 51.87006124609726,51.87006124609726,0.0, 204.2508854657844, 2.7519768685497175, 48.80481022630116, 2.7519768685497175, 161.18125587513092, -59.803867552860815, 48.80481022630116, -59.803867552860815, 297.12444958475544, 10.061996224785542, 5.95465552931469, 10.0, 0.0
22, 0 ,1.0,1.0,1.0,109.88561345077039,71.3702475803433,62.177782700695914,13.003404254314145,14.589754039991693,15.737153407824671,61.0,74.0,68.0,-0.22244116419411492,0.3559321785936256,0.9076520328372335,16.13082709713875,-0.1643861830435252,-0.9313402087707997,0.3249347601460091,14.362647136283167,0.960987570833436,-0.07692658687579551,0.2656787325611392,12.771774619480569,74.44436778973488,68.48074596694454,59.00992441607737,24.170814300540975,6.736406948731334,130907.0,300832.9392485526, 0.0, 0.0,0.0,NaN, 130.69197207326252,130.69197207326252,0.0, 169.08852220111518, -1.0777262692742657, -21.907230948992677, -1.0777262692742657, 212.8609229474539, 18.301116273863613, -21.907230948992677, 18.301116273863613, 247.65799738140765, 9.179299342201059, 5.739249489029134, 12.0, 0.0
23, 0 ,1.0,1.0,1.0,141.7556718455438,40.91631996359618,87.3886433075473,15.054487685373143,12.48406195218701,15.997389348519876,70.0,61.0,78.0,-0.5565170467181655,-0.10746530178464395,0.823856774946002,16.6564713582423,-0.7781325718544467,-0.28013109621048055,-0.5621710322980902,14.541460245154562,-0.2912017811265536,0.9539275537734776,-0.07227547869417962,12.227582103338166,77.69492958100079,67.69614615384754,62.17768404016073,24.246120457185352,7.108551964971795,123064.0,327032.68849992024, 0.0, 0.0,0.0,NaN, 112.70901463796537,112.70901463796537,0.0, 226.63759946905162, 21.152367131455378, -31.556655667203035, 21.152367131455378, 155.85180282604335, -1.571448605757037, -31.556655667203035, -1.571448605757037, 255.9164659681372, 9.074254414542656, 5.729880062836166, 16.0, 0.0
24, 0 ,1.0,1.0,1.0,54.92286494833115,76.0282139604862,93.07941560755434,14.350080210736719,14.90582504170377,14.42404666625854,70.0,75.0,63.0,-0.16534998471528045,0.7751903887900551,0.6097042263935698,16.238141563186648,-0.8787541442898117,0.16484523242975854,-0.4479031181390239,14.729701170118698,0.4477170272037215,0.6098408894725771,-0.6539446101002432,12.470774092724923,76.1608474753236,71.65454313834431,63.85390675987634,24.244777463997384,6.95358254284392,126285.0,348468.0564125946, 0.0, 0.0,0.0,NaN, 132.13851831316228,132.13851831316228,0.0, 205.9248020545776, -22.763987550468144, 13.28030714204519, -22.763987550468144, 222.18362017388316, 46.582310188781676, 13.28030714204519, 46.582310188781676, 208.0531222304041, 8.674841720448464, 5.6113419364106605, 10.0, 0.0
25, 0 ,1.0,1.0,1.0,117.59006542028028,150.85200912282806,158.8952675329352,16.47030653156965,12.914331662071552,14.936212624005329,77.0,66.0,76.0,-0.9325902228517501,-0.358666003986255,-0.04042491590411901,17.017557276491633,0.02725032480717679,0.0417137900106942,-0.9987579183770445,14.934689068173348,0.3599067879871493,-0.9325334617628882,-0.029128107616146776,12.18602535077193,83.93224086934521,75.86116078064016,63.04665924183453,24.67189581524575,7.2414752608118595,133292.0,401430.51340879727, -1.4210854715202004E-14, 0.0,0.0,21.15774799964777, 104.38640407584327,104.38640407584327,0.0, 271.27099724386596, 47.28039665156581, 3.2905074067993745, 47.28039665156581, 166.77996227798377, -1.0599357249148567, 3.2905074067993745, -1.0599357249148567, 223.09044754949616, 9.280869361641788, 5.771924767751816, 17.0, 0.0
26, 0 ,1.0,1.0,1.0,15.407569245806442,97.94752123729715,23.12779750183266,9.402365885987995,13.217182044407666,14.568651332578531,38.0,61.0,58.0,-0.06545216769472344,0.22903892767179368,0.9712142829237106,14.700463650498826,0.33134772773295657,0.9230632386183837,-0.1953533742671163,13.535191756333287,0.941235728747198,-0.3090233439763029,0.13630801813332666,8.720030944835898,63.95407787191966,66.39677936208248,44.319710613306334,20.83534808989084,6.421234855723494,69571.0,188196.77260136517, 0.0, 0.0,0.0,NaN, 101.81358025273875,101.81358025273875,0.0, 88.40448425399083, 30.676446153087408, -15.840259564537748, 30.676446153087408, 174.69390119501242, 11.832898602566942, -15.840259564537748, 11.832898602566942, 212.2456016502422, 11.05471382416677, 6.51889263477502, 5.0, 0.0
27, 0 ,1.0,1.0,1.0,174.2417958904695,64.41707035755479,114.95389807339058,13.71701759490634,14.257832884709401,14.965817555641546,61.0,69.0,76.0,-0.5417427233501803,0.3429114644631008,0.7674154997372034,15.856086321811624,0.13285884310170792,-0.8665872856738619,0.4810145570750265,14.254193222978612,-0.8299779210959805,-0.3625440715943098,-0.42390853570671855,12.681504938029578,89.58237154609829,70.06990285162405,64.20592276670712,23.771036884489092,7.096187061532086,117045.0,403022.3795601765, 0.0, 0.0,0.0,NaN, 109.75374018824888,109.75374018824888,0.0, 188.15657169897008, -21.707031553583686, -34.95689067773089, -21.707031553583686, 203.2857985683008, 6.182558090045427, -34.95689067773089, 6.182558090045427, 223.97569510874874, 9.422036389969431, 5.528843779424094, 11.0, 0.0
28, 0 ,1.0,1.0,1.0,183.79907471593478,20.128062931372252,116.04733415714759,10.084109392107255,10.997966571700774,16.000431518738825,39.0,44.0,78.0,-0.2374625292773109,-0.2865990961108093,0.9281554316480022,16.771322154565926,0.11269653600535977,-0.957161589612358,-0.2667230438922313,10.326548179804927,-0.9648373116549831,-0.04126317340209695,-0.2595887373503974,9.525938043469417,88.47540277859332,52.625591223514945,43.958554977284564,20.67506023045832,7.155433194224453,66358.0,204674.1257756698, 0.0, 0.0,0.0,NaN, 87.8388239877492,87.8388239877492,0.0, 101.68926223198575, 11.252591444346988, -42.471802852451916, 11.252591444346988, 120.95526871224766, -46.62588151643371, -42.471802852451916, -46.62588151643371, 256.0138087858508, 9.2987853296263, 5.882602960875215, 6.0, 0.0
29, 0 ,1.0,1.0,1.0,11.416298782809834,173.44643940141887,137.51299699581105,7.117155688532167,14.340490872909736,16.23745066841789,29.0,54.0,72.0,0.021015400823802315,0.10261606377651103,0.9944990177889717,16.25921332671822,-0.01686913130343445,-0.9945406997273207,0.10297683717690377,14.320645714811803,-0.9996368267212262,0.018940434021058886,0.019169627586666915,7.10742401206151,73.9900360291745,59.14257692563517,30.151481063602787,21.66903719519759,7.100085549737855,70901.0,131941.7172143702, 0.0, 0.0,0.0,NaN, 68.8480137898431,68.8480137898431,0.0, 50.65390509480578, 3.0543136856704427, 4.20084879862973, 3.0543136856704427, 205.64967847600744, 5.99361230577298, 4.20084879862973, 5.99361230577298, 263.6548042093046, 9.815893361699041, 5.966654008187853, 8.0, 0.0
30, 0 ,1.0,1.0,1.0,11.272085132634176,25.105906847624922,170.05606107341148,7.095282027699607,13.896528564113906,15.711820649187622,28.0,52.0,60.0,0.014096067782327606,-0.16701500225481286,0.9858535844104338,15.7627768239767,0.03407083195148596,-0.9852987788886033,-0.16740816805269443,13.846061914880957,-0.9993200084473489,-0.03594864868740423,0.0081984982978576,7.080909372732797,67.39561006850741,59.35233783465752,28.4214753628805,21.030291973513638,6.931425597005107,64840.0,113688.37461324404, 0.0, 0.0,0.0,NaN, 40.66947184705298,40.66947184705298,0.0, 50.343027052597044, -5.219546708911148, 1.9485652458802087, -5.219546708911148, 193.11350613323367, -9.30257512941261, 1.9485652458802087, -9.30257512941261, 246.86130811223853, 8.680684814938585, 5.222258749738334, 7.0, 0.0
31, 0 ,1.0,1.0,1.0,98.16959516255864,184.57901515767782,141.8191653786708,13.037118222955808,9.33786854302264,15.048066027433892,61.0,38.0,63.0,-0.33087065848393177,0.03142323783481646,0.943152791162909,15.333835614291921,0.9074635418038368,0.284806129494874,0.30886143964403445,12.986170854102989,0.2589102694974574,-0.958069960246185,0.12274943430675576,8.935288666519227,70.20981129945704,65.22619240103216,42.654944584825785,21.009587723941298,6.496441743145539,73758.0,195339.11467850395, 0.0, 0.0,0.0,NaN, 115.15244550213534,115.15244550213534,0.0, 169.9664515593264, 21.336263176775436, -23.56988990647504, 21.336263176775436, 87.19578892677175, 12.413689419088152, -23.56988990647504, 12.413689419088152, 226.44429116601006, 9.414331901133338, 5.623681005722668, 7.0, 0.0
32, 0 ,1.0,1.0,1.0,175.39084459911658,149.78162227278813,92.70398875652523,14.523428750054848,11.188016584079213,13.783361086840097,64.0,55.0,64.0,-0.8013505856147647,-0.09351156290126894,0.5908407793463785,15.244820783604089,-0.5904400415409476,0.28217071326874615,-0.7561482962478535,13.18258039242912,0.09600935516916109,0.9547959343111854,0.2813306374052297,10.949783288572663,72.98479175732582,67.58575125080598,52.92514744570974,21.950880727125018,6.651434123362333,89652.0,261065.56739414006, 0.0, 0.0,0.0,NaN, 108.26599430323317,108.26599430323317,0.0, 210.9299826579197, -0.5463575206185494, -29.212195668008953, -0.5463575206185494, 125.17171508563148, -17.712614421593887, -29.212195668008953, -17.712614421593887, 189.98104285021785, 9.367334444789035, 5.558933211907553, 9.0, 0.0
33, 0 ,1.0,1.0,1.0,20.192453732485294,75.45470804839559,175.175687437234,11.77840260725333,15.457422000046053,14.277995059352474,49.0,73.0,59.0,-0.011732912020510541,0.8152155362560287,0.5790388313596206,16.57085475702578,-0.06672307040416718,-0.578426339566367,0.8130012309779705,12.975017392651798,-0.9977025461786491,0.029096376795923345,-0.06118030897266001,11.771979530346323,84.22299722738207,67.22696488054964,51.139925150231186,23.03503847835646,7.1351810125288,104555.0,289557.14441685734, 0.0, 0.0,0.0,NaN, 81.95971357088234,81.95971357088234,0.0, 138.73076797855202, -0.15193568313135983, -2.5390386171107533, -0.15193568313135983, 238.93189488750775, 50.203696311596474, -2.5390386171107533, 50.203696311596474, 203.86114291489366, 8.501592316141396, 5.154403995522283, 8.0, 0.0
34, 0 ,1.0,1.0,1.0,104.26379632098107,15.602292721940815,9.908850973073847,16.39367130800949,9.650182371510097,6.713251937198795,76.0,39.0,26.0,0.9820791026449665,-0.11315006194945242,0.15072391856932843,16.625298514684527,0.1219389890240125,0.9912583908443028,-0.05037544577038696,9.53881517231734,-0.14370636417312965,0.0678517948296033,0.9872915551317868,6.289410523789846,73.84553287528145,41.076668925924814,30.531588491771096,18.893448634531623,7.069924258793251,37510.0,92612.33769261863, 0.0, 0.0,0.0,NaN, 97.50403868896052,97.50403868896052,0.0, 268.75245895505367, -20.101857810813407, 34.74235989393359, -20.101857810813407, 93.12601980340423, -6.60751162846397, 34.74235989393359, -6.60751162846397, 45.06775157230337, 10.66464306004554, 6.067798933954208, 5.0, 0.0
35, 0 ,1.0,1.0,1.0,87.89391422682063,37.20174508195081,106.70341611799316,13.537081272539321,12.489548319425271,13.509523567399878,67.0,57.0,61.0,-0.7078828364311492,0.37224873544099174,0.6002772433207623,14.39638154351037,0.539660508374904,-0.26326844161209917,0.7996600923840562,12.98358612267652,-0.4557065125568553,-0.8900115766739888,0.014524730618819556,12.079706265859361,69.19761821997452,68.09868968863753,58.21468284279113,22.015499397853237,6.088218120587118,99938.0,274323.1364641174, 0.0, 0.0,0.0,NaN, 133.46745880291004,133.46745880291004,0.0, 183.25256937933483, -19.38129739079377, -16.287161863525796, -19.38129739079377, 155.98881722325862, 8.93650787717389, -16.287161863525796, 8.93650787717389, 182.50722701813274, 8.419385063427013, 5.339363976420078, 10.0, 0.0
36, 0 ,1.0,1.0,1.0,105.99291998811385,159.18535936228213,17.678905957287373,10.736165820403615,16.468832997338975,10.4353961555518,50.0,83.0,40.0,0.005467729229349277,-0.9985321199443251,0.053886077761950334,16.483511762137272,-0.8310109144729985,0.025436699371597704,0.5556742160221494,10.99154082684998,-0.5562292368833428,-0.04781819491126155,-0.8296520091409432,10.142242354623619,83.2061589366485,57.11049142123754,51.24855529272361,21.21737003841792,6.7237205766997885,77401.0,243530.29692098315, 0.0, 0.0,0.0,NaN, 103.99860431079749,103.99860431079749,0.0, 115.26525652320282, -1.301228964347449, -8.238536447014997, -1.301228964347449, 271.222460294241, -8.831129620666434, -8.238536447014997, -8.831129620666434, 108.8974929233053, 8.526956875581979, 5.3566330945421665, 15.0, 0.0
37, 0 ,1.0,1.0,1.0,170.40357257616918,87.90614319516256,186.59432419010895,14.150202415778246,15.698009270322991,7.859876668170853,61.0,77.0,34.0,-0.4065605801007278,0.9133201927392807,0.023552499715365344,16.061484055354757,-0.9136120339182405,-0.4065511933143425,-0.005401730691154052,13.740344172342184,-0.004641787148846988,0.023713977932157224,-0.9997080079016559,7.852710147628449,75.51628321591875,68.68178732677623,35.051549404078685,21.360660113102455,7.221882319037919,68466.0,181798.13141804788, 0.0, 0.0,0.0,NaN, 93.71846494486776,93.71846494486776,0.0, 200.2282284074965, -25.6717734733376, -1.2523262889156082, -25.6717734733376, 246.42749505114656, 4.501929822768168, -1.2523262889156082, 4.501929822768168, 61.777661238856545, 8.071149087132332, 5.1712316898943085, 11.0, 0.0
38, 0 ,1.0,1.0,1.0,153.82587704455725,89.41097574732092,69.1355668358714,10.73802497437795,12.599575602570821,15.2637628511582,51.0,61.0,68.0,-0.0434262780498251,-0.21705467723544247,0.9751930195940478,15.40414326611663,0.23352003728512535,-0.9512798193903852,-0.2013332992998171,12.534095115868089,-0.9713817738464591,-0.21898395445971344,-0.0919971582609657,10.61347124907704,68.31633253043952,64.62201670390573,48.120297559190874,21.62050822121254,6.292103491530022,88650.0,212438.56308076944, 0.0, 0.0,0.0,NaN, 122.0905353273119,122.0905353273119,NaN, 115.30518035036458, -8.701118763275263, -7.368656405205945, -8.701118763275263, 158.74930536489788, -17.868224551960783, -7.368656405205945, -17.868224551960783, 232.9824563763971, 8.017411521193138, 5.078023658455346, 7.0, 0.0
39, 0 ,1.0,1.0,1.0,153.72834129490496,52.89205704969617,157.6979239109368,11.909494811966493,14.980720605329461,11.729772639543294,55.0,78.0,56.0,0.07022464431432279,0.9914296530625004,0.11016234546929937,15.02551998941001,-0.7831455568254791,0.12319728624862217,-0.6095124818127066,12.217557509409971,-0.617860450389436,-0.043470354143317874,0.7850852133082227,11.349478413507754,79.22490899701685,59.123475813336825,57.891123844442504,21.50352865066669,6.437691999200922,87713.0,271165.03389893787, 0.0, 0.0,0.0,NaN, 82.0250067949647,82.0250067949647,0.0, 141.83606667625682, 4.776497615862696, 10.515443901699923, 4.776497615862696, 224.4219898549427, 9.05311577062374, 10.515443901699923, 9.05311577062374, 137.58756617537844, 8.224461724697724, 4.928819182504477, 10.0, 0.0
40, 0 ,1.0,1.0,1.0,122.75103576239738,79.75754263782629,177.23222682561067,13.353591833142778,11.88379115711916,12.961067383218833,68.0,55.0,53.0,-0.6207904751033432,-0.3947521026959576,0.6773403601130571,15.21666207564371,-0.7331956208651895,0.5982288838854491,-0.3233363326774137,12.27249922481141,-0.2775668704385938,-0.6973471014511282,-0.6608053060717923,10.265044221882828,77.87539183714192,59.421099725753194,57.49701186324404,21.099242221550114,6.508006799390909,78686.0,266064.05448306596, 0.0, 0.0,0.0,NaN, 113.34478187692423,113.34478187692423,0.0, 178.3184148461775, 11.07592532693253, -42.32943187462026, 11.07592532693253, 141.22449226602356, -42.488378830046244, -42.32943187462026, -42.488378830046244, 167.98926771233909, 8.508415386284131, 5.0122663946455015, 8.0, 0.0
41, 0 ,1.0,1.0,1.0,187.42691093607104,107.91403369029707,136.95328495147064,7.5163806559112905,15.016215379282256,14.980594902736659,29.0,66.0,68.0,-0.06781386934701958,-0.7115626206412953,0.6993424883633749,16.147326416306488,-0.007568578834791343,-0.700569026667702,-0.7135445014070882,13.788405452904113,-0.9976692817455125,0.05368124234740181,-0.04212277865279784,7.452828375390424,75.63858755249768,66.35953202160005,30.55363014005428,21.34207087042119,7.135610491286319,67794.0,153359.0967945746, 0.0, 0.0,0.0,NaN, 112.30670522373849,112.30670522373849,0.0, 56.495978164557435, 10.614833715895507, -9.004454274205111, 10.614833715895507, 225.48672431699296, -34.8360659542558, -9.004454274205111, -34.8360659542558, 224.41822363989954, 8.920365456052878, 5.2254463462813385, 7.0, 0.0
42, 0 ,1.0,1.0,1.0,47.60471146661979,33.65013404825737,11.570342372434403,12.642729325439355,11.293089962398742,7.578661074364916,60.0,56.0,30.0,-0.9725764505392234,0.22465775037064178,0.0601991948029883,12.740270702389365,-0.21530457299547875,-0.9675411180362096,0.13231827446152675,11.255436749242762,0.08797152211801461,0.11572847578553735,0.9893775473440843,7.470557903455688,57.535115657715814,54.87024933566551,34.07475485208266,17.738536781895025,5.491165833645701,45506.0,107572.84735458986, 0.0, 0.0,0.0,NaN, 59.434105511071365,59.434105511071365,NaN, 159.83860479632426, -8.506535154483954, -8.254860488828982, -8.506535154483954, 127.53388089883123, -7.6333358038165455, -8.254860488828982, -7.6333358038165455, 57.436103680093986, 8.365873694852102, 4.9612136135766685, 3.0, 0.0
43, 0 ,1.0,1.0,1.0,9.789597732267413,42.129534668917415,12.913208268305889,6.544080218800803,15.222098124627099,7.9866685360212255,25.0,67.0,32.0,-0.03705724856123006,-0.9951099677573222,0.09155824593717118,15.276256479976567,0.282300437143976,-0.09831378437651027,-0.9542750457755295,8.017517512706341,-0.9586100476822634,0.009515874714884093,-0.2845632172488557,6.378050832469773,67.97379678260751,37.92717649450254,28.603905540472233,17.25941535539721,6.358986799799582,31397.0,73742.41845962574, 0.0, 0.0,-1.7763568394002505E-15,84.74674181942578, 45.13850754023413,45.13850754023413,0.0, 42.824985910099976, 6.45041583663627, -7.011700040754537, 6.45041583663627, 231.71227131577584, -15.341370768774055, -7.011700040754537, -15.341370768774055, 63.78687430427143, 9.664757925863155, 5.7861061160645795, 2.0, 0.0
44, 0 ,1.0,1.0,1.0,46.40635263958984,22.799473951240355,166.97566023124784,12.03902285108871,13.23432018998324,11.49638415454228,52.0,52.0,54.0,0.3496966756621023,-0.9267648592432055,0.137182836764649,13.411630427132176,0.7692330562340257,0.36761610416615353,0.5226269273148487,12.138014957857342,-0.5347828907395364,-0.07723532630617733,0.8414522946327045,11.182527124836264,63.40080607051166,64.83934251504883,61.95800268758754,20.426740937139407,5.916114046892771,74898.0,254701.082645169, 0.0, 0.0,0.0,NaN, 61.35122325532915,61.35122325532915,NaN, 144.9380712090361, -11.466273995380394, 11.588036808218861, -11.466273995380394, 175.14723089099803, -2.6889310660750536, 11.588036808218861, -2.6889310660750536, 132.1668486288108, 7.995926735869425, 4.897829080255049, 7.0, 0.0
45, 0 ,1.0,1.0,1.0,35.08686779605398,53.98226957627466,127.9521616965421,14.348930407395747,13.32014072679707,12.328902795947169,71.0,64.0,60.0,-0.8836563205603809,-0.3260320599482476,-0.3359383917023951,14.598293920421742,-0.4419782340573824,0.8175506396272066,0.36914250942510357,13.618548488799355,0.1542943542492961,0.4746725687577144,-0.8665328641867803,11.69379102947699,71.11824588883863,64.02088825986122,53.84000317572574,22.22269209789575,6.439856589394297,97516.0,245136.40269300295, 0.0, 0.0,1.4210854715202004E-14,70.37038884288101, 96.62331356636747,96.62331356636747,0.0, 205.89180383628627, 4.3963984824991, 14.720561120929583, 4.3963984824991, 177.42614898167798, 23.067427781833633, 14.720561120929583, 23.067427781833633, 152.00184415191393, 8.32496448998937, 4.94289161800251, 6.0, 0.0
46, 0 ,1.0,1.0,1.0,58.98622041651277,143.98225701054068,86.98295309259312,12.002882613615593,12.273578122682766,11.262381186369863,62.0,57.0,55.0,0.6005731780973899,-0.7058521268230019,0.37561234379269987,13.163736860567498,0.7347303522939224,0.6724973899653458,0.08898634674963721,11.364287214312892,-0.3154095229507973,0.22253097660605023,0.9224948765617661,10.914217742617717,63.12299715295169,52.128760844683526,50.69185368041224,19.754398492226073,5.595970082769914,70394.0,166802.74199792396, 0.0, 0.0,0.0,NaN, 119.09406306515368,119.09406306515368,0.0, 144.06919103623548, -18.006580258257472, 12.87398733556581, -18.006580258257472, 150.640719933597, -13.760239389541065, 12.87398733556581, -13.760239389541065, 126.84122998709783, 7.365120662415499, 4.680054884636475, 12.0, 0.0
47, 0 ,1.0,1.0,1.0,131.06837651483494,119.5661477921716,182.9573234433765,15.252665206047057,10.063118036950813,9.52363099276917,70.0,49.0,38.0,-0.979367500186667,-0.0039393722813289515,0.2020489567509528,15.45913771078474,-0.10331937850480379,-0.8495016190760805,-0.5173703752752944,10.577186361194673,0.17367903040810773,-0.5275713037430553,0.8315672635832609,8.587658453813077,68.80834811479237,55.11632959378508,44.602091154294726,19.565240995990244,6.466145108850914,57432.0,169151.80689657744, 0.0, 0.0,0.0,NaN, 107.29224632518897,107.29224632518897,0.0, 232.6437958877585, 3.9840809587014645, -30.658977733005646, 3.9840809587014645, 101.26634462560477, 16.626438714281313, -30.658977733005646, 16.626438714281313, 90.69954728643351, 7.769500848989368, 4.951312672877944, 8.0, 0.0
48, 0 ,1.0,1.0,1.0,124.06887400480223,9.618381144951346,49.62451029950714,8.982272328560743,6.3854986696032565,13.312443979016917,43.0,26.0,58.0,-0.10277307580857462,0.05544750562802063,0.9931582295930875,13.367145038345592,0.994270813949493,-0.023765138039081833,0.1042150024813906,8.925771227045418,-0.029381004357540933,-0.9981787376685669,0.05268742021894936,6.350355554193616,58.44972772921006,43.32259922309956,27.451201361374732,16.38606640159797,5.493068543249255,31652.0,69511.7709243405, 0.0, 0.0,0.0,NaN, 91.21754860340222,91.21754860340222,0.0, 80.68121618442804, -1.7180295367115725, -10.04516088881985, -1.7180295367115725, 40.774593259504954, 7.521434977497272, -10.04516088881985, 7.521434977497272, 177.22116469446377, 8.77087148059191, 4.749365979141807, 4.0, 0.0
49, 0 ,1.0,1.0,1.0,48.67056269828018,183.12782694198623,164.12539656036066,15.173347734505345,9.874409654182735,8.856243158751697,62.0,43.0,39.0,-0.9964883004643131,0.01682388434932935,0.08202453262985253,15.206655810044175,-0.058532414802245546,-0.8404581899075481,-0.5387058449977553,10.567687290431785,0.0598750653875485,-0.5416151658998556,0.8384914958496053,7.952929949664348,62.64664216936856,51.673544602582524,41.14548487074592,19.18274319082345,6.179794013773952,53901.0,133195.0962414364, 0.0, 0.0,0.0,NaN, 62.773251222301454,62.773251222301454,0.0, 230.23048147221851, -0.4340583104422807, -12.204195344755632, -0.4340583104422807, 97.5039660186172, 22.157585530864186, -12.204195344755632, 22.157585530864186, 78.43304288693624, 8.692317029977163, 5.217430542786131, 7.0, 0.0
