// Sample: .//bubblelabels.tif, Map: .//bubblelabels.tif, Thickness:(8.191250068658265):/gpfs/home/mader/Foam/NewValid/InSilicoTest/LatticeData_Phi_6.65/out_Step_06000.vtk/distmap.tif, Neighbors:(1.0):
//LACUNA_NUMBER, TRIANGLES, SCALE_X, SCALE_Y, SCALE_Z, POS_X, POS_Y, POS_Z , STD_X, STD_Y, STD_Z,PROJ_X, PROJ_Y, PROJ_Z, PCA1_X, PCA1_Y, PCA1_Z, PCA1_S, PCA2_X, PCA2_Y, PCA2_Z, PCA2_S, PCA3_X, PCA3_Y, PCA3_Z, PCA3_S,PROJ_PCA1, PROJ_PCA2, PROJ_PCA3,OBJ_RADIUS, OBJ_RADIUS_STD, VOLUME, VOLUME_BOX, Mask_Grad_X,Mask_Grad_Y,Mask_Grad_Z,Mask_Angle, Mask_Distance_Mean,Mask_Distance_COV, Mask_Distance_STD, SHAPET_XX, SHAPET_XY, SHAPET_XZ, SHAPET_YX, SHAPET_YY, SHAPET_YZ, SHAPET_ZX, SHAPET_ZY, SHAPET_ZZ, Thickness, Thickness_STD, Neighbors, Neighbors_STD
1, 0 ,1.0,1.0,1.0,182.23922891081136,36.108838332997784,19.670565733843365,11.457399902773231,18.57784899072095,13.269544176026937,49.0,84.0,65.0,0.2275207399109016,0.946323173695322,0.22957953706201437,19.08589577962366,0.44362222672243656,-0.3106058510987124,0.840668380053081,13.70409825920442,-0.8668527169411319,0.0894229064080192,0.4904792665763964,10.020756532569969,99.59532358861091,76.5592262122547,54.63835458579108,24.114563610930762,8.424791400856916,99340.0,416614.2250435725, 0.0, 0.0,0.0,NaN, 44.79089585764703,44.79089585764703,0.0, 131.27201253206803, 44.769150966542654, 46.37221668346261, 44.769150966542654, 345.1364731220314, 34.506259747188665, 46.37221668346261, 34.506259747188665, 176.08080263953042, 10.377019909886448, 7.085150050544273, 9.0, 0.0
2, 0 ,1.0,1.0,1.0,61.01288783764982,88.18790721710958,31.967108584603764,15.984089281696736,20.928553323959243,18.673781154006384,79.0,110.0,77.0,-5.165310131097847E-4,-0.9582882996973909,0.2858028478843337,21.135879232764236,-0.10006896156875023,-0.284318766414564,-0.9534930739103732,18.462192341208123,-0.9949803697190537,0.029092502944636757,0.09574805557373903,15.95705549282271,116.60632840544744,93.47542127121645,79.43621567642985,30.856606209117846,9.490806617049259,251555.0,865840.9028043954, 0.0, 0.0,0.0,NaN, 111.89984581259714,111.89984581259714,0.0, 255.49111016525248, 2.548312714126463, 8.198798012240106, 2.548312714126463, 438.0043442338055, -29.2368001259595, 8.198798012240106, -29.2368001259595, 348.71010258772395, 10.598774086076448, 6.701429636252481, 20.0, 0.0
3, 0 ,1.0,1.0,1.0,166.39916180212543,185.3554956842788,80.40160654592626,19.01704509347152,8.388743256807048,16.458806667921504,74.0,35.0,69.0,-0.9992435566846027,-0.022013670300117267,-0.03205795914001525,19.02352217333431,-0.03114595929932925,-0.040591709637911755,0.9986902634590944,16.465690885271126,-0.02328612556072124,0.9989332867757429,0.03987536743129949,8.360500118959962,75.96944989834256,71.54681951147401,35.66033099984398,25.04177257257446,8.707523234036696,100215.0,193827.18318002345, 0.0, 0.0,0.0,NaN, 88.36230061184949,88.36230061184949,NaN, 361.64800408712915, 6.677448102953518, 3.0947157107205356, 6.677448102953518, 70.37101342862573, -7.951141394054223, 3.0947157107205356, -7.951141394054223, 270.8923169320173, 10.89399944862069, 6.773313485870913, 12.0, 0.0
4, 0 ,1.0,1.0,1.0,13.767929089443998,116.04236905721193,143.3469701853344,8.806961186050193,17.46524469188569,20.859767925247123,35.0,86.0,110.0,-6.942542946002717E-4,0.025789026018401044,0.9996671666849904,20.861834621429903,0.07118856993598612,-0.9971298508871373,0.0257730087545988,17.496081557840192,-0.9974626336467166,-0.0711827690302762,0.0011436222010393847,8.740608773118582,109.90486774036616,85.73541165808143,37.4271231074606,26.914677696439252,9.660609704982337,124100.0,352666.01551724004, 0.0, 0.0,0.0,NaN, 102.21548538317836,102.21548538317836,0.0, 77.56256533259463, -16.312544489543157, 0.17243949506529727, -16.312544489543157, 305.03477214744123, 3.3470397321958925, 0.17243949506529727, 3.3470397321958925, 435.1299178951687, 11.328359393224325, 6.93338495491565, 16.0, 0.0
5, 0 ,1.0,1.0,1.0,58.4908954947732,150.2673610040396,185.39830090351228,18.458854738615894,21.697274877869855,8.40294292278005,90.0,91.0,36.0,0.052662106323882005,0.9972288774156194,0.05254777450964157,21.732464776476302,0.9981037603795381,-0.050883097683018554,-0.03463804103014545,18.456432102825104,0.03186826122896876,-0.05427224353722977,0.9980175036078666,8.316886071342312,93.53789049365895,89.88236945956585,38.74538738039266,27.853144885478915,10.310811080566163,129716.0,325748.2500615599, 0.0, 0.0,0.0,NaN, 78.15196641024058,78.15196641024058,0.0, 340.7293182613225, 7.383809656062271, -8.269763226070383, 7.383809656062271, 470.7717371258424, 21.603314366502563, -8.269763226070383, 21.603314366502563, 70.60944976349933, 9.570680093838687, 6.444082409427157, 15.0, 0.0
6, 0 ,1.0,1.0,1.0,186.441987670369,176.32879445037904,139.07656469195229,8.562196228491626,14.506455193580848,17.004219576314572,37.0,59.0,77.0,0.010203558178585807,0.41279713036756893,0.9107658406861757,17.59876167378502,0.14256122244387542,-0.9021097527013267,0.40727667737848533,13.869368948584276,-0.9897333909976989,-0.12568422033593252,0.06805359287168207,8.415231574677344,79.23757416093542,71.6539608411758,40.719289805050295,22.618141393973158,7.830173038967809,77699.0,231191.34312512414, 0.0, 0.0,0.0,NaN, 66.75185870248639,66.75185870248639,0.0, 73.31120425519623, -14.624930295304882, 9.277141473493547, -14.624930295304882, 210.43724228336876, 45.16131484079248, 9.277141473493547, 45.16131484079248, 289.14348339951977, 11.407711335504333, 6.794022419771375, 7.0, 0.0
7, 0 ,1.0,1.0,1.0,81.645707839119,22.279601109524105,43.29747045064067,17.799713657793873,13.866182157916958,19.677711635098632,97.0,57.0,86.0,-0.3387631252617311,0.05701624022989936,0.9391425308828001,19.979235749199823,0.9345419465930804,0.13597864279364325,0.3288482305897578,17.542587150347984,0.10895363702474717,-0.9890697432709405,0.09934861813349208,13.762300828002054,95.40346680454572,92.09914225862005,63.49466395693939,28.56475282556893,8.964822649900173,193236.0,557900.783230346, 0.0, 0.0,0.0,NaN, 95.06352182395932,95.06352182395932,NaN, 316.82980629945376, 10.986876416196864, -30.368345329069786, 10.986876416196864, 192.27100763653456, 16.524162004090847, -30.368345329069786, 16.524162004090847, 387.2123351940961, 9.40376326080718, 6.170797679558777, 14.0, 0.0
8, 0 ,1.0,1.0,1.0,51.7727186960245,183.3395213144259,121.83967371583668,14.939969675547696,9.535376563438334,12.336250277170345,64.0,35.0,56.0,-0.9835088738741413,0.03477897924507085,0.1774844151284541,15.027582294221926,-0.17367755522850248,0.092187546403566,-0.9804782318327832,12.256887225475909,0.05046188483072062,0.9951341009586403,0.0846269418599646,9.499981944519282,63.107363161738206,59.44788278553828,38.75136188114175,20.630311072529544,6.379610964979284,68897.0,145379.57544766113, 0.0, -2.8421709430404007E-14,0.0,88.00690933612685, 95.2209144886617,95.2209144886617,0.0, 223.2026939062847, -5.597884316260595, -13.452161186753026, -5.597884316260595, 90.92340620656904, -4.584722811745747, -13.452161186753026, -4.584722811745747, 152.18307090098543, 10.988051589892917, 6.54015787509644, 9.0, 0.0
9, 0 ,1.0,1.0,1.0,169.85640750962307,96.0122739487254,16.648186142784517,16.10735570747422,15.628523832615913,10.510587452402644,68.0,75.0,41.0,0.8548260513349557,0.49583364038282646,0.15304059273213252,16.44956206369386,-0.5032438573793898,0.8640686404931809,0.011445720867587298,15.39373689344468,0.1265624034577428,0.08680083859606837,-0.9881536178398675,10.325448466601046,79.56153368245563,70.46792420456427,45.25532893035281,23.69942521676027,7.246196109925826,110152.0,253725.6365028526, 0.0, 0.0,0.0,NaN, 102.00075989361943,102.00075989361943,0.0, 259.4469078871023, 12.818279623129738, 20.700653281105808, 12.818279623129738, 244.2507571866436, 13.73189458507277, 20.700653281105808, 13.73189458507277, 110.4724485946039, 9.67939004606536, 6.0785436844669585, 11.0, 0.0
10, 0 ,1.0,1.0,1.0,89.84530506987818,180.83520092863125,77.43602139545314,16.771448229708763,11.517753112883545,19.91968338076122,81.0,50.0,91.0,0.3691800743454289,-0.14398253108192555,0.9181367563982754,20.697526030946037,0.9240732027297958,0.1620763042893346,-0.3461502384581135,16.112739786156254,0.09896862484141829,-0.9762173437975549,-0.1928857407011862,11.07817364292702,96.45080343582089,79.508666749755,57.2089741738518,27.112454523053447,8.697626585235671,151621.0,438717.0179015005, 0.0, 0.0,0.0,NaN, 120.14909810773649,120.14909810773649,0.0, 281.2814757218012, 4.255140368293645, 59.81822360906694, 4.255140368293645, 132.65863676933859, -48.08729749435651, 59.81822360906694, -48.08729749435651, 396.79378598977473, 10.149863848395368, 6.156026275792063, 14.0, 0.0
11, 0 ,1.0,1.0,1.0,157.84283807218694,180.73404613676345,184.56254912479884,19.79223778772528,12.177891649219092,9.394606889233057,78.0,54.0,40.0,-0.9954733002876788,-0.041899512404737584,-0.08530732251455507,19.866896618889854,5.133120520135724E-4,-0.899935786971378,0.4360221506287768,12.911194638369803,-0.095040227930568,0.43400462000818807,0.895883555428078,8.179231749600893,78.07451924620727,66.03998508186557,43.337685331787924,23.546392700883807,8.594169596007802,80153.0,223450.84281786607, 0.0, 0.0,0.0,NaN, 48.854049674438045,48.854049674438045,0.0, 391.7326766458606, 13.62612477617561, 27.858962625542603, 13.62612477617561, 148.30104502012009, -37.98872332048288, 27.858962625542603, -37.98872332048288, 88.25863860322522, 10.579939742515194, 6.5168036446013415, 8.0, 0.0
12, 0 ,1.0,1.0,1.0,21.69415239220319,46.01830412810921,57.33410120102382,12.591629349805357,16.380974504555656,17.248958793085222,55.0,86.0,84.0,0.1554654716769221,-0.026950712545957302,-0.9874736179815324,17.344144361182728,0.23619278354354517,-0.9696193931885858,0.06364904833970864,16.61012855395806,0.9591889574626183,0.24312937182879368,0.14437677249444295,12.153037507009282,86.98364737044989,90.20556542876767,64.7149547082901,25.829097370303412,7.56767889666155,152370.0,507780.0091479129, 0.0, 0.0,0.0,NaN, 76.65193881026447,76.65193881026447,0.0, 158.54912968287968, -30.001575054287887, -21.5798596562971, -30.001575054287887, 268.3363257189024, -3.8368301388047352, -21.5798596562971, -3.8368301388047352, 297.526579445552, 11.023852639201003, 6.234017474616314, 13.0, 0.0
13, 0 ,1.0,1.0,1.0,139.52343271906813,115.3481250099776,119.22793620723601,16.92896197295088,15.919194205497929,16.290836821739223,84.0,84.0,83.0,0.8473108570348671,0.12860808859217332,0.5152904725487432,17.367741845949766,0.26704353498137917,0.7354996518532079,-0.6226780970521278,16.098272119016034,0.45907740303296146,-0.6652069014017203,-0.5888528817557354,15.639982095292405,91.07220861149992,87.56596546341295,73.20737192513806,27.31623738294668,7.695780481862628,187921.0,583816.04379257, 0.0, 0.0,-1.4210854715202004E-14,58.98312744877637, 131.70983797254402,131.70983797254402,0.0, 286.5897534816169, 9.071407833709715, 22.48105471400994, 9.071407833709715, 253.42074415235885, -2.882091871996147, 22.48105471400994, -2.882091871996147, 265.39136435253454, 10.022491899368092, 6.133403394254608, 26.0, 0.0
14, 0 ,1.0,1.0,1.0,77.55104868323234,92.07909617247516,159.19844443443196,14.326455080849914,17.23025047149581,17.955914021056497,77.0,82.0,83.0,0.12210449182219432,0.48636052019479525,0.8651843372788783,18.253376301356216,-0.16556241851076708,-0.8495125391371785,0.5009166911029913,17.04534541517182,-0.9786110456426034,0.20440618934991212,0.023206272896322058,14.170890871932983,90.76918901610915,94.30485388332606,77.8739311820909,27.506853848506555,8.241158060759318,177556.0,666598.9124241249, 0.0, 0.0,0.0,NaN, 127.112123892173,127.112123892173,NaN, 205.24731518361034, 20.481364033281917, 6.542571355776542, 20.481364033281917, 296.88153131048165, 17.51773551082966, 6.542571355776542, 17.51773551082966, 322.41484833157335, 10.07162171838058, 6.304143636054985, 21.0, 0.0
15, 0 ,1.0,1.0,1.0,119.67118070249683,50.102454506982646,13.82705035971223,17.131898110963025,18.93931837968849,9.20652032417852,80.0,95.0,39.0,-0.5512906311547076,0.8335202318987636,0.036368434341809294,20.26433860025245,0.8337665334188009,0.5488278339189072,0.060177873563923234,15.57445910593298,-0.030199466085338626,-0.063498281325643,0.9975249172410933,9.15164109343655,102.47833816021992,72.48539148375161,42.235581867421416,25.70305465403615,8.735714710469468,118150.0,313733.6084217172, 0.0, 0.0,0.0,NaN, 95.67738750094091,95.67738750094091,0.0, 293.5019328844184, -77.53913366401838, 1.4142184212849949, -77.53913366401838, 358.6977806872063, 15.154418581427466, 1.4142184212849949, 15.154418581427466, 84.76001647951216, 9.502532704403428, 5.895072630204633, 8.0, 0.0
16, 0 ,1.0,1.0,1.0,15.612857878023371,99.4404613974972,25.60757364662173,9.717264848634262,13.745754109165166,16.533162297689042,38.0,60.0,71.0,-0.1059499789576786,0.36890561379010356,0.9234084957769311,17.179760997026207,-0.3554704578042618,-0.8813224476169926,0.31130611454775703,13.51637280034114,0.9286632089123031,-0.2952615644484387,0.22451114220048046,8.88143716619758,85.1765722833253,71.52590977442445,44.317756662098795,22.362875268219916,7.524510447063201,79671.0,269998.4792822048, 0.0, 0.0,0.0,NaN, 103.86488589573304,103.86488589573304,0.0, 94.42523613850302, 24.069970144022797, -32.64613219921429, 24.069970144022797, 188.945756029631, 45.18846287347657, -32.64613219921429, 45.18846287347657, 273.34545556172645, 10.606189205945364, 6.430090928151288, 8.0, 0.0
17, 0 ,1.0,1.0,1.0,186.96821327524142,28.11697195914084,172.35045096502532,7.722842451439951,15.67036454498798,15.032161392271766,32.0,73.0,58.0,0.013855413084012922,0.8116923523858395,0.5839208444700469,16.33919371881804,-0.05842307749107817,-0.5823220544616914,0.8108561949593689,14.321143774408212,-0.9981957581280051,0.04534920027802229,-0.039353252589855656,7.687918199197436,80.65501403562487,73.58984839283262,33.90241257143373,21.87644239564033,7.251880082854302,75283.0,201224.04919759324, 0.0, -3.552713678800501E-15,0.0,35.73839009998261, 41.53178468628787,41.53178468628787,0.0, 59.64229552976304, 7.3044899100490825, -5.234267641309523, 7.3044899100490825, 245.56032497281632, 29.586638800286092, -5.234267641309523, 29.586638800286092, 225.96587612330583, 8.963912297759967, 5.633078895515623, 9.0, 0.0
18, 0 ,1.0,1.0,1.0,27.1769693418581,175.23272786806143,42.49999138332156,16.576989761417966,12.07069740552805,15.928252713159983,68.0,55.0,78.0,-0.7552287334926915,0.08376179628811861,0.6500873184346951,18.194233016167317,0.6536667635708473,0.1695882367910922,0.7375361632794034,14.158299273921221,0.04846980822985947,-0.9819489759782207,0.1828302115775303,11.946547891493802,90.40025909476603,80.55789360140852,60.20382440537179,24.639049130226418,8.192973688381095,116054.0,438431.6091704272, 0.0, 0.0,0.0,NaN, 56.19835139083888,56.19835139083888,0.0, 274.79658955015606, -5.511932074329801, -64.61821930334861, -5.511932074329801, 145.7017358558216, 17.475603880330002, -64.61821930334861, 17.475603880330002, 253.70923449428838, 10.213787924812062, 6.083291642999139, 8.0, 0.0
19, 0 ,1.0,1.0,1.0,108.80069664978686,73.73266958487112,62.84760964724058,13.335683982671252,15.720765849310096,15.96439458099606,63.0,77.0,71.0,-0.31991035711763194,0.6456317728141153,0.6934096749698343,17.815975458980105,0.02006855347051186,-0.7270892742016621,0.6862495468140588,14.160686241850268,-0.9472352488006716,-0.2334540667322013,-0.219646493611272,12.724418419603188,89.54014118758363,70.0380866825972,61.83230835361209,25.027131151417663,7.313518089261768,139812.0,387764.0193090346, 0.0, 0.0,7.105427357601002E-15,46.09937605424651, 133.05503197567504,133.05503197567504,0.0, 177.84046728567458, -32.6807009556946, -33.962194641230916, -32.6807009556946, 247.1424788888346, 50.34742552982112, -33.962194641230916, 50.34742552982112, 254.86189433773637, 9.302603825489802, 5.641025753922582, 12.0, 0.0
20, 0 ,1.0,1.0,1.0,141.4936845204885,40.33879641683715,86.80076405678507,15.461079089893285,12.56130848219985,16.376896354698648,89.0,66.0,82.0,-0.4698383372332092,-0.05056573781411246,0.8813030369999005,16.685369626213262,0.8416516544087169,0.27542695497629655,0.4645024059179409,15.348769928237958,0.26622251876391606,-0.9599911971637034,0.08684740566762399,12.290153528256717,80.9419471442987,74.4817323186605,61.31522648899494,24.711346531984123,7.374518573959229,129048.0,369650.8876858939, 0.0, 0.0,0.0,NaN, 112.18101482955497,112.18101482955497,0.0, 239.04496662393538, 22.622424362095817, -19.6837136359627, 22.622424362095817, 157.7864707849859, 5.139992829592969, -19.6837136359627, 5.139992829592969, 268.2027342125418, 8.897363920539329, 5.692652823181373, 16.0, 0.0
21, 0 ,1.0,1.0,1.0,57.61873566983295,80.60315673108418,92.52144065946064,14.9742226737743,16.51191735712355,13.996730642356349,71.0,74.0,62.0,0.38635147694801336,0.9058328126047474,0.17377989489195872,16.98330661836592,-0.8558153625364183,0.28179855145839944,0.4337852482999009,14.734962147413345,0.3439659888808011,-0.3163170751074298,0.8840989234744792,13.683106920133154,84.206731362375,72.04424174674352,74.29353354531725,25.301099897933625,7.2548998698586615,146544.0,450709.9017860102, 0.0, 0.0,0.0,NaN, 135.56181083516074,135.56181083516074,0.0, 224.22734468377635, 28.209893089304988, -4.302059910160736, 28.209893089304988, 272.643414808478, 19.585246625934012, -4.302059910160736, 19.585246625934012, 195.90846867467718, 8.780993295373653, 5.511649711962048, 11.0, 0.0
22, 0 ,1.0,1.0,1.0,116.94718948162883,151.3369165767329,159.404123551361,16.708387787421863,13.493435245194197,15.380372722657853,77.0,73.0,78.0,0.9120797760690537,0.39715248976327105,-0.10188415951785351,17.38136179361691,-0.11539357600689315,0.010197398194399215,-0.9932675045960206,15.36565115637785,-0.3934397091069558,0.9176959806738282,0.05512968667545948,12.632652492603961,88.67114433141398,81.2694337726542,66.99318488235559,25.320518501467276,7.52796287688763,141771.0,482769.8858830648, -1.4210854715202004E-14, -2.8421709430404007E-14,0.0,42.539319678209026, 104.46956594096426,104.46956594096426,0.0, 279.1702224548681, 51.53849161260083, -4.474217766475152, 51.53849161260083, 182.07279471624898, -6.542226276394679, -4.474217766475152, -6.542226276394679, 236.55586508787772, 8.948869924787127, 5.780225994376195, 15.0, 0.0
23, 0 ,1.0,1.0,1.0,174.70363872353758,64.16483014814483,114.22669292395828,13.527858131583486,13.967911262126057,14.312658882437523,60.0,70.0,73.0,0.6011975894943474,-0.39430258839583815,-0.6950445504933688,15.025084763220732,0.1504091728730751,-0.7984009567538898,0.5830377285991969,14.138909062791628,0.7848175196195764,0.4550619529677421,0.4206900044680888,12.541761172659772,86.63357549266328,69.45250143274174,62.13651278839927,23.183202708690942,6.745132104536713,111715.0,373870.33493927895, 2.8421709430404007E-14, 0.0,1.4210854715202004E-14,69.86743972804105, 110.06403376457966,110.06403376457966,0.0, 183.00294562824942, -21.345341301125217, -24.86863582037891, -21.345341301125217, 195.10254502662795, -1.0749614957863147, -24.86863582037891, -1.0749614957863147, 204.85220428501773, 9.688031321927257, 5.476859105984573, 11.0, 0.0
24, 0 ,1.0,1.0,1.0,184.18804200984877,20.53298179863744,114.76429743902617,10.048875197801223,11.608342320737563,16.113643405128556,40.0,45.0,81.0,-0.22711250649898498,-0.32432981028256347,0.9182756032661575,16.928984761841875,-0.1781022184725004,-0.913180755955975,-0.3665794685015072,10.903009615947896,-0.9574442590390952,0.24680170403331927,-0.14963091164370965,9.482450327416826,92.40470524642049,55.93057577559074,46.22628900011591,20.967168155280277,7.467319968520698,68841.0,238908.94272080605, 0.0, 0.0,0.0,NaN, 89.08841870910206,89.08841870910206,NaN, 100.97989274098457, 19.196693113357572, -39.125983503263605, 19.196693113357572, 134.75361143542673, -48.88012721104203, -39.125983503263605, -48.88012721104203, 259.649503787643, 9.232140122020274, 5.8222770789311955, 8.0, 0.0
25, 0 ,1.0,1.0,1.0,98.74309446712657,185.635590595523,142.2619878924398,13.474169022907569,8.66085845605176,15.10357859130618,66.0,35.0,65.0,-0.2518500320208003,0.06902845022612342,0.9653013179471484,15.267826992059197,0.9522218522546695,0.1957320913330625,0.23444080811810877,13.476653504598831,0.17275736007420384,-0.9782249339910352,0.11502553220231826,8.363913890932889,71.05939957967598,68.92194004994587,38.325441256512335,20.975034501969834,6.688027658324233,71030.0,187700.82912885433, 0.0, 0.0,0.0,NaN, 115.2831861314393,115.2831861314393,0.0, 181.5532308578819, 17.97583073612699, -14.735861536515898, 17.97583073612699, 75.01046919576326, 15.995358223397426, -14.735861536515898, 15.995358223397426, 228.11808626376236, 9.70657143862998, 5.539628717619435, 7.0, 0.0
26, 0 ,1.0,1.0,1.0,175.94280779403033,150.58948561558807,93.10119285367301,14.142764206848867,11.588991897023648,14.054274664635047,62.0,55.0,69.0,-0.702569271903977,-0.13242243410340704,0.6991857529458417,15.0723256164824,-0.709855574293585,0.1994716370310351,-0.6755117539054989,13.18174001205349,0.05001481601125578,0.9709147052992286,0.23414344580421723,11.441672942107909,76.31304289206214,65.8403524282094,54.846461619943625,22.086378952596085,6.6360390076549765,92635.0,275574.81998123025, 0.0, 0.0,0.0,NaN, 108.1109593859196,108.1109593859196,1.9073486328125E-6, 200.01777941052546, 2.8890494391038533, -26.741467914518257, 2.8890494391038533, 134.30473318927977, -14.686153593787738, -26.741467914518257, -14.686153593787738, 197.52263634900254, 9.258058599220051, 5.53252960165806, 8.0, 0.0
27, 0 ,1.0,1.0,1.0,20.088262233201032,75.84620722196009,175.05442837714062,11.66183396731699,15.838895151932368,14.54746035790943,47.0,74.0,60.0,0.04249761019293215,0.8393454303866886,0.5419346839028427,16.695813845929727,0.09406104835182984,-0.5433767339518332,0.8342027596350863,13.58097279231749,-0.9946589728700208,-0.01552332080527877,0.10204192373888335,11.632048487541432,84.61899130068207,69.57197354031982,49.004856013933406,23.35744878798854,7.275105504165626,108087.0,288496.98885447485, 0.0, 0.0,0.0,NaN, 82.33144583388275,82.33144583388275,NaN, 135.99837148126835, 2.6052456179051156, 7.159369334721836, 2.6052456179051156, 250.8705996339067, 42.97547126771294, 7.159369334721836, 42.97547126771294, 211.62860286494632, 8.370526110876304, 5.143457032412658, 7.0, 0.0
28, 0 ,1.0,1.0,1.0,89.21590394393881,34.227748579241975,104.93627312737684,13.084387964886309,15.207984648872172,13.868921963960359,67.0,69.0,61.0,-0.4117823601253382,0.7759610148735877,0.47782820269000176,16.568700714891005,-0.08970459544936593,-0.5563161568677003,0.8261146525532748,13.053864549838782,-0.9068563135606833,-0.29731605574590714,-0.2986884489745542,12.243601548288312,82.87044071452536,64.92545996497114,63.74351271185404,23.436149878612532,6.751139222806386,117015.0,342965.6901920174, 0.0, 0.0,0.0,NaN, 134.78920007274547,134.78920007274547,0.0, 171.20120841566168, -38.7952898355421, -26.038610471222054, -38.7952898355421, 231.28279708033165, 36.784346632102064, -26.038610471222054, 36.784346632102064, 192.34699644242207, 8.209354375106109, 5.2239007646148945, 11.0, 0.0
29, 0 ,1.0,1.0,1.0,49.76562725219814,12.833973958583577,118.56546389275934,16.07193674721617,8.28057102406542,15.7815409363889,72.0,33.0,74.0,-0.7590952752658358,0.08751749739343029,0.6450698029818756,17.10049593590129,0.6373103516831817,-0.10208980509172055,0.7638148907515444,14.774045018882493,-0.13270221816738553,-0.9909179377457681,-0.021720081655696128,8.076674695955317,84.41100677059036,80.29548562449804,38.17737786908492,22.724234053096513,7.716296282422508,83252.0,258759.50142837447, 0.0, 0.0,0.0,NaN, 96.29596156836386,96.29596156836386,0.0, 258.30715080651754, -25.050659445059505, -36.752326292755654, -25.050659445059505, 68.56785648459183, 0.8925412233421639, -36.752326292755654, 0.8925412233421639, 249.05703432691865, 8.614967085835623, 5.688652934267204, 8.0, 0.0
30, 0 ,1.0,1.0,1.0,95.33810342110596,161.0566107113109,17.23394691620204,17.82247171584814,18.042164543201736,10.791212990566663,81.0,84.0,45.0,0.6517070725659965,0.7491441942357233,0.1185785301408611,18.945703344096486,0.7568136072544029,-0.6526159115260787,-0.03640928312345643,16.96803666463203,-0.05011043246707853,-0.11347003245744428,0.9922769252038811,10.618687951867766,84.3360671388439,84.59212010266826,50.32766747406587,26.19411994084703,8.571963473929866,133261.0,359045.9704086258, 0.0, 0.0,0.0,NaN, 104.41719427151043,104.41719427151043,0.0, 317.64049806220686, 33.68025414630552, 14.19817716919192, 33.68025414630552, 325.51970140396594, 26.031015109178234, 14.19817716919192, 26.031015109178234, 116.4502778077747, 9.160089369410766, 6.2065622291504186, 14.0, 0.0
31, 0 ,1.0,1.0,1.0,153.42161190301883,90.17533697945825,69.71716334352526,10.925903815704498,13.221478180273179,15.052879173775162,53.0,65.0,67.0,-0.10331665370209275,-0.2062194903882158,0.9730360686284071,15.193673060528248,0.23053986907086788,-0.9565960175587521,-0.17825663510658699,13.2278704859988,0.9675624206409572,0.20590672882341723,0.14637411379287904,10.72136988528798,67.93046022903472,68.98090137797956,48.896656154824825,21.917627381133084,6.355284483287167,92884.0,229125.0551268641, 0.0, 0.0,0.0,NaN, 123.13253226397819,123.13253226397819,0.0, 119.37537419002611, -10.769006195389478, -14.118414729078994, -10.769006195389478, 174.80748527143976, -13.020280373505305, -14.118414729078994, -13.020280373505305, 226.589171420274, 7.8354342338272875, 5.061350769415166, 8.0, 0.0
32, 0 ,1.0,1.0,1.0,153.23243769421808,49.54527075091415,156.9895418637447,12.380110252030436,11.411819754134944,13.078667548148632,56.0,58.0,59.0,0.5239478496416153,-0.12929518410859986,0.841879686310491,13.343700696427849,-0.6777900458443331,0.5353011920847168,0.5040369902170057,12.625960358018208,0.5158287551215658,0.8347067683438328,-0.1928349197389616,10.820308754845835,65.58181876812577,58.37170775284919,57.371213307886975,20.539869458211044,5.715073702753497,80129.0,219624.04737727955, 0.0, 0.0,0.0,NaN, 80.57194453962963,80.57194453962963,0.0, 153.2671298524291, -19.491054022086587, 12.433024033592408, -19.491054022086587, 130.22963010086454, 4.785470140514173, 12.433024033592408, 4.785470140514173, 171.05154483499615, 8.049484658476555, 5.017868329859831, 13.0, 0.0
33, 0 ,1.0,1.0,1.0,119.69494778067885,79.25185378590078,179.32031331592688,13.271606770721066,12.0070384258272,12.412890625785566,62.0,57.0,50.0,0.7505400224482655,0.19930971062532643,-0.6300518343388954,14.16400592520185,-0.528743346028544,0.753022241337195,-0.3916477729823667,12.815495848343227,-0.39638384015231676,-0.6270830433857678,-0.6705570132092769,10.465580444275407,69.08789730971854,62.49803568853421,56.38882072625532,20.848455263414383,6.3028790923744245,76600.0,243478.91344922522, 0.0, 0.0,0.0,NaN, 114.70574171244056,114.70574171244056,0.0, 176.13554627664922, -8.156265438444636, -31.745773351785523, -8.156265438444636, 144.16897175929094, -27.573374471160104, -31.745773351785523, -27.573374471160104, 154.07985368771517, 8.428376863124555, 5.0579554585330975, 9.0, 0.0
34, 0 ,1.0,1.0,1.0,48.778737452256195,31.841135486842862,11.011343352334888,12.647117623385705,13.727723625258953,7.43716736654542,58.0,59.0,31.0,-0.5020968348635071,0.8620477032556284,0.06908346930884152,14.235664584461192,0.8563046261527935,0.5067459799956208,-0.09975419283219657,12.140407330877077,0.12100064317752034,-0.0090702298744357,0.9926109888977916,7.32583116297106,71.13342574484727,60.728599830624816,33.33009462230834,19.088109856394894,6.27339626194774,52101.0,143980.4541961239, 0.0, 0.0,0.0,NaN, 59.282989288248906,59.282989288248906,0.0, 159.94958417975332, -23.81741982126389, -13.173532827282715, -23.81741982126389, 188.45039593149284, 4.13498568026098, -13.173532827282715, 4.13498568026098, 55.311458438008145, 8.007337498795502, 4.863864746216367, 2.0, 0.0
35, 0 ,1.0,1.0,1.0,46.117785873525094,24.05863737697787,171.26946876189442,11.617249395207846,13.017619938977086,14.455009084223677,51.0,52.0,59.0,0.0869175237372098,0.3805315681926773,0.9206742473188949,14.781535882927896,0.2937000920414486,-0.8928841520223303,0.3413182488561215,12.779146034519446,-0.951937813096127,-0.240735574180856,0.18936943608084544,11.470214626642385,66.10585810097172,63.18653470372477,52.41099100401155,21.75791009449919,6.321356526153138,91955.0,218920.71450849003, 0.0, 0.0,0.0,NaN, 59.42315736762048,59.42315736762048,0.0, 134.96048351045707, -5.448568337013259, 10.138071707247292, -5.448568337013259, 169.4584288756538, 20.78159996124054, 10.138071707247292, 20.78159996124054, 208.94728762498903, 7.878056318126892, 4.745088789962441, 7.0, 0.0
36, 0 ,1.0,1.0,1.0,114.6646927039484,156.6298748555202,60.9985159605588,9.742477387906355,13.50994803681582,14.217431530280377,46.0,64.0,62.0,0.02392354882512164,-0.6261082739268657,0.7793690352663061,15.508796424483434,-0.3762375286540903,-0.7279149422573278,-0.573223480739208,12.408597635143812,-0.9262143304029983,0.27951433980894697,0.2529797383137511,9.223549160847684,72.6164571775052,59.721731079695076,48.77957794780045,20.92742032307608,6.450813867320991,70079.0,211546.32378442882, 0.0, 0.0,0.0,NaN, 113.5072745499157,113.5072745499157,0.0, 94.91586565386663, 16.54098659163254, 17.757803736371855, 16.54098659163254, 182.51869595746362, -47.105473722727055, 17.757803736371855, -47.105473722727055, 202.13535931821062, 7.868887856735565, 4.935725038742136, 9.0, 0.0
37, 0 ,1.0,1.0,1.0,18.7261737722612,143.57848084187805,20.986913113869402,12.274744506922458,11.917287504252508,14.98082301114628,51.0,54.0,62.0,-0.34546851002015194,-0.41184786084755676,0.8432276371773801,16.651180427100567,0.818373180769071,-0.5719590255697593,0.05593040378189602,12.083212940342438,0.4592568405395508,0.7093970768085975,0.5346390762309154,9.687636847188783,83.88826302895912,60.24227342646331,51.6301655034036,21.508096882629502,7.383625176556532,74120.0,260919.2204005572, 0.0, 0.0,0.0,NaN, 63.04369857732293,63.04369857732293,0.0, 150.66935271022305, 1.6839698754284482, -51.0421696092948, 1.6839698754284482, 142.021741459013, -65.3638137288623, -51.0421696092948, -65.3638137288623, 224.42505809128988, 9.658551400429854, 5.515017353446247, 3.0, 0.0
38, 0 ,1.0,1.0,1.0,34.79890463270023,54.61167721837001,127.89122701236057,14.335832647066677,13.312740767315239,12.523074729280115,71.0,64.0,61.0,-0.9240024377314826,-0.20664351090407487,-0.32174206201165967,14.486367130850915,-0.34128453118595686,0.8251566151849276,0.4501571161158462,13.809137857069508,0.1724655439195284,0.5257518614496686,-0.8329709576826494,11.7909051430425,72.88914195409586,65.66563619808613,53.740840697474866,22.32118295156949,6.429413405601799,99510.0,257220.42418274854, 0.0, 0.0,0.0,NaN, 96.91787344975187,96.91787344975187,NaN, 205.51609768470277, -1.0259644978714324, 13.11923770218369, -1.0259644978714324, 177.22906673773713, 23.90081192052266, 13.11923770218369, 23.90081192052266, 156.82740067513421, 8.28682174688068, 4.925148290984397, 7.0, 0.0
39, 0 ,1.0,1.0,1.0,60.18273577699022,142.44789801259816,86.40567041939563,12.268011055968044,14.185721686144708,10.801652674712107,62.0,60.0,52.0,0.44395053983122984,-0.8958616678682826,0.01843339979001951,14.756329401964964,0.892594944934391,0.44394963663396536,0.07863195540072426,11.581569507168068,-0.07862685585174502,-0.018455139577610746,0.9967332769412486,10.795021346091215,65.68557667154846,55.15531537114761,53.29039657933896,20.786293384145218,6.028640218117622,79853.0,193066.2412154784, 7.105427357601002E-15, 0.0,0.0,63.64378586051745, 120.00060837094345,120.00060837094345,0.0, 150.50409526935417, -33.28135108011125, 2.06361009905935, -33.28135108011125, 201.23469975675627, -1.0570699688191423, 2.06361009905935, -1.0570699688191423, 116.67570050511523, 7.166677025876499, 4.588699440648191, 11.0, 0.0
40, 0 ,1.0,1.0,1.0,170.12088809589628,152.60029402156158,166.89087276656699,12.382123792655387,12.298462482872024,13.476941046248108,53.0,68.0,64.0,0.5018074415435734,-0.39883389819649884,0.7675420596038228,14.575740720825989,0.05459406672368192,-0.8709801193966772,-0.4882756593301778,11.84728812437847,-0.8632547593208296,-0.2869236017917214,0.41529034089995676,11.54931407316106,71.89279147765166,63.78436526011595,59.23054013906135,21.088058241139503,6.441343698452198,79586.0,271609.7013771477, 0.0, 0.0,0.0,NaN, 65.08231527212304,65.08231527212304,0.0, 153.31698961664262, -16.15551012466336, 30.26691771307572, -16.15551012466336, 151.2521794426107, -21.238829020465204, 30.26691771307572, -21.238829020465204, 181.62793996404704, 7.198810322380622, 4.690355742615597, 9.0, 0.0
41, 0 ,1.0,1.0,1.0,130.80530268355116,120.4098899794877,183.7081150723016,14.968323309434926,10.742044416790874,9.27939169500397,70.0,51.0,38.0,-0.9806873747501744,-0.0969176135948062,0.16988010236840162,15.165163562191024,0.022428104360257797,-0.9185856157636086,-0.39458515766181257,11.012027905076819,0.1942916702805767,-0.38315459371809696,0.903018994358537,8.61988322004381,70.5625133795871,55.29749070170578,43.71558119882542,19.610525698907175,6.401297758256851,58989.0,170575.1345776093, 0.0, 0.0,-2.8421709430404007E-14,80.21915196929476, 106.71418492538652,106.71418492538652,0.0, 224.05070269577294, 13.82919843385065, -26.351748603885845, 13.82919843385065, 115.39151825230797, 14.458822588394618, -26.351748603885845, 14.458822588394618, 86.10711022930863, 7.743553744293402, 4.917465440574947, 4.0, 0.0
42, 0 ,1.0,1.0,1.0,125.39037905903662,10.4044158868429,43.118073224373624,9.5803458266169,7.124976727246815,18.131957834970237,44.0,29.0,84.0,-0.16310962644987184,0.010973533251364588,0.9865469230236161,18.317240230818804,0.9197025362011132,0.3636473226985078,0.14801307239378608,9.551840314957692,0.3571309209024392,-0.931472064134072,0.06940676532721685,6.67512332279676,86.99157632823601,48.6511628406825,32.917025037613676,20.102065472471654,8.198974215777003,46378.0,139312.7943420478, 0.0, 0.0,0.0,NaN, 86.79870762565002,86.79870762565002,0.0, 91.78302615757588, 15.091337495552095, -40.46605536520085, 15.091337495552095, 50.76529336380873, 5.662499862081944, -40.46605536520085, 5.662499862081944, 328.7678949291386, 8.355593158037307, 4.54015639061692, 4.0, 0.0
43, 0 ,1.0,1.0,1.0,48.65435113974919,183.2737476616088,164.21145984895725,15.03588606501543,9.923442215106894,9.555943448392314,62.0,42.0,43.0,-0.9940904775608231,0.050482626790025305,0.09610216862940037,15.080305783034426,-0.10093016118701056,-0.7557508961508068,-0.647034531945566,11.009460613980327,0.03996529726723858,-0.6529104742302982,0.7563799889306362,8.200291752429118,63.719838339297546,53.256606499820435,41.95408026459802,19.44390129725502,6.148441484492497,57732.0,142371.27024975774, 0.0, 0.0,-2.8421709430404007E-14,84.48524030606836, 62.67242621967295,62.67242621967295,0.0, 226.07786976012514, -3.9218347781576246, -11.777702465081019, -3.9218347781576246, 98.4747053965656, 27.165022665888902, -11.777702465081019, 27.165022665888902, 91.316055188872, 8.518852686978862, 5.1626233354905935, 6.0, 0.0
44, 0 ,1.0,1.0,1.0,117.74908316160804,116.17004296042751,52.237068212776364,13.39635307184276,8.906541802489043,11.428524388295582,63.0,42.0,57.0,-0.9513582176063802,-0.12770802184051794,0.28037154447338947,13.636364165787208,-0.280363636564427,-0.018410514519553237,-0.9597172939191496,11.22085025173337,-0.12772538152294624,0.9916409199466851,0.018289691143118313,8.805794919542043,66.7422817968191,59.33324113850885,41.10719537690605,18.882961557114935,5.730069374047073,57262.0,162785.96944024446, 0.0, 0.0,0.0,NaN, 128.53554494177433,128.53554494177433,0.0, 179.46227562547097, 13.420840649216217, -15.902497361580608, 13.420840649216217, 79.32648687948478, -3.027074380702742, -15.902497361580608, -3.027074380702742, 130.6111696938669, 6.8523655909517815, 4.259439906420269, 8.0, 0.0
45, 0 ,1.0,1.0,1.0,159.65874206423615,52.03577455733841,42.28237925584635,12.789004081339346,12.824480440717618,11.068715167892943,66.0,60.0,57.0,-0.7966212764649103,-0.45156552632925,-0.4018496202740578,14.044436352553134,-0.2628873697363996,0.85743640183525,-0.442372069236856,12.703748299909224,0.54432046876495,-0.24676181276447,-0.8017629543978059,9.587020710650625,66.25995844866978,60.131116964265374,48.63420401755306,20.36229165423493,5.993284410294071,74662.0,193772.54470481403, 0.0, -7.105427357601002E-15,0.0,63.155829060466885, 78.24920779891131,78.24920779891131,0.0, 163.55862539251447, 22.231757787715278, 41.79955989740072, 22.231757787715278, 164.46729857434875, -7.237714432942623, 41.79955989740072, -7.237714432942623, 122.51645546794329, 7.334001837876811, 4.393819854261345, 5.0, 0.0
46, 0 ,1.0,1.0,1.0,51.557151206479084,141.2553783640867,44.73734379783474,10.147043633653857,13.160507394831333,13.420313079546023,49.0,58.0,62.0,-0.29904192470721136,-0.6867267624004206,0.662555870150165,14.841753144060883,-0.24790086289375074,-0.6145802740741099,-0.7488900112136133,12.193887908349753,-0.9214765810610385,0.38819768227286977,-0.01354511107491131,9.343324560084596,68.95215330832906,57.93208216650537,49.663147814010465,20.43680835886617,6.213140642920478,71862.0,198381.52040971248, 0.0, 0.0,0.0,NaN, 90.05831633869258,90.05831633869258,0.0, 102.96249450327527, 36.662327253050016, -14.949900795659884, 36.662327253050016, 173.19895488941017, -32.248778678270796, -14.949900795659884, -32.248778678270796, 180.10480315303406, 7.684725771845341, 4.662523806552655, 3.0, 0.0
47, 0 ,1.0,1.0,1.0,141.2323430062951,147.77351067096575,17.703151389528635,8.729314404800482,13.648338428509723,10.322090672932234,38.0,56.0,40.0,-0.07261492600327926,-0.9715724076993776,0.22533115434571627,13.827029955701983,0.22517869802782764,-0.23606475440030766,-0.94528725035537,10.186185510947924,-0.9716077534046499,0.017902187775722722,-0.23591923447826812,8.606886489195814,60.36173889916465,48.21359813651664,40.83321777465065,18.389005393008016,5.5559075184111695,52104.0,118835.14243055995, 0.0, 0.0,0.0,NaN, 80.58936198584804,80.58936198584804,0.0, 76.20092997785717, 6.68437893093219, -8.23378916631416, 6.68437893093219, 186.27714185913524, -19.01495298733637, -8.23378916631416, -19.01495298733637, 106.54555586023461, 7.915685542325911, 4.439368415723706, 5.0, 0.0
48, 0 ,1.0,1.0,1.0,44.44192712756922,149.64298454221165,123.71806522846951,11.83866760565618,8.65892155529179,10.79562765587523,52.0,39.0,52.0,0.8853287101863104,-0.06099943369869869,0.46094700780922904,12.242702342711684,-0.4386150761381502,0.21942888085946302,0.8714744868492066,10.432111518614846,0.1543045362397629,0.973719690328383,-0.16751141681279533,8.541887278181166,59.18053259906802,47.408588037081984,39.96941828098478,17.49602328642984,5.056255415116024,47096.0,112140.81751851278, 0.0, 0.0,0.0,NaN, 101.6358571819815,101.6358571819815,0.0, 140.15405067721304, -7.6058569151741455, 17.681075004244178, -7.6058569151741455, 74.9769225006968, 4.695569660936927, 17.681075004244178, 4.695569660936927, 116.54557648429811, 6.637867275927313, 4.269107618960343, 9.0, 0.0
49, 0 ,1.0,1.0,1.0,188.10919290800663,109.05577791708862,135.39726093456142,7.118141653447622,14.773314829544375,14.208023607204968,28.0,64.0,68.0,0.001823095197172931,-0.837799914887414,0.5459743390843054,15.176534008881754,-0.030572115748572288,-0.5457667325353641,-0.8373792566073799,13.781235650913386,-0.999530901004345,0.015164968589302419,0.026608300680944014,7.108942670012524,76.19387616467142,65.67742071986936,29.35793984104444,20.599520003880205,6.815165594755996,62211.0,146913.5093042038, 0.0, 0.0,0.0,NaN, 112.18625904415411,112.18625904415411,0.0, 50.667940598546046, 2.051069756300991, 3.7472859537948784, 2.051069756300991, 218.25083105283574, -18.538063934720736, 3.7472859537948784, -18.538063934720736, 201.8679348228937, 9.288057989635519, 5.22809446891903, 8.0, 0.0
