// Sample: .//bubblelabels.tif, Map: .//bubblelabels.tif, Thickness:(8.191250068658265):/gpfs/home/mader/Foam/NewValid/InSilicoTest/LatticeDataPhi_16.0/out_Step_02000.vtk/distmap.tif, Neighbors:(1.0):
//LACUNA_NUMBER, TRIANGLES, SCALE_X, SCALE_Y, SCALE_Z, POS_X, POS_Y, POS_Z , STD_X, STD_Y, STD_Z,PROJ_X, PROJ_Y, PROJ_Z, PCA1_X, PCA1_Y, PCA1_Z, PCA1_S, PCA2_X, PCA2_Y, PCA2_Z, PCA2_S, PCA3_X, PCA3_Y, PCA3_Z, PCA3_S,PROJ_PCA1, PROJ_PCA2, PROJ_PCA3,OBJ_RADIUS, OBJ_RADIUS_STD, VOLUME, VOLUME_BOX, Mask_Grad_X,Mask_Grad_Y,Mask_Grad_Z,Mask_Angle, Mask_Distance_Mean,Mask_Distance_COV, Mask_Distance_STD, SHAPET_XX, SHAPET_XY, SHAPET_XZ, SHAPET_YX, SHAPET_YY, SHAPET_YZ, SHAPET_ZX, SHAPET_ZY, SHAPET_ZZ, Thickness, Thickness_STD, Neighbors, Neighbors_STD
1, 0 ,1.0,1.0,1.0,170.28259741008853,61.92107691863986,167.62000692181235,12.933132895496675,12.184947600560095,10.929578360161958,59.0,59.0,59.0,-0.8511251141039106,-0.5249120345898269,-0.0073072624404833175,13.372088141864019,-0.5244601129544075,0.85083663573687,-0.031915657721800494,11.702441718059452,0.022970199421330027,-0.023331850135245413,-0.9994638536274388,10.928617214155473,68.11996121394128,58.35012457170836,58.807937618783484,19.981275976356677,5.995262130094646,69346.0,233750.27400442972, 0.0, 0.0,0.0,NaN, 75.93291601932901,75.93291601932901,0.0, 167.2659264925782, 18.71350410442447, 0.6624278884613093, 18.71350410442447, 148.47294802839522, -0.2477965869252365, 0.6624278884613093, -0.2477965869252365, 119.45568313092055, 5.958716008084064, 4.241390636281022, 27.0, 0.0
2, 0 ,1.0,1.0,1.0,41.805109024351424,8.961244628362248,26.20555467133535,13.990960164022143,5.919751736234932,12.072075354508733,72.0,23.0,55.0,0.8694183529106964,-0.02490820967235149,0.49344838505457644,14.832783433993647,-0.48863660928661246,0.10444958636665538,0.8662127613772015,11.070340365290281,0.07311628879349423,0.9942182179978156,-0.07863932422340326,5.827652193784075,77.94483776560672,54.0726878798005,25.45418211862848,18.222356618021866,6.668669251094878,37698.0,107281.40752701928, 0.0, 0.0,0.0,NaN, 50.146805894888324,50.146805894888324,0.0, 195.74696631125448, -8.550526174211452, 42.32057961086285, -8.550526174211452, 35.043460618656496, 5.72858813132844, 42.32057961086285, 5.72858813132844, 145.73500336493717, 6.2397572186870525, 4.24796415977174, 17.0, 0.0
3, 0 ,1.0,1.0,1.0,170.27152540363218,40.29069422761496,11.99094915321226,14.741736671437115,11.23993346688025,8.255288645431254,65.0,60.0,31.0,0.9308603443384647,0.36023159447573755,0.061091878998301596,15.292768705082715,0.3629087698739738,-0.9309558848583133,-0.040228909955824996,10.510795655343598,0.042382119893113246,0.059618275630403644,-0.9973211203640597,8.213348590783646,73.55431070066729,62.90554776826512,34.09478660935194,19.147345540861558,6.72189361624498,50603.0,157755.6981781331, 0.0, 0.0,0.0,NaN, 51.486941109032436,51.486941109032436,0.0, 217.31880008999383, 41.26774818316261, 8.835352817715577, 41.26774818316261, 126.33610433989467, 5.273286918883244, 8.835352817715577, 5.273286918883244, 68.14979061938618, 6.161343164882898, 4.07027006655045, 14.0, 0.0
4, 0 ,1.0,1.0,1.0,9.53020033701554,30.118854147163454,135.1081819883917,6.228194745629378,10.474917674067196,10.446623386044196,24.0,53.0,55.0,0.047536687866614254,-0.7106190434978459,0.7019692573929992,11.491410894119827,-0.009326771115472948,-0.7030488771796078,-0.7110803665107426,9.32838490051488,-0.9988259481247129,-0.02725529883709578,0.04004839619846138,6.2108744189660205,63.588060869640096,43.978167919758064,26.092169016389935,15.222449452742557,5.09149122522125,26705.0,72966.39628658928, 0.0, 0.0,0.0,NaN, 72.17283518369948,72.17283518369948,0.0, 38.79040978948539, -2.8400620059797475, 3.4405636107980557, -2.8400620059797475, 109.72390027848533, -22.41143492346582, 3.4405636107980557, -22.41143492346582, 109.1319401698455, 6.2102425700491946, 4.1152118271390155, 12.0, 0.0
5, 0 ,1.0,1.0,1.0,59.15572900700356,74.1441743108449,142.30775579503384,9.773159435750967,9.96623454830344,10.548054511826388,49.0,56.0,55.0,-0.5956371093659654,0.39017940344207747,0.702122829051827,11.439555046667394,0.1742385268076679,-0.7905262031592081,0.5871194579424014,10.01798256452316,-0.7841284140509449,-0.472046984153347,-0.40288245808136064,8.653238473776325,56.056414209516404,54.145960169702164,48.399528101192516,16.796373077403924,4.897323948603905,42407.0,146903.62083791968, 0.0, 0.0,0.0,NaN, 111.0187096844151,111.0187096844151,1.9073486328125E-6, 95.51464535660816, -16.5210018899901, -20.806739907807682, -16.5210018899901, 99.32583107179707, 3.510490746083449, -20.806739907807682, 3.510490746083449, 111.26145398446101, 5.960948864807514, 3.8629192889316144, 21.0, 0.0
6, 0 ,1.0,1.0,1.0,28.887854372826958,106.84273870018721,174.05405857181066,12.1537444103653,12.148501717104988,9.99194243994472,58.0,57.0,49.0,-0.7156219595375409,0.6975569344928856,0.036049052255754443,12.536926956790102,-0.6892677338160034,-0.7135925545856683,0.12528230984480945,11.78233093505496,0.11311587929110921,0.06480732351199334,0.9914659896695452,9.956939846313917,65.51115885048085,59.88062730274323,48.90349461652866,19.0381965757805,5.717130576448504,59824.0,191841.03900275537, 0.0, 1.4210854715202004E-14,0.0,45.76867633230613, 100.92559308590803,100.92559308590803,0.0, 147.71350319248577, -9.451592438827984, -4.92384864003937, -9.451592438827984, 147.58609397050284, -2.0883160095683677, -4.92384864003937, -2.0883160095683677, 99.83891372316846, 6.042484732122564, 3.74602044177396, 25.0, 0.0
7, 0 ,1.0,1.0,1.0,135.7892370968916,16.383125864453664,180.17836863944092,13.696604222225192,9.899429153951514,9.711493744033927,65.0,41.0,39.0,0.9671820241709466,0.2488521490150703,0.051298538489628925,13.935708972421649,-0.08013849987198844,0.10717774627109668,0.9910049200395105,9.699865232880203,-0.24111564229402044,0.962593132447365,-0.12360302749654757,9.57169814791089,70.78644234453724,41.56772660208307,45.216143929904746,18.60595374652209,5.807517603681207,54948.0,133045.40541713836, 0.0, 0.0,0.0,NaN, 69.16882213456891,69.16882213456891,0.0, 187.59696722027695, 24.6698693425829, 4.8936756062707145, 24.6698693425829, 97.99869757410518, 1.5719404419176939, 4.8936756062707145, 1.5719404419176939, 94.31311074041008, 6.104647633657233, 3.9509493782872767, 14.0, 0.0
8, 0 ,1.0,1.0,1.0,185.16670552576358,155.23558975156084,91.13460791171214,8.379088269527433,10.744071882413717,10.264122364026212,32.0,55.0,52.0,0.1938470795183248,0.8173308594976996,0.5425804787079682,11.331898659856025,-0.20551197373189267,-0.5069675436641087,0.8371073636780423,9.79452908285145,-0.9592643735775025,0.2737776027799424,-0.06969710037749016,8.164048110749878,54.559216850486195,48.38899591227428,38.287524933210946,16.360141959560035,4.831372870080852,38601.0,101081.58212404, 0.0, 0.0,0.0,NaN, 102.61284426947478,102.61284426947478,0.0, 70.20912022853221, 12.83585865518269, 1.458402582527196, 12.83585865518269, 115.43508061447302, 14.962173924273664, 1.458402582527196, 14.962173924273664, 105.35220790370305, 6.162994605284744, 4.069930202639773, 18.0, 0.0
9, 0 ,1.0,1.0,1.0,79.30733284429593,146.66433015459015,44.86665579916863,9.63547221743847,8.898606850282428,10.396731957288756,45.0,40.0,48.0,-0.5874349347686887,-0.09973214318102197,0.8031025445295431,11.233455101636059,0.11626054692674498,-0.9924834701135659,-0.03821055848360616,8.87304440986785,0.8008768211414292,0.07092292413497307,0.5946143760375664,8.671685735811177,54.042455330586435,40.67252035286796,42.54833012744891,16.085376696755695,4.623875067958385,36807.0,93523.05342674228, -1.4210854715202004E-14, 0.0,0.0,54.02480610423907, 105.58107559281433,105.58107559281433,0.0, 92.84232485302863, 2.5798108319416486, -24.07239412068864, 2.5798108319416486, 79.18520387589336, -3.950266731906219, -24.07239412068864, -3.950266731906219, 108.09203539170929, 5.984981367727116, 3.9426459898230712, 14.0, 0.0
10, 0 ,1.0,1.0,1.0,153.21676429004242,10.740820036356292,87.34191072510603,9.461580441789957,6.823596297048556,9.598411947907334,47.0,26.0,46.0,-0.6061369360432955,-0.04136734133306376,0.7942838018209109,9.762601667136016,0.7896173510519509,0.08849376260714693,0.6071847271607962,9.313675893816653,0.09540678006172552,-0.9952173617108293,0.02097496764216312,6.794080720528636,47.85885047320114,49.158999123944426,27.90759796022507,14.405136876805441,4.550221353274572,24755.0,65658.01562800168, 0.0, 0.0,0.0,NaN, 99.66265964572305,99.66265964572305,0.0, 89.52150445646224, 4.068299724698538, -4.204229163842425, 4.068299724698538, 46.56146642509476, 0.5658129352567578, -4.204229163842425, 0.5658129352567578, 92.12951192173027, 6.32739649971575, 4.0580085895806475, 15.0, 0.0
11, 0 ,1.0,1.0,1.0,98.98481606736145,90.86681850599305,12.919111049761888,11.226209988490883,11.377042255791462,8.36325260690287,59.0,54.0,33.0,0.5959257185244925,0.7977311425358522,0.09218222295817939,11.549173208449933,0.7969786499121767,-0.6015952363822882,0.05392775858779301,11.08071371517484,-0.09847623868340842,-0.04133032531426714,0.9942807624731484,8.321253338661366,57.602489712935295,59.07614517213287,36.290613673500914,17.23895266797926,5.312945160057829,43467.0,123494.52847683216, 0.0, 0.0,0.0,NaN, 134.987688133424,134.987688133424,0.0, 126.02779070569248, 4.821775144683449, 5.824524657621752, 4.821775144683449, 129.4370904900645, 2.979702621921729, 5.824524657621752, 2.979702621921729, 69.94399416686767, 6.123431301187975, 3.84941721966226, 12.0, 0.0
12, 0 ,1.0,1.0,1.0,154.64514163874506,9.84431160523911,39.880520865062444,10.232614208757893,6.251811769546173,9.696139364891716,47.0,24.0,48.0,-0.9726878970843956,0.01190896766375833,0.23181119764739627,10.26449904478258,-0.23181495288821835,0.001083146789070697,-0.9727592993184215,9.662868924585313,-0.011835644594605373,-0.9999284990849182,0.0017071130054265612,6.251054793909076,53.0096589990097,49.48180782946635,24.32808906012494,14.726890942925166,4.5744229893731045,26264.0,63812.912351781924, 0.0, 0.0,0.0,NaN, 61.19174447929414,61.19174447929414,NaN, 104.7063935452739, -0.7814504964655262, -2.7021605824557757, -0.7814504964655262, 39.085150401836046, 0.1257786253899638, -2.7021605824557757, 0.1257786253899638, 94.01511858340271, 5.839817081681619, 3.8750005081111913, 13.0, 0.0
13, 0 ,1.0,1.0,1.0,188.5731838427277,59.11929811088926,92.91322377514975,6.971185818452616,9.50322747229437,9.61437364212217,28.0,46.0,55.0,0.16262007587527616,-0.63272902664596,0.7571054680571105,9.839435965955245,0.05055697721256433,-0.7609681655115637,-0.6468163905878503,9.346026812685858,-0.9853926643614961,-0.14346229441083946,0.09175983383229233,6.868932036664959,53.315379940872376,45.23931508607424,29.879868336649878,14.545768564884707,4.445847668634172,26044.0,72068.78644413235, 0.0, 0.0,0.0,NaN, 110.71824912320166,110.71824912320166,1.3486991523486091E-6, 48.59743171539487, -6.652161042825923, 4.797281350198297, -6.652161042825923, 90.31133239017045, -4.006004694723913, 4.797281350198297, -4.006004694723913, 92.4361805303335, 6.144583872641731, 3.9435624809562797, 11.0, 0.0
14, 0 ,1.0,1.0,1.0,69.37490896628539,187.4383326907424,23.611275328792356,12.515270172819744,7.288031865304887,13.61596158878439,61.0,29.0,55.0,0.47556730082302534,-0.019821029899588016,0.8794560075192059,14.037537998749865,-0.874217607135065,0.1005837338120683,0.4750015661736955,12.082242274617924,0.09787398920521566,0.994731139185932,-0.03050644146593658,7.21863938056972,69.05732670774147,59.87791897750651,31.219063671404655,18.851740703874857,6.305051814976881,46686.0,129091.10967145833, 0.0, 0.0,0.0,NaN, 74.35163617783333,74.35163617783333,0.0, 156.63198749867155, -9.62061725326799, 21.640617056936808, -9.62061725326799, 53.115408469699425, 1.9583357253050904, 21.640617056936808, 1.9583357253050904, 185.39440998725195, 5.4281991245964365, 3.6295111425249424, 12.0, 0.0
15, 0 ,1.0,1.0,1.0,185.1806255759744,149.80622865506587,34.28492437794763,8.398050287751326,11.012576439194799,9.2183961650898,36.0,53.0,51.0,0.12134869498829953,-0.9899534446193599,0.07257183827697988,11.055979033323545,-0.04081059772475299,-0.07802615165513632,-0.9961156633500138,9.209739507835618,-0.9917706334319365,-0.11791563570686087,0.04986896347290418,8.350385747603081,53.90906763935811,52.20636956064317,39.08694082152658,15.981093723327026,4.624668607314079,36894.0,110006.15756803371, 0.0, 0.0,0.0,NaN, 62.56584195668259,62.56584195668259,0.0, 70.52724863560013, -6.259438059233447, 1.0758460439463329, -6.259438059233447, 121.27683982910841, -2.5992864862051666, 1.0758460439463329, -2.5992864862051666, 84.97882785654232, 6.0274583080189466, 3.934771460263008, 17.0, 0.0
16, 0 ,1.0,1.0,1.0,154.84899715668948,110.69057865211711,9.656343656343656,12.220056000187888,9.351198323504281,5.83260673952405,64.0,49.0,24.0,0.9576939003209046,0.2816793031231004,-0.058984434219694654,12.474049239946499,-0.282562849405044,0.9592229259271975,-0.007043756935649406,9.033252296923855,-0.05459514103137354,-0.02341257285627577,-0.9982340517173384,5.795897567304715,62.70080613615343,45.61024039421441,26.26615315517145,15.561149211345343,5.35206645450415,26026.0,75115.9143449353, 0.0, -1.4210854715202004E-14,0.0,73.6395436371838, 100.53870285646082,100.53870285646082,0.0, 149.32976864772803, 19.90167425277878, -6.796648329769051, 19.90167425277878, 87.44491008550928, -2.351512508086701, -6.796648329769051, -2.351512508086701, 34.01930137794137, 5.986646155274309, 3.8631466285378773, 17.0, 0.0
17, 0 ,1.0,1.0,1.0,11.426037735849057,46.6988679245283,14.438029350104822,7.041732534590963,9.290104898916121,8.792189471186932,27.0,46.0,38.0,-0.1799489040051395,-0.8594866851243963,0.47843602502448024,9.562916571319178,0.03997364553645641,-0.4923632523938365,-0.8694714114648556,8.579177296096761,-0.9828634185937917,0.13733559548070287,-0.12295704373514339,6.938514638664348,48.798241999668875,40.95769931950235,29.82850253416906,13.986369866870554,4.192385927600195,23850.0,59617.145930715255, 0.0, 0.0,1.7763568394002505E-15,61.4166939254992, 50.197562642902035,50.197562642902035,NaN, 49.585997088716866, 6.196847086744992, -4.61328369922077, 6.196847086744992, 86.30604903286533, -6.908975815830041, -4.61328369922077, -6.908975815830041, 77.30259569725033, 7.24410565238079, 4.148467350439189, 10.0, 0.0
18, 0 ,1.0,1.0,1.0,62.12461144884879,12.037906087530603,104.92438038126151,10.577531737164406,7.342128526716192,11.934622245561373,50.0,28.0,56.0,0.3374116983872705,0.14937807907941814,0.9294296828065913,12.26852366926266,-0.9344823661373182,0.17225739510446833,0.31156074401346245,10.380863380865346,-0.1135607906357499,-0.9736598889357442,0.19771284102914827,7.067336099432309,60.151687580426,55.16981203913407,34.98142603100493,16.686251772145077,5.458501524629422,36353.0,116087.86663735373, 0.0, 0.0,0.0,NaN, 114.20924645811166,114.20924645811166,0.0, 111.88417765072025, -4.237689174938112, 14.705871781500356, -4.237689174938112, 53.90685130281969, 17.065557280956803, 14.705871781500356, 17.065557280956803, 142.4352081442484, 5.588859171814804, 3.6956579658507462, 17.0, 0.0
19, 0 ,1.0,1.0,1.0,191.6583447896618,134.60632389331866,118.5996700577399,4.865879453171741,9.649868963174999,9.68964536380704,19.0,46.0,46.0,0.02432962024379306,0.7002096087002809,0.7135226509807463,10.72131019647805,0.015378166123380105,-0.7139116079766027,0.7000669453723289,8.492834847843564,-0.9995857049725526,0.006059693066564489,0.028137137993486317,4.859140361601422,49.03702872485408,45.524163828318976,19.87476202002182,13.801397776049479,4.495264237266914,18185.0,44367.81711101981, 0.0, 0.0,0.0,NaN, 104.7469799139933,104.7469799139933,0.0, 23.676782852798915, 1.0233208880499864, 2.107877375239919, 1.0233208880499864, 93.11997100644814, 21.38438481954139, 2.107877375239919, 21.38438481954139, 93.88922727634727, 6.175577851739073, 3.845239562218277, 8.0, 0.0
20, 0 ,1.0,1.0,1.0,36.419965194208906,176.81053060317694,190.06283556115082,12.085758830589516,12.1703170608672,5.089637392277199,54.0,49.0,21.0,-0.7011241296737721,0.7126132566771829,-0.024643481838711456,14.469241743925869,-0.712608522717725,-0.7014830943459072,-0.01051483223607992,9.216357812834536,0.024779994738843646,-0.010188952587518035,-0.999641004113933,5.078029606029365,63.55907152294404,48.809089590538946,21.165921049564474,16.78359069961857,6.196585824931839,27007.0,65662.19904563914, 0.0, 0.0,0.0,NaN, 44.30476941299108,44.30476941299108,0.0, 146.06556651117245, -62.147926022928736, 3.6150375482440356, -62.147926022928736, 148.11661736203524, -2.78744290123266, 3.6150375482440356, -2.78744290123266, 25.904408784866245, 6.172295761992525, 3.9176227995607116, 13.0, 0.0
21, 0 ,1.0,1.0,1.0,11.553371391641534,153.34500215424387,188.07798362774665,7.28856465707655,10.003774374413005,6.085502544280575,29.0,59.0,23.0,0.07673669986519333,0.9967127471062821,0.025984200000115698,10.019738712826246,0.9957737234872852,-0.0779312544931643,0.04859435343112217,7.27213636593965,-0.050459592805197684,-0.022145413271566217,0.9984805507194244,6.078888591910692,59.70090827765286,30.79548099738149,24.199337769851752,13.117632153491817,4.261425160281038,18568.0,44490.922588488014, 0.0, 0.0,0.0,NaN, 49.520739987211286,49.520739987211286,0.0, 53.123174760385396, 3.6160654278944686, 0.897388960841398, 3.6160654278944686, 100.0755017341623, 1.5827464929262647, 0.897388960841398, 1.5827464929262647, 37.03334121644535, 6.1913092950907105, 4.069916662608596, 7.0, 0.0
22, 0 ,1.0,1.0,1.0,8.503344079295578,19.153971996343166,55.213058749939854,5.359803585094576,10.353082635167267,9.615363093621685,21.0,42.0,45.0,0.005502997155953489,0.9460156518370977,0.32407422529650975,10.44660828434723,-0.05919836442898097,0.3238189491667406,-0.94426523911954,9.525250809164891,-0.9982310707803258,-0.013988375165801852,0.05778455406928092,5.339194163868556,45.214241167089625,44.23608721549886,21.849028109779404,14.360187148490606,4.706808579484338,20783.0,43700.265498237466, 0.0, 0.0,-7.105427357601002E-15,71.09050335170934, 59.056442157413265,59.056442157413265,0.0, 28.727494470792667, -0.7730693862169089, 3.622008007355971, -0.7730693862169089, 107.18632005060199, 5.691729394225682, 3.622008007355971, 5.691729394225682, 92.45520742218199, 5.51396200350651, 3.7769623652580466, 11.0, 0.0
23, 0 ,1.0,1.0,1.0,100.78662649981976,19.42074772130388,102.28575106854112,9.933517577167159,9.65816106835906,10.430474942427717,45.0,41.0,52.0,-0.5829167864441738,0.33422384658038706,0.7406095060547139,11.98271918555885,-0.4973384609744848,-0.8675565978439931,6.908608498454831E-5,9.52023534083469,0.6425437536208163,-0.36829332048567726,0.671935677552923,8.156544254647923,60.03191429103757,47.50594357499134,43.313223797525495,16.560978956806835,5.146224848865724,38838.0,123523.80192686855, 0.0, 0.0,0.0,NaN, 140.6006165263151,140.6006165263151,0.0, 98.67477145588889, -4.611624276058359, -33.267109039986465, -4.611624276058359, 93.28007522236663, 19.07226277843794, -33.267109039986465, 19.07226277843794, 108.7948075246125, 5.407092787681816, 3.4117686514445307, 19.0, 0.0
24, 0 ,1.0,1.0,1.0,123.07546751750421,10.609146503589471,145.87015864575025,8.92772956424416,6.52285733601502,9.361191422538989,42.0,26.0,46.0,-0.6300500389567703,-0.07469757991636551,0.7729535690875683,10.12754206133919,-0.7625854857313092,-0.1284305641065183,-0.6340102263806353,8.093127476442277,-0.14662989245892313,0.9889013407605032,-0.023954391655076908,6.466692144641063,48.01389625257683,43.432197795682015,27.62246634895058,13.864138463776301,4.203521441000066,22566.0,57602.48365513187, 0.0, 0.0,0.0,NaN, 94.65715721603634,94.65715721603634,0.0, 79.70435517227924, 5.178304684232359, -18.135463980045802, 5.178304684232359, 42.54766782600497, -1.579287456548881, -18.135463980045802, -1.579287456548881, 87.63190484941754, 5.849069852567169, 3.7916698159957, 9.0, 0.0
25, 0 ,1.0,1.0,1.0,57.063916768103624,151.8995199926506,19.31425552927126,8.629407068394197,11.508877907365978,11.700366631294123,40.0,55.0,46.0,0.16139653737282017,0.6108037268646607,-0.775158025806548,12.464990577726379,0.26840510684228475,-0.7830157807768038,-0.561110493285836,10.952005832295084,0.9496893472841768,0.1174950820363722,0.2903188752944265,8.276297148603149,61.7226927207131,58.01303285263083,43.38203840839466,17.67022627867451,5.619841599711026,43541.0,155338.95862320514, 0.0, 0.0,0.0,NaN, 77.09077273256808,77.09077273256808,0.0, 74.46666635205175, -2.248211206438731, -18.61775276493332, -2.248211206438731, 132.45427068665668, -18.529802532312893, -18.61775276493332, -18.529802532312893, 136.898579306701, 5.3930544016759105, 3.6207158046395858, 11.0, 0.0
26, 0 ,1.0,1.0,1.0,139.67141376111746,36.37242865717248,35.425274185627764,8.744287017623938,8.976377479809534,11.07551674422946,39.0,44.0,56.0,0.2234664579059358,0.4136533010504151,0.8825835307329666,11.688531002925448,-0.817850490549744,-0.4130305549084592,0.4006573795895367,8.709290458086276,-0.5302672131091247,0.8113548590118298,-0.24600808006928623,8.199480591395016,57.574683416343746,41.70552550496727,41.45333066687799,16.024850584119594,4.786349654481638,36654.0,99537.0091653175, 0.0, 0.0,0.0,NaN, 78.85075735292777,78.85075735292777,0.0, 76.46255544658653, 9.326172607272987, 10.861024780152247, 9.326172607272987, 80.57535266003177, 23.906738202978975, 10.861024780152247, 23.906738202978975, 122.66707115170713, 5.487721774072787, 3.5284657490736064, 16.0, 0.0
27, 0 ,1.0,1.0,1.0,71.08607646698017,63.870432572947394,46.7867219674621,9.093191890520547,9.251054475322169,9.583630571643305,43.0,39.0,51.0,0.46451037525907674,0.5779246386412451,0.6709942051374641,10.016383200281634,-0.4825530543950428,-0.4701437380015177,0.7389908086789541,9.217765339182986,-0.7425447198456713,0.6670592010229268,-0.060492655421694214,8.649797242352891,54.129217699899385,48.08277954874228,44.453097936971474,15.506242735701367,4.435150371572542,34237.0,115697.33304710059, 0.0, 0.0,0.0,NaN, 106.40328837486825,106.40328837486825,0.0, 82.68613875782864, 9.150241995721675, 4.33184947167945, 9.150241995721675, 85.58200890537834, 6.366150616224022, 4.33184947167945, 6.366150616224022, 91.84597493373619, 5.635206907157165, 3.6119718657387057, 24.0, 0.0
28, 0 ,1.0,1.0,1.0,92.16159439806087,126.6970404285244,77.1644372624712,8.967583489874022,8.17899603977337,10.276448461453407,43.0,39.0,46.0,-0.09873423283735247,-0.10510854548043498,0.9895472423957364,10.308567269334757,0.9881391158150804,0.10717291613231232,0.10997751517418074,8.964350605150685,-0.11761224027375007,0.9886688827482548,0.09328022954038048,8.142037946910614,45.64340463361357,44.204748638165455,39.45032032790519,15.3267912461493,4.243629689824712,33417.0,79597.14508818099, 0.0, -1.4210854715202004E-14,0.0,83.96657963646805, 140.78861368009817,140.78861368009817,0.0, 80.41755364786113, 1.9045390575445953, -2.376842960689017, 1.9045390575445953, 66.89597621862848, -3.991867527149076, -2.376842960689017, -3.991867527149076, 105.60539298090809, 5.765989396600616, 3.6244352957103, 19.0, 0.0
29, 0 ,1.0,1.0,1.0,67.51667985506643,190.36912248552747,72.63870725917288,10.136365770287748,5.599585395694068,10.16938871552375,51.0,23.0,46.0,-0.6943693924921608,0.04000889996030307,0.7185056956587289,10.708033597025636,0.7195312255914812,0.023028373139942472,0.694078172419612,9.574240466074908,-0.011223286902163357,-0.9989339227168599,0.044777850290268484,5.5847712990683105,46.314724919296495,47.47165982549764,23.669479253327808,14.677289714910778,4.700521365199121,24011.0,52040.58969202422, 0.0, 0.0,0.0,NaN, 99.63753134554328,99.63753134554328,0.0, 102.74591102906112, -1.3168686666716845, -11.442455635221393, -1.3168686666716845, 31.355356603670295, 3.3661712365978107, -11.442455635221393, 3.3661712365978107, 103.4164668474218, 5.376491932710631, 3.6638061877667067, 15.0, 0.0
30, 0 ,1.0,1.0,1.0,125.82991116079307,74.821556745308,165.62310996058127,8.995682101644134,9.049483121550358,9.368780963385507,43.0,43.0,44.0,-0.4933796365312567,-0.35153628307721296,0.7956122019781643,9.766215602323122,0.46521533435999896,-0.8795176014490024,-0.10011733824722148,8.984634635711906,0.7349498125264066,0.32073514060927555,0.5974761439971882,8.63057768939406,48.18592485802199,43.38800796052698,43.504673090822195,15.280171364072821,4.135923242215517,33994.0,90954.84116293231, 1.4210854715202004E-14, 0.0,0.0,60.437041615776835, 110.82074715949844,110.82074715949844,0.0, 80.92229647384062, 1.071666797122162, -8.491444908158138, 1.071666797122162, 81.89314476722481, -5.2940582155413844, -8.491444908158138, -5.2940582155413844, 87.77405673989469, 5.610390296541762, 3.6359631965755703, 18.0, 0.0
31, 0 ,1.0,1.0,1.0,44.51422120653102,56.65337702029241,171.58944354194773,9.044877426999875,11.457579104111366,8.023464296211106,44.0,53.0,40.0,0.23530520715540607,-0.9684094102813171,0.0825510361179227,11.607025411799874,0.9471375876318673,0.24753485975352993,0.204100179572892,8.917966861187969,-0.21808679368645384,0.030161354170385624,0.9754631941463349,7.950392069676863,50.71566735189872,45.85513437135481,37.6264802557173,15.982173033870128,4.693831167015198,36319.0,87503.15445475493, 0.0, -7.105427357601002E-15,0.0,14.439976226043436, 77.44856832558978,77.44856832558978,0.0, 81.80980766945189, -12.469546772515143, 4.544248256025294, -12.469546772515143, 131.27611892696942, -4.8924941559630835, 4.544248256025294, -4.8924941559630835, 64.37597931257437, 5.475723999600509, 3.5286634541347275, 20.0, 0.0
32, 0 ,1.0,1.0,1.0,188.20656148782783,183.82123080137916,185.93422839828648,6.702989070108042,9.785613988646773,7.786348136311444,27.0,47.0,29.0,0.1386223029600984,-0.8935878267431715,0.4269480682922151,10.376381291200623,0.24280341701059163,-0.3872871813361034,-0.8894128062158297,7.097326099872712,-0.9601199705297352,-0.2269569013472632,-0.1632795367485748,6.578312431035417,54.44117602447996,38.23378079200893,31.428876586522307,13.444182742436954,4.5353579017079655,19142.0,65418.954875174866, 0.0, 0.0,0.0,NaN, 24.46801372147316,24.46801372147316,0.0, 44.930062473987874, -8.64414097736145, 2.27839624454996, -8.64414097736145, 95.75824113479939, -22.122822611067868, 2.27839624454996, -22.122822611067868, 60.627217299840694, 6.12075842092583, 3.832164071783716, 7.0, 0.0
33, 0 ,1.0,1.0,1.0,87.82624736472242,75.73190442726634,97.4870871398454,10.511952270825228,8.615320327586282,9.336441249335126,48.0,43.0,46.0,0.8679795588428499,0.21099009275865524,0.44954940350162254,10.99967056749191,-0.47850679551046527,0.11321272742609864,0.8707549167240165,8.885405319343583,-0.13282594656646102,0.9709099129715577,-0.199226526377101,8.482384087681273,50.06990601525409,47.783528883104864,42.64709674755744,15.825372144126531,4.631588992259785,34152.0,102033.89545059914, 0.0, 0.0,0.0,NaN, 151.50083575136415,151.50083575136415,0.0, 110.50114054410767, 8.602105905112372, 16.21967600983372, 8.602105905112372, 74.22374434692139, 5.341671640092031, 16.21967600983372, 5.341671640092031, 87.16913520228645, 5.851796983539863, 3.5926794981717407, 22.0, 0.0
34, 0 ,1.0,1.0,1.0,142.84957862935283,71.14317061536015,115.77974240737797,9.355606947795659,9.608652494664756,8.07095756694977,47.0,42.0,36.0,0.5281978263215327,0.8133411437887889,-0.24389186146641317,10.084640623785502,-0.8382003182331518,0.4535149072462691,-0.30289347206443834,9.088638472104638,0.13574712808398764,-0.3644179094470415,-0.9212883937677697,7.790418113609054,46.4674874720626,42.054993390522014,39.98284539451599,15.0712586419243,4.225056581939003,31445.0,78134.07178406358, 0.0, 0.0,0.0,NaN, 124.17960048661928,124.17960048661928,0.0, 87.52738136164241, 9.28800117699647, 0.2803683125106487, 9.28800117699647, 92.32620276322726, -11.144996034918362, 0.2803683125106487, -11.144996034918362, 65.14035604750376, 5.597446918354862, 3.5763801082189084, 19.0, 0.0
35, 0 ,1.0,1.0,1.0,146.33936179462654,106.15436338869084,84.09520911225111,9.420928215263075,9.048846856958201,9.589871379601524,43.0,48.0,45.0,-0.819402072288348,-0.5592302532124116,0.1258640847165823,9.783418041777551,-0.012143888565152385,-0.20258907827283482,-0.9791885371750837,9.610664036462685,0.5730905424974992,-0.8038775959414128,0.15921068068247377,8.632555771797072,47.05332661271956,43.63401823920279,42.03256206300633,15.585522012017215,4.437640653326436,34503.0,86298.13389743416, 0.0, 0.0,0.0,NaN, 136.96157051970133,136.96157051970133,0.0, 88.75388843713992, 9.755834538498554, -1.973648769537411, 9.755834538498554, 81.88162944068233, 2.0479354336768143, -1.973648769537411, 2.0479354336768143, 91.96563307730045, 5.336404308744525, 3.4333085796430693, 20.0, 0.0
36, 0 ,1.0,1.0,1.0,9.027920792079208,98.53366336633664,112.87972277227723,6.050242825800632,9.688604894285545,10.810595678918345,25.0,50.0,58.0,0.015614865298092015,-0.005643782386074832,0.9998621523500634,10.811516674983542,0.03939139001474857,-0.9992042785648765,-0.006255245027266749,9.693189053052016,0.9991018438449751,0.039483634812714524,-0.015380123781939467,6.041247813996638,57.97507348914543,49.54567437316339,26.12004807059146,14.928247908199769,4.948827777675824,25250.0,75027.59470637658, 0.0, 0.0,0.0,NaN, 131.83447528796813,131.83447528796813,0.0, 36.605438251152016, -2.268761690030378, 1.2409819978433505, -2.268761690030378, 93.8690647975738, -0.09450551906687159, 1.2409819978433505, -0.09450551906687159, 116.86897893304797, 5.544051578286851, 3.5246671035522863, 16.0, 0.0
37, 0 ,1.0,1.0,1.0,101.34070330595915,97.14564469712921,171.80115111953393,9.2374418010499,8.391947107280547,8.797143995674675,41.0,41.0,46.0,-0.866814860829061,-0.35089322668639306,0.35426817597902716,9.523286664254325,-0.25811535691651294,-0.2921235158664378,-0.9208910435017228,8.703703914151232,-0.4266244948075026,0.8896840983986635,-0.16264607430491718,8.166847558577157,45.00550582258313,45.954544753643376,39.868696654288556,14.67194421830597,4.228345139025987,28494.0,82456.73869086067, 0.0, 0.0,0.0,NaN, 141.3014797727434,141.3014797727434,1.9073486328125E-6, 85.33033102778404, 7.9814024454365855, -5.215855094701889, 7.9814024454365855, 70.42477625139433, -0.546423006459803, -5.215855094701889, -0.546423006459803, 77.389742480635, 5.361251363593118, 3.530965338923042, 15.0, 0.0
38, 0 ,1.0,1.0,1.0,116.80985136961061,38.330948286451296,158.0132354747574,9.203510208728076,8.411216800222173,9.654743902752656,45.0,38.0,47.0,-0.6075995662386994,-0.14397052285416198,0.7810859463949178,10.117451538489304,0.600047142585306,0.5610920610832266,0.5701921830967054,9.04206321432262,0.5203519902736553,-0.8151369133700642,0.2545301920789938,8.034022357745544,50.422388405852686,43.919732299770175,40.908767147583404,15.177485027728745,4.279158361559749,32564.0,90594.01122836125, 0.0, 0.0,0.0,NaN, 100.76085956850036,100.76085956850036,0.0, 84.70460016216191, 9.103557050414743, -12.058194507440811, 9.103557050414743, 70.74856806033974, 1.2544024471360642, -12.058194507440811, 1.2544024471360642, 93.2140798277396, 5.300287559752952, 3.406181147770579, 13.0, 0.0
39, 0 ,1.0,1.0,1.0,180.9568426750652,160.1816347620688,8.100241129865656,10.244419939938796,9.364630458879816,5.414917639774487,44.0,51.0,21.0,-0.9797279052177205,0.19790990638137754,-0.031062850703242637,10.286268869727078,-0.19549229601668325,-0.9783718122371614,-0.06761182750006152,9.33687748818598,-0.04377206798659491,-0.060168646119776806,0.9972280281301212,5.383416024516932,47.272246314805,47.4158312168949,22.528418371075865,14.110569688303123,4.780962210086274,20321.0,50496.38762030279, 0.0, 0.0,0.0,NaN, 44.87491456800195,44.87491456800195,0.0, 104.94813990581561, -3.7655974761904347, 3.107273828595632, -3.7655974761904347, 87.6963036313796, 3.377344126256877, 3.107273828595632, 3.377344126256877, 29.321333045540893, 5.802904835673781, 3.6029767343261314, 11.0, 0.0
40, 0 ,1.0,1.0,1.0,56.304306600599496,82.60586040252034,72.63452009543036,9.855361046669492,8.798129422462486,8.745285773765815,47.0,43.0,45.0,0.8803117012566694,-0.4133265190608304,0.2328357731785328,10.26087163321248,-0.027251156703931464,-0.5340533504023579,-0.8450114752962311,8.758783755994047,-0.47361237641016707,-0.7375284452582643,0.48139703919534116,8.307434405513622,47.800815338960575,41.69614521179528,41.33535599584348,15.249561164963383,4.297223549627881,32694.0,82385.90054311935, 0.0, 0.0,0.0,NaN, 123.57053299273443,123.57053299273443,0.0, 97.12814136021038, -13.085694780224868, 7.611982613646693, -13.085694780224868, 77.40708133440006, -0.014576804621181723, 7.611982613646693, -0.014576804621181723, 76.48002326483073, 5.257995261481365, 3.3728820192999684, 19.0, 0.0
41, 0 ,1.0,1.0,1.0,154.7345096549911,180.0829657328153,136.63623616020567,9.403831231256946,10.500991295388317,8.753937858092032,45.0,49.0,43.0,0.014207911701783642,0.9255578918513361,0.37833942971462114,10.81669395744521,0.9956065675395674,-0.04811789704265663,0.08032577827990617,9.412103958994923,0.09255105573225338,0.37553595941787354,-0.9221751705977245,8.351390239424935,54.1962227011696,45.8779628389037,42.42426899841662,15.869323583286816,4.847561969078779,34231.0,105484.22387830765, 0.0, 0.0,0.0,NaN, 80.37797856452681,80.37797856452681,0.0, 88.43204182596354, -0.2812365230397961, 1.7608633760026775, -0.2812365230397961, 110.2708181858212, 16.474747722970918, 1.7608633760026775, 16.474747722970918, 76.63142802333692, 5.348396746027686, 3.4953758127647525, 18.0, 0.0
42, 0 ,1.0,1.0,1.0,133.67883189217466,137.1987260362495,18.08502323291381,9.287489916533463,8.41056998035598,9.756524680956947,48.0,39.0,38.0,0.420405883638454,0.13746739674087838,0.8968620896411316,9.848052576464145,-0.8134219085771932,-0.3808387088208711,0.4396665515027147,9.384117222159198,-0.4019996164784341,0.914365677777189,0.048287841681462655,8.193847362885831,47.41366781310276,53.118041828572075,41.04872297717048,15.260631268853109,4.3929561197896225,32497.0,103382.07864628965, 0.0, 0.0,0.0,NaN, 93.11050110482441,93.11050110482441,0.0, 86.25746894971076, 8.206237610866774, 3.7703291836760733, 8.206237610866774, 70.73768739446518, 0.17625996128389626, 3.7703291836760733, 0.17625996128389626, 95.18977385012205, 5.339082517664106, 3.3904792121429868, 13.0, 0.0
43, 0 ,1.0,1.0,1.0,15.91819545033979,152.78148230864946,56.89324570079444,9.377389415712559,8.343750489680916,9.299908624369191,38.0,40.0,44.0,-0.8370531416553364,0.35004619622183153,-0.42048745350552247,9.469159628458776,0.4917019860135852,0.14425138531646053,-0.8587320273429765,9.384799096598098,-0.23993998206890835,-0.9255588573099545,-0.2928644851460533,8.14263266743888,54.08737414810561,47.50754856412486,38.320251850700856,15.03482752595184,4.2421534831353505,31343.0,98466.13093620833, -1.7763568394002505E-15, 0.0,7.105427357601002E-15,82.15873890787655, 75.62948344220372,75.62948344220372,0.0, 87.93543225391792, -5.301128780289791, -0.9700959711311097, -5.301128780289791, 69.61817223405052, -6.13569729110992, -0.9700959711311097, -6.13569729110992, 86.48830042161646, 5.645642713322255, 3.666461430714126, 17.0, 0.0
44, 0 ,1.0,1.0,1.0,117.81825342833613,89.42318020695335,63.21321923448745,8.340431671844549,8.73150784394674,8.682951746054867,39.0,41.0,39.0,-0.4121921921502906,-0.7155327410047998,0.5640128485065709,9.304383423283188,-0.5151880406425936,-0.3275278752115597,-0.7920270031622952,8.409843883391273,-0.751451182385911,0.6170400209950397,0.2336294779801075,7.993663471490893,49.92744830169122,41.48123872686651,40.45370466098728,14.340772995387688,3.9418156502686643,27929.0,83781.74220897755, 0.0, 0.0,0.0,NaN, 136.91696649386375,136.91696649386375,0.0, 69.56280047270766, 7.839022619159116, -2.4853986596635314, 7.839022619159116, 76.23922922890345, -7.3791413273802196, -2.4853986596635314, -7.3791413273802196, 75.39365102431725, 5.29247664888596, 3.3864781445881897, 15.0, 0.0
45, 0 ,1.0,1.0,1.0,186.94386131733899,25.050323666020553,177.10847383242512,8.16135066212362,9.196937015329743,9.602863245107017,33.0,48.0,50.0,0.03354462623090082,0.5729856736368841,-0.8188786087436374,10.030827707871811,-0.5513592988382001,0.6939900264898938,0.4630127068636511,9.15011247434043,-0.8335932351187104,-0.4359647473585932,-0.3392006153073426,7.685324638570974,50.71823151523981,54.42065079836961,39.290454543556336,14.870120169117978,4.720784230856612,27343.0,108446.33664230577, 0.0, 0.0,0.0,NaN, 36.35936527710615,36.35936527710615,NaN, 66.60764463014566, -8.637302167745238, -7.436875714706765, -8.637302167745238, 84.58365046394236, -11.573026368482447, -7.436875714706765, -11.573026368482447, 92.21498250422725, 5.433543752376849, 3.536602189985739, 8.0, 0.0
46, 0 ,1.0,1.0,1.0,182.92798107531905,94.82862650039426,78.22382523874887,9.487849432762928,8.443564515804685,10.52755032431734,38.0,43.0,49.0,0.15017985294842628,-0.3440377225592124,0.9268678747397924,10.865610780891712,0.9852431099550106,0.1299407385363854,-0.11140654718102343,9.462807638961426,-0.08210984139899388,0.9299212062991623,0.3584752767214819,8.033440008399456,48.340243563374216,41.319328941124326,38.04783797601023,15.8068385467411,4.72083039089826,34241.0,75996.23506966383, 0.0, 0.0,0.0,NaN, 124.10837630514013,124.10837630514013,0.0, 90.01928685877984, 0.43615528021881, 4.705556293296233, 0.43615528021881, 71.29378173255598, -17.43005734350684, 4.705556293296233, -17.43005734350684, 110.82931583103414, 5.37930449250511, 3.2999532390166655, 13.0, 0.0
47, 0 ,1.0,1.0,1.0,29.263194043792414,150.12769581581912,125.89150800846177,9.92526069060064,8.797055354659394,10.653738531858732,58.0,41.0,50.0,-0.48188886571917805,0.39537980252616783,0.7819577564358916,11.462375249464431,0.8345350853443275,-0.06492175021855985,0.5471164023111492,9.526254627764551,-0.26708484124940585,-0.9162204855289622,0.29867324867127315,8.201558010646204,55.446544520024915,51.44500600837994,41.17977468574591,16.247718678540593,5.041107530845316,36399.0,117463.15836476389, 0.0, 0.0,0.0,NaN, 93.99813740465287,93.99813740465287,0.0, 98.51079977638227, -13.489170744128833, -13.439178184045282, -13.489170744128833, 77.3881829129415, 18.99000716439071, -13.439178184045282, 18.99000716439071, 113.50214470521144, 5.4946899403418525, 3.344767096752251, 23.0, 0.0
48, 0 ,1.0,1.0,1.0,15.758136208041691,130.72474837786746,12.48697184897563,9.764558401013952,12.901490362674712,8.085281935655061,41.0,60.0,32.0,-0.21463086759392855,-0.9628868522490727,0.16365359892697,13.155293552105796,0.9745326096392765,-0.22227221381519707,-0.02968595148135229,9.577236224657565,0.06495986011022002,0.15311424731736586,0.986071115002816,7.898204617447007,61.20730501644722,45.72044400095973,36.022483021765346,17.16680817683171,5.698029075381042,39146.0,100806.22286616258, 1.7763568394002505E-15, 0.0,0.0,77.60612797398369, 72.13392967264491,72.13392967264491,0.0, 95.34660076681216, 16.51795630822182, -4.73650821371016, 16.51795630822182, 166.44845357818846, -17.24735294352615, -4.73650821371016, -17.24735294352615, 65.37178397903004, 5.539541873076535, 3.410619346755061, 11.0, 0.0
49, 0 ,1.0,1.0,1.0,179.5941679389313,81.63145038167939,17.862259541984734,9.929779539962011,8.878146436950388,9.35034416282014,45.0,44.0,42.0,-0.7495571224281069,0.4980936040957177,0.43596660626272143,10.673126127256534,0.5557440092498429,0.11573946175762131,0.823257537575555,9.16500928733313,-0.3596007736368296,-0.8593643805458745,0.3635658744282786,8.181560075324208,54.19901203047297,44.87160217904113,43.54044330315098,15.578999566492541,4.7059233247671175,32750.0,105890.20599725503, 0.0, 0.0,0.0,NaN, 86.0183235681,86.0183235681,0.0, 98.60052171224815, -16.441813526018276, -7.54640331076278, -16.441813526018276, 78.82148415593487, 11.826793058679563, -7.54640331076278, 11.826793058679563, 87.42893596318464, 4.629915284632727, 3.2306272262935876, 14.0, 0.0
