// Sample: .//bubblelabels.tif, Map: .//bubblelabels.tif, Thickness:(8.191250068658265):/gpfs/home/mader/Foam/NewValid/InSilicoTest/LatticeDataPhi_16.0/out_Step_05000.vtk/distmap.tif, Neighbors:(1.0):
//LACUNA_NUMBER, TRIANGLES, SCALE_X, SCALE_Y, SCALE_Z, POS_X, POS_Y, POS_Z , STD_X, STD_Y, STD_Z,PROJ_X, PROJ_Y, PROJ_Z, PCA1_X, PCA1_Y, PCA1_Z, PCA1_S, PCA2_X, PCA2_Y, PCA2_Z, PCA2_S, PCA3_X, PCA3_Y, PCA3_Z, PCA3_S,PROJ_PCA1, PROJ_PCA2, PROJ_PCA3,OBJ_RADIUS, OBJ_RADIUS_STD, VOLUME, VOLUME_BOX, Mask_Grad_X,Mask_Grad_Y,Mask_Grad_Z,Mask_Angle, Mask_Distance_Mean,Mask_Distance_COV, Mask_Distance_STD, SHAPET_XX, SHAPET_XY, SHAPET_XZ, SHAPET_YX, SHAPET_YY, SHAPET_YZ, SHAPET_ZX, SHAPET_ZY, SHAPET_ZZ, Thickness, Thickness_STD, Neighbors, Neighbors_STD
1, 0 ,1.0,1.0,1.0,130.57145154804985,15.311528519731173,180.62684818197485,21.001834728091808,9.432993649412426,11.40646611320957,86.0,38.0,46.0,-0.978572016811521,-0.028724332942606373,0.2038914432006285,21.345516646955932,0.18272011365092877,0.3353487327263811,0.9242048406745133,10.945487325826663,0.09492190464178678,-0.9416560625598993,0.3229143723394221,9.204951200437273,88.01668344050881,55.405410664823336,45.50671124029943,24.01030776385234,9.147186529901314,87045.0,221918.05039540213, 0.0, 0.0,-2.8421709430404007E-14,78.23538711298235, 73.68911220200432,73.68911220200432,0.0, 441.0770619460831, 12.574633216974354, -68.08013880484573, 12.574633216974354, 88.98136918985514, 8.697843159853033, -68.08013880484573, 8.697843159853033, 130.10746919179823, 11.245597766288508, 6.419328733763632, 11.0, 0.0
2, 0 ,1.0,1.0,1.0,180.7845609436435,165.68800349497596,92.15248580166012,11.32151013303556,16.203797436578135,15.417262886548274,49.0,67.0,80.0,0.15534525512946953,0.904845423002926,0.39638694753916426,16.53504183737054,0.07399261533867035,0.38947310010242053,-0.9180608896864921,15.1999819721948,-0.9850852473690305,0.17194611006727098,-0.006449081223736021,11.134836211295639,81.23676461323254,84.72466396514758,54.91203244593716,23.942338721271813,7.429404722239753,114450.0,377946.20774113, 0.0, 0.0,0.0,NaN, 100.19294806379591,100.19294806379591,0.0, 128.17659169242685, 24.088537371565014, 1.9287884876499566, 24.088537371565014, 262.5630513656561, 15.314853324645435, 1.9287884876499566, 15.314853324645435, 237.69199491293884, 7.859991292679554, 5.533138859347944, 16.0, 0.0
3, 0 ,1.0,1.0,1.0,169.6570314582778,64.07783924286856,167.8958944281525,15.041328956963826,15.49471317794558,15.616403979584117,65.0,78.0,67.0,0.22801684289010427,0.721412376510503,-0.6538902831331094,16.828749628697246,0.8034294715604834,0.2399617965988497,0.5449031293735571,15.494784896290918,-0.5500085486485389,0.649601815876865,0.5248886331623185,13.67130620914719,90.03166803583821,78.87536945086663,75.77830344682876,25.574042827864705,7.494539342117648,150040.0,538123.0324357166, 0.0, 0.0,0.0,NaN, 77.8289073322193,77.8289073322193,0.0, 226.24157679159848, 26.09457164488656, 8.924912232592979, 26.09457164488656, 240.08613646680038, -38.474021267838644, 8.924912232592979, -38.474021267838644, 243.87207325357062, 7.8744667377625825, 5.433250406616271, 19.0, 0.0
4, 0 ,1.0,1.0,1.0,16.02273722773066,44.42599450483813,15.879962569187274,10.044804690186067,11.951723512966575,10.449326019134986,44.0,57.0,41.0,0.16702762703694674,0.9226269472597276,-0.3476511009569828,12.152687716257615,0.6186652742671328,-0.3726243545398943,-0.6916678168164968,10.818799842952988,-0.7676946334463847,-0.09955202958213764,-0.6330358150876596,9.391270503919865,56.043897516358946,61.28330560975328,47.745489999747996,17.992305975290762,5.404362695090923,50226.0,163984.525684694, 0.0, 0.0,0.0,NaN, 49.82539821428026,49.82539821428026,0.0, 100.898101263984, 2.5170532050227905, -15.799962514514585, 2.5170532050227905, 142.8436949303981, -11.646451621278292, -15.799962514514585, -11.646451621278292, 109.18841425417142, 9.555745839390855, 5.887415551705104, 7.0, 0.0
5, 0 ,1.0,1.0,1.0,30.640000892744222,108.61188688930716,173.95522143776458,16.11686575843299,14.559495113508982,13.640211183704489,75.0,70.0,64.0,-0.9869417965231843,0.021970384231022728,0.1595719038312553,16.182605683723374,0.047568967510529206,-0.9067159419045367,0.4190505864763252,14.82085680628513,0.15389309148097705,0.4211692093599806,0.8938307521457945,13.276034716149796,79.07721567916283,76.16517923683476,71.80034454230002,24.610968956603482,7.217189757022324,134417.0,432448.4711073457, 0.0, 0.0,2.8421709430404007E-14,80.81795112913746, 99.8445159385133,99.8445159385133,0.0, 259.75336187534975, -3.7287306919988183, -12.619488863957505, -3.7287306919988183, 211.9788979602919, -16.191858565607504, -12.619488863957505, -16.191858565607504, 186.055361136057, 7.605122614672178, 5.1797982261964535, 19.0, 0.0
6, 0 ,1.0,1.0,1.0,48.69649988524214,12.874649988524213,24.216479228827176,19.854093769050372,8.30267577857057,13.970767020580267,85.0,35.0,61.0,-0.982820268485187,-0.024871245992619806,0.18288176775578166,20.036925124621447,-0.1838321548068927,0.04368811403111717,-0.9819862970283542,13.723107436785547,-0.016433463230847385,0.9987355855356201,0.04750969870522964,8.276457542112786,87.07404277959328,68.06440905703583,35.649849575761955,24.100819080072885,8.800699704409253,87140.0,211283.94092210522, 0.0, 0.0,0.0,NaN, 55.88867129965261,55.88867129965261,0.0, 394.1850393902448, 7.176978061125782, -38.21885212112965, 7.176978061125782, 68.93442508406243, -6.655134236671157, -38.21885212112965, -6.655134236671157, 195.18233114333324, 7.6475422421121015, 5.0831727340288, 10.0, 0.0
7, 0 ,1.0,1.0,1.0,161.53914295392954,175.96034044715446,138.52329776422764,15.373424049840057,14.13961228086626,14.73333537615601,73.0,59.0,79.0,0.8052935473592984,-0.4344620226431723,0.4034167243214901,16.663379432747465,-0.10225389478108463,0.5684644154939301,0.816328579261588,14.742114323057152,0.5839918180793082,0.6986350686860399,-0.4133552917509049,12.583474279463388,89.88415829245369,83.17627119886782,74.25242157447683,24.35162604656346,7.76790078875937,118080.0,555128.1168968065, 0.0, 0.0,0.0,NaN, 76.39717058845049,76.39717058845049,NaN, 236.34216701620068, -45.17668693721895, 33.84104689815093, -45.17668693721895, 199.92863545322393, 6.458829636093686, 33.84104689815093, 6.458829636093686, 217.07117130629013, 7.661402251774591, 5.037712097745268, 20.0, 0.0
8, 0 ,1.0,1.0,1.0,88.772095986409,123.66925037162879,79.44189849224888,13.722527244028104,12.419721038920041,12.739785513851304,74.0,60.0,63.0,-0.8927122050997693,-0.3587644002018099,-0.2726775091820794,13.834200528774996,0.4353349158973698,-0.5303089041944944,-0.727499812462288,13.387768169938617,0.11639772277212931,-0.7681540023197625,0.6295959012363346,11.58628148908191,70.88819941979345,71.66705897684248,57.90860850721882,21.63286708451341,6.072760598813631,94180.0,294195.9279198599, 0.0, -1.4210854715202004E-14,0.0,68.97566701151003, 141.4845701859467,141.4845701859467,0.0, 188.30775396309355, 7.914862921815404, -0.33879901000598056, 7.914862921815404, 154.2494706845931, 22.94743191796127, -0.33879901000598056, 22.94743191796127, 162.30213493893552, 7.338951098663231, 4.966989679535016, 22.0, 0.0
9, 0 ,1.0,1.0,1.0,172.2935215606985,39.49256838887485,16.736770528697452,15.171326359329203,13.041098966513536,10.97582227652782,69.0,69.0,51.0,0.9084781882803188,0.28392334259129715,0.3066837409297964,15.7896400960312,0.31543861375922766,-0.9472019115796344,-0.057506692215286745,12.826285330514029,0.27416393338396333,0.14898346965912676,-0.9500726621684057,10.338363055128527,84.75309922919824,75.82730561896398,55.515865724543,21.695458143845205,7.072140859043316,83091.0,356778.2158880568, 0.0, 0.0,0.0,NaN, 51.06301394539604,51.06301394539604,9.5367431640625E-7, 230.1691435012771, 19.518909985001173, 38.638046281493935, 19.518909985001173, 170.0702622544004, 15.541363755418326, 38.638046281493935, 15.541363755418326, 120.46867464592434, 7.7246547161717185, 5.066205024849888, 10.0, 0.0
10, 0 ,1.0,1.0,1.0,75.97100040087682,54.61079126259137,43.529029451651695,12.792972825324515,14.338711321657316,16.785466912151698,64.0,69.0,81.0,-0.23014702602548429,0.5199941309735219,0.8225803609160124,18.436364949504156,0.5615531028766177,-0.6193815527715979,0.5486570921221087,12.680771070562916,-0.7947895690440762,-0.5881943520974482,0.14945549538038172,12.260064764874773,89.13799197706221,64.24151349939471,64.08129736399395,24.31049744221239,7.746638603059272,117243.0,366952.54688765964, 0.0, 0.0,0.0,NaN, 103.19257642504674,103.19257642504674,0.0, 163.6601537094915, -26.338794722987448, -32.659368148756194, -26.338794722987448, 205.5986423658237, 77.52906929998144, -32.659368148756194, 77.52906929998144, 281.7518994589394, 7.495700092099173, 4.790519334375869, 18.0, 0.0
11, 0 ,1.0,1.0,1.0,60.64120218042528,73.00922260963512,138.82142120512694,12.570356633859491,15.921957787056847,11.97029712918728,63.0,79.0,60.0,-0.14266572501143948,0.963778131900697,0.22534019476552158,16.214751382959037,-0.8940413633300858,-0.027801780406855395,-0.447120902733355,12.71204505844379,-0.4246604897583971,-0.26525228269745726,0.8656238761505753,11.414743407417776,80.49212610464,63.202727392963396,54.22816992072128,22.58354476756286,6.6928413075253825,101815.0,275876.15662286483, -7.105427357601002E-15, 0.0,0.0,81.79787023356107, 112.9182026571047,112.9182026571047,NaN, 158.01386590241532, -17.457261590604855, 8.24832625884691, -17.457261590604855, 253.50873977282018, 29.19160914883225, 8.24832625884691, 29.19160914883225, 143.28801336102924, 7.923903351165115, 5.1330878321998, 22.0, 0.0
12, 0 ,1.0,1.0,1.0,42.21151968357951,55.17057042209999,175.81320066744948,13.074254314176986,12.398711747701956,12.094772279412647,70.0,60.0,50.0,0.7511130581290041,0.2884073395107485,0.5938437340112528,14.339353738298145,0.3753686138067458,-0.9265440052846807,-0.02479132993253629,12.304684486367009,0.5430723503152206,0.24153139089433823,-0.8041983645443137,10.673582782933796,71.41345538422253,53.2509620682671,55.7089216588285,20.836122149385048,6.066606064436256,80905.0,211851.8484515515, 0.0, 7.105427357601002E-15,0.0,73.23737023597461, 73.55681815202573,73.55681815202573,0.0, 170.93612587177554, 6.827514101311403, 40.549727420776456, 6.827514101311403, 153.72805300260248, 16.564857929537073, 40.549727420776456, 16.564857929537073, 146.28351649084857, 7.536188886927907, 4.976169472020604, 11.0, 0.0
13, 0 ,1.0,1.0,1.0,77.84523277496109,185.8587477462206,26.77531552911806,12.83699378262254,8.061199014809256,15.260392158190925,60.0,33.0,60.0,-0.006079843743279762,0.032240138141931274,0.9994616595911253,15.266234013344668,-0.9997059882351773,-0.02365700074130801,-0.0053182142353933775,12.839043348388063,0.023472805260238733,-0.9992001400162607,0.032374490029959804,8.046861046472529,60.95866600923189,60.362705523135375,33.49890802103155,20.44412614767116,6.684954286406572,64891.0,123263.58710226972, 0.0, 0.0,0.0,NaN, 83.52707826074564,83.52707826074564,0.0, 164.78840937508974, 2.3341203497448433, -0.4905843050808865, 2.3341203497448433, 64.98292955636173, 5.435877735585776, -0.4905843050808865, 5.435877735585776, 232.87956882177505, 7.193102024196963, 4.868934544370666, 9.0, 0.0
14, 0 ,1.0,1.0,1.0,187.22542495267462,56.00390312445112,94.44321929704729,8.148294651716123,13.262845478459981,13.690087432592351,33.0,60.0,72.0,-0.11666405097983826,0.6439295080983262,0.7561377439390402,15.120559536288372,-0.15588787479031913,-0.7637722423321275,0.6263792240618395,11.781960952331993,-0.980861085833428,0.044796768222741735,-0.18948556634864433,7.891156141909623,88.01359612875774,57.727348883461936,38.387157187437026,19.493696437983676,7.050678620701984,51241.0,195037.14464236808, 0.0, 0.0,0.0,NaN, 110.54025784302668,110.54025784302668,0.0, 66.39470573118558, -3.3840300733891002, -22.149540916457443, -3.3840300733891002, 175.90307018550635, 44.381439787291356, -22.149540916457443, 44.381439787291356, 187.41849391202302, 8.020895067993166, 5.108311805016317, 12.0, 0.0
15, 0 ,1.0,1.0,1.0,183.66601182322833,19.256037776656335,176.94733616898566,9.517024144126001,11.520075795613794,12.408116711462721,37.0,45.0,53.0,0.1092088273220146,0.5474538190816456,0.8296793043145474,13.03181803039463,-0.19223941399084019,-0.8072815368712414,0.5579789672875358,10.906019896305242,-0.9752525005061043,0.22043329194957714,-0.017079931406881,9.406258770941827,71.1202280157514,58.08862356133328,42.02217310263731,18.580943421510195,5.656482722367905,55484.0,173605.20162789238, 0.0, 0.0,2.8421709430404007E-14,33.93419111465524, 34.190926725093156,34.190926725093156,0.0, 90.57374855987723, 9.591371134727357, 4.103346668363425, 9.591371134727357, 132.7121463366868, 23.22814040774613, 4.103346668363425, 23.22814040774613, 153.96136032528045, 7.956683667671121, 5.192701328341043, 3.0, 0.0
16, 0 ,1.0,1.0,1.0,185.62728785357737,14.39970419670919,94.00284248474765,8.474411609027072,8.589887078188967,15.929365957707118,35.0,31.0,74.0,-0.23767007686723168,-0.06533139885524614,0.9691463990984748,16.323538844777335,0.4084388488379716,-0.9119654571861368,0.03868735787299794,8.727113036381159,0.8813005397262822,0.40503186692271204,0.24343078165110035,7.531672429353293,78.84018579116837,39.95646317523642,41.23648589319643,18.757147824299835,6.893179052305063,43272.0,129902.14613597807, 0.0, 0.0,0.0,NaN, 96.17931550291323,96.17931550291323,0.0, 71.81565211921281, -3.983143157595564, -48.0018986043161, -3.983143157595564, 73.78616001603778, -13.965062017383016, -48.0018986043161, -13.965062017383016, 253.74469981455843, 7.883591543577293, 5.195254159438853, 6.0, 0.0
17, 0 ,1.0,1.0,1.0,101.18351253655055,85.02849216033891,13.820862017360072,14.435695618020386,17.218713206096652,9.419371409703048,73.0,83.0,38.0,-0.1412708783431613,0.9803574003172266,0.137629599197993,17.404404841969306,0.9878283090910357,0.13045432428394177,0.08471659243598738,14.387412445811226,-0.06509816195943473,-0.1479224016803019,0.9868541900355059,9.148060199562693,86.42992689266744,71.98619674365011,42.54908512427207,22.981311240536815,8.09056758635964,86866.0,264730.26912528876, 0.0, 0.0,0.0,NaN, 131.09370274951343,131.09370274951343,0.0, 208.38930797613298, -14.471348899776332, 6.056876552175371, -14.471348899776332, 296.48408447380723, 30.942156499746194, 6.056876552175371, 30.942156499746194, 88.72455775393121, 7.6716591376567935, 4.8634044070563895, 15.0, 0.0
18, 0 ,1.0,1.0,1.0,77.24369487511481,123.61074776180516,126.41393048039573,11.068974177314239,13.771338021893856,14.085184059651452,57.0,62.0,67.0,0.0475604677140234,-0.6646248545085568,0.7456619909049294,14.913594355182848,0.40668313502649367,-0.6689480900783533,-0.6221874962304736,13.291151944561244,-0.9123304388190968,-0.33283968445785184,-0.238476235407538,10.559087727697511,69.97831502027614,62.42866234489986,56.05040050275379,21.68246542242013,6.358855514250897,90363.0,244864.72787987767, 0.0, 0.0,0.0,NaN, 131.2128647763413,131.2128647763413,0.0, 122.52218933804943, -21.233074117312366, -12.554033875688067, -21.233074117312366, 189.6497509132594, -27.850341503520504, -12.554033875688067, -27.850341503520504, 198.39240999425934, 7.255032529911128, 4.594833150650262, 18.0, 0.0
19, 0 ,1.0,1.0,1.0,182.37352390082356,148.4822868098828,36.271195549551905,10.515656409535017,13.889418497930071,11.328448587931543,44.0,67.0,52.0,0.020872968065853766,-0.9997289242968589,0.010314898369236858,13.890781403219934,-0.4389335856996201,-0.01843303037503793,-0.8983304128972075,11.57200924225257,0.8982770321838339,0.014223266693652046,-0.43919935352361916,10.245170445074379,67.25464554070992,57.91660073135073,49.688493913522095,19.93355661628358,5.872141344420429,68847.0,193544.65646653893, 0.0, 0.0,0.0,NaN, 65.42451420230684,65.42451420230684,0.0, 110.57902972339488, -1.6019069473317333, 11.433307700375199, -1.6019069473317333, 192.91594621064203, -0.42801831637284243, 11.433307700375199, -0.42801831637284243, 128.33374740940818, 7.862901128820409, 5.21792096606861, 14.0, 0.0
20, 0 ,1.0,1.0,1.0,151.78552962032796,186.8422218939282,10.419670556950805,13.226569734381137,7.72550377807248,6.69616956084671,65.0,30.0,25.0,-0.9980604074234016,-0.05911767473780207,-0.019507015851452068,13.244037035676707,0.054268775580613514,-0.9797661766131686,0.19264770738784737,7.736377416814583,-0.030501198842247647,0.19121542745920922,0.9810740732334013,6.648923959054902,65.18902187206155,34.952698884085635,29.243531148129936,15.699500384320933,5.743686101605232,27076.0,66632.32888461588, 0.0, 0.0,0.0,NaN, 51.05224591725894,51.05224591725894,0.0, 174.9421469384471, 6.909210464545717, 2.7178322840971374, 6.909210464545717, 59.683408625012156, -2.801380092358762, 2.7178322840971374, -2.801380092358762, 44.83868678761002, 7.7058641641202765, 5.075684795295832, 5.0, 0.0
21, 0 ,1.0,1.0,1.0,19.14808409815082,84.96770064544242,25.441692311882132,11.401054728906136,11.23466385159523,13.865391393483197,44.0,51.0,58.0,-0.13460031953520166,-0.3476342833094067,0.9279187243767509,14.3145973867472,0.9531842551395069,-0.30132331475664986,0.025377859212480883,11.393013751753534,0.27078133195470694,0.887893386084174,0.3719177398468842,10.665005325456542,67.431506337438,50.30423745748017,51.55179600948124,20.315751555140057,5.976707959584389,73438.0,174868.3578581314, 0.0, 1.4210854715202004E-14,0.0,69.65731459394262, 90.73829944018047,90.73829944018047,0.0, 129.98404893151294, -0.34646565155895265, -10.997935726622835, -0.34646565155895265, 126.21767185834054, -29.53058778610813, -10.997935726622835, -29.53058778610813, 192.2490784944779, 8.030208377010075, 4.925805961678503, 10.0, 0.0
22, 0 ,1.0,1.0,1.0,67.72185067948688,188.6473570221577,74.6298165028441,13.354906587968335,6.780129224096786,11.451613314577104,64.0,26.0,51.0,-0.9904028259305424,-0.057052075224824604,-0.1258860719116167,13.397153093935906,0.12947504118142455,-0.0643055747749347,-0.9894953293290139,11.43680388771418,0.04835758575305614,-0.9962980747574527,0.07107524276940297,6.72152777179566,65.31748455990683,50.46339790414815,29.486734799367554,17.916385231921144,5.870798071541351,42017.0,97192.47130884221, 0.0, 0.0,0.0,NaN, 101.41371245194236,101.41371245194236,0.0, 178.35352997336003, 6.87594691477188, 5.775440071131627, 6.87594691477188, 45.970152295451285, 6.412689890345344, 5.775440071131627, 6.412689890345344, 131.13944750659962, 6.944462964452879, 4.745542433737252, 10.0, 0.0
23, 0 ,1.0,1.0,1.0,113.90631331904783,83.65882421539045,64.74200084546872,11.331115395914313,12.254911312672721,11.185970718658341,54.0,54.0,55.0,0.39791812604791027,-0.9032866822172662,0.160419246636564,12.527269802209982,0.6179523448093936,0.13465711704175337,-0.7745981928552215,11.281487575786894,-0.6780826384055935,-0.4073581109526691,-0.6117706309835265,10.931537755306245,59.509679388940285,52.14694947529621,51.12515471761165,19.37960582557939,5.304134836228162,68601.0,158654.04662139842, 0.0, 0.0,0.0,NaN, 136.39079305031638,136.39079305031638,0.0, 128.3941761155264, -12.808205955710347, -1.3313240414305008, -12.808205955710347, 150.18285128147386, -6.235163776210362, -1.3313240414305008, -6.235163776210362, 125.1259409186818, 6.961070415028379, 4.5088414578116724, 14.0, 0.0
24, 0 ,1.0,1.0,1.0,49.961877667140826,85.06243988349252,77.27766714082503,12.894813446830307,11.884822412957273,11.692330817080814,62.0,65.0,56.0,-0.8465100173186642,-0.08649326391621721,0.5252996343766804,13.591649813786677,0.12455410681872595,-0.9915054301563055,0.03746006467091495,11.880140759593592,0.5175973966837005,0.09713854676532513,0.8500923700860846,10.879573908190542,65.1286072545069,66.4894143204834,54.35910462467359,20.233796106014644,5.901636441903475,73815.0,235394.65276301978, 0.0, 0.0,0.0,NaN, 125.31418809411517,125.31418809411517,NaN, 166.2762138285557, 2.046951240698255, -29.40561734966714, 2.046951240698255, 141.24900378753154, -3.8612310215007377, -29.40561734966714, -3.8612310215007377, 136.7105999360577, 7.003643728092677, 4.4505644580194375, 14.0, 0.0
25, 0 ,1.0,1.0,1.0,101.53676699500642,22.02651208547626,105.16351817491253,11.783129902484783,12.605528575055258,12.565098332744641,56.0,51.0,61.0,-0.33232930514244313,0.6661427590083595,0.6676908398085687,13.310821420241377,-0.14417227039599842,-0.7354865788332831,0.6620225440307728,12.025582609005042,-0.932079175495518,-0.12374698774856704,-0.34046305765934726,11.568517325022544,69.01211241402635,63.25247490368606,57.006177022754116,20.546225971844645,5.785827112936175,80303.0,248842.61764441797, -1.4210854715202004E-14, 0.0,1.4210854715202004E-14,46.74696083142166, 138.4706964429927,138.4706964429927,0.0, 138.84215029883106, -8.45268267601926, -10.647775144283898, -8.45268267601926, 158.89935065653466, 14.02908820100884, -10.647775144283898, 14.02908820100884, 157.88169611154217, 7.225593480018626, 4.698166213505644, 16.0, 0.0
26, 0 ,1.0,1.0,1.0,143.63465148484383,73.01752577319587,113.67334974611478,12.893887453538042,9.980281403704518,11.763113304606533,59.0,47.0,59.0,-0.9133630553878545,0.2268530111589009,0.33809117169885167,13.063476237898755,0.40123876553241483,0.36058142131208937,0.842014543602768,12.07346264078217,0.06910413943163393,0.9047202605958891,-0.4203639708404138,9.37050017993378,59.330872259033995,63.51524776358991,44.46559594787757,19.340690949312982,5.492436506853352,64990.0,167564.82104667602, 0.0, 0.0,0.0,NaN, 126.33646396559848,126.33646396559848,0.0, 166.25233366450576, -8.78013337499973, -6.001030675923584, -8.78013337499973, 99.60601689713023, 23.952393516528918, -6.001030675923584, 23.952393516528918, 138.3708346170112, 6.654769191491199, 4.535570413370761, 15.0, 0.0
27, 0 ,1.0,1.0,1.0,41.111517918676775,174.3856822880772,187.0397355272226,11.769201212445706,13.301015855079061,7.120507107427687,63.0,60.0,30.0,-0.18716376217107983,-0.9803514882610668,0.06229514904291079,13.384426495414871,0.9760569283214892,-0.17843986782870566,0.12438684112434661,11.754856640158833,-0.11082688665475961,0.08408432097356194,0.9902763392916282,6.986645416877579,63.364915427469924,62.88654385145222,33.319805554853474,18.22673284536158,5.823997871467188,46432.0,132772.77892354585, 0.0, 0.0,0.0,NaN, 50.14198472965884,50.14198472965884,0.0, 138.51409717903348, 8.349498990186413, 9.329928700896906, 8.349498990186413, 176.91702277706457, -9.942853717727138, 9.329928700896906, -9.942853717727138, 50.7016214669282, 7.436401192432617, 4.891367007408242, 9.0, 0.0
28, 0 ,1.0,1.0,1.0,137.14435602256046,141.18669551108707,18.31807154446419,10.524100607442454,13.341967709801567,10.91139878433843,47.0,65.0,44.0,-0.15568408352473012,-0.9759108653643106,0.1528412542507667,13.479447716948803,-0.5331996525939049,-0.04722741706365982,-0.8446701732340466,11.082248002187466,-0.8315410973672943,0.21299660546914304,0.5130027772320712,10.16423572433639,66.18819165446796,52.589767132868616,57.632312854654515,19.380169835873037,5.677361757766118,64715.0,200607.79863870738, 0.0, 0.0,0.0,NaN, 88.00788890680384,88.00788890680384,0.0, 110.75669359557065, 12.4003073558745, 6.919270271677592, 12.4003073558745, 178.0081023693877, -10.913620341500888, 6.919270271677592, -10.913620341500888, 119.0586234308622, 7.489515854477339, 4.688864496227944, 8.0, 0.0
29, 0 ,1.0,1.0,1.0,182.41803773975795,94.55986395732265,79.60464754933274,10.16105449945128,9.606370832809404,14.6515786622631,38.0,50.0,76.0,0.10643632926614775,-0.013401146070186902,0.9942292075252838,14.69777895634208,0.8076098800553658,0.5844582543536944,-0.07858009006606244,10.598454519317254,-0.5800324037925005,0.8113131073770707,0.07303048917305585,9.046889076761431,76.85595806326614,55.62010224039116,48.583833403903576,19.283492001532444,6.192340643206646,57923.0,207683.0735854411, 0.0, -1.4210854715202004E-14,0.0,89.2321479051858, 124.85028305935646,124.85028305935646,0.0, 103.2470285408191, 14.196095750175008, 12.264662815124723, 14.196095750175008, 92.28236057745123, -3.1876649237317514, 12.264662815124723, -3.1876649237317514, 214.6687572964834, 7.3287062588243375, 4.609315317471505, 12.0, 0.0
30, 0 ,1.0,1.0,1.0,59.10732404574006,11.449549041713642,107.4756804638428,11.69966168649842,7.297132258021897,14.014298416772414,57.0,29.0,68.0,-0.0616903488830335,0.12657209809538106,0.9900372744692103,14.111878061950266,0.9938832502056573,0.09882307954290985,0.04929588127109978,11.720927059405415,-0.09159904920537262,0.9870225442883199,-0.13189431849508448,7.07146019692378,69.96778312259205,58.57596648430176,32.3798457174171,18.717163713034,6.0165243640678225,49672.0,132706.5478942733, -7.105427357601002E-15, 0.0,1.4210854715202004E-14,32.31732314714733, 110.38803211732534,110.38803211732534,NaN, 136.88208357851906, 7.417286480484482, -4.827948392509809, 7.417286480484482, 53.24813919106375, 19.114492173505973, -4.827948392509809, 19.114492173505973, 196.4005601143498, 6.806281378682008, 4.51504873225602, 12.0, 0.0
31, 0 ,1.0,1.0,1.0,54.42475515414809,151.04896917038224,18.928928013414122,12.185251562498156,13.588603898555466,12.42730183011062,58.0,69.0,49.0,-0.5061488887025052,0.862249457865144,-0.018416701020671163,14.292701340616402,0.40538731085188495,0.21900982645229422,-0.8875222949974911,12.799584073393731,-0.7612321792104537,-0.45668432021321,-0.4603965692812034,10.929669632058365,73.32894378120223,64.12682991948657,54.90111133044081,21.070878359546477,6.602001778788258,78723.0,258164.38942890352, 0.0, 0.0,0.0,NaN, 75.6079473905235,75.6079473905235,0.0, 148.48035564136373, -33.07980426456324, -15.173805557620412, -33.07980426456324, 184.65015591183678, -9.971774671845738, -15.173805557620412, -9.971774671845738, 154.43783077667075, 7.469877255885425, 4.556994867702986, 12.0, 0.0
32, 0 ,1.0,1.0,1.0,90.66959482178883,74.7429107823358,100.52168796234028,11.711962770539229,12.790517949995536,10.608853903478035,55.0,56.0,53.0,0.14004923713026915,0.9834807910384862,0.11468105701267439,12.828921437115161,-0.948221179352753,0.166562570483014,-0.2704320712137643,11.792240531263268,-0.2850663189612291,-0.07086920186093221,0.9558842764798937,10.472680675269109,58.435066844089064,54.825286958127435,50.48395408590723,19.61096528188462,5.359593569085172,71376.0,161736.41845650348, 0.0, 0.0,1.4210854715202004E-14,83.4147707461021, 153.959126729225,153.959126729225,0.0, 137.1700719384969, 2.9220615470161606, 8.415685485539534, 2.9220615470161606, 163.597349429158, 4.869073275455961, 8.415685485539534, 4.869073275455961, 112.54778114534115, 6.810828675013858, 4.447235133369456, 7.0, 0.0
33, 0 ,1.0,1.0,1.0,12.940252095250765,103.45761274444592,108.18202075295996,8.691957497938477,14.670039415538863,12.17150484310211,35.0,73.0,61.0,-0.06072136896641986,0.9450409063025629,0.32126406703158283,14.979946527033029,-0.04134311234019729,-0.32396298922969463,0.9451659794297436,11.816035185758501,-0.9972981812942755,-0.044109715757305754,-0.05874240855582934,8.653798373040518,67.5438933702245,55.67280739228022,38.12290594724214,19.8916762350901,6.574718876380112,60136.0,143355.78069513573, 0.0, 0.0,0.0,NaN, 133.8597175191248,133.8597175191248,0.0, 75.5501251459689, -7.712564809917538, -5.4460057109652675, -7.712564809917538, 215.21005645346384, 25.572169264654967, -5.4460057109652675, 25.572169264654967, 148.1455301456581, 7.215506026430385, 4.538947870641923, 17.0, 0.0
34, 0 ,1.0,1.0,1.0,31.789665187312362,39.975345907844925,104.03597767915416,10.142456761209917,11.752371019227985,11.663864960220074,45.0,56.0,54.0,-0.22178952647287314,-0.8036954055214738,0.5521622054166802,12.015817454832835,-0.11962501741625335,-0.5395613730622937,-0.8334046915558451,11.507213605892272,-0.9677289192512023,0.250892845340009,-0.02352698455167025,10.011871226566718,60.0969765662371,58.416041201932075,48.09751149282961,18.717502210488398,5.1660923856626475,61288.0,168852.44456614862, 0.0, 0.0,0.0,NaN, 108.7092667308959,108.7092667308959,0.0, 102.86942915301276, 9.945375670572956, -2.1977746335012376, 9.945375670572956, 138.11822457358983, -5.119283346279855, -2.1977746335012376, -5.119283346279855, 136.04574581024963, 6.924411505018236, 4.4793688274331265, 10.0, 0.0
35, 0 ,1.0,1.0,1.0,22.203596302721177,177.33656111643322,100.81149833001062,12.958378339163417,12.845592406959943,11.26075376456247,52.0,58.0,57.0,0.6966172831649005,0.6964155722983464,0.17242305952603973,14.175277646012823,-0.6735084197332449,0.551982012891132,0.4916322466977538,11.793711421068984,0.24720592497830712,-0.4586079023577996,0.8535619617523957,10.940898655400781,76.961048036931,61.18972394003217,64.59125357978444,20.546239226510544,6.130696735257168,77246.0,304174.764451873, 3.552713678800501E-15, 0.0,0.0,45.84376571571272, 104.13928180250173,104.13928180250173,0.0, 167.91956918089966, 32.20215808354932, 3.3375523103323137, 32.20215808354932, 165.00924428574695, 15.016035347026355, 3.3375523103323137, 15.016035347026355, 126.80457534610782, 7.185540093328489, 4.612326833115065, 10.0, 0.0
36, 0 ,1.0,1.0,1.0,132.69768293675557,42.255229671432836,32.41032910980275,11.729496229846374,11.032500454073013,15.560938020581158,63.0,50.0,65.0,0.47198859756606737,0.050973085215816186,0.8801298247140575,16.898722392328793,0.30644140164947176,-0.9455619398031881,-0.10957319631524286,11.170419840701317,0.826631980462118,0.3214255163785424,-0.46191471755948965,9.544361803962678,77.92460726868342,50.78724378897728,51.54409064828721,21.209879247339384,7.181988754431978,73714.0,203989.65745817416, 0.0, 0.0,0.0,NaN, 85.82269950119694,85.82269950119694,NaN, 137.58108180598032, -5.081344205607092, 79.65483061850013, -5.081344205607092, 121.71606626912124, 12.214464933773453, 79.65483061850013, 12.214464933773453, 242.14279208036825, 6.524206713223239, 4.253163304563578, 12.0, 0.0
37, 0 ,1.0,1.0,1.0,18.81482862609034,131.6698985051396,16.60319725023509,10.944754066946983,14.176995800307033,9.769822999722177,51.0,66.0,42.0,0.0969620022609199,-0.9932067646116991,-0.06433267324707104,14.21501193715929,0.9222399967273966,0.11396346301111156,-0.36943973464526625,11.122503959725005,0.374261617794028,-0.023508547978895584,0.9270251289032675,9.510396114047872,67.87595656429235,58.565753563372894,47.26472034718974,19.437193236182267,6.198371725955621,61678.0,187887.02567280908, 0.0, 0.0,0.0,NaN, 72.79194121231612,72.79194121231612,0.0, 119.78764158595251, -7.253333265877637, -12.02918194826461, -7.253333265877637, 200.98720992192324, 5.7315265737343175, -12.02918194826461, 5.7315265737343175, 95.44944144590043, 6.9387129232026, 4.427349861101998, 8.0, 0.0
38, 0 ,1.0,1.0,1.0,98.30464553765162,134.54714900579802,16.50720307331128,10.520029430501157,12.854768515830862,10.817954013050892,49.0,59.0,44.0,-0.061843392307630994,-0.9370411147198611,0.34369949687546103,13.196530786107324,-0.7219055944286656,-0.19580001172128692,-0.6637127904014953,11.473135998355806,0.6892225384884622,-0.28916484007310517,-0.6643462859872223,9.33610986531567,66.43485731007218,62.28655080937402,46.74167759321182,18.9044600728133,5.9636910716507865,56226.0,193416.97378935013, 0.0, 0.0,0.0,NaN, 119.249179413764,119.249179413764,0.0, 110.67101921861051, 11.32657284316297, 19.4582954248434, 11.32657284316297, 165.24507359559638, -22.23550662233406, 19.4582954248434, -22.23550662233406, 117.02812902848389, 7.104354020109665, 4.526178130636851, 7.0, 0.0
39, 0 ,1.0,1.0,1.0,145.81719912327313,103.35392866631243,82.92233993092455,9.511183697202469,12.830211353184238,11.10407618107079,44.0,63.0,50.0,-0.11532500783666849,0.9578778279863309,0.2630022988866488,13.005215211313338,0.04388445725258062,-0.25959723171563726,0.964719353852313,10.949853554220281,-0.9923579480102526,-0.12279798018602532,0.012097895813477567,9.45211780358693,65.37277364311883,49.48497550881383,45.320612933936815,18.727546451978817,5.258940046561529,60224.0,146610.82787609933, 0.0, 0.0,0.0,NaN, 138.3920282194862,138.3920282194862,NaN, 90.46261532193002, -9.162636146927571, -1.1265269610197326, -9.162636146927571, 164.6143233673777, 12.449211682590663, -1.1265269610197326, 12.449211682590663, 123.30050783502365, 7.550001371920101, 4.495722752304951, 12.0, 0.0
40, 0 ,1.0,1.0,1.0,29.57585045977589,146.46791618511634,126.9532058690518,15.488574744865312,11.308485902123891,10.871245066518702,66.0,65.0,56.0,-0.9722382451225628,-0.2329984589078252,0.021552560580537217,15.708832311191447,-0.22612765425244755,0.9118826707687391,-0.3425438347627302,11.02370514478885,0.06015877910400747,-0.3379078467544807,-0.9392546025431365,10.84768558826006,71.09709997106037,60.26648157041562,57.38596719619213,21.09007268198911,6.4164323880602065,79604.0,245885.78917190182, 0.0, 0.0,0.0,NaN, 95.26935005966969,95.26935005966969,0.0, 239.89594762727958, 28.450086956362373, -2.4068885613452773, 28.450086956362373, 127.8818533985348, -1.8507991082162996, -2.4068885613452773, -1.8507991082162996, 118.18396929630723, 7.226192298766494, 4.479035110481289, 12.0, 0.0
41, 0 ,1.0,1.0,1.0,124.61302377489939,73.83864858466637,166.18228550170787,10.280289358920834,9.862889026300643,13.51424568826987,48.0,44.0,64.0,-0.08714619982926564,0.006209979169144558,0.996176177196602,13.536765277853874,0.8111967152673827,0.5808827906072995,0.06734294852235718,10.638576873742007,-0.5782433994389613,0.8139635248185227,-0.05565924245153413,9.443115676775054,64.55822107655335,51.69935143743828,47.28435437162241,18.843125759972743,5.525611039967724,59138.0,157817.11981628285, 1.4210854715202004E-14, 0.0,0.0,85.00054885728672, 110.81055916771531,110.81055916771531,0.0, 105.68434930314095, 11.26137970273078, -6.855175966272482, 11.26137970273078, 97.27657994512164, 1.5210586806671371, -6.855175966272482, 1.5210586806671371, 182.63483652292078, 7.275817655257468, 4.5588614298205234, 14.0, 0.0
42, 0 ,1.0,1.0,1.0,179.37026413092138,83.1422128633251,20.572250501566877,11.487536712512217,10.891337564409532,11.201723876484623,50.0,53.0,45.0,0.8755491016050674,0.48017667974742523,-0.05333035632074723,11.7349329911182,-0.06000823973962288,-0.0014453690547062692,-0.9981968353344179,11.20059320993876,-0.4793879241719709,0.8771706032095662,0.02754906573832379,10.625507560002925,64.5850433783549,47.25773357083939,55.86765147427411,18.658793519971233,5.28325428569866,60311.0,170516.0486713192, 0.0, 0.0,0.0,NaN, 88.09898440128372,88.09898440128372,NaN, 131.963499721316, 10.430505953293503, -0.40647520270754056, 10.430505953293503, 118.62123394191815, -0.617154292781239, -0.40647520270754056, -0.617154292781239, 125.47861780500568, 6.962555590329221, 4.407624870574561, 8.0, 0.0
43, 0 ,1.0,1.0,1.0,149.98348429186723,112.92364454015708,130.28060869014442,12.185541579390241,11.320326601680453,10.54527915944976,60.0,56.0,52.0,0.8995759861915499,-0.4233923808265801,0.10724708352911477,12.422697184515958,0.4364579019612524,0.8622271749593662,-0.25703851574651787,11.124306070987897,0.01635679929210887,0.2780345133604666,0.9604318114771744,10.476952782335568,63.47494293980945,61.8762395206422,49.33447419253619,18.96559032725305,5.305328834413425,63152.0,193765.6256246138, 0.0, 0.0,0.0,NaN, 122.24866890223211,122.24866890223211,0.0, 148.4874235830484, -11.708127038646811, 2.729932145677409, -11.708127038646811, 128.1497943687141, -5.122354080569399, 2.729932145677409, -5.122354080569399, 111.20291255072544, 6.416239366980616, 4.3246506089875485, 16.0, 0.0
44, 0 ,1.0,1.0,1.0,10.06609065038974,167.60995174660783,161.72046026312535,6.663508245243177,15.82359816421886,11.570914367172428,27.0,69.0,66.0,0.04412139383475781,0.9822292122954037,0.18242553856198296,15.967518084787296,-0.001739517335405033,-0.1825275520170901,0.9831991999763265,11.389540772510848,-0.9990246627013362,0.04369745150692346,0.00634476526611118,6.632600356785811,74.15870949805227,65.63865257985998,28.14858412906861,19.487735131851924,6.993056536329434,48494.0,137018.23718019683, 0.0, 0.0,0.0,NaN, 51.144545841232194,51.144545841232194,9.5367431640625E-7, 44.402342134423805, 9.170105676003429, 1.5514481143376722, 9.170105676003429, 250.38625886267047, 22.417196062956503, 1.5514481143376722, 22.417196062956503, 133.8860592924373, 7.74257797107943, 4.7795693272197575, 6.0, 0.0
45, 0 ,1.0,1.0,1.0,118.05915526578842,178.3924388679189,31.498038104047623,10.455595390905007,10.869926399207603,14.040045166491776,57.0,46.0,61.0,0.12843854205105948,0.12994501585264187,0.9831672460832158,14.142846637443618,-0.088689373941165,-0.9859009664585044,0.14189249200049348,10.80982842313589,-0.9877437602261644,0.10542095233511493,0.11510294063591535,10.379072291478973,64.64067726516019,50.1580197914036,56.45522522673048,19.717357375141976,5.985270363195853,67027.0,183041.8619465214, 0.0, 2.8421709430404007E-14,0.0,82.53358499439476, 90.40638881316313,90.40638881316313,0.0, 109.319474978314, 2.338475239660159, 11.539831395071463, 2.338475239660159, 118.15529992419039, 10.514562873336574, 11.539831395071463, 10.514562873336574, 197.1228682771291, 6.259181128798504, 4.179802680293198, 9.0, 0.0
46, 0 ,1.0,1.0,1.0,16.021764148388844,150.009291226645,60.81011372867587,10.277950744941434,10.265951292611328,13.524672245292626,40.0,49.0,66.0,-0.10596229960853568,0.0616072572273721,0.992459841463921,13.564888262095142,0.6927893502537998,-0.7113991741614195,0.11812760548393483,10.610055687847355,-0.7133126293825091,-0.7000826814451067,-0.032700640728287364,9.867284912170646,65.63786367429356,52.59617581999004,53.26355505274668,18.9788026412207,5.809288864045035,59088.0,183881.80403941244, 0.0, 0.0,0.0,NaN, 80.33453691771358,80.33453691771358,NaN, 105.63627151544216, -8.061839096220291, -7.866907092050457, -8.061839096220291, 105.38975594226821, 4.01939899070807, -7.866907092050457, 4.01939899070807, 182.9167593425887, 6.961743981342167, 4.398155106615056, 10.0, 0.0
47, 0 ,1.0,1.0,1.0,120.84048241933627,152.8565740329401,110.45703144281553,12.193945596616722,12.379705158904043,9.293443946860977,65.0,56.0,44.0,-0.4965207263143316,-0.8676914563940769,0.024056284854773256,12.48025948739087,0.8651262771665411,-0.49240966651579776,0.09533753131774089,12.115593615607825,-0.0708780141951586,0.0681487844537679,0.9951542846620438,9.261372678870217,58.72353419377785,61.191838739464025,43.96108049514751,18.93079688902045,5.471968436932387,60777.0,157969.79213326753, 0.0, 0.0,-1.4210854715202004E-14,88.6215434320025, 128.47830577007153,128.47830577007153,0.0, 148.69230921324834, 4.158916781831194, 4.196503937971539, 4.158916781831194, 153.25709982139537, -4.325140380620591, 4.196503937971539, -4.325140380620591, 86.36810039344692, 6.635402173746832, 4.418696271939376, 14.0, 0.0
48, 0 ,1.0,1.0,1.0,112.61762521660204,29.994554006106114,65.036079709547,9.425830502118368,12.991017482831825,9.671990631102183,44.0,56.0,52.0,-0.2639235321568071,0.9645303253330505,0.005061688136797431,13.237887251265724,0.13785876177851314,0.03252724785658973,0.9899176430126757,9.683931072071198,-0.9546409434833445,-0.2619603589472943,0.14155366249389195,9.0631141875288,58.25672148570693,54.330474415799166,42.67264514537489,17.946037460599225,5.394437702374472,48476.0,135063.84273356874, 0.0, -3.552713678800501E-15,0.0,15.30588173179662, 112.98249579823413,112.98249579823413,0.0, 88.84628065466501, -23.64796903504472, 1.4639156179585215, -23.64796903504472, 168.76653523924213, 0.829287173927716, 1.4639156179585215, 0.829287173927716, 93.5474027681284, 6.535834807412898, 4.199509582877575, 8.0, 0.0
49, 0 ,1.0,1.0,1.0,142.11659434290962,37.32572614107884,127.56643755345095,12.656191275687137,9.744185901716389,11.94419864714555,59.0,45.0,63.0,-0.9878264637093392,0.14176164919539427,-0.06405085801847783,12.720027127328576,0.03756037142129955,-0.18220438698338465,-0.9825430168001317,12.007904739942116,-0.15095726578802124,-0.9729877677450066,0.17466169506904983,9.58140654877779,57.581707001306185,62.55950433362236,44.61907985541034,19.187655108719202,5.442987161964057,63142.0,160730.5550110932, 0.0, 0.0,0.0,NaN, 99.95158553579937,99.95158553579937,0.0, 160.1791776067792, -10.160431976348892, 2.4954053836035426, -10.160431976348892, 94.94915888720843, 8.742850699030386, 2.4954053836035426, 8.742850699030386, 142.6638813224736, 6.843777026403283, 4.551040168216266, 11.0, 0.0
