// Sample: .//bubblelabels.tif, Map: .//bubblelabels.tif, Thickness:(8.191250068658265):/afs/psi.ch/project/tipl/test/LabelValidation/Step3500//distmap.tif, Neighbors:(1.0):
//LACUNA_NUMBER, TRIANGLES, SCALE_X, SCALE_Y, SCALE_Z, POS_X, POS_Y, POS_Z , STD_X, STD_Y, STD_Z,PROJ_X, PROJ_Y, PROJ_Z, PCA1_X, PCA1_Y, PCA1_Z, PCA1_S, PCA2_X, PCA2_Y, PCA2_Z, PCA2_S, PCA3_X, PCA3_Y, PCA3_Z, PCA3_S,PROJ_PCA1, PROJ_PCA2, PROJ_PCA3,OBJ_RADIUS, OBJ_RADIUS_STD, VOLUME, VOLUME_BOX, Mask_Grad_X,Mask_Grad_Y,Mask_Grad_Z,Mask_Angle, Mask_Distance_Mean,Mask_Distance_COV, Mask_Distance_STD, SHAPET_XX, SHAPET_XY, SHAPET_XZ, SHAPET_YX, SHAPET_YY, SHAPET_YZ, SHAPET_ZX, SHAPET_ZY, SHAPET_ZZ, Thickness, Thickness_STD, Neighbors, Neighbors_STD
1, 0 ,1.0,1.0,1.0,56.723933941335964,265.2503208587966,15.746245314611611,15.086815644003119,20.37832172592722,10.359374706870172,95.0,84.0,41.0,0.048157278372542585,-0.9959937612696267,-0.07534788684317428,20.426134719013557,0.9635688895835731,0.06619367294157935,-0.25913971654145035,15.39310408938482,0.2630890943510002,-0.060123416191077826,0.9628963097130891,9.799490491497467,89.548156307022,100.56670684710494,51.430735091965104,25.846872476053512,9.063323351047886,117653.0,463162.73447164707, 0.0, 0.0,0.0,NaN, 68.35999651627814,68.35999651627814,0.0, 227.61200627613727, -6.417971309752198, -36.352468293893125, -6.417971309752198, 415.27599636539725, 21.68733758798626, -36.352468293893125, 21.68733758798626, 107.31664431734147, 6.7238496765791345, 5.269244646766264, 21.0, 0.0
2, 0 ,1.0,1.0,1.0,77.463960447567,16.450748323302527,256.8716476543023,16.943058015381485,9.985860529058021,17.96681327127355,83.0,42.0,81.0,0.4505850683752085,-0.11641524106860612,0.8851104946865377,18.29674273284458,0.877354387424289,-0.12549306098645402,-0.4631422789074663,16.77292455145893,-0.1649920453375245,-0.9852405712774867,-0.04559212304940223,9.668981947566056,92.94682776274041,95.46460557967593,44.710395782326714,25.29151507591677,8.362432045040448,119133.0,396721.25482711877, 0.0, 0.0,0.0,NaN, 90.17398219372102,90.17398219372102,0.0, 287.06721491258276, -33.33815325790442, 19.89972064166739, -33.33815325790442, 99.71741050579894, -13.944159950545895, 19.89972064166739, -13.944159950545895, 322.80637912481143, 6.391810770984468, 4.992008412803802, 29.0, 0.0
3, 0 ,1.0,1.0,1.0,152.69644588446846,172.00389469410078,13.82808654507487,17.413688833629628,20.919026651754454,9.323740498852285,86.0,112.0,43.0,-0.41483781138325787,0.9077155830742476,0.06294450326222331,21.75840227567516,0.9036886401386611,0.4190873391119396,-0.08782165951752118,16.443699556076854,0.10609633325938278,-0.020450487530947928,0.9941455354366686,9.162480398920417,120.33184681656235,92.38581144350258,46.78238070664876,26.836729066414815,10.371323192193174,120677.0,520077.63564131863, 0.0, 0.0,0.0,NaN, 195.63372921366155,195.63372921366155,0.0, 303.2365587944772, -76.048437809739, -24.96678351036961, -76.048437809739, 437.60567605681314, 15.390975905299253, -24.96678351036961, 15.390975905299253, 86.93213688993825, 7.505086382348334, 5.318355368856662, 30.0, 0.0
4, 0 ,1.0,1.0,1.0,190.4359540029253,115.99704235254188,235.64222971061923,14.866574316480722,14.75144580702888,14.16706653362374,84.0,73.0,75.0,0.6878417812327287,0.45676960626240015,0.5641234003172346,16.4374711844828,-0.3982413747198739,0.8872425513483333,-0.23281851846046284,14.280936048758154,-0.6068587079805419,-0.06451497401217568,0.792187052833102,12.852640433150428,83.19843394650138,73.92930886667722,76.20726212464785,24.18968541787492,7.361051477706511,123747.0,468735.8351946917, 0.0, 1.4210854715202004E-14,0.0,62.82114826407507, 172.05091283224044,172.05091283224044,0.0, 221.01503190744424, 19.295995532538754, 44.33620202163685, 19.295995532538754, 217.60515339770993, 19.05040167498301, 44.33620202163685, 19.05040167498301, 200.70577416812174, 6.031100967767726, 4.630476910469067, 35.0, 0.0
5, 0 ,1.0,1.0,1.0,21.553403807739222,134.296726122081,189.7687160812459,13.346041047067159,15.408003178960243,14.249842411328308,65.0,76.0,73.0,0.30392636842261767,-0.799042772878505,0.5188057533297685,16.323404289673178,-0.3755917818917185,-0.6009555496037053,-0.7055375544759558,13.642963493351612,-0.8755338805282427,-0.019572289368848982,0.4827601366476101,12.88399789876946,80.48745010763302,69.29989978276794,76.72765926732659,23.749648972790677,7.384819294322011,113138.0,427969.406844895, 0.0, 0.0,0.0,NaN, 175.0745436012491,175.0745436012491,0.0, 178.11681163000148, -19.851476243433638, 21.174936073090315, -19.851476243433638, 237.40656196284897, -33.10753741062687, 21.174936073090315, -33.10753741062687, 203.05800874769096, 5.981026101932431, 4.5223522909094935, 26.0, 0.0
6, 0 ,1.0,1.0,1.0,260.34775606402826,139.71794821434418,127.03080297227405,20.016338524749745,14.615653947242997,13.500929578837736,90.0,84.0,64.0,-0.9528887839295327,-0.3027066985702064,0.019277450610038042,20.52842378559233,0.24822199662986225,-0.741694324962459,0.62311745979997,14.54881490748033,-0.17432385336029288,0.5985467257944102,0.7818906644732437,12.785227780633452,97.60537887834309,77.06159191070064,65.38379311698924,26.822022589563286,8.782104072520118,152745.0,491792.4301413441, 0.0, 0.0,-1.4210854715202004E-14,88.89541501873748, 192.95136798210237,192.95136798210237,0.0, 400.65380793738086, 65.53083915513083, 2.717658893703248, 65.53083915513083, 213.6173403055598, -23.784267546225962, 2.717658893703248, -23.784267546225962, 182.2750994927357, 5.6470982591615515, 4.310210524570269, 36.0, 0.0
7, 0 ,1.0,1.0,1.0,51.92193592365371,250.73724608043625,214.647430129516,18.686939767145024,17.327820400511992,13.118364815814807,104.0,88.0,74.0,-0.749191872544738,-0.6480553739773071,-0.13687867025962003,21.46692570142514,0.5907145882699657,-0.5602584828891158,-0.5806605786135572,14.980484077212179,0.2996127722877539,-0.5158824135497541,0.8025568653199143,11.67487776706887,123.25077457350977,77.2638919659621,62.22810191579208,26.917482573976947,9.848639754488826,146700.0,592587.9177452422, 0.0, 0.0,0.0,NaN, 111.39015906845339,111.39015906845339,0.0, 349.2017178609062, 128.40225591079175, 3.0567578039755525, 128.40225591079175, 300.25335983239955, 57.45171671283143, 3.0567578039755525, 57.45171671283143, 172.09149544080788, 6.338319418610321, 4.67154734124451, 33.0, 0.0
8, 0 ,1.0,1.0,1.0,29.581811366021892,11.217783775678512,72.83595741490478,17.112380322787068,7.258780349643628,13.506376747201482,72.0,30.0,61.0,-0.9812258788999325,0.03498735193837868,-0.1896619618726828,17.246253809291453,0.18948920329590702,-0.008219645555537574,-0.9818483993271179,13.346571479133486,-0.03591122959935309,-0.9993539526270366,0.001435603490241396,7.237501268484021,76.06929721662219,63.687708469177004,31.65837600320569,21.69510941999978,7.567555256990043,66690.0,153374.67650690724, 0.0, 0.0,0.0,NaN, 79.41032004140646,79.41032004140646,0.0, 292.83356031171, -8.608610410557842, 22.208787169654617, -8.608610410557842, 52.68989216437246, -0.6112527439510398, 22.208787169654617, -0.6112527439510398, 182.42221283734492, 6.006044942105276, 4.386658029301864, 20.0, 0.0
9, 0 ,1.0,1.0,1.0,222.31303193705438,25.06661786237189,270.00009522789225,17.805868849885414,14.63496588941768,16.55420807636868,92.0,61.0,72.0,-0.9434550596660946,0.245784534245288,0.22244665229279578,18.163241088135297,0.14119145986322795,-0.30919137699686433,0.940460346879374,16.629277411678764,0.2999291950646615,0.9186896402575844,0.25700549183092275,14.100950431057942,103.23804581014907,82.08100006479395,69.66296930546609,27.11996488859727,8.353472425326313,168018.0,590315.7847872751, 0.0, 0.0,0.0,NaN, 86.9689290735884,86.9689290735884,NaN, 317.04896549931965, -33.78441456553217, -17.189854709084702, -33.78441456553217, 214.18222658441906, -15.426710625562945, -17.189854709084702, -15.426710625562945, 274.04180503571007, 5.820602507516977, 4.330744521542509, 31.0, 0.0
10, 0 ,1.0,1.0,1.0,138.41921367778866,20.399751449875726,247.10396927016646,16.149916674261068,12.975676166004696,15.645603609833957,71.0,59.0,74.0,-0.787311699998824,0.2049086006420298,0.5815090303923809,16.535175919004548,0.6156619100618738,0.21052819095857195,0.7593670346483816,15.50870209807769,0.03317679224890634,0.9558715113416845,-0.29190572838064804,12.650731576762677,87.73089179076774,81.92757793076152,63.667570988286194,24.87201166357711,7.440156495229146,132770.0,457615.7264026959, 0.0, 0.0,0.0,NaN, 149.57947266040725,149.57947266040725,0.0, 260.8198085855757, -7.858603343742156, -14.279602512677576, -7.858603343742156, 168.36817196502233, 26.374865037176946, -14.279602512677576, 26.374865037176946, 244.78491231604934, 6.768878326246454, 4.677315037282346, 21.0, 0.0
11, 0 ,1.0,1.0,1.0,161.57451176863532,255.0757986561358,279.32670242445676,16.128271530512286,14.03238772963445,12.174239569488563,77.0,64.0,53.0,-0.8372020032481572,0.5251947951075625,0.152522893197046,17.500306960261305,-0.45396624954879594,-0.8228930503957999,0.3417040706238311,12.494677001672308,0.30497122819681294,0.2168350866493268,0.9273484216678788,11.952550354319383,84.9329626314059,72.52059162877958,67.71765859620928,23.41369532870851,7.55248489614499,101796.0,417099.3810676757, 0.0, 0.0,0.0,NaN, 146.99382603062855,146.99382603062855,0.0, 260.1211425619331, -66.89377709150445, -22.92051296602562, -66.89377709150445, 196.9079053947955, 9.36211800161968, -22.92051296602562, 9.36211800161968, 148.2121090953011, 5.973912209235496, 4.615946327971252, 22.0, 0.0
12, 0 ,1.0,1.0,1.0,38.46832007139139,85.68857737785379,35.65729158920205,16.758449660920665,13.598952370545254,16.8613183826479,77.0,80.0,76.0,0.7175120485279423,0.32334692186128433,0.6169466981353157,19.3330568003883,-0.45941993846816553,-0.446059621627813,0.7680912277139738,15.285519337081483,-0.5235549449247359,0.8345523243488598,0.171501129934389,11.94432968247522,102.01380765815267,79.45602771528505,66.24773554269319,25.91871620084375,8.848804931457437,134470.0,536978.4354594429, 0.0, 0.0,0.0,NaN, 100.46783756821299,100.46783756821299,0.0, 280.8456350376119, 72.26087483922065, 70.1955756835735, 72.26087483922065, 184.93150557635838, 14.9305525387144, 70.1955756835735, 14.9305525387144, 284.3040576010201, 5.708089896943247, 4.2692613513871995, 30.0, 0.0
13, 0 ,1.0,1.0,1.0,188.51662558013032,282.7861185375508,60.5188245778503,14.75902477398607,10.872832273910584,13.549732361236185,70.0,49.0,72.0,0.9638585074088912,0.03963079748469394,0.26345052208380915,14.856367934369572,-0.26464943752769415,0.028782896986272517,0.9639150481538054,13.45086722944829,-0.030617852827714512,0.9987997520683536,-0.03823090839119071,10.863012637903298,71.24834640872203,66.17958908011417,50.96825414895147,21.793329890168433,6.685305774245254,86403.0,240324.81308474558, 0.0, 0.0,7.105427357601002E-15,74.72509712148074, 128.01323609427553,128.01323609427553,0.0, 217.82881227913458, 3.4439457046724473, 10.029127559157955, 3.4439457046724473, 118.2184816565916, 2.8180257421463373, 10.029127559157955, 2.8180257421463373, 183.5952470611311, 5.928842699880389, 4.563800335915655, 27.0, 0.0
14, 0 ,1.0,1.0,1.0,273.47827559616894,203.9432045027061,210.08518964262294,17.473147757478653,16.363514674325824,13.889184584682589,80.0,89.0,81.0,-0.8068968881088567,-0.4734744153249596,0.3531846400863586,18.709471378960114,0.48852710478627687,-0.8710230230725604,-0.05157675025315116,15.67337295197413,0.33205222458128647,0.13092315039833666,0.9341308520974956,13.049368356634748,104.7597538296406,87.6484358504034,79.03765839018547,26.19948822735684,8.920301009698653,138761.0,725726.0369103919, 0.0, 0.0,0.0,NaN, 134.2199051860967,134.2199051860967,0.0, 305.3108925546813, 36.605042410860655, -53.12720213764857, 36.605042410860655, 267.76461249687657, -26.673983471051514, -53.12720213764857, -26.673983471051514, 192.90944842738443, 5.9749061666824925, 4.780395987995129, 37.0, 0.0
15, 0 ,1.0,1.0,1.0,52.77437686939182,184.5817680292456,45.61950149551346,18.336330560673854,15.800448982036002,15.163490984627648,91.0,83.0,85.0,-0.8647217529292889,0.4045679820835603,0.29762566738057755,19.533861928597922,-0.13522265435970474,-0.7582341328933481,0.6378054824657665,15.331084974785096,-0.48370561683612284,-0.5112785420769277,-0.7103683049326437,14.113565706634864,96.45695579203766,86.56109931476301,78.60603625754223,27.11331596524887,8.98191308539821,150450.0,656314.8214614945, 0.0, 0.0,0.0,NaN, 134.86156621479162,134.86156621479162,0.0, 336.2210184303019, -60.127589792271586, -50.0295448437001, -60.127589792271586, 249.6541880339225, 4.623229595229818, -50.0295448437001, 4.623229595229818, 229.93145884088398, 5.674384094381024, 4.22884578466713, 38.0, 0.0
16, 0 ,1.0,1.0,1.0,73.70449355545679,60.94568499134086,156.128047939432,15.151681755322008,13.940900907209379,14.75484613678913,74.0,65.0,65.0,-0.6895994460413486,0.46788306250662187,0.5527549582218958,15.79240107922985,0.6899032450444066,0.1923612639206623,0.6978758174776098,14.666554605976229,0.2201956323287596,0.8626022165298847,-0.455446264164136,13.308640305537134,85.68468913115369,75.6665090364952,66.86733563389922,24.35564207327216,6.959192613957613,130498.0,433531.78311283403, 0.0, 0.0,0.0,NaN, 172.75956552112677,172.75956552112677,0.0, 229.57346001455778, -18.279885896174058, -9.261744144061128, -18.279885896174058, 194.34871810463127, 23.793058926533433, -9.261744144061128, 23.793058926533433, 217.7054845203211, 5.56005787208107, 4.0593255559774954, 29.0, 0.0
17, 0 ,1.0,1.0,1.0,281.00537663373166,102.85444299583014,163.60684847374716,11.777237317278122,14.509360822261245,14.477781070982493,47.0,71.0,68.0,-0.3080473062723286,0.7522764344998206,0.5823976504027116,15.828667086224083,0.3237086173124084,-0.4927607749212517,0.8077125415497125,13.765609821711088,-0.8946058283825623,-0.43734081080462267,0.09172473509748873,10.899188022382882,82.94779311664652,71.5529001176588,54.87703447769127,22.52888176637502,7.161040524535132,92809.0,325703.71411833673, 0.0, 0.0,0.0,NaN, 171.88055138401268,171.88055138401268,0.0, 138.70331882748837, -41.80970991019146, -5.152138449809826, -41.80970991019146, 210.52155147056953, 29.585642728958046, -5.152138449809826, 29.585642728958046, 209.60614473929897, 5.6505975084881195, 4.311257811471749, 23.0, 0.0
18, 0 ,1.0,1.0,1.0,12.222506314598732,250.84573783955494,76.45748686718423,7.7488669327758855,16.012073238528213,17.562205010125513,30.0,85.0,83.0,0.032373644115453806,-0.5454124507980406,0.8375423605294008,18.598464041756294,0.0970118292449994,-0.8323101418594868,-0.5457550116530124,14.857517280752742,-0.9947565793465379,-0.0989195949866119,-0.025966547218674255,7.629796097876292,98.62359642684771,80.95561771445409,34.697183566959794,22.62760307516114,10.623278779572855,64533.0,277026.9689182163, 0.0, -2.8421709430404007E-14,0.0,56.9471464180225, 91.71302223345285,91.71302223345285,0.0, 60.04493874186756, -18.203197583223602, -0.8047209013355321, -18.203197583223602, 256.38648939599136, -57.58997285477546, -0.8047209013355321, -57.58997285477546, 308.43104481767773, 7.43099480672038, 4.946199777644424, 22.0, 0.0
19, 0 ,1.0,1.0,1.0,275.0005292055302,207.74212806773832,287.338840378382,16.312426450879613,14.776166159583239,7.59954173976841,68.0,77.0,33.0,0.9023864610378822,0.4157141265710676,-0.11349202573212543,16.785842252223556,-0.4190309551672869,0.9079522197999369,-0.005985413265443026,14.338560972344453,-0.10055711584526432,-0.05295782784085519,-0.9935208779503631,7.404359990659494,91.33623028152925,66.55914057838218,38.355595263753855,21.71840781095727,8.396078840888773,60468.0,233173.6740814932, 0.0, 0.0,0.0,NaN, 96.41988091901605,96.41988091901605,0.0, 266.09525671535687, 27.77118892475084, -22.863611214066374, 27.77118892475084, 218.3350863756129, -11.526434841236325, -22.863611214066374, -11.526434841236325, 57.753034654482285, 5.15369300715679, 4.124104663606751, 11.0, 0.0
20, 0 ,1.0,1.0,1.0,235.57457358864804,89.49795879551954,179.18296799961962,13.516321101813979,18.907197279676147,15.33068863488805,66.0,90.0,83.0,-0.13328596840649182,-0.9120990705947372,0.38769851179255294,19.829316030027485,-0.5765922785927343,-0.24680695113166473,-0.7788630644345196,15.11649120752107,-0.8060869648450979,0.32735548612068305,0.4930133779254972,12.38922832439751,89.99748150266647,77.20736540419892,78.85532354820215,26.5529598302479,8.37516467736781,147217.0,547923.7269875818, 0.0, 0.0,0.0,NaN, 163.57651242837395,163.57651242837395,0.0, 182.69093612734184, 39.81660514317889, 21.30146848404844, 39.81660514317889, 357.4821089725931, -70.34558521173633, 21.30146848404844, -70.34558521173633, 235.03001401988564, 5.7109062986711665, 4.080475847048682, 41.0, 0.0
21, 0 ,1.0,1.0,1.0,270.6888381518261,62.572717519874566,238.0165415050569,16.57912098984902,13.369776870441516,12.571477721103498,68.0,65.0,63.0,0.9537250675085467,0.08623684713709512,0.2880480893907666,16.97315811115489,-0.011144205920695666,-0.947192378762335,0.320472158367848,13.482339731389962,0.30047346352084875,-0.3088523980972192,-0.9024000741962411,11.907924149689887,77.22735713958184,65.19607610530487,61.582140275343676,23.62294939250769,7.322328895417236,109059.0,310061.1899580605, 0.0, 7.105427357601002E-15,0.0,85.0528478254838, 92.82477209078512,92.82477209078512,0.0, 274.86725279605236, 12.453719262389571, 40.04567560654432, 12.453719262389571, 178.75093356539293, -8.500428047258032, 40.04567560654432, -8.500428047258032, 158.0420520922016, 5.308763206720785, 3.979236105783316, 25.0, 0.0
22, 0 ,1.0,1.0,1.0,200.69120038110626,175.7250442725324,188.12662462070608,13.14343764065468,11.873170269911101,15.385652068945197,68.0,58.0,68.0,0.28470873336125696,0.3590715783445621,0.8888242451536599,15.939204550375644,-0.827377348541555,-0.376224776827498,0.41701515610520173,13.552981214801303,-0.48413599356810405,0.8541209041618434,-0.1899732107576765,10.615972557954555,73.51045366481105,71.2024491305158,52.187444548631355,22.46757710233075,6.75635952339955,96561.0,273155.57363069954, 0.0, 0.0,0.0,NaN, 194.47918763087745,194.47918763087745,0.0, 172.74995301377828, 36.54730553865816, 11.280161689918435, 36.54730553865816, 140.97217225830084, 33.978209460131396, 11.280161689918435, 33.978209460131396, 236.71828958663758, 5.353375862518027, 3.8979460405965067, 39.0, 0.0
23, 0 ,1.0,1.0,1.0,100.95399309211912,228.29755486289542,154.79301630091402,15.342659583874234,12.915353580803197,12.758989414526743,80.0,80.0,72.0,-0.8836580470654215,0.4635120504902787,0.06561276481617069,16.197258312351284,0.043667888636450734,0.22116210845522222,-0.9742589169649281,12.786675111855233,0.466091805719173,0.8580465609941793,0.215672269444875,11.795979605384565,84.42622810964278,72.75409676902807,63.762329402202255,22.650136658109798,7.208791956548316,94964.0,391650.79712303943, 0.0, 0.0,0.0,NaN, 190.83505305595654,190.83505305595654,0.0, 235.39720310664788, -50.22828632749279, -8.179502883000996, -50.22828632749279, 166.80635811716598, -1.5005398005024393, -8.179502883000996, -1.5005398005024393, 162.79181088000547, 5.4350045100993665, 3.9888433760117477, 33.0, 0.0
24, 0 ,1.0,1.0,1.0,52.28382668603231,20.437295150447937,163.682677600545,12.53535739979286,11.434731285860776,13.505186833031887,59.0,44.0,67.0,0.403925415949852,0.17288389721870817,-0.8983069722718457,13.970914092716415,-0.7925811922423518,0.5564804880495763,-0.24928802643488107,12.7209682826343,-0.4567924168081514,-0.8126749808518636,-0.36180113798050956,10.642784479713603,74.2854872970818,72.9338713836066,58.796576010619674,20.74462170737378,6.319731508010298,77801.0,318555.625831663, -7.105427357601002E-15, 0.0,0.0,66.17619431132988, 147.42351899259,147.42351899259,0.0, 157.1351851405416, -15.694622839194782, -20.130331059694065, -15.694622839194782, 130.75307957984325, -19.45765552275306, -20.130331059694065, -19.45765552275306, 182.39007139509786, 5.460040078632577, 4.002447100919157, 20.0, 0.0
25, 0 ,1.0,1.0,1.0,185.38063160496878,60.36923964320293,58.018426961662854,14.79380911749891,13.921318824953582,11.650055434621027,74.0,69.0,59.0,-0.8156195117457127,0.5518612342211526,0.17382171965433818,15.227308641957043,-0.5727150470229467,-0.7273469760219242,-0.378105608772557,13.944820175251595,-0.08223312576565002,-0.4079406263608321,0.9092976181598316,11.04783958352131,82.64550125203694,76.20914296558593,59.23822083635427,22.435055439360873,6.712077554207942,97086.0,373102.62289667723, 0.0, -7.105427357601002E-15,0.0,56.50520465418709, 141.94429390954804,141.94429390954804,0.0, 218.85678820499388, -19.268739898388304, 0.10978977461953891, -19.268739898388304, 193.803117826007, 30.446072866101662, 0.10978977461953891, 30.446072866101662, 135.72379162974292, 5.409189745470084, 3.8065085533772742, 34.0, 0.0
26, 0 ,1.0,1.0,1.0,77.48593388627482,205.58228327617832,185.87041430736105,14.556522161365576,14.018262086363888,12.505913154215493,70.0,73.0,62.0,0.792911386132393,0.32267641049140283,0.5168863200491868,15.765937138802439,-0.37669432636373124,0.9263375194519657,-4.2958230153007583E-4,13.90830931917583,0.4789498076280868,0.19436752343939223,-0.8560539396586268,11.081337067093987,77.1566089627367,71.59160931406392,55.50329990475713,22.759222942697118,6.842488160138287,100312.0,306587.23007068946, 0.0, 0.0,0.0,NaN, 167.16559906853266,167.16559906853266,0.0, 211.89233743432715, 7.5271014604701305, 51.55712830556292, 7.5271014604701305, 196.51167192198724, 20.948481740041117, 51.55712830556292, 20.948481740041117, 156.3978638207801, 5.623761310178761, 3.9338749044394152, 22.0, 0.0
27, 0 ,1.0,1.0,1.0,35.45773887560731,174.7855325055911,203.81461594817614,12.642302793403452,12.237041519683737,18.107375627783465,64.0,71.0,83.0,0.2139236939229442,-0.10264793443250508,0.9714422549668625,18.40962030438754,0.7572749031896784,0.6456192816703185,-0.09854168729307072,12.610694237817036,-0.6170667501797726,0.7567292413355269,0.21584596621278807,11.811279705805685,83.58534024264307,62.62250252700147,66.69131546870418,23.93678965140402,8.029953822070517,103736.0,349083.89850022434, 0.0, 0.0,0.0,NaN, 161.8256537798503,161.8256537798503,3.3036247397782844E-6, 159.82781992009672, 5.166391363697372, 39.98294494020212, 5.166391363697372, 149.74518515446368, -21.12633439100261, 39.98294494020212, -21.12633439100261, 327.8770521256467, 5.630124838373623, 3.981933297398156, 36.0, 0.0
28, 0 ,1.0,1.0,1.0,284.75810593201896,77.26489533011272,283.69284501893196,10.733013063860573,13.511887439235668,10.263367737437704,44.0,67.0,46.0,-0.43002460982800245,0.8922753810412245,0.1375626378418625,14.137938056773772,-0.5716918445532135,-0.38705439385651524,0.7234343999753607,11.402917152927944,0.69874692830353,0.2324511574161396,0.6765494731372411,8.555558241268834,68.14625437310497,66.44704634935056,48.167227856263594,18.938950811747844,6.6649479415561625,45954.0,218106.85885030092, 0.0, 0.0,0.0,NaN, 80.42451547090229,80.42451547090229,9.5367431640625E-7, 115.19756942900173, -36.0337168366293, -30.99741773881541, -36.0337168366293, 182.57110217057462, -0.36294995899073024, -30.99741773881541, -0.36294995899073024, 105.33671731387713, 5.4742445594582865, 4.168912113369522, 10.0, 0.0
29, 0 ,1.0,1.0,1.0,63.019862822923194,38.319876749529975,30.27254369472878,12.331590504618706,15.249453778842613,16.04548788591271,62.0,74.0,68.0,-0.34028577130218707,0.4492912780072012,0.8260405204080075,16.961707374935596,0.04187365132908765,0.8848344295218495,-0.4640200746272875,14.840379245421245,0.9393892649874418,0.12331009625898168,0.31991003264504675,11.581678341361274,86.67951813487404,79.86562053007364,62.94240805910799,24.171371790686557,7.603711737045287,114888.0,435732.2581877554, 0.0, 0.0,-3.552713678800501E-15,34.305873664036255, 79.72667662751589,79.72667662751589,0.0, 152.06812437360225, -20.28787130720724, -44.83832031814901, -20.28787130720724, 232.54584055305725, 21.641059285728097, -44.83832031814901, 21.641059285728097, 257.4576814969715, 5.6635777411654145, 4.067412020184922, 24.0, 0.0
30, 0 ,1.0,1.0,1.0,119.80819942315615,234.55783153805405,74.65617948868876,12.088530399482124,14.102350109207185,14.942296556001123,64.0,70.0,77.0,-0.21976997572395462,0.44599571297542884,0.8676341289840038,15.259442700657392,0.20438867168924726,-0.8485891687432386,0.48797714452294216,14.00712223043422,-0.9539006387750234,-0.2845773123409494,-0.0953379496601657,11.799618954710857,74.43351809583234,68.05464769344448,63.75412046553646,22.82309038761392,6.88386645339078,101934.0,322949.4841366839, 0.0, 0.0,0.0,NaN, 155.59635984774124,155.59635984774124,1.9073486328125E-6, 146.13256721920345, -19.05698624207332, -12.16951198635063, -19.05698624207332, 198.8762786026559, 12.636944708480053, -12.16951198635063, 12.636944708480053, 223.272226367483, 5.57161018762264, 4.166101329647828, 35.0, 0.0
31, 0 ,1.0,1.0,1.0,26.542221673704347,187.2177684529739,127.72154588009204,13.699340593492924,13.28457079088886,15.804731966232131,61.0,72.0,78.0,0.426622472761156,-0.10565255676810294,0.898237609423876,16.419707199095352,0.4763329183959182,0.8704992360033249,-0.12384680444022396,13.35253116402133,-0.7688304212162681,0.48069597186370344,0.4217003273017764,12.885822958931092,79.85918897990192,84.72896653574192,73.68925399326126,23.71289485818487,7.186092384858609,113437.0,498609.97714740527, 0.0, 0.0,0.0,NaN, 172.44452605433295,172.44452605433295,3.3036247397782844E-6, 187.67193269652304, 0.4096855346533869, 38.96355823943929, 0.4096855346533869, 176.4798210981375, -11.148367356998811, 38.96355823943929, -11.148367356998811, 249.78955252443978, 6.068205575698841, 4.162377559719732, 28.0, 0.0
32, 0 ,1.0,1.0,1.0,107.37455532789461,206.82400412303747,278.7236433572587,11.125404279285158,15.46337272689936,11.793932544353884,55.0,84.0,48.0,0.23104799968731565,-0.9713061857516334,0.056401377297937434,15.685501679999787,0.3835028828252985,0.1441951757830987,0.9122134016476448,12.00312332134528,-0.8941713262597815,-0.18913499094957364,0.4058147292710418,10.577212719266935,86.4070961812552,60.4261554717217,58.113838410078486,21.35337736324186,6.7838511564083515,79553.0,303426.799049498, 0.0, -2.8421709430404007E-14,0.0,13.758647427117818, 143.74889457493563,143.74889457493563,0.0, 123.7746203775365, -28.326912257917897, 13.01213780603844, -28.326912257917897, 239.11589609101495, -3.1143925352283044, 13.01213780603844, -3.1143925352283044, 139.0968448607697, 5.416555205806113, 4.053563244810542, 28.0, 0.0
33, 0 ,1.0,1.0,1.0,214.4826831870467,133.23110302226127,203.2923999677243,14.619550698663222,13.229519943455617,17.022438079217647,81.0,63.0,84.0,0.49072607442675603,0.13960075415358508,0.8600578755627184,18.289134641081244,-0.6652885003990957,0.6974436294650319,0.2663899302814677,13.877414809233022,-0.5626536511162338,-0.7029110990433951,0.4351285508067457,12.306086746758918,88.77481727009766,66.18054154075334,63.494542696859384,24.785890303835114,8.010898861682985,111539.0,373040.9455553596, 0.0, 0.0,0.0,NaN, 185.51576264947954,185.51576264947954,0.0, 213.73126263078427, -6.550185356803483, 69.96630569161829, -6.550185356803483, 175.0201979342899, 29.622184222845796, 69.96630569161829, 29.622184222845796, 289.763398160799, 5.265587947909397, 3.7199031295263105, 33.0, 0.0
34, 0 ,1.0,1.0,1.0,25.48080911706327,282.4080004757763,123.43324635547923,14.768765828029778,11.452349981228776,22.27931235440671,63.0,50.0,135.0,0.03096443826610294,-0.0285501578930829,0.999112652330629,22.29267317323063,0.9829246717778491,0.18226713003222422,-0.025254364379729416,14.863264508075208,-0.1813843796286565,0.9828344630679654,0.03370645387208684,11.303124086528715,134.76800050685242,69.88470468840553,59.21728587406113,27.34324585197177,9.898860007157351,134517.0,557721.5396765362, 0.0, 0.0,0.0,NaN, 127.25767712155101,127.25767712155101,NaN, 218.1164440831801, 16.362963441261886, 9.109584108080561, 16.362963441261886, 131.15632009255074, -10.960241900481478, 9.109584108080561, -10.960241900481478, 496.36775898521944, 5.629063194916071, 4.022838016025649, 22.0, 0.0
35, 0 ,1.0,1.0,1.0,279.03486106048285,229.0058323752909,40.561990017665366,12.832018946043458,18.478725316311532,18.243417238534644,58.0,100.0,88.0,0.1758784217951645,0.7105426195985068,0.68131928380234,20.96548561426853,0.024934694263656125,-0.6951014090586529,0.7184791522004333,15.606567642690502,-0.9840960531212491,0.10937649134419554,0.1399705017938171,12.483177939074611,110.75587219476051,83.58983201054221,66.71041371082674,27.317463108603604,9.628212783096256,142652.0,617609.3296969038, 0.0, 0.0,0.0,NaN, 84.4096198408199,84.4096198408199,0.0, 164.66071023161825, 33.93582982080618, 35.56999007123749, 33.93582982080618, 341.46328931569275, 93.53520051808145, 35.56999007123749, 93.53520051808145, 332.822272539263, 5.591218688393669, 4.219624802021238, 22.0, 0.0
36, 0 ,1.0,1.0,1.0,59.97941018983441,109.46838282094544,160.10337337468806,12.285393201240852,13.61668880013893,15.17392466874988,60.0,70.0,79.0,0.3928512375284882,0.44423552372343,0.8051848884787306,16.065800341697816,-0.30281154767067203,-0.7642585128847341,0.5693980084971386,13.544193516502247,-0.8683162279778192,0.467507994525639,0.16572025610946636,11.18203788269656,77.57313093587737,72.47905285644306,59.4910581487276,22.717843317802714,7.105820489542972,98981.0,334484.1350052668, -7.105427357601002E-15, 0.0,0.0,66.8679715325458, 187.48845997899556,187.48845997899556,NaN, 150.93088610909496, 36.740481144755776, 32.022455571651115, 36.740481144755776, 185.41421387982894, 22.181837998969858, 32.022455571651115, 22.181837998969858, 230.24798985289615, 5.323397212280047, 3.9416047557549083, 30.0, 0.0
37, 0 ,1.0,1.0,1.0,166.0769393622,156.55850957145722,252.64886457335146,15.80520874341147,11.031912219856837,13.461132940065095,82.0,58.0,70.0,-0.9818084898525433,0.10177863091688537,0.1602909839702569,15.882411194662653,-0.1850693912098837,-0.32425912828589964,-0.9276881686000269,13.718163666362445,-0.04244301698361894,-0.9404770746870718,0.3371964743252447,10.595792133960073,84.8031886370197,76.59587226923821,62.33298053258373,22.384992291813543,7.184840344431425,89746.0,404888.5004598202, 0.0, 0.0,0.0,NaN, 201.8736668640821,201.8736668640821,NaN, 249.80462342281035, -9.43199149367009, -8.995413833251359, -9.43199149367009, 121.7030872266266, 25.120421100944387, -8.995413833251359, 25.120421100944387, 181.20210003010556, 5.4680525267312525, 3.9822513103785173, 23.0, 0.0
38, 0 ,1.0,1.0,1.0,80.60660840416617,280.4935582793837,120.12898175689988,13.40429534668202,11.951280747014362,18.674416855112085,70.0,51.0,84.0,-0.396607629480306,0.055178611621805436,0.916328384945868,19.683101262792132,0.6300554890658848,-0.7096002703414248,0.31543230181661164,12.625198065727085,-0.6676319861540198,-0.7024405862070239,-0.24666729396734358,11.154460479707817,87.79034755466478,64.62425307575529,59.18079187881102,24.554623001910254,8.265142427544271,108589.0,335755.45468959917, 0.0, 0.0,0.0,NaN, 145.97567895020038,145.97567895020038,0.0, 179.67513374108125, -21.391892156861065, -88.63045204679031, -21.391892156861065, 142.83311149395618, 5.469681300490804, -88.63045204679031, 5.469681300490804, 348.7338448784943, 5.158246150865792, 3.7508853056467224, 19.0, 0.0
39, 0 ,1.0,1.0,1.0,283.4049571170037,147.69149421669684,174.15170351719254,10.445488321415688,11.148175494851785,13.930383197115475,46.0,52.0,66.0,-0.13984752407239756,-0.14537205111034807,0.9794435342411479,14.01749333266812,-0.5582228596744057,-0.8054118022011343,-0.19924624917937533,11.736441717665265,-0.8178202179866604,0.5746118652021477,-0.031484844308963866,9.65460696412722,67.53966522804684,61.88155127604284,51.94343409493702,19.74435134729396,6.13239015637113,63545.0,217095.46646721498, 0.0, 0.0,0.0,NaN, 194.74590275503536,194.74590275503536,0.0, 109.10822627283153, 22.121485236001988, -9.193276994380888, 22.121485236001988, 124.28181686401385, -7.558816653536519, -9.193276994380888, -7.558816653536519, 194.05557601847718, 5.798055156004289, 4.1606507110412165, 15.0, 0.0
40, 0 ,1.0,1.0,1.0,180.90058936658602,235.7461256901793,211.88433525652957,11.852097155592595,11.934453239020275,14.208943835109196,62.0,64.0,73.0,-0.33565237705851575,-0.01117271645550664,0.9419196633375763,14.523942066689287,0.5101314769878765,-0.8427660573170502,0.17178838383442052,12.247099157687362,0.7918985780774804,0.5381640484473852,0.2885759847901157,11.129291759787863,73.80609379597632,66.89445470053268,53.926689698627456,21.069862122838217,6.392055704842299,80595.0,266247.8445264393, 0.0, 0.0,0.0,NaN, 161.48560415787063,161.48560415787063,0.0, 140.47220698560608, -10.90740171189613, -25.2422694450611, -10.90740171189613, 142.43117411436154, -4.699529949948814, -25.2422694450611, -4.699529949948814, 201.8940849092876, 5.412027868839461, 3.878562767059862, 27.0, 0.0
41, 0 ,1.0,1.0,1.0,125.07446866933934,172.87946305986836,201.55405097949992,17.966062119571657,12.959430544112967,14.823396845570619,83.0,64.0,70.0,0.9481326234349249,-0.2492926210211164,0.1972250427375505,18.407590065713965,0.20073535320726596,-0.011526675004356585,-0.9795776915263523,14.663068244127688,-0.2464748391847751,-0.9683596051404489,-0.039113025721276534,12.514566704203201,84.11317378518302,71.92771569945748,59.8875864825643,25.43183480706673,7.980043890813914,127463.0,362323.99756072357, 0.0, 0.0,0.0,NaN, 203.7028681766946,203.7028681766946,0.0, 322.77938808430764, -43.206254861129956, 22.593450241266655, -43.206254861129956, 167.94684002768813, -8.30009932883257, 22.593450241266655, -8.30009932883257, 219.73309404127295, 5.750169988549494, 4.125990532381443, 32.0, 0.0
42, 0 ,1.0,1.0,1.0,29.452598603122432,117.37778605176663,96.42042419884963,12.439144692935773,11.224832986874581,13.708083373648531,59.0,53.0,67.0,-0.39798182985446545,-0.17362993175341596,0.9008124721078163,14.02632327642862,-0.8613207003091112,-0.2673073188069231,-0.43205722830578375,12.255829342614033,-0.3158118337312796,0.9478393556460705,0.04316759854020521,11.031665718455983,74.14303500959507,63.790316675893536,54.208942305391645,20.735801980864164,6.218300592958689,77888.0,256387.02999178725, 3.552713678800501E-15, 0.0,0.0,66.547926601715, 154.7316981926362,154.7316981926362,0.0, 154.7323206917922, 11.748925201611677, -16.29354706575937, 11.748925201611677, 125.99687558322775, -8.444458479497758, -16.29354706575937, -8.444458479497758, 187.91154977889929, 5.020074563555499, 3.728892526431575, 27.0, 0.0
43, 0 ,1.0,1.0,1.0,176.02369309582025,278.88092909535453,170.8972522994528,10.941158035653286,12.840042108896819,15.366784414391558,61.0,56.0,74.0,0.17985170365056274,-0.09878296474351059,0.9787212527428186,15.525553965773101,0.06354072227981725,0.9940338924528925,0.08865211372048948,12.814887927407769,-0.9816394151144042,0.04624442162503276,0.1850554299727974,10.744743143585008,74.37902739056116,59.4543519632586,62.192614120593646,21.7679439111481,6.8461888404303695,85890.0,275025.49599337456, 0.0, 0.0,0.0,NaN, 180.23223710897548,180.23223710897548,0.0, 119.70893916114048, 0.849182783687923, 22.382257440570587, 0.849182783687923, 164.86668135824345, -7.844554671481052, 22.382257440570587, -7.844554671481052, 236.1380632383873, 5.683429850924, 4.088678078082305, 20.0, 0.0
44, 0 ,1.0,1.0,1.0,178.21594515031413,158.95431316825753,39.07430959996942,14.225838794564307,11.590970613446935,13.888655241979002,65.0,60.0,67.0,-0.7086974978879267,-0.2144306940061898,0.672136395350985,17.25056561881931,0.1351483215887819,-0.9763112225185301,-0.16897138206249207,11.247300352445997,0.6924469565671636,-0.028911489971933546,0.7208892689508394,10.273074233838164,78.16594193152426,56.564784066945265,50.242195898907,21.821100011732135,7.311595440070711,78469.0,222142.8358821654, 2.8421709430404007E-14, 0.0,0.0,44.8709612455313, 190.39969396032004,190.39969396032004,0.0, 202.37448940893086, 26.41819270493927, -91.95821504251929, 26.41819270493927, 134.35059976179042, -24.22026023122631, -91.95821504251929, -24.22026023122631, 192.89474443055082, 5.756595923595202, 4.10626318523649, 26.0, 0.0
45, 0 ,1.0,1.0,1.0,121.45117003667521,89.22024601603323,212.09342983566475,17.327195740325084,13.287729761016845,12.056109172202904,86.0,87.0,75.0,0.9527069042127936,-0.11772524020274434,0.2801612437231126,17.832347154828746,0.027896938800567192,0.9519023296991767,0.3051290145476781,13.37666511666658,-0.30260752712190153,-0.28288287776478416,0.9101680954618667,11.19006113046993,90.26010621117574,81.86881229090488,68.45426635844882,23.516006076441226,8.315209017837342,92433.0,505841.95877266454, 0.0, 0.0,0.0,NaN, 174.46548105713086,174.46548105713086,0.0, 300.2317122235398, -20.194723957965525, 51.911164795725625, -20.194723957965525, 176.56376220181278, 9.24434947914216, 51.911164795725625, 9.24434947914216, 145.349768372075, 5.417654796854933, 4.057100169987661, 40.0, 0.0
46, 0 ,1.0,1.0,1.0,65.20217000916729,210.27823335133303,241.558400622873,13.710291740961065,13.57797334091331,10.653869884966781,64.0,68.0,51.0,0.7147248235970546,0.6908076387287924,0.10933084106559238,15.142825296853376,0.6993962150963027,-0.7067456910640554,-0.10656201232783413,12.033681197425468,0.003655248709136971,0.1526280918977291,-0.9882769372602664,10.569946171212322,72.84721554387892,59.34580717645551,53.375162520513186,21.094153371401312,6.393363491813503,79631.0,230750.2646790043, 0.0, 0.0,2.8421709430404007E-14,83.72325706272713, 125.36641863840099,125.36641863840099,1.3486991523486091E-6, 187.9720996222652, 41.70021375189126, 6.722134700962738, 41.70021375189126, 184.36136004655256, 11.372280591724806, 6.722134700962738, 11.372280591724806, 113.50494352580209, 5.041915950911555, 3.6726435275563722, 28.0, 0.0
47, 0 ,1.0,1.0,1.0,51.178524402157755,101.4434014356709,268.6428804032338,11.99231064777143,10.947133871979696,13.689018305441005,61.0,61.0,63.0,0.4406212960539635,-0.27738687729857353,0.8537619069543171,14.436736219530866,0.8186322037834249,-0.26610603973950603,-0.5089488093539959,11.479298107356348,-0.3683669208715936,-0.9231706753990307,-0.109825842545725,10.528572512004025,75.04985846139948,57.789555877587674,54.028266309356155,20.27582583440797,6.319443296929009,70629.0,234325.88516811447, 0.0, 0.0,0.0,NaN, 117.86973319825084,117.86973319825084,0.0, 143.815514672652, -16.483099699873716, 27.98629346296307, -16.483099699873716, 119.83974001104517, -20.272651256397285, 27.98629346296307, -20.272651256397285, 187.38922216669891, 5.128689494417174, 3.8667701717537266, 22.0, 0.0
48, 0 ,1.0,1.0,1.0,24.72784601791376,75.63417127215398,285.8007657524991,13.879696134300058,13.496275898080608,9.01327423238151,71.0,68.0,36.0,-0.7382109910285487,0.6585874578543993,-0.145969493667435,15.585999737754648,0.6551332786909203,0.7515242008715969,0.0775355573655881,11.65121171395118,-0.16076355269877723,0.038391872332398436,0.9862459856762311,8.795477136410883,80.82018620372062,62.721859521816995,41.69547734253558,20.110838213041,7.182529265837199,57721.0,211362.3954246981, 0.0, 0.0,0.0,NaN, 80.8307644769402,80.8307644769402,0.0, 192.645964780504, -51.744439692412776, 20.80645223066095, -51.744439692412776, 182.1494631171115, -12.513782338667333, 20.80645223066095, -12.513782338667333, 81.23911238811252, 5.705639238562191, 4.079933079410569, 18.0, 0.0
49, 0 ,1.0,1.0,1.0,235.43235996646473,274.84391856620846,95.14254868152554,14.793257601433725,14.905274797895284,15.132004761419788,79.0,60.0,75.0,-0.5212840628869154,-0.6661624954835248,0.5333764668517662,15.974549745463877,-0.5549896033689043,-0.21015002217931386,-0.8048748401648917,14.871461560815222,-0.6482665084149701,0.7155868205809809,0.26016540177023284,13.915410408524624,90.58983133183906,76.99870530007976,69.46561805511591,24.719209125944605,7.677626947862523,126434.0,484543.50657961646, 2.8421709430404007E-14, 0.0,0.0,58.58157662756998, 117.70264713344469,117.70264713344469,0.0, 218.84047046237666, 24.58289852079545, -4.818857456662002, 24.58289852079545, 222.1672168007723, -17.213660441960386, -4.818857456662002, -17.213660441960386, 228.97756809963113, 5.169690549869806, 3.749422403966305, 29.0, 0.0
