// Sample: .//bubblelabels.tif, Map: .//bubblelabels.tif, Thickness:(8.191250068658265):/gpfs/home/mader/Foam/NewValid/InSilicoTest/LatticeDataPhi_16.0/out_Step_05000.vtk/distmap.tif, Neighbors:(1.0):
//LACUNA_NUMBER, TRIANGLES, SCALE_X, SCALE_Y, SCALE_Z, POS_X, POS_Y, POS_Z , STD_X, STD_Y, STD_Z,PROJ_X, PROJ_Y, PROJ_Z, PCA1_X, PCA1_Y, PCA1_Z, PCA1_S, PCA2_X, PCA2_Y, PCA2_Z, PCA2_S, PCA3_X, PCA3_Y, PCA3_Z, PCA3_S,PROJ_PCA1, PROJ_PCA2, PROJ_PCA3,OBJ_RADIUS, OBJ_RADIUS_STD, VOLUME, VOLUME_BOX, Mask_Grad_X,Mask_Grad_Y,Mask_Grad_Z,Mask_Angle, Mask_Distance_Mean,Mask_Distance_COV, Mask_Distance_STD, SHAPET_XX, SHAPET_XY, SHAPET_XZ, SHAPET_YX, SHAPET_YY, SHAPET_YZ, SHAPET_ZX, SHAPET_ZY, SHAPET_ZZ, Thickness, Thickness_STD, Neighbors, Neighbors_STD
1, 0 ,1.0,1.0,1.0,129.79143651070436,15.116257354678307,180.4237869702663,21.468779339565828,9.455510692301763,11.409846149209887,86.0,38.0,46.0,-0.9843582952386472,-0.045127181307276575,0.1703005698819733,21.72821675515659,0.14368044832544918,0.3537642085108346,0.9242330948119638,11.17899215321075,0.10195428075300543,-0.9342453758429652,0.34174683956428115,9.133153289594249,87.37951874566029,55.86207145982169,45.838590616225744,24.37344700867414,9.297033873614819,88889.0,223747.37070094244, 0.0, 0.0,0.0,NaN, 74.43770375440687,74.43770375440687,0.0, 460.9084863309685, 19.378824096326685, -59.64225509746117, 19.378824096326685, 89.40668245223297, 10.599732086639303, -59.64225509746117, 10.599732086639303, 130.1845891486397, 11.07958486735627, 6.461228442265182, 10.0, 0.0
2, 0 ,1.0,1.0,1.0,180.18689543297086,165.46689096979634,91.98225029826023,12.075120051199752,16.186184327390055,15.338155728010234,58.0,67.0,80.0,0.23078861545600982,0.8870453113695427,0.3998590133449671,16.6670592065339,-0.06504613470058832,-0.3959684160602231,0.915957430147969,15.0759787434895,-0.9708272839884607,0.2374018303637755,0.03368613369797952,11.74666381572119,80.27490786221745,84.72066127878762,64.47750531583719,24.183599941388252,7.6297838988223585,116509.0,438507.8563716103, 0.0, 0.0,0.0,NaN, 100.22888357059435,100.22888357059435,0.0, 145.8085242508863, 30.92128890585828, 7.581264106252442, 30.92128890585828, 261.99256308024746, 17.19987752470226, 7.581264106252442, 17.19987752470226, 235.25902113669312, 7.7819291827319725, 5.521540940357603, 18.0, 0.0
3, 0 ,1.0,1.0,1.0,170.76995413466497,63.4106915081282,168.25356881157217,15.950291466706101,15.091502563302097,15.487904168806114,65.0,76.0,71.0,-0.7001406111774986,-0.550051254607979,0.45524360718651136,17.36503898159365,-0.4849585824418392,-0.10161189455887648,-0.8686139511889952,15.006536553453689,-0.5240403590335395,0.8289261970696451,0.19560946274568541,13.974967079415409,99.24611852882289,76.69301144832502,74.54899449289684,25.676653379414393,7.9214830850417455,147388.0,567428.4567719924, 0.0, 0.0,0.0,NaN, 76.7016771135428,76.7016771135428,0.0, 254.4117978728775, 42.38952904086061, -21.270283170101138, 42.38952904086061, 227.75344961815375, -23.965789438308633, -21.270283170101138, -23.965789438308633, 239.8751755421218, 7.8567556763801285, 5.4788171910136, 18.0, 0.0
4, 0 ,1.0,1.0,1.0,15.416516851806294,43.112294911341145,15.945309690971367,10.148766134109318,13.019329318532552,10.299810827343187,44.0,63.0,41.0,-0.2674925109493034,-0.939057184750265,0.21591516934885352,13.313637885590852,0.5782734430068088,-0.33569195984643746,-0.7435796750903761,10.620529022161296,-0.7707448226871773,0.07404398600403209,-0.6328269166506327,9.409458144287118,65.77251890564443,60.42973356827189,46.90331321494727,18.549960604432684,5.872431745222914,52843.0,186422.649475463, 0.0, 0.0,1.7763568394002505E-15,77.53077619263375, 48.482902816410075,48.482902816410075,9.5367431640625E-7, 102.99745404484419, 17.57544781714481, -15.554439874690603, 17.57544781714481, 169.50293590440128, -11.932507005776054, -15.554439874690603, -11.932507005776054, 106.08610307905596, 9.343319569212586, 5.8544736178734835, 6.0, 0.0
5, 0 ,1.0,1.0,1.0,29.929312876601347,108.48847319574952,173.26775315929197,16.443248648020738,14.441186382636685,14.07770822984447,74.0,71.0,64.0,-0.9967860788130097,0.03181843071466249,-0.07351938894904139,16.45525917243096,-0.06752713866611332,-0.8274822384152635,0.5574165683318282,14.748094925265386,-0.04309986807580395,0.5605896293850969,0.8269713833003699,13.741481029598152,76.05332426525824,78.07565128500735,72.46031447915081,24.945235680051493,7.405766409361109,138243.0,430263.03060579865, 0.0, -1.4210854715202004E-14,0.0,88.17663045398994, 99.92365249760987,99.92365249760987,0.0, 270.3804261006359, -0.9965975849130589, 4.925887631725245, -0.9965975849130589, 208.54786413805124, -13.419492020143046, 4.925887631725245, -13.419492020143046, 198.18186900463073, 7.504460174484526, 5.162815556595512, 18.0, 0.0
6, 0 ,1.0,1.0,1.0,37.69535507309056,13.24863766110198,24.549260444598218,15.684982850288417,8.309343619944368,14.216797694741421,90.0,34.0,61.0,-0.9622982219190528,-0.20151293898686687,-0.18268734907569345,16.00834739399383,0.17394934964639341,0.060404521731994565,-0.9829002581706475,14.153609822931083,0.2091022617023209,-0.9776215163217334,-0.02307411917647032,7.783916610216016,91.33576551896856,72.29776456041857,38.61980104459682,21.432790887287087,7.603728682905058,69366.0,255020.9001743845, 0.0, 0.0,-3.552713678800501E-15,79.47367042095861, 46.89490785083449,46.89490785083449,0.0, 246.01868701384174, 39.41321700911794, 10.508880023574312, 39.41321700911794, 69.04519139431018, -1.092654829282192, 10.508880023574312, -1.092654829282192, 202.117336693205, 7.602461627865922, 5.196500066306952, 9.0, 0.0
7, 0 ,1.0,1.0,1.0,161.52460681575783,175.96047842353858,138.5084646769033,15.38184930536065,14.13437472252672,14.739468308355647,74.0,59.0,79.0,0.8053655269151241,-0.430814306841211,0.40716753441016257,16.674394098536826,-0.10572815351744963,0.5714685520435328,0.8137845240474033,14.743129841703714,0.5832734569740983,0.6984430735902496,-0.41469187036074195,12.579287212715684,89.88589099220843,83.13477380431596,74.26491868982536,24.356870571525434,7.770239302919241,118138.0,554955.2408221839, 0.0, 0.0,0.0,NaN, 76.41638171687295,76.41638171687295,0.0, 236.60128805282392, -45.13724297666472, 34.19685785424251, -45.13724297666472, 199.78054879680232, 6.480531425759939, 34.19685785424251, 6.480531425759939, 217.2519260130205, 7.659086575799274, 5.037720116328679, 20.0, 0.0
8, 0 ,1.0,1.0,1.0,89.61965930729247,124.29843034326592,79.35863311203747,14.347913725760106,12.773985013522985,12.572898807827482,76.0,62.0,63.0,-0.8914172318200744,-0.4384746633076297,-0.11452199985809118,14.744937121534116,0.3689405061635667,-0.5554066069916358,-0.745255931758889,13.201054349621948,0.2631695683889138,-0.7065857842805073,0.6568700843596802,11.637615699951922,74.63309308440441,71.66884740987109,57.50564719643744,22.044024836791532,6.416858642227173,97155.0,307590.10230654944, 0.0, 0.0,0.0,NaN, 141.63404828027583,141.63404828027583,0.0, 205.86262828185528, 24.08515874678977, -2.308546026905365, 24.08515874678977, 163.1746931257098, 20.19064167103624, -2.308546026905365, 20.19064167103624, 158.07778443186973, 7.250455469253483, 4.938957719425858, 23.0, 0.0
9, 0 ,1.0,1.0,1.0,171.6789331100957,38.48411175834525,16.29552245747439,15.38403256312929,13.928406658208488,11.054744458706438,70.0,69.0,51.0,0.8198131270927924,0.46946426024505505,0.3278867868623241,16.580887206772527,0.5037204434535706,-0.8635601111112744,-0.02301411185384602,13.197782494143388,0.2723456470980847,0.1840305486870212,-0.9444366604789749,10.186710050880945,88.37168397350412,74.72286509946996,56.22661206733218,22.268309407879457,7.5497510622665285,86007.0,371285.9903507026, 0.0, 0.0,0.0,NaN, 50.484192969416604,50.484192969416604,0.0, 236.66845790342234, 35.24471568703553, 45.19167692327969, 35.24471568703553, 194.00051203642653, 27.74573385233834, 45.19167692327969, 27.74573385233834, 122.20737504730067, 7.650979323838275, 5.023276108229439, 10.0, 0.0
10, 0 ,1.0,1.0,1.0,76.13924192615984,54.66833190967998,43.08928463576045,12.734870260082221,14.388131942149597,16.588630696356876,64.0,67.0,80.0,-0.208250771105861,0.5486540644007214,0.809697680588492,18.362424249584002,0.7213736423022273,-0.4728859217987527,0.5059634108867577,12.68537625597066,-0.6604935158844729,-0.6894618354783045,0.2973057229409731,12.094649008081669,89.61160262450198,65.71675794814033,62.602193438498176,24.193670128619775,7.684025989903279,115899.0,368663.31546282885, 0.0, 0.0,0.0,NaN, 103.16247925141586,103.16247925141586,1.9073486328125E-6, 162.1769205411266, -26.80506769133856, -26.84647732466986, -26.80506769133856, 207.01834078470552, 81.30292842387298, -26.84647732466986, 81.30292842387298, 275.1826683801136, 7.557730940269464, 4.788615276891776, 19.0, 0.0
11, 0 ,1.0,1.0,1.0,60.12819216693289,73.84555270234749,139.09679115190974,12.339134748780905,15.366129501923727,12.03001101693757,63.0,70.0,60.0,-0.00767183451744103,0.974052530882622,0.22619197606523658,15.53658933143953,-0.8408408906243626,0.11614485457693509,-0.5286747293084202,12.700273222229615,-0.541227992263118,-0.19424736764358538,0.8181321534778919,11.419754783401403,69.44408959661354,65.81205118898515,54.32105424433449,22.19340468811791,6.367584756847696,98914.0,248261.23160441866, 0.0, 0.0,0.0,NaN, 113.03878093456639,113.03878093456639,0.0, 152.25424634857242, -3.845609400749793, 13.537281761871752, -3.845609400749793, 236.11793586989072, 22.553790954037964, 13.537281761871752, 22.553790954037964, 144.72116506763928, 8.021305728479499, 5.1562405046142645, 21.0, 0.0
12, 0 ,1.0,1.0,1.0,41.168783986772084,55.021402205428565,176.83292772389058,13.390193151298478,12.225119270464273,12.44152771971811,70.0,60.0,50.0,0.8126051568619536,0.26550320283133283,0.5188264722695479,13.970684401940252,-0.5099648553206068,0.7548778322938612,0.41242612023143393,12.335393254047487,-0.2821501468707615,-0.5997228589920721,0.7488149217418028,11.67049597986541,73.32935737913762,67.24870775304753,62.304332922852964,21.136862539698317,6.064278010154487,85879.0,307241.638814021, 0.0, 0.0,0.0,NaN, 72.51852669109817,72.51852669109817,0.0, 179.29727262908068, 6.580255650768077, 21.50878227089526, 6.580255650768077, 149.45354117707691, 13.093737454365835, 21.50878227089526, 13.093737454365835, 154.7916120005141, 7.432813551454557, 4.902666281108008, 11.0, 0.0
13, 0 ,1.0,1.0,1.0,78.6664425662697,185.97538097067485,27.55258355743373,12.34574907942967,8.148864409410557,14.986149143079649,60.0,33.0,60.0,-0.2223888844585707,0.019482800637258935,0.9747633582303967,15.119959592553549,0.9749574111135001,0.005581625786346954,0.22232159582110392,12.184135678443031,0.0011093169671451695,-0.9997946118743141,0.020236192402633316,8.144927091304321,63.12038643782003,61.05973953749317,33.03675404056503,20.04316909009742,6.455815243609881,62472.0,127327.42800353444, 0.0, 0.0,0.0,NaN, 84.52362974718538,84.52362974718538,1.6518123698891422E-6, 152.41752033223852, -0.2562429781834425, -17.37865385821121, -0.2562429781834425, 66.40399116295805, 3.1836482505975945, -17.37865385821121, 3.1836482505975945, 224.58466613862691, 7.2706588728808725, 4.902198271475523, 10.0, 0.0
14, 0 ,1.0,1.0,1.0,183.66361490078756,19.257195379097805,176.95285382161586,9.51741497908082,11.520848359383603,12.411200374777389,37.0,45.0,53.0,0.10822679704336093,0.5476412599560797,0.8296842838064685,13.037283472545923,-0.19223014489037057,-0.8073066493307102,0.5579458265296454,10.902912156823726,-0.9753637945900813,0.21987501981839502,-0.017900945860431783,9.407697683486887,71.1063400717637,58.08808939709607,42.04169156426897,18.58291821592863,5.658991087371117,55487.0,173650.32457692368, 0.0, -3.552713678800501E-15,0.0,56.79465644461277, 34.1890040648499,34.1890040648499,0.0, 90.58118788403199, 9.541325927710293, 4.057995865346031, 9.541325927710293, 132.72994691991184, 23.3365621336839, 4.057995865346031, 23.3365621336839, 154.0378947428744, 7.956583503168672, 5.192584611230665, 3.0, 0.0
15, 0 ,1.0,1.0,1.0,185.62531195119698,14.399366854607635,94.0047370366947,8.476041049119548,8.58960849125246,15.929863803362851,35.0,31.0,74.0,-0.23784712399893626,-0.06533450901095884,0.9691027538593273,16.324605037253807,0.40834827494454723,-0.9120039535070396,0.038735966973117104,8.726510574879963,0.8812947474910127,0.4049446761223403,0.2435967514662829,7.532628376418264,78.84094127488461,39.95603742076399,41.24047078983264,18.75802495665352,6.893598945297249,43276.0,129914.55984729789, 0.0, 0.0,0.0,NaN, 96.18141196536935,96.18141196536935,0.0, 71.8432718663596, -3.9696660147087495, -48.04048869927889, -3.9696660147087495, 73.78137403299634, -13.966398701478713, -48.04048869927889, -13.966398701478713, 253.76056079368993, 7.883006734207957, 5.195379106089466, 7.0, 0.0
16, 0 ,1.0,1.0,1.0,101.18211851920066,85.02747720784603,13.820448475918592,14.436543138007607,17.220550231086413,9.419308823388699,73.0,83.0,38.0,-0.1412484817418704,0.9803657643417647,0.1375930031368031,17.40620369333892,0.98782732950341,0.13042592862901015,0.0847717183229302,14.388297534470627,-0.06516159522125237,-0.1478920053547459,0.9868545593249156,9.147976486241857,86.42971543283834,71.98740312169062,42.5493947707988,22.982688006475836,8.092005854184686,86872.0,264735.98447121977, 0.0, 0.0,0.0,NaN, 131.09405164522,131.09405164522,0.0, 208.41377777555454, -14.475673599149937, 6.066404418713591, -14.475673599149937, 296.5473502613703, 30.94408543015002, 6.066404418713591, 30.94408543015002, 88.72337871036818, 7.671647834986001, 4.863330224366869, 15.0, 0.0
17, 0 ,1.0,1.0,1.0,77.25668963838896,123.63515890310948,126.38280549993917,11.07684832474625,13.787275588868969,14.067088287811025,57.0,62.0,67.0,0.04601449913401699,-0.6706191803739454,0.740373271251754,14.9171413185146,0.40744462177439983,-0.6641053160615886,-0.6268596408813173,13.282608154977632,-0.9120699238855329,-0.3305057398795294,-0.24268170481130816,10.569755217350691,69.99477199092286,62.38700140331255,56.35966775811019,21.685132006522117,6.357952479348321,90401.0,246109.36474757458, 0.0, 0.0,1.4210854715202004E-14,42.23677773463369, 131.22376452341047,131.22376452341047,0.0, 122.69656880943378, -20.92820723605552, -12.752325766596213, -20.92820723605552, 190.08896816342215, -28.07585434896704, -12.752325766596213, -28.07585434896704, 197.88297289707012, 7.253325223170097, 4.594818639554346, 18.0, 0.0
18, 0 ,1.0,1.0,1.0,182.95738690982998,150.1194759537477,35.58291905847455,10.558878583344988,15.166839535469263,11.457612308849868,44.0,76.0,52.0,-0.11255442770747313,-0.9772452161903424,0.1797867854891847,15.341654826419548,-0.31489851277522557,-0.13652898874383312,-0.9392543648472109,11.39074251166266,-0.9424279428451782,0.16233182887430675,0.2923661230015004,10.377110892363145,75.5291439288903,55.02443293272951,51.53309118567236,20.72771125815797,6.569764398431945,72818.0,214168.86345828007, 0.0, 0.0,0.0,NaN, 63.597653013235806,63.597653013235806,NaN, 111.48991693782148, 14.992772856771808, 3.942291711368644, 14.992772856771808, 230.03302149467348, -19.60371605659005, 3.942291711368644, -19.60371605659005, 131.27687981990798, 7.802633004719739, 5.166755123359152, 13.0, 0.0
19, 0 ,1.0,1.0,1.0,187.4017160984559,56.40463996330836,95.09679330377618,8.158903019205928,13.448994106142901,14.272836355370949,33.0,62.0,75.0,-0.06884024656686724,0.6257895069134807,0.7769482051524382,15.811970577104624,-0.1427002052264749,-0.7769640944185658,0.6131585825972425,11.701811654485532,-0.9873690656896918,0.06866068031500912,-0.14278669089850507,8.01287645248552,94.11343069269789,57.60241565679969,37.242875277900964,19.867390546293294,7.512908321824362,52328.0,201899.62125814633, 0.0, -7.105427357601002E-15,0.0,51.25984134930558, 111.28162590165314,111.28162590165314,0.0, 66.5676984768076, 0.05866960960273293, -16.301610840059976, 0.05866960960273293, 180.87544246706648, 55.696099575482044, -16.301610840059976, 55.696099575482044, 203.71385762719868, 7.925598442106255, 5.104159805939173, 10.0, 0.0
20, 0 ,1.0,1.0,1.0,156.21890206067732,187.4805199046406,10.353776819829529,17.529486604205175,7.599356860051798,6.548466878706796,81.0,30.0,25.0,-0.9937164381908948,-0.11190495576315065,0.00221841043289924,17.620661381380263,-0.10892344114371424,0.9622998639594958,-0.24922811998839176,7.441379758189211,0.025755085684448897,-0.24790371659009816,-0.9684422661481701,6.484882692238238,81.26771095250584,37.41665063859432,30.56059759709118,18.305455813621816,8.533805201111528,30621.0,92927.61232728086, 0.0, 0.0,0.0,NaN, 46.69820781427809,46.69820781427809,0.0, 307.28290060700874, 28.454135236575905, -0.23014813439405474, 28.454135236575905, 57.75022468641632, -3.261306689101262, -0.23014813439405474, -3.261306689101262, 42.882418461519926, 7.4114598727277645, 4.985758137651768, 4.0, 0.0
21, 0 ,1.0,1.0,1.0,19.15137358521404,84.96243581536618,25.445948706773265,11.401185407544054,11.231545746832829,13.86402648595714,44.0,51.0,58.0,-0.13570704050641497,-0.3467891890915509,0.9280737349403954,14.311823760089247,0.9536947384482947,-0.2995131561806144,0.02753570646934911,11.391094414459618,0.26842120820276016,0.8888358271379206,0.3713770690053697,10.665858974537727,67.44892722805258,50.297245066825695,51.48252241380427,20.313557736408825,5.975387104892006,73421.0,174654.21131995236, 0.0, 0.0,0.0,NaN, 90.73525728992225,90.73525728992225,0.0, 129.98702869719548, -0.2834953440021287, -11.049553587217193, -0.2834953440021287, 126.1476198631986, -29.441713862065807, -11.049553587217193, -29.441713862065807, 192.21123040332108, 8.03090875898546, 4.9260636602887695, 10.0, 0.0
22, 0 ,1.0,1.0,1.0,66.44313743300935,188.88566173131073,74.56903442637842,14.36521183033631,6.757509971977627,11.239887447702932,70.0,26.0,51.0,0.9958946761811359,0.005472119833871861,0.09035402513775675,14.388276947435118,0.09051343387217586,-0.07182960474973712,-0.9933014779864993,11.229152527799112,0.0010546291944891167,0.9974019068489998,-0.07203002131918217,6.726213034105547,70.6325839435587,50.71152115293877,28.14217839668987,18.43091527978308,6.217691190329,44036.0,100802.06846931287, 0.0, 0.0,0.0,NaN, 100.49258640504299,100.49258640504299,0.0, 206.35931093043428, 0.35598594275596723, 7.2883518531123785, 0.35598594275596723, 45.66394102137707, 5.848648567917609, 7.2883518531123785, 5.848648567917609, 126.33506983702993, 6.837178801818065, 4.693125537772985, 9.0, 0.0
23, 0 ,1.0,1.0,1.0,113.906182125625,83.65977172344427,64.74141776358945,11.330664683077005,12.255592447779168,11.186026321998616,54.0,54.0,55.0,0.3976070401216764,-0.9033534028262399,0.16081440000178235,12.527954061762635,0.6179705420128001,0.13408857339730676,-0.7746822985512717,11.281205103394237,-0.6782485170275616,-0.4073976976941927,-0.6115603527562798,10.931398434068404,59.51088651273412,52.141960646407206,51.12314251669305,19.379751220876138,5.304331805209728,68601.0,158635.8424221234, 0.0, 0.0,0.0,NaN, 136.3911802685367,136.3911802685367,0.0, 128.38396216032854, -12.80891982898084, -1.3249403838652416, -12.80891982898084, 150.19954624606177, -6.248178734972164, -1.3249403838652416, -6.248178734972164, 125.12718487644588, 6.960977876473616, 4.508923852606942, 14.0, 0.0
24, 0 ,1.0,1.0,1.0,49.92657471452544,85.27479228911717,77.2645329404221,12.931163137287458,11.657544753809317,11.73130531020168,62.0,59.0,56.0,-0.8460219456499576,-0.08731995176130464,0.5259487555865717,13.63839160208434,0.11648736367989804,-0.9929366846059767,0.02252630610194087,11.645630036661414,0.5202668176825876,0.08032413328567334,0.8502178967948972,10.913772473749855,65.13920188674463,60.75532752263699,54.41772043918802,20.162048799898308,5.850524954385551,73299.0,215361.04244539439, 0.0, 0.0,0.0,NaN, 125.43628308100784,125.43628308100784,1.3486991523486091E-6, 167.214980083142, 3.0322096085898367, -29.722687672610057, 3.0322096085898367, 135.89834968706714, -3.441509740732989, -29.722687672610057, -3.441509740732989, 137.62352428116614, 7.037539201629515, 4.447129179082501, 15.0, 0.0
25, 0 ,1.0,1.0,1.0,102.45098486474882,20.881923572348647,103.71873658222412,11.634454070485397,12.615398482310257,11.830196522303195,56.0,51.0,61.0,-0.07170857039848774,-0.9351432192845112,0.34693665179338634,12.757686152670896,-0.6705856880374762,-0.21228711037589165,-0.7108087068737674,11.935108614149188,-0.7383581217341003,0.2836218295450022,0.6118708539184037,11.369123824659308,63.909148438993356,61.59554641341114,58.118453048800866,20.04817597698805,5.703769818088301,74528.0,228784.3899647125, 0.0, 0.0,0.0,NaN, 138.64323557700902,138.64323557700902,0.0, 135.36052151823424, 4.124203880552137, 5.453581804622112, 4.124203880552137, 159.1482788674759, -8.878812232669906, 5.453581804622112, -8.878812232669906, 139.9535497563146, 7.311968268813008, 4.789980151457883, 14.0, 0.0
26, 0 ,1.0,1.0,1.0,143.21328170499442,72.80622058522611,113.25493066377044,12.716367496742679,9.978599649000575,11.55647211343108,59.0,47.0,58.0,-0.8544440306917215,0.2734458906454201,0.4417609571979136,13.150532316183735,0.5123508315039119,0.30248943769877,0.8037392397649445,11.511592270245812,-0.08615116872413088,-0.9130867893961752,0.3985605238325181,9.453953891382298,60.23216497882803,58.198364858197635,44.67650737707014,19.13180492947757,5.366986222843089,63531.0,156609.63270168423, 0.0, 0.0,0.0,NaN, 126.68932151041065,126.68932151041065,0.0, 161.70600231221368, -12.837343799559516, -13.775579016449754, -12.837343799559516, 99.57245095503441, 20.581959223083082, -13.775579016449754, 20.581959223083082, 133.55204770851023, 6.721265126111249, 4.557293604113996, 16.0, 0.0
27, 0 ,1.0,1.0,1.0,41.157346503051606,174.37477625137484,187.0289848821411,11.710416772379856,13.305648744734993,7.117374037085603,55.0,60.0,30.0,-0.18846028945556442,-0.9801043702434196,0.06227473587317741,13.392491510551828,0.9750620146200616,-0.17916919107846366,0.13096743340752764,11.697653112048734,-0.1172040397912597,0.08540388982966751,0.9894288193996423,6.974040829738322,63.39454419108128,56.040375963860015,31.933355397725933,18.202295367341147,5.788575476312227,46369.0,113448.16567794303, 0.0, 0.0,0.0,NaN, 50.18791185661225,50.18791185661225,6.743495761743046E-7, 137.13386098283547, 8.73742441005789, 9.72879566735679, 8.73742441005789, 177.0402885182679, -10.048280085442054, 9.72879566735679, -10.048280085442054, 50.657013183780215, 7.444796076712428, 4.889354779368265, 9.0, 0.0
28, 0 ,1.0,1.0,1.0,137.14558830347897,141.1831908875941,18.31559587654359,10.525103739575115,13.34022849661485,10.909879855012388,47.0,65.0,44.0,-0.15568907056642553,-0.9759024922572963,0.15288962983852145,13.477730665190425,-0.5346169124906883,-0.046903279404511014,-0.8437919407413339,11.082138608173663,-0.8306296829424571,0.2131065648615731,0.5144316493255577,10.163757351852242,66.18847477454557,52.61358573129955,57.6463207800309,19.378825190700976,5.676805241485163,64703.0,200748.29642390984, 0.0, 0.0,0.0,NaN, 88.00883567116324,88.00883567116324,0.0, 110.77780872881809, 12.393140068294565, 6.936974898272955, 12.393140068294565, 177.9616963418949, -10.917619861902235, 6.936974898272955, -10.917619861902235, 119.02547845080512, 7.490099218381939, 4.688986258824676, 8.0, 0.0
29, 0 ,1.0,1.0,1.0,182.43291536590834,94.55785715517688,79.64504389520343,10.167479220554089,9.602022814776117,14.702086517220733,38.0,50.0,81.0,0.11033002714890286,-0.013450132848315864,0.9938039942743664,14.752116616952684,0.8083481003509396,0.582986936527068,-0.08185096516114858,10.596252403629139,-0.5782738397751962,0.8123701901012533,0.07519335387189104,9.045568755702215,81.86160051062123,55.64228725619844,48.585732897752585,19.308616365173645,6.237399927715624,57979.0,221306.39500048544, 0.0, 0.0,0.0,NaN, 124.87243022136254,124.87243022136254,0.0, 103.3776337003992, 14.15212034365996, 12.875030584011252, 14.15212034365996, 92.19884213548106, -3.2686541635153783, 12.875030584011252, -3.2686541635153783, 216.1513479598437, 7.330195453630854, 4.6075451217380055, 11.0, 0.0
30, 0 ,1.0,1.0,1.0,59.859444220700766,10.77797595075082,109.07632855800395,11.908526041300515,7.064559140493188,15.354700830291412,59.0,29.0,71.0,0.17239616824991993,0.011461957272073515,0.9849610066942944,15.452256225144886,-0.9846207873453487,0.030743749495606064,0.17197885624220477,11.786291460323028,0.02831018015080119,0.9994615777519639,-0.01658578600442567,7.056836194669518,72.52963595631579,56.23492012308995,29.79365658503381,19.52497048540535,6.801716949247582,52143.0,121519.33600415343, 7.105427357601002E-15, 0.0,0.0,80.0728333383327, 109.39118728900513,109.39118728900513,1.3486991523486091E-6, 141.81299247633254, -2.3242662343353464, 16.997668181762037, -2.3242662343353464, 49.907995849525854, 2.604619138062839, 16.997668181762037, 2.604619138062839, 235.76683758775175, 6.757762806912189, 4.48462331410456, 13.0, 0.0
31, 0 ,1.0,1.0,1.0,56.58749681652709,147.9556860571377,20.94542403859118,11.431045221114287,12.13756949475093,12.274910623162091,54.0,62.0,49.0,-0.509505515246213,0.40488124361680194,0.7592597108374731,13.991868264070455,-0.5098634461214663,-0.8528488305406213,0.11264163774838021,12.055446385079312,-0.6931402428389466,0.32972723698961615,-0.6409653289721372,9.357171251562185,65.03297240286913,61.85960367895902,52.300539172147545,19.805810464799645,6.032635471012937,66751.0,210400.56595591863, 0.0, 0.0,0.0,NaN, 79.68353780988936,79.68353780988936,0.0, 130.66879484715977, 2.7998654040131825, -45.18117704749647, 2.7998654040131825, 147.32059323990833, 27.71616251900575, -45.18117704749647, 27.71616251900575, 150.67343080661757, 7.24755755332432, 4.5393847226259405, 11.0, 0.0
32, 0 ,1.0,1.0,1.0,12.495923849017483,103.43485226897884,109.74101126242873,8.67558287488756,14.360989784111782,13.497062945754424,35.0,72.0,65.0,-0.10106992937178629,0.8352407322277879,0.5405162241823741,14.926853446243417,-0.10659191614159313,-0.5492621049117521,0.828824048590034,12.969873068861844,-0.9891526842657034,-0.026154528011414817,-0.1445437922376967,8.523257166837432,70.75182833596544,63.598706151606365,40.651257543090836,20.43492198757147,6.788846538398656,63663.0,182919.46927989417, 0.0, 0.0,0.0,NaN, 132.7692016888081,132.7692016888081,0.0, 75.2657382190423, -7.081164190129247, -16.646878211479212, -7.081164190129247, 206.23802757936298, 24.285469491084395, -16.646878211479212, 24.285469491084395, 182.1707081616571, 7.107762860148083, 4.497756073831316, 16.0, 0.0
33, 0 ,1.0,1.0,1.0,31.736852471932245,39.993647823517826,104.11410938218108,10.105710728015481,11.724512517697956,11.607523380741121,45.0,55.0,54.0,0.19963928360630076,0.8437648057386118,-0.49820187578736197,11.920827011579416,-0.1282386751484181,-0.48156566309896254,-0.8669771359847012,11.50248510944154,-0.9714417113946372,0.23697144283845628,0.012063856834311864,9.99554409712194,58.43777087025518,58.27808780274336,47.612404436718435,18.657635891974515,5.12023486306142,60924.0,162150.78245340107, 0.0, 0.0,0.0,NaN, 108.6315961892722,108.6315961892722,0.0, 102.12538931832717, 9.108367177247558, -0.59494777731062, 9.108367177247558, 137.46419377765608, -4.211752998311038, -0.59494777731062, -4.211752998311038, 134.73459903445178, 6.9530481330996095, 4.476319481201348, 11.0, 0.0
34, 0 ,1.0,1.0,1.0,90.67644869003301,74.80734705345228,100.46535084638617,11.726926172126102,12.74717820491385,10.571872299655906,55.0,56.0,53.0,0.14931915046543473,0.978594757026922,0.14161953545926964,12.798996625349604,-0.9497983757644871,0.18177578411407677,-0.25463819372759866,11.802033999730282,-0.2749306034246138,-0.09648764599227751,0.9566103164149163,10.424658862910498,58.879490372635274,55.06213677185565,50.91612054003521,19.5791310691742,5.332303454481162,71185.0,165071.6183778279, 0.0, 0.0,0.0,NaN, 154.03085373503856,154.03085373503856,0.0, 137.52079744649618, 2.7717330524002572, 8.570302180149865, 2.7717330524002572, 162.49055218783067, 6.224806089869226, 8.570302180149865, 6.224806089869226, 111.76448392023187, 6.822457564660419, 4.447328699505102, 8.0, 0.0
35, 0 ,1.0,1.0,1.0,132.69803873697916,42.25055609809028,32.404513888888886,11.728820000012602,11.037074318432879,15.563434167853007,63.0,51.0,65.0,0.4717344206541104,0.05169603753686406,0.8802239238245676,16.90063197462464,0.30699942928991764,-0.9454469166425444,-0.1090021936787066,11.175147453770315,0.8265700132389245,0.3216483289465263,-0.4618705075019529,9.54397346209568,77.92425231696535,51.5280398244124,51.548060687793026,21.212961514053713,7.184217076595227,73728.0,206980.10210842517, 0.0, 0.0,0.0,NaN, 85.81792354061139,85.81792354061139,0.0, 137.5652185926956, -5.065183778051644, 79.64989817584213, -5.065183778051644, 121.81700951061059, 12.335468409976896, 79.64989817584213, 12.335468409976896, 242.22048309709442, 6.523633496322469, 4.253071168079708, 11.0, 0.0
36, 0 ,1.0,1.0,1.0,18.25610625202462,131.45251052802072,16.490816326530613,11.047905262494242,13.763593428436277,9.862297604536199,51.0,57.0,41.0,-0.2754698454741668,0.9588310889810759,0.06898773106721431,13.992671993677826,0.9386531188761864,0.28377262091521677,-0.19596791074794973,10.815691415060174,-0.20747695452374051,0.010772298838799071,-0.9781805921808517,9.797120928329933,64.7328830034026,54.29753313654103,45.02538314061758,19.319146368846575,5.960554703372532,61740.0,158256.83126842845, 0.0, 0.0,0.0,NaN, 72.82850232918216,72.82850232918216,0.0, 122.05621068904796, -20.770587892275035, -5.758872493604019, -20.770587892275035, 189.43650406329428, 5.434703166008826, -5.758872493604019, 5.434703166008826, 97.26491404044044, 6.940095332080989, 4.427697385194909, 7.0, 0.0
37, 0 ,1.0,1.0,1.0,98.3179043653124,134.5428790062819,16.50944067766448,10.510151167737805,12.856453543615752,10.821266247947573,49.0,59.0,44.0,-0.06260570181381729,-0.9369501021517533,0.3438095870946866,13.199146930941978,-0.719784011571461,-0.19624718581367873,-0.6658813848924648,11.469975183485417,0.6913692955190409,-0.2891566152416901,-0.6621155103722269,9.331327241204928,66.43899884139925,62.28459824779543,46.7476024713973,18.901768532034566,5.964446735299653,56193.0,193447.48562465477, -1.4210854715202004E-14, 0.0,0.0,86.41061015015967, 119.26276300280104,119.26276300280104,0.0, 110.46327756870033, 11.39570781826517, 19.44632519591769, 11.39570781826517, 165.28839771915, -22.258448513388718, 19.44632519591769, -22.258448513388718, 117.09980320896935, 7.10695756233129, 4.526034570523278, 7.0, 0.0
38, 0 ,1.0,1.0,1.0,145.6885384627903,103.9354912203616,82.9067519406337,9.482975936886001,13.346797230997456,10.999784511446942,44.0,71.0,50.0,-0.1336676789537441,0.9728500399199435,0.18893319303628098,13.495311962248303,0.04187703720870911,-0.1849290109458568,0.9818592438151243,10.896816109053963,-0.9901410330643505,-0.13915480853478654,0.01602104565587738,9.391221537704682,70.58381837860625,49.69666157378917,45.45532319406303,18.955179329259526,5.455296952395716,61449.0,159447.27970956574, 0.0, 0.0,0.0,NaN, 138.02772989050715,138.02772989050715,0.0, 89.92683261955892, -12.450872000089888, -1.1161398006185632, -12.450872000089888, 178.13699632536137, 11.718097360293358, -1.1161398006185632, 11.718097360293358, 120.99525929826802, 7.456063973138144, 4.504016505981523, 11.0, 0.0
39, 0 ,1.0,1.0,1.0,22.072201947942094,178.44894506609953,100.77382362181889,12.857071773005913,13.100553847686353,12.522948775716529,52.0,58.0,63.0,-0.6461063096414585,-0.759586511076193,-0.07466571390264781,14.021617785689742,0.4545285876958297,-0.30433532411539826,-0.8371282897279309,12.968446277846187,0.6131479426767495,-0.5748115714620502,0.5418867572700018,11.35635009773042,77.80287717158032,70.78022970069131,72.04649648233016,21.234921182675716,6.54455300972697,82754.0,396753.24900078913, 0.0, 0.0,0.0,NaN, 103.91084710572154,103.91084710572154,1.3486991523486091E-6, 165.3042945762254, 27.771050985210024, -11.657800180539647, 27.771050985210024, 171.62451111612972, 13.826593334487269, -11.657800180539647, 13.826593334487269, 156.8242460392201, 7.006787613218275, 4.556600453772987, 10.0, 0.0
40, 0 ,1.0,1.0,1.0,29.56743724650602,146.4735989552595,126.93917400203424,15.492133215687304,11.303857118385794,10.877955413141775,66.0,65.0,56.0,-0.972619500080846,-0.23160642272534565,0.0192294829585875,15.709482567411058,-0.22268831338258513,0.9050929406678819,-0.36223843506175074,11.024265652578716,0.06649227883976853,-0.3566023467470949,-0.9318870871243786,10.853156940787546,71.06330912803955,59.63569679871884,57.374182382512686,21.09344952384154,6.417139431328965,79637.0,243146.61877484585, 0.0, 0.0,0.0,NaN, 95.27430529598995,95.27430529598995,0.0, 240.0061915726018, 28.303960932867927, -2.110656277583526, 28.303960932867927, 127.77718575288121, -1.8018243612987297, -2.110656277583526, -1.8018243612987297, 118.32991397030045, 7.225964926322155, 4.479592479716396, 11.0, 0.0
41, 0 ,1.0,1.0,1.0,124.54649640915498,73.92618632122961,166.241962547822,10.3122943600486,9.879521489212516,13.506377184388567,48.0,44.0,64.0,-0.09056353561680026,0.013651015965565514,0.9957971157719288,13.531439931096891,0.81861680347139,0.570462129695986,0.06662948038971657,10.640895865928245,-0.5671549833077971,0.8212104531396489,-0.0628380184546263,9.489049111089155,64.60069129381688,51.765604202509365,47.405411397805835,18.86486664747784,5.521538811232334,59596.0,158528.14313467022, 1.4210854715202004E-14, 0.0,0.0,84.80397229901084, 110.89597522343843,110.89597522343843,0.0, 106.34341496829016, 10.712867268002498, -7.12753336163523, 10.712867268002498, 97.6049448558119, 2.1463083637804625, -7.12753336163523, 2.1463083637804625, 182.42222464697204, 7.258344279941344, 4.553800564132327, 14.0, 0.0
42, 0 ,1.0,1.0,1.0,179.37037405491444,83.14184573550868,20.57229075474201,11.487473197456627,10.891620450426823,11.20163537329651,50.0,53.0,45.0,0.8755121745571842,0.4802421600723875,-0.05334697640127123,11.734853070274905,-0.0600644533556014,-0.0013814849345060998,-0.9981935448310953,11.20050611594984,-0.47944832218419864,0.8771348580397336,0.027635975943933765,10.625815625181797,64.58606254017567,47.259841713333245,55.86714850802617,18.658870138076235,5.283241117453223,60312.0,170524.8109737885, 0.0, 0.0,0.0,NaN, 88.0986215887565,88.0986215887565,0.0, 131.96204046228436, 10.427899090731628, -0.4062015996721493, 10.427899090731628, 118.62739603615579, -0.6180353396804801, -0.4062015996721493, -0.6180353396804801, 125.47663503628763, 6.962456341362459, 4.407655723129909, 8.0, 0.0
43, 0 ,1.0,1.0,1.0,149.16083834139644,113.97180976614159,129.88007432579474,11.930781630547788,10.693849314996074,10.641548795447022,57.0,54.0,52.0,-0.9923770667344645,-0.08749632624392305,0.08678796179953246,11.950839402183012,-0.015297069435244913,0.7862351464677559,0.6177380465258064,10.76620527240317,-0.1222855555091989,0.6117014691437668,-0.781580165793096,10.545652462946354,57.52511893477006,49.91496237993596,54.037845647072515,18.543220761557965,5.108178544416325,59737.0,155162.33260078513, 0.0, 0.0,0.0,NaN, 122.07486985296617,122.07486985296617,0.0, 142.34355031581651, 2.6882979019187596, -2.7670246936108973, 2.6882979019187596, 114.35841317184199, 2.042872008380721, -2.7670246936108973, 2.042872008380721, 113.24256076587997, 6.537730705064663, 4.378015750705958, 15.0, 0.0
44, 0 ,1.0,1.0,1.0,10.13781781617451,168.05596027169562,160.07034536537316,6.608737415147869,16.304693308145414,11.548533804254477,27.0,69.0,60.0,-0.035415995203635725,-0.9957417374105625,0.0851122768014711,16.345175856554878,-0.11912364731219671,-0.0803523187685567,-0.9896226864414315,11.559761850889263,-0.9922475819747687,0.04518735716005524,0.11577063020522162,6.488004261102638,70.20221542698792,59.95815136747174,29.425386834988014,19.729168079978372,7.324410829207307,48731.0,123857.19287214686, 0.0, 0.0,0.0,NaN, 52.13035913436632,52.13035913436632,0.0, 43.67541022237533, 8.813305099737155, 10.112260378940643, 8.813305099737155, 265.84302387268184, -11.796060655668413, 10.112260378940643, -11.796060655668413, 133.3686330280084, 7.681959680842139, 4.807900703096736, 6.0, 0.0
45, 0 ,1.0,1.0,1.0,118.06116239877109,178.3871232345528,31.505421246513848,10.455355790503248,10.871813775221273,14.043059153661458,57.0,46.0,65.0,0.12874944667350968,0.12855198838655096,0.9833097000757842,14.145098089069785,-0.08710987695288433,-0.9862633894327514,0.14034384917720724,10.81300532898546,-0.9878438385283974,0.10372517990577503,0.11578271777340587,10.378507872919982,66.87696015327757,50.125288948698824,56.47111166536261,19.72001464865584,5.986596037745344,67051.0,189303.98251673052, -1.4210854715202004E-14, 0.0,0.0,82.60266639470572, 90.40841286871071,90.40841286871071,0.0, 109.3144647060098, 2.319881994528035, 11.581576225082582, 2.319881994528035, 118.19633476309104, 10.401720790208419, 11.581576225082582, 10.401720790208419, 197.20751039323486, 6.257876592519127, 4.179814931976668, 9.0, 0.0
46, 0 ,1.0,1.0,1.0,16.01842100807612,150.00321690398388,60.81016880280379,10.276888871634341,10.263112741343917,13.52418717340641,40.0,49.0,66.0,-0.10599510786007844,0.06013901011312221,0.9925463901361711,13.563984493369835,0.6933744977110937,-0.7109946177568368,0.11712582740240468,10.609346630643662,-0.7127389725794564,-0.7006211194243456,-0.03366309526704268,9.864565649700985,65.66592767589125,52.58366746277788,53.27367667465816,18.97622118839818,5.80969845446246,59063.0,183951.62446631692, 0.0, 0.0,0.0,NaN, 80.33769203411029,80.33769203411029,0.0, 105.61444487992176, -8.069815281843656, -7.87996653839907, -8.069815281843656, 105.33148314153586, 3.90368027237809, -7.87996653839907, 3.90368027237809, 182.90363870133046, 6.96400035813335, 4.397766007056785, 10.0, 0.0
47, 0 ,1.0,1.0,1.0,122.58267530936948,152.59034898186343,105.35473057028743,11.895110723723151,11.682870520208404,13.114825977798425,65.0,56.0,62.0,-0.5070199005494239,0.012169821639733803,0.8618484297648336,13.716135844957682,-0.06064120513153867,0.996918948362789,-0.04975193097182517,11.685434123059848,-0.8597985023754383,-0.0774887465151401,-0.5047197534042681,11.19374959465416,61.53383874427416,56.33906373751465,61.07306821568494,20.379454119996296,5.887243236058448,76365.0,211725.60052901562, 0.0, 0.0,0.0,NaN, 131.1443639556763,131.1443639556763,0.0, 141.4936591296335, -1.067768850873999, -27.422184134818956, -1.067768850873999, 136.48946359195457, 0.10106771990164226, -27.422184134818956, 0.10106771990164226, 171.99866042793641, 6.886951437972816, 4.389372325241385, 18.0, 0.0
48, 0 ,1.0,1.0,1.0,112.6173618847217,29.996142261831086,65.03488468044725,9.426185293333548,12.991490099523869,9.671040589096005,44.0,56.0,52.0,-0.2639025361242001,0.9645348358683777,0.005291674931143447,13.238338515953432,0.13762553287213652,0.032224010398501535,0.9899600122507466,9.682890469043373,-0.9546803989445244,-0.261981227476701,0.14124861882838136,9.063599492903444,58.25755808634093,54.32710332567706,42.67074837500299,17.945979762049074,5.394684480706357,48474.0,135051.39857490425, -1.4210854715202004E-14, 0.0,0.0,74.69824848216693, 112.98243323621938,112.98243323621938,0.0, 88.85296918425767, -23.647698834995197, 1.4517069161393141, -23.647698834995197, 168.7788150060267, 0.8455568642003094, 1.4517069161393141, 0.8455568642003094, 93.5290260759424, 6.536016323638542, 4.199517443309111, 8.0, 0.0
49, 0 ,1.0,1.0,1.0,79.42035068715727,158.45269446889174,174.24223139936362,9.392733759150072,12.470067595151564,12.015856188779669,42.0,63.0,52.0,0.13641687436109257,0.9076548158552452,-0.3969296809818219,12.596294283840926,0.09535630947751675,-0.41084574151747205,-0.9067044451858538,11.961522369844635,-0.9860515253435684,0.08584003688104806,-0.14259690542183007,9.29312574745139,57.16298455433366,59.03534668843608,42.269144358258316,18.887775687501364,5.599889536944941,59084.0,142643.00206325238, 0.0, 0.0,0.0,NaN, 93.2589585157921,93.2589585157921,0.0, 88.22344747027743, 6.730754183376351, -8.818784426149149, 6.730754183376351, 155.50258582764909, -4.921957945277467, -8.818784426149149, -4.921957945277467, 144.38079994943467, 6.4441272760041235, 4.231552422906015, 12.0, 0.0
