// Sample: .//bubblelabels.tif, Map: .//bubblelabels.tif, Thickness:(8.191250068658265):/gpfs/home/mader/Foam/NewValid/InSilicoTest/LatticeData_OldFoam/out_Step_03500.vtk/distmap.tif, Neighbors:(1.0):
//LACUNA_NUMBER, TRIANGLES, SCALE_X, SCALE_Y, SCALE_Z, POS_X, POS_Y, POS_Z , STD_X, STD_Y, STD_Z,PROJ_X, PROJ_Y, PROJ_Z, PCA1_X, PCA1_Y, PCA1_Z, PCA1_S, PCA2_X, PCA2_Y, PCA2_Z, PCA2_S, PCA3_X, PCA3_Y, PCA3_Z, PCA3_S,PROJ_PCA1, PROJ_PCA2, PROJ_PCA3,OBJ_RADIUS, OBJ_RADIUS_STD, VOLUME, VOLUME_BOX, Mask_Grad_X,Mask_Grad_Y,Mask_Grad_Z,Mask_Angle, Mask_Distance_Mean,Mask_Distance_COV, Mask_Distance_STD, SHAPET_XX, SHAPET_XY, SHAPET_XZ, SHAPET_YX, SHAPET_YY, SHAPET_YZ, SHAPET_ZX, SHAPET_ZY, SHAPET_ZZ, Thickness, Thickness_STD, Neighbors, Neighbors_STD
1, 0 ,1.0,1.0,1.0,79.58172743159457,138.22036961673808,39.762615804467,15.4367599069619,15.555082188622691,16.174027015704315,83.0,82.0,80.0,0.04399673911045594,-0.4913522816401977,0.8698489652086843,16.458332899073667,0.9986015772344377,0.047175754673986964,-0.023860807107740006,15.434866101915873,-0.029311719371941613,0.86968234631842,0.4927407427943712,15.255866898472998,90.57909315738976,82.71854283932862,92.06745456787678,26.217450241014994,7.382316105712292,167092.0,689821.903099165, 0.0, 0.0,0.0,NaN, 164.3751426876885,164.3751426876885,0.0, 238.29355642518635, -0.5656007916966299, 1.3285568344036773, -0.5656007916966299, 241.96058189480692, -16.305275172671784, 1.3285568344036773, -16.305275172671784, 261.59914990473305, 6.9973116710352565, 5.518437704979966, 53.0, 0.0
2, 0 ,1.0,1.0,1.0,58.76487069695977,262.34091037474724,12.863116152429587,14.944036950641445,17.98980276140469,8.076592045676284,85.0,78.0,33.0,-0.38283233628212426,-0.923817840271749,-1.7100061229020557E-5,18.558843977700494,-0.9209764671877168,0.38165341365573824,0.07837741212462997,14.261151852906886,-0.07239992529832265,0.03002115654939837,-0.996923758858336,8.023555377035947,87.09613509171533,73.81623453658575,36.710964858737135,23.415905762679774,7.992742968595428,88513.0,236018.7848494666, 0.0, 0.0,-1.7763568394002505E-15,89.99902023866211, 70.97166206722311,70.97166206722311,0.0, 223.32424038213685, 50.18698978363914, -10.031925554840956, 50.18698978363914, 323.63300339424376, 4.162422131217262, -10.031925554840956, 4.162422131217262, 65.23133907228143, 7.747313347589917, 5.542720898054653, 23.0, 0.0
3, 0 ,1.0,1.0,1.0,77.89604073257847,14.62068329117497,258.68958778891147,15.462485980676146,9.12112910132281,16.319004779380286,74.0,38.0,81.0,-0.6091874200320847,0.10258100079440376,0.786363672578198,17.453325656837908,0.7803803868296462,-0.09883351821278262,0.6174450481859061,14.295670750862646,-0.14105721933408688,-0.9898025429113132,0.01984406510856993,8.922365553727037,94.97853989743551,90.62176374945636,40.294984510494736,23.01482938081876,7.675351089484562,92113.0,346823.8800612115, 0.0, 0.0,0.0,NaN, 89.37621439042057,89.37621439042057,0.0, 239.08847270260634, -23.683381681236277, -47.67596872681729, -23.683381681236277, 83.19499608299783, 10.537407286100326, -47.67596872681729, 10.537407286100326, 266.30991698943666, 7.093118299677011, 5.261999242489172, 35.0, 0.0
4, 0 ,1.0,1.0,1.0,154.3990812648527,177.2513559302762,14.109463654246307,15.849502071944682,14.992822190142167,8.817198826044534,76.0,65.0,38.0,-0.7972572441602573,-0.6022249303298607,0.041303994034303446,16.974149164336644,0.5974328399026136,-0.7969973580046509,-0.0887085854892601,13.751980663891636,0.0863416958363099,-0.04604719994528762,0.9952008676329164,8.746182953643237,79.818835956328,65.91670009911587,40.78201414875669,22.427049154421855,7.124738206900592,87947.0,214570.2556426385, 0.0, 0.0,0.0,NaN, 190.96055645626194,190.96055645626194,0.0, 251.2067159285788, 47.98273857617815, -12.937461827427166, 47.98273857617815, 224.7847172252194, 2.6983319096641543, -12.937461827427166, 2.6983319096641543, 77.7429951380011, 8.23404915098034, 5.54296418690766, 23.0, 0.0
5, 0 ,1.0,1.0,1.0,16.808044255885534,163.8316695782381,12.869478412777639,10.263699576710907,14.272338312660413,8.095291856353743,41.0,75.0,36.0,-0.10893036045873132,0.990723067245356,0.08125257287178256,14.348650029594573,0.9924022599749249,0.10368243983432934,0.06623976197618354,10.211177207019722,0.05720079516048383,0.08785075809550053,-0.9944899764879754,8.026519951175217,75.27926091786308,47.13117012823588,37.72457676503703,18.35655281746698,6.133016289810855,48084.0,133846.78528881114, 0.0, 0.0,0.0,NaN, 137.8040203919134,137.8040203919134,0.0, 105.34352900097566, -11.16655623061446, 1.3671135044907383, -11.16655623061446, 203.6996409110343, 11.660896728080498, 1.3671135044907383, 11.660896728080498, 65.53375023954723, 7.601159476856306, 5.2329863065542295, 17.0, 0.0
6, 0 ,1.0,1.0,1.0,281.1237684790779,206.4450914557755,208.7113705838136,12.441058664643352,14.494341056475202,14.950568530137506,50.0,80.0,73.0,-0.3966206474752673,-0.09415929399816707,0.9131407828752729,15.461607843821536,0.052064491258636394,0.9908170770023358,0.12478304640665916,14.508886335622849,0.9165049649326941,-0.09703374296765954,0.3880761548709313,11.782031357822422,81.38267539409797,76.69698667690568,60.097428152412874,23.117783367946576,7.3453015517058615,99775.0,375116.4858493432, 0.0, -2.8421709430404007E-14,2.8421709430404007E-14,40.46461704569832, 132.06985609833714,132.06985609833714,0.0, 154.7799406970974, 7.4420101790291096, -35.8400372371788, 7.4420101790291096, 210.08592266142267, 0.24459778244460093, -35.8400372371788, 0.24459778244460093, 223.51949937433793, 7.0944327332566655, 5.050262618537043, 32.0, 0.0
7, 0 ,1.0,1.0,1.0,189.9467599546481,113.98122934695184,234.47823011250762,13.205550793349408,13.252904507452255,13.637456685896737,64.0,69.0,71.0,0.6079979643617238,-0.18996263720278067,0.7708778578990089,14.193666187566015,0.14379003416659866,-0.9285505988836027,-0.3422253809805328,13.291053684248938,0.7808091325070217,0.31891688851465216,-0.537242139834325,12.565588192259328,67.93340486605393,66.45683195504054,63.4521954743622,22.29992061121681,6.222524827793512,103193.0,286463.74815896526, 0.0, 0.0,0.0,NaN, 171.45418810023799,171.45418810023799,0.0, 174.38657175573118, -7.536268215555766, 19.496054928513725, -7.536268215555766, 175.6394778836483, -0.4189108589930655, 19.496054928513725, -0.4189108589930655, 185.9802248597096, 6.416076481151418, 4.810665394577906, 37.0, 0.0
8, 0 ,1.0,1.0,1.0,121.95564175744664,186.68133215419866,114.94752180729188,12.497856150407824,12.85277651862857,14.62863165714552,64.0,68.0,78.0,0.032780670417554704,-0.26625591502828955,0.963344806058259,14.766762678679521,0.34614017092416616,-0.9011889359104915,-0.26085529295972815,12.727923279132078,-0.9376099454035056,-0.3420033472131008,-0.06262029044543371,12.46313867958718,77.56997877821638,67.96555546582532,67.62263232994394,22.2273590906887,6.428969171528321,99508.0,356512.3801966194, 1.4210854715202004E-14, 0.0,1.4210854715202004E-14,55.31170614542489, 202.3047992719292,202.3047992719292,0.0, 156.19640835628667, -2.628176627722017, 1.3786063558446822, -2.628176627722017, 165.19386423780992, -14.521325757635505, 1.3786063558446822, -14.521325757635505, 213.9968641604401, 6.2870457484292706, 4.664220536568483, 36.0, 0.0
9, 0 ,1.0,1.0,1.0,260.3076420828252,141.04562781453137,126.59418898287997,13.78975094419108,13.313298124251695,13.34682854213491,71.0,68.0,64.0,-0.7989592179608597,-0.3901018159833729,0.4576950307812463,14.059967225738387,-0.5963457173594452,0.6122400326012984,-0.5191665704447943,13.303255238764066,-0.07769139863858848,-0.6877373885770901,-0.7217903649472914,13.072095923937688,74.53127037452282,68.08016841856325,66.30482779035654,22.460008227592876,6.409914242615533,104147.0,336437.42213996314, 0.0, 0.0,1.4210854715202004E-14,62.761528221470115, 193.63739588946538,193.63739588946538,0.0, 190.1572311028188, 6.127810544926062, -7.913687528315537, 6.127810544926062, 177.2439069452037, -6.723540630518849, -7.913687528315537, -6.723540630518849, 178.13783213314707, 6.213199540520439, 4.6352519256787605, 37.0, 0.0
10, 0 ,1.0,1.0,1.0,22.380803134182173,132.20084231145935,191.05346718903036,13.406012792131845,13.798326179757666,13.468323602886713,59.0,65.0,65.0,-0.6946691821983813,-0.1288748430650528,-0.7076906118698979,14.145527668600794,-6.520636038371759E-4,0.9839324164352355,-0.17854012070393088,13.809248865672203,-0.7193290638622137,0.12356486034822217,0.6835915616581554,12.677516229949935,74.2940704001817,64.66585516948302,64.40543401407054,22.524259963642088,6.645933953033919,102100.0,309422.3565886155, 0.0, 0.0,0.0,NaN, 172.76374060641905,172.76374060641905,NaN, 179.72117898280266, 3.505967198143578, 19.36142209295317, 3.505967198143578, 190.39380536298577, -1.6746366129114902, 19.36142209295317, -1.6746366129114902, 181.39574067207533, 6.285131668432978, 4.637520725418412, 36.0, 0.0
11, 0 ,1.0,1.0,1.0,47.0337950953879,248.75843957539968,213.8547749139945,13.362610376698063,14.41251924735975,13.159323333336877,62.0,70.0,65.0,-0.06580852078274582,0.8534061628576723,0.5170755842127246,14.990752593317058,-0.832770457004409,-0.33244220831786664,0.4426912514037387,13.976368158391619,-0.5496931912740549,0.4014724141523094,-0.7325689702285112,11.806198690235268,69.81881360847859,66.76682066002945,63.69029433247809,22.764000617762537,6.422470988704758,108714.0,296897.4154314893, -7.105427357601002E-15, -2.8421709430404007E-14,0.0,37.458678106516224, 110.71980491737443,110.71980491737443,NaN, 178.55935607943874, 10.697743556487607, -23.53129719294669, 10.697743556487607, 207.72071105551524, 29.42233975399927, -23.53129719294669, 29.42233975399927, 173.16779059130437, 7.013529513853581, 4.918140406425079, 42.0, 0.0
12, 0 ,1.0,1.0,1.0,264.2112161624204,281.5733777866242,25.441451035031847,15.823060740206785,11.19516758805469,14.111572572118643,74.0,51.0,63.0,-0.9442302382321921,-0.1602749086772304,0.2876477200613342,16.0601294731851,-0.31053772849650935,0.1428696133084053,-0.9397630513982421,14.024098446133872,-0.10952431870688124,0.9766781594986206,0.1846732150859493,10.96514537289641,84.29256130733043,71.2549527539077,55.218308718547405,22.894392097085618,7.119292062829949,100480.0,331655.6555041238, 0.0, 0.0,0.0,NaN, 47.61979510177882,47.61979510177882,0.0, 250.3692511882733, 17.44660831244569, -15.0903952559357, 17.44660831244569, 125.33177732463028, -16.61126909316604, -15.0903952559357, -16.61126909316604, 199.13648045817115, 6.301995143620594, 4.7232357461404915, 24.0, 0.0
13, 0 ,1.0,1.0,1.0,135.68793493594902,21.18573362747233,249.548073736733,15.013399852601212,12.788111593857726,13.77073011300362,72.0,55.0,68.0,0.8741253960651486,0.13656267114383713,0.46610667105718057,15.58606500574906,0.3565159124641488,0.4713217954665564,-0.8066921155422535,13.357132289114775,0.3298502631707332,-0.871324510138583,-0.3633075858249542,12.539241434946586,81.81364714317476,72.50248075313962,61.54708081558479,23.009509311148395,7.009526544386339,105619.0,365078.3501214677, 0.0, 0.0,0.0,NaN, 146.30600760115996,146.30600760115996,0.0, 225.40217513408612, 13.788426138871689, 28.822868142688474, 13.788426138871689, 163.5357981369584, -2.5984487875619195, 28.822868142688474, -2.5984487875619195, 189.63300784518466, 6.836032805940137, 4.685674315330548, 31.0, 0.0
14, 0 ,1.0,1.0,1.0,144.34696693841104,151.88484686836827,58.75457191562395,12.349929578925936,11.848515892630669,13.836617012820547,62.0,65.0,69.0,0.3368540070032117,0.15374168894658358,0.9289202716303117,14.030383821942932,-0.730152400451315,-0.5802529865546022,0.3608101214068783,12.609884709779172,-0.5944803193387164,0.7997937013219819,0.08320568036271107,11.335748640335392,71.71229970577802,66.37203943175848,60.46243624039765,21.159721593403532,6.05196182337788,86233.0,287782.54891031014, 0.0, 0.0,-7.105427357601002E-15,21.732874193640548, 215.0028957305312,215.0028957305312,0.0, 152.52076060442974, 16.466136881454283, 13.350459896843763, 16.466136881454283, 140.38732885792155, 3.3740667624011693, 13.350459896843763, 3.3740667624011693, 191.451970359475, 5.606952617911624, 4.459736935565576, 32.0, 0.0
15, 0 ,1.0,1.0,1.0,34.20718935265073,10.65876202354308,71.98686166305035,15.20678536063988,7.315879309430317,13.752853643979906,75.0,31.0,65.0,0.9744483173609185,-6.170525604162064E-5,0.22461182734873086,15.284274036797294,0.22455901789128369,-0.021417582932751374,-0.9742250944340437,13.668922951945666,0.004870757248812172,0.9997706153582329,-0.020856471179062072,7.311696583509908,78.69904289629923,68.08320567979531,31.591609960076322,20.542018016690076,7.206586586552097,58531.0,169270.4721969247, 0.0, 0.0,0.0,NaN, 80.4105046830187,80.4105046830187,0.0, 231.24632100457137, -0.6523176959133212, 10.250129480312724, -0.6523176959133212, 53.522090070150604, 2.780519519504427, 10.250129480312724, 2.780519519504427, 189.14098335273138, 6.278627315279551, 4.537846972000252, 27.0, 0.0
16, 0 ,1.0,1.0,1.0,218.6428265402302,29.75367741566936,269.7599706758828,12.549726721179765,13.986536239109505,14.245158613087838,68.0,65.0,64.0,-0.29472600837068974,-0.623163767228052,0.7244332261872192,15.006466982445252,-0.08339036602448659,-0.7384421735323273,-0.6691406453079607,13.41699792560406,-0.9519362514602446,0.25762390332225443,-0.16567225957541384,12.281428908126466,76.39059129681505,75.28024357306776,60.68724418244517,22.64834601507078,6.56473940365074,105033.0,348994.27588495496, 0.0, 0.0,0.0,NaN, 91.75363952804408,91.75363952804408,0.0, 157.49564077629338, 15.454268736957262, -14.248300058974458, 15.454268736957262, 195.62319596792344, -19.14974378217832, -14.248300058974458, -19.14974378217832, 202.92454391203063, 6.2767259315368875, 4.622736529101773, 36.0, 0.0
17, 0 ,1.0,1.0,1.0,161.95940409683428,256.2435878336437,281.9022594661701,15.04100468277109,13.252592388079734,10.116471004447414,73.0,69.0,44.0,-0.9155245545955344,0.39893913556484667,-0.05159802367747271,15.42097383865505,-0.40151964718856575,-0.8984962956644748,0.1774440182107773,12.904348649674272,0.0244287300983433,0.18317197600066998,0.9827773218556644,9.993866331441627,76.11208865082043,63.35100008605349,47.54061466527202,21.43945349372951,6.675016580181718,80550.0,229230.23925294002, 0.0, 0.0,0.0,NaN, 145.93614334839393,145.93614334839393,0.0, 226.23182186714186, -26.333959873171874, 1.7674039534993258, -26.333959873171874, 175.63120500458888, -13.46457148337302, 1.7674039534993258, -13.46457148337302, 102.34298558382528, 6.57148662332531, 4.854899577360632, 30.0, 0.0
18, 0 ,1.0,1.0,1.0,40.993055004365424,85.67097587110088,38.13982260496865,12.408785035300724,12.3105299028085,15.676838955147915,58.0,59.0,78.0,0.06934223033751212,-0.011489323477526937,0.9975267668277622,15.691442600923414,0.9971960988151272,-0.027403025330545266,-0.06963486706115259,12.390877881495626,-0.02813530877225849,-0.9995584373355878,-0.009556921655399564,12.30996127506813,79.15946444888313,58.20844187697453,59.205909913663454,22.50705677239351,6.687508325987236,100792.0,272805.977254084, 0.0, 0.0,0.0,NaN, 102.3454578065688,102.3454578065688,0.0, 153.9779460523032, -0.13005314797036607, 6.41072580982111, -0.13005314797036607, 151.5491464879423, -1.081376130560115, 6.41072580982111, -1.081376130560115, 245.76327962564315, 5.978565171898518, 4.4054640901871736, 34.0, 0.0
19, 0 ,1.0,1.0,1.0,190.79296264230427,282.14057916704354,60.0388437334436,14.071390009222375,10.067791741661823,13.159543992650413,66.0,43.0,69.0,0.9822777293971876,0.15957184413706335,-0.09832237227103047,14.172114541906497,-0.09999423519931486,0.00246175994525185,-0.9949849710748784,13.150236764121702,-0.15852954064530156,0.9871832485899815,0.018374396483172843,9.937831146595487,67.69134309216446,68.14168302844377,47.05851352511101,20.81126707010899,6.279268140173127,77387.0,217062.19570910055, 0.0, 0.0,0.0,NaN, 125.89598356493605,125.89598356493605,0.0, 198.00401679164327, 15.983464398598956, -2.4804766395229607, 15.983464398598956, 101.360430553474, -1.7833819759924598, -2.4804766395229607, -1.7833819759924598, 173.17359809450159, 6.132591702652961, 4.6722137891689375, 33.0, 0.0
20, 0 ,1.0,1.0,1.0,281.35950829678205,105.54633848599697,169.1258215162742,10.594431880716387,12.094080718627557,13.007351696040184,44.0,62.0,67.0,0.09634027159153578,-0.4366150431186432,0.8944751847827718,13.252143985505155,0.31534543400424797,-0.8389731265684114,-0.44348771138408755,12.001970021094477,-0.9440740486436123,-0.3247943919136046,-0.05685766139343133,10.39391018089376,68.76983839181972,58.93621379487858,51.62258755263292,19.865988414775508,5.748258671311676,70449.0,209228.09725843242, 0.0, 0.0,0.0,NaN, 169.16130790617723,169.16130790617723,0.0, 112.24198687513976, -12.37097921666523, 0.7875387650260531, -12.37097921666523, 146.26678842867884, -12.995255352664707, 0.7875387650260531, -12.995255352664707, 169.19119814447944, 6.220957189189186, 4.627688543851429, 21.0, 0.0
21, 0 ,1.0,1.0,1.0,278.34248979770945,206.93887401816667,11.471762692527097,12.673710044255817,12.36208458403943,7.2568671730839664,48.0,67.0,28.0,-0.8285432900053521,0.5591181778931604,-0.030047957277309724,12.930531248638168,-0.5595385584330392,-0.8287718258002409,0.0073390998365909475,12.09768515921754,0.020799476286272895,-0.022893752623090242,-0.9995215144643207,7.249383293290492,67.75603477219222,60.33647013454356,29.64694510355678,18.160153402002383,6.026193751643771,45578.0,121201.45415971354, 0.0, 0.0,0.0,NaN, 96.2342052310021,96.2342052310021,0.0, 160.6229262858708, -9.611694752371434, 2.469015410277947, -9.611694752371434, 152.82113526294532, -2.4966139176493023, 2.469015410277947, -2.4966139176493023, 52.662121167783674, 6.482816848130197, 4.681035503340169, 15.0, 0.0
22, 0 ,1.0,1.0,1.0,52.267952803572854,188.88808552924647,49.683719973957444,14.111998064140716,11.119405453946632,13.247339828901872,72.0,57.0,73.0,-0.8214670987876338,0.07099607075077499,0.565819196870678,14.818784970537342,0.5665626951127108,0.21435125679207578,0.7956508349887401,12.537041602869834,0.06479597299253893,-0.9741730321917195,0.21630623022544132,11.02306125352059,75.72521273009986,64.99340418896993,58.66127473971605,21.41407318535016,6.302313001308171,87549.0,288709.63856487215, 0.0, 0.0,0.0,NaN, 132.46232844882044,132.46232844882044,0.0, 199.1484893623113, -1.3887834062135875, -29.51239176768498, -1.3887834062135875, 123.6411776492581, 10.023702021780249, -29.51239176768498, 10.023702021780249, 175.49201254240987, 6.045275230431421, 4.3032754551755055, 32.0, 0.0
23, 0 ,1.0,1.0,1.0,91.45633288568071,268.2698715796542,39.487462229310054,11.455322019351266,14.836654804405965,13.55334751036842,62.0,62.0,74.0,-0.02975522090426113,-0.8704386712480113,0.4913767866158669,15.382993252819382,0.3006996909927613,-0.4766173143906309,-0.8260845183514341,13.087039665478413,-0.9532545948831282,-0.12317652056727017,-0.2759224929489157,11.275498590610276,75.71853439907602,72.88853494937283,58.7325328434237,22.17991963863848,6.564687495417641,95312.0,324145.6146857311, 0.0, 0.0,0.0,NaN, 104.54817811793407,104.54817811793407,0.0, 131.22440256703396, -3.4891387704117696, -12.563965525869042, -3.4891387704117696, 220.1263257851026, -29.457838503675088, -12.563965525869042, -29.457838503675088, 183.69322873680983, 5.7864642713924965, 4.2553193625028385, 33.0, 0.0
24, 0 ,1.0,1.0,1.0,68.76600511799829,62.3305317031561,161.4491555302815,13.586910939168117,12.63875283473135,11.903655486028166,66.0,61.0,59.0,0.9598820593923707,-0.20611749915940827,0.19011051679729024,13.719420002744185,0.1310609196774237,0.9291621781732328,0.34565977779556767,12.681349624703374,0.24789003084022837,0.3068765601877156,-0.9189000540958665,11.704705143689136,65.59084128753061,61.98518561936447,64.92158060550385,21.218777348043357,5.983537738706454,87925.0,263949.1040565089, 0.0, 0.0,0.0,NaN, 166.7638904126395,166.7638904126395,NaN, 184.60414886888626, -7.233968049351924, 10.426191934945233, -7.233968049351924, 159.73807321742973, 5.642088620744598, 10.426191934945233, 5.642088620744598, 141.69701393004846, 6.306595701596125, 4.391176911211022, 36.0, 0.0
25, 0 ,1.0,1.0,1.0,123.97951839238702,169.03798033958893,274.64507402845203,13.072352515879393,11.687884387222311,12.937758101321178,66.0,57.0,60.0,-0.9292387679120272,0.324847794251111,0.17603756070658946,13.227258200964787,-0.2243762679858746,-0.1176055276443811,-0.9673800857120322,12.977169838516428,-0.29354829683387607,-0.9384257298463604,0.182171751345416,11.467838937834122,67.71968539026145,63.14002771526708,63.5106014792331,20.92325080304329,6.090665174650516,82806.0,271560.07863480266, 1.4210854715202004E-14, 0.0,0.0,21.683537917377553, 182.1121737978129,182.1121737978129,0.0, 170.8864002994183, -12.141977457479626, 0.9010222152047576, -12.141977457479626, 136.60664144907508, 6.682236096182813, 0.9010222152047576, 6.682236096182813, 167.38558468830178, 5.6833778884670965, 4.226834046890986, 29.0, 0.0
26, 0 ,1.0,1.0,1.0,277.47654692828985,207.28371794303936,287.75056473402134,13.271864755945655,12.968867674381823,7.048436894251536,56.0,61.0,31.0,0.9844677078631032,0.059395988064453106,-0.1652133432160227,13.401498566968327,0.07444238896942171,-0.9934736382013051,0.08642025759964357,13.0128207849056,0.15900208457530754,0.09737682887068579,0.982464294669173,6.714217518628603,61.755156719441345,61.13062450016932,36.307478680208646,18.755683883343192,6.499131293957648,45154.0,137065.49905777074, 0.0, 0.0,0.0,NaN, 96.19596437000261,96.19596437000261,0.0, 176.14239410011243, -1.3234938809036503, -21.079852326409053, -1.3234938809036503, 168.19152875562577, -11.98791878477094, -21.079852326409053, -11.98791878477094, 49.68046265224623, 5.870772081807981, 4.387988812870445, 17.0, 0.0
27, 0 ,1.0,1.0,1.0,13.139308245994973,250.29759441946348,81.47979962044145,8.393579037839801,12.285494426766485,13.73888405969589,34.0,70.0,59.0,-0.08703057219350024,0.14202981007080173,0.9860290120249625,13.79166606505468,-0.12329745764986409,0.9806387468216445,-0.15213607451605196,12.31551807227349,-0.9885461124503759,-0.13481535996809033,-0.06783363675878173,8.261987614482619,57.05010773151231,70.87261500009296,37.55087552841769,19.309474037181833,6.106282829002077,58489.0,151829.09156797416, -1.7763568394002505E-15, 2.8421709430404007E-14,0.0,80.85671502116826, 96.34276458490649,96.34276458490649,0.0, 70.45216906446373, -11.5927234066199, -8.900432684904144, -11.5927234066199, 150.93337331011037, 4.634283502993673, -8.900432684904144, 4.634283502993673, 188.7569352057658, 7.6862600257167655, 4.964091028871115, 24.0, 0.0
28, 0 ,1.0,1.0,1.0,60.291597689964995,44.21025362364627,34.98654164507854,11.95777324321719,12.055525626496342,13.98099044425009,63.0,60.0,67.0,-0.39248489192957164,-0.46154771864396676,0.7955685470288418,15.108899200038842,-0.6421242054221737,-0.4817826342036169,-0.5962901962893284,11.816875557445682,-0.6585074900242018,0.7448887143690485,0.10727855697972312,10.764513453585899,79.77810357871209,60.84750462135545,55.00970108320083,21.05027054123101,6.3779497497651505,79133.0,267033.5108942604, 0.0, 0.0,0.0,NaN, 82.5450263417399,82.5450263417399,0.0, 142.98834093620096, 27.713727492125496, -25.999045258742672, 27.713727492125496, 145.33569813111, -34.44705849507571, -25.999045258742672, -34.44705849507571, 195.4680938022123, 6.386961662527759, 4.351615118233068, 27.0, 0.0
29, 0 ,1.0,1.0,1.0,135.28917112116696,142.94583509918382,174.97383351333616,12.447802319320951,11.52757581416845,11.804344778057798,59.0,53.0,55.0,-0.8591943421964762,0.47334392147423615,0.19424369833010416,12.811580070521986,0.30226538066340225,0.163270850152308,0.9391369810325603,11.82128052866623,-0.4128204476403428,-0.8656143260678714,0.2833568713055894,11.103877031502757,66.33399259604997,55.19100881133912,59.003437339666476,19.900580050957327,5.580524707140085,73147.0,216013.94245964292, 0.0, 0.0,0.0,NaN, 233.16992495003817,233.16992495003817,0.0, 154.94778258089204, -15.79794528850042, -2.1473269781957973, -15.79794528850042, 132.8850041514014, 6.276857948786161, -2.1473269781957973, 6.276857948786161, 139.3425556392604, 5.583667171645663, 4.097847236401748, 31.0, 0.0
30, 0 ,1.0,1.0,1.0,238.9458170285685,95.47677689966496,185.26929077470012,13.297309048200214,11.369273577632306,12.045253254845964,67.0,54.0,59.0,0.9300777809802441,-0.3407960197185549,0.1371619271913861,13.592723541460801,0.15385563020335508,0.022310913164277912,-0.9878414185528486,12.01874398172615,-0.33359221570893005,-0.9398724892759474,-0.07318427099206783,11.04330545656106,72.53694876713595,60.679721800325524,55.744717543393875,20.42421366873616,5.832532176814199,78198.0,245361.59348417408, -2.8421709430404007E-14, 0.0,2.8421709430404007E-14,62.312868925160736, 161.2655072382118,161.2655072382118,0.0, 176.8184279233473, -19.830684880382172, 4.593442095864403, -19.830684880382172, 129.26038168304808, -3.4316858225676232, 4.593442095864403, -3.4316858225676232, 145.0881259733773, 5.77998817374421, 4.266564519704323, 32.0, 0.0
31, 0 ,1.0,1.0,1.0,275.2021544736705,65.30933430947027,240.67410971081944,14.138756858254057,13.595681069149805,12.420147182840216,58.0,72.0,60.0,0.862049333523048,-0.35386447011695044,0.362837268429413,14.70697070300433,0.2663813513045851,0.9253893690167241,0.26962101436640995,13.46014937323156,0.4311750482688108,0.13577353387048036,-0.8919941845386158,11.896908710482089,70.53631712576566,69.45559382873572,66.52965263135529,22.239666794769846,6.6636526118826085,95615.0,325938.2016442571, 0.0, 0.0,0.0,NaN, 91.65044216640605,91.65044216640605,0.0, 199.90444549682616, -13.033678009389188, 26.230216319610474, -13.033678009389188, 184.8425437340384, 0.2915113432315359, 26.230216319610474, 0.2915113432315359, 154.26005604341375, 5.4570469989884085, 4.1367992940161535, 31.0, 0.0
32, 0 ,1.0,1.0,1.0,131.7824093112515,275.91377870823834,59.07466945804828,12.722819912850955,12.259015265016258,12.371933755797182,62.0,53.0,67.0,0.6603009428121647,0.28427936272315874,-0.6951171907319523,13.239021824464315,-0.6173727794019169,0.7324941774694632,-0.2868852230891065,12.789285579566846,-0.42761374647562334,-0.6185770153368536,-0.6591729362785095,11.241922529363618,70.51429997102868,68.16207203417844,61.24218140894496,20.713327955987285,6.014681342209464,80247.0,294354.46935422113, 0.0, 0.0,0.0,NaN, 146.41231516362143,146.41231516362143,0.0, 161.87014653483678, -7.638572282770127, -15.854227529914159, -7.638572282770127, 150.28345526790162, -17.475324460973955, -15.854227529914159, -17.475324460973955, 153.06474485783377, 6.22778219962528, 4.287375975240794, 26.0, 0.0
33, 0 ,1.0,1.0,1.0,36.028372255141164,176.52490995701174,209.24707795980015,12.310781737342229,13.191272403812766,12.695553719116786,66.0,63.0,66.0,0.28570321263376847,0.8415374327567311,0.4584631103588963,13.551461285799254,-0.3842200049615028,-0.3376809327639659,0.8592709557729971,12.479796933871542,-0.877922924907492,0.4216471711239955,-0.22685898925324902,12.138972953255381,59.4566976915645,62.9436594813038,74.04381354181483,21.202316059618312,6.099499369548887,86070.0,277103.20663879823, 0.0, 0.0,0.0,NaN, 157.417388897522,157.417388897522,0.0, 151.55534698447894, 9.813223770012469, 1.9829166448492046, 9.813223770012469, 174.00966763159224, 11.565565991102448, 1.9829166448492046, 11.565565991102448, 161.17708423498004, 5.5490681716975985, 4.211722057223673, 41.0, 0.0
34, 0 ,1.0,1.0,1.0,200.8771518793929,175.51004816717355,193.67837133834894,12.667891928367212,10.696685504139223,11.818690583173908,65.0,54.0,56.0,0.9555838943491752,0.23966407961130942,0.1715241959740028,12.810144558599438,-0.1856661638705373,0.037556154711361214,0.9818949082447139,11.795176769240031,-0.22888315021875913,0.9701291997395811,-0.08038556685485758,10.55225166276006,64.0387595915405,57.66266807500048,51.256076452488074,19.578915885818084,5.589460306694796,68719.0,189270.53227229867, 0.0, 0.0,0.0,NaN, 191.38279924838182,191.38279924838182,0.0, 160.47548590879117, 11.887030175457681, 3.5822670708006927, 11.887030175457681, 114.41908077446217, 3.1927281332805793, 3.5822670708006927, 3.1927281332805793, 139.68144710080358, 5.86770508678447, 4.2026517657909785, 34.0, 0.0
35, 0 ,1.0,1.0,1.0,32.78730226592561,288.9434587430526,207.04091492090637,13.061866190826072,6.767218231321174,13.516705171793026,77.0,27.0,87.0,0.5818122063992454,-0.054591285188302384,0.8114889697749019,14.048728279192154,0.8126773832052574,0.07877275447801828,-0.5773649833325549,12.533948600004937,0.032404124914851375,-0.9953967273069745,-0.09019605287964333,6.681487552065647,72.49791686110254,78.0776849259902,31.926690598548362,18.872131847187678,6.553743145784589,46780.0,180720.05870334955, 0.0, 0.0,0.0,NaN, 99.18994804508127,99.18994804508127,NaN, 170.6123483870452, 2.348362857917331, 19.340062066332262, 2.348362857917331, 45.79524259032568, -11.880371527024398, 19.340062066332262, -11.880371527024398, 182.70131870117635, 5.786151048743658, 4.450136948447038, 23.0, 0.0
36, 0 ,1.0,1.0,1.0,163.76496802050383,9.632478237779676,224.23207647371217,13.735559806988642,6.581255030726459,12.608398950988274,69.0,27.0,67.0,0.8725195032674553,-0.04162980063410138,0.4868025021680533,14.2054180381879,0.488569074534607,0.08078324713348928,-0.8687774895742677,12.116160681253689,0.0031584531514705794,-0.9958619516186638,-0.09082399183010725,6.508071435108434,69.667112167552,60.48163149641462,29.024601303068444,18.62062162621031,6.650014688075561,43309.0,122297.4971340608, 0.0, 0.0,0.0,NaN, 156.18433599737537,156.18433599737537,0.0, 188.66560321136186, -1.668960355068009, 23.387755580270003, -1.668960355068009, 43.31291777946233, -10.561431544665709, 23.387755580270003, -10.561431544665709, 158.97172410728223, 6.46463608607368, 4.2885915448287015, 15.0, 0.0
37, 0 ,1.0,1.0,1.0,103.76414251243708,229.52768923709374,156.89009204921206,12.112222012543485,10.919004398763276,11.817134678396956,60.0,52.0,57.0,-0.8311220444458141,0.5364159105401314,0.14660872469130853,12.860198644472838,-0.1872242588188985,-0.021671596475252852,-0.9820781123800324,11.81692262708026,-0.523625079752607,-0.8436754783834928,0.11844181283845745,10.02750625026104,60.1864807929028,58.23899499850552,53.99419931846626,19.381054297765676,5.472657988198618,67138.0,189260.47575947313, 0.0, 0.0,0.0,NaN, 190.29921074268276,190.29921074268276,0.0, 146.70592208114294, -28.746075857645657, -0.7127765557616477, -28.746075857645657, 119.22465706021177, 5.930677394031727, -0.7127765557616477, 5.930677394031727, 139.64467200737192, 5.991408431779291, 4.1436876568332295, 23.0, 0.0
38, 0 ,1.0,1.0,1.0,51.72681338122554,20.545006165228113,165.7308475848389,12.514215707435984,11.684575152073295,12.3182986857837,63.0,50.0,60.0,0.20236639081658217,0.5026474847116625,-0.8404720994660736,12.840182632224407,-0.9336762570909397,0.3579574181463213,-0.01073003908068882,12.643947750212618,-0.2954597955941279,-0.7869002433009279,-0.5417485729380535,10.96064181651251,67.92304265373241,63.42301536606589,61.07051505661215,20.24421272034282,5.920069687293715,74612.0,263084.7055508807, 0.0, 0.0,0.0,NaN, 145.3477409222144,145.3477409222144,0.0, 156.60559477223748, -8.729308145259985, -7.210544331719009, -8.729308145259985, 136.52929648444865, -19.051254304801443, -7.210544331719009, -19.051254304801443, 151.74048251218045, 5.518580030112466, 4.056029245752489, 25.0, 0.0
39, 0 ,1.0,1.0,1.0,186.98573245829598,65.55893492150683,62.903177310705715,11.829860646156913,10.854673448698502,12.701580817968301,58.0,58.0,62.0,-0.5265218780094949,-0.12014699598407583,0.8416290223925011,13.140832875399575,0.6830213881530358,0.5296805024539122,0.5029118696607501,11.729420557514608,0.5062178338451291,-0.8396447252714531,0.19682540491758593,10.432588297566623,66.23563916715159,57.14831173325106,53.946401840273865,19.67698964594749,5.6494045999442895,69178.0,204200.88486899677, 0.0, 0.0,0.0,NaN, 145.0069251167416,145.0069251167416,0.0, 139.94560290749206, 14.436477908692668, -18.418638353151923, 14.436477908692668, 117.82393567788023, 1.2002333994081673, -18.418638353151923, 1.2002333994081673, 161.3301552753803, 5.343924884533144, 3.9339951677990155, 33.0, 0.0
40, 0 ,1.0,1.0,1.0,92.31135355472965,158.7366955734058,106.40199016904448,11.340956538138657,11.782141866900554,13.264106213501265,57.0,58.0,61.0,-0.18364855754158838,0.33398775082679893,0.9245135962280656,13.39049314547527,0.6234798217668601,-0.6875442339161699,0.3722308937449885,12.592489224939857,-0.7599645512538455,-0.6447752389059963,0.08196811655306596,10.27115301490135,65.5049452371839,58.70555545341179,53.7497890960224,20.244151317482963,5.791978353689668,75069.0,206695.03945418273, 0.0, 0.0,0.0,NaN, 199.4945881084506,199.4945881084506,0.0, 128.61729519994998, -27.27847427882655, -0.21427907952787026, -27.27847427882655, 138.8188669717709, 9.20735240487183, -0.21427907952787026, 9.20735240487183, 175.93651364304284, 6.118944912752278, 4.2874618770200605, 27.0, 0.0
41, 0 ,1.0,1.0,1.0,84.67880161574209,207.8904942195434,190.98623580210958,14.071486864584884,12.351518183756719,10.541699283405087,65.0,62.0,54.0,-0.9544397168327845,0.2941141908357634,-0.050414974771170726,14.23377564418828,-0.29620847217706986,-0.9133428585598095,0.27940179621527506,12.315069657500263,0.03612987604019275,0.2816055139140926,0.9588498144081274,10.364982298461966,64.33084920355918,59.73884484341593,56.42424391014208,20.648064673490598,5.945720565663961,78973.0,216841.22549770054, 0.0, 2.8421709430404007E-14,0.0,72.89557201446388, 165.94776673035233,165.94776673035233,1.9073486328125E-6, 198.00674258018492, -14.749417188495647, 0.9189071879795625, -14.749417188495647, 152.56000144367286, -12.697669238642861, 0.9189071879795625, -12.697669238642861, 111.12742378174333, 5.612947360165489, 4.069567532621293, 22.0, 0.0
42, 0 ,1.0,1.0,1.0,24.694716278726894,11.696301210814397,265.1320653876633,13.01743317865813,7.543154441284042,14.473434960509271,50.0,34.0,79.0,-0.2748299577019898,0.09299071668909914,0.9569854862844944,14.677023079037559,0.9547065284581362,0.14443839789458607,0.26014033469083536,12.93463008236643,0.11403481428466067,-0.9851346485751545,0.12847484309299628,7.287894292024619,82.1831206590252,64.32385749773528,36.43357399770382,19.69602104500715,6.920969587897277,54261.0,192600.0898590813, 0.0, 0.0,0.0,NaN, 44.29904443925516,44.29904443925516,4.76837158203125E-7, 169.45356656082953, 11.598666253057289, -14.326391641388064, 11.598666253057289, 56.89917892506316, 18.73399505212436, -14.326391641388064, 18.73399505212436, 209.480319556092, 5.799679534444522, 4.194411955668331, 22.0, 0.0
43, 0 ,1.0,1.0,1.0,288.04816466552313,76.9785934819897,284.4099142367067,8.039423395710108,11.703200134599452,8.56017532159145,37.0,61.0,35.0,0.19193098309365303,-0.9670551746672793,-0.1672327326749798,11.868396500731148,0.5616148978231016,0.24796858451211937,-0.7893670170701352,9.07414914570322,0.8048299225748572,0.05758359353403884,0.5907054473118185,7.188518988312483,60.82992571412881,49.647439739470116,37.64971596299739,15.69506645209706,5.342163655919082,29150.0,113704.02737654184, 0.0, 0.0,0.0,NaN, 79.4455851286572,79.4455851286572,NaN, 64.63232853549104, -12.2827082418085, -16.457136177987184, -12.2827082418085, 136.96489339048864, 8.420747392236871, -16.457136177987184, 8.420747392236871, 73.27660153638328, 6.685253499941597, 4.399460393562684, 9.0, 0.0
44, 0 ,1.0,1.0,1.0,120.99836120112867,236.02942444890766,76.9927547839373,11.86660456824988,12.351747477156636,12.85250391288408,63.0,62.0,66.0,-0.07502387201765864,-0.14594836302115846,0.986443355676808,12.873743764709054,0.3680651157486622,-0.9234322190184576,-0.10863244196634506,12.422198524780663,0.9267683039446276,0.3549253614636339,0.1229979617453339,11.769644507839075,65.78867508485656,61.101134146271306,60.08023756540149,20.617585732983585,5.786534808713934,81157.0,241508.29566938052, 0.0, 0.0,0.0,NaN, 157.03732753366734,157.03732753366734,0.0, 140.8163039792089, -5.067635404811596, -2.644836103031715, -5.067635404811596, 152.5656657394453, -2.333621233215233, -2.644836103031715, -2.333621233215233, 165.18685683070058, 6.23800498812736, 4.315307183294511, 37.0, 0.0
45, 0 ,1.0,1.0,1.0,23.87220086231252,188.81239175029788,121.55285042194352,12.552437581813049,12.19382746253644,12.552507297777872,53.0,60.0,64.0,-0.6105886638705704,-0.42557477176613656,0.6678829217676947,13.738176346445025,0.6348088425855115,-0.7672360119753797,0.09146931345188178,11.948884101294452,0.4734967971676207,0.4798281104357231,0.7386242397238865,11.502401327548892,68.97757705192356,63.212213874635225,58.42228315468023,20.715388340946863,5.8899272301037815,81409.0,254734.32020054798, 0.0, 0.0,0.0,NaN, 166.45618537020246,166.45618537020246,0.0, 157.56368924531262, 9.564300307952413, -22.405190386936574, 9.564300307952413, 148.68942818610788, -16.774783076879224, -22.405190386936574, -16.774783076879224, 157.56543946076675, 6.071945343278565, 4.28923878213083, 22.0, 0.0
46, 0 ,1.0,1.0,1.0,216.80729984819484,135.69854135040592,206.20679823113986,12.766776194230115,12.855123835090467,11.175067656988885,70.0,62.0,61.0,0.6065722301175961,0.7053925978658616,0.3667307084581504,14.338706617565132,-0.7948077745840187,0.5271686832161786,0.3006223226856586,11.756036640837179,0.01872781650288654,-0.47382957095581474,0.8804174047443991,10.455812516588018,65.46971126674629,59.5338243573006,56.03062774158221,20.42983434672455,5.979029094489452,75755.0,218388.46490498082, 0.0, 0.0,0.0,NaN, 184.74924676769348,184.74924676769348,0.0, 162.99057439356076, 29.092301585812212, 14.515541424040409, 29.092301585812212, 165.25420881551102, 29.482088986925373, 14.515541424040409, 29.482088986925373, 124.88213713827905, 5.657508053314834, 3.87788754982485, 30.0, 0.0
47, 0 ,1.0,1.0,1.0,125.37227469326507,91.98671550887104,213.089681348751,12.714932164171755,10.451938549864654,12.171102970906931,62.0,52.0,65.0,0.7572572747369072,0.12784632979504168,0.6404816436214001,13.549326543228217,-0.605945920554609,0.5034450252871879,0.6159323403400815,11.738652778436922,0.24370260815440553,0.8545164846107538,-0.45870536982601356,9.88271461139713,64.81094421869011,58.04884544606834,52.78864252022717,19.66888957785978,5.673010637398561,67974.0,198601.4564479853, 1.4210854715202004E-14, 0.0,2.8421709430404007E-14,22.243080735244362, 178.1380548337023,178.1380548337023,0.0, 161.6694999394894, -3.9236742865210377, 26.69355361564526, -3.9236742865210377, 109.24301945014685, 19.478285554151864, 26.69355361564526, 19.478285554151864, 148.13574752841953, 6.1413809868861975, 4.205926834613872, 37.0, 0.0
48, 0 ,1.0,1.0,1.0,107.53455182031273,210.98986737085718,279.3805002522031,11.894481774583681,12.227238313882237,11.42444917234889,61.0,58.0,46.0,0.5733564077372112,0.7827905617335787,0.24187055663620832,12.421838336821452,-0.6284521118539972,0.6095982940688568,-0.4831540778826049,11.943418246840197,-0.5256523307405108,0.12501542436502813,0.8414634697108963,11.160411519154385,62.793269642108896,66.70993458428386,58.26544321419692,19.675435423957346,5.863389228060345,67406.0,244070.14913580028, 0.0, 0.0,0.0,NaN, 141.10863657374952,141.10863657374952,0.0, 141.47869668590334, 6.420602007139955, 9.618265657547065, 6.420602007139955, 149.50535678446974, 0.30399195431043224, 9.618265657547065, 0.30399195431043224, 130.51803889158322, 5.266034245688661, 3.979004156778234, 27.0, 0.0
49, 0 ,1.0,1.0,1.0,279.4883903533371,233.54994703059762,46.111559793107745,11.23886814734049,12.271520833182567,14.141555908678825,48.0,62.0,67.0,0.2687596971488782,0.03330059561878869,0.9626314432428839,14.366697122004148,0.1975744362628996,-0.9800573669730923,-0.021257929747915294,12.320741572763364,0.9427261359079004,0.19590463948871614,-0.2699792675428162,10.894187680254353,70.61353347265845,59.015396548398144,56.266885498504735,20.92375717698088,6.251589390674024,80235.0,234480.18617206567, 0.0, 0.0,0.0,NaN, 83.44226516871895,83.44226516871895,0.0, 126.31215723330465, -5.627584275453315, 22.55517439954227, -5.627584275453315, 150.59022355923375, 3.501893489488813, 22.55517439954227, 3.501893489488813, 199.983603518289, 5.772168272489282, 4.076463223258664, 20.0, 0.0
