// Sample: .//bubblelabels.tif, Map: .//bubblelabels.tif, Thickness:(8.191250068658265):/gpfs/home/mader/Foam/NewValid/InSilicoTest/LatticeDataPhi_16.0/out_Step_05000.vtk/distmap.tif, Neighbors:(1.0):
//LACUNA_NUMBER, TRIANGLES, SCALE_X, SCALE_Y, SCALE_Z, POS_X, POS_Y, POS_Z , STD_X, STD_Y, STD_Z,PROJ_X, PROJ_Y, PROJ_Z, PCA1_X, PCA1_Y, PCA1_Z, PCA1_S, PCA2_X, PCA2_Y, PCA2_Z, PCA2_S, PCA3_X, PCA3_Y, PCA3_Z, PCA3_S,PROJ_PCA1, PROJ_PCA2, PROJ_PCA3,OBJ_RADIUS, OBJ_RADIUS_STD, VOLUME, VOLUME_BOX, Mask_Grad_X,Mask_Grad_Y,Mask_Grad_Z,Mask_Angle, Mask_Distance_Mean,Mask_Distance_COV, Mask_Distance_STD, SHAPET_XX, SHAPET_XY, SHAPET_XZ, SHAPET_YX, SHAPET_YY, SHAPET_YZ, SHAPET_ZX, SHAPET_ZY, SHAPET_ZZ, Thickness, Thickness_STD, Neighbors, Neighbors_STD
1, 0 ,1.0,1.0,1.0,130.55204262877442,15.350976909413854,180.61147080731106,21.00144625589668,9.448654865855195,11.41211158427957,86.0,38.0,47.0,-0.9785022289596841,-0.028110958004903368,0.20431143374999097,21.34606221596363,0.18330008104553336,0.3355016411953836,0.9240344847698626,10.947627371152533,0.09452231593455204,-0.941620105347826,0.3231363628487484,9.223296441078727,87.99348252947809,55.41863755158573,45.82075577986096,24.019920347171308,9.14426273359701,87265.0,223443.94943915508, 0.0, 0.0,0.0,NaN, 73.71964690206183,73.71964690206183,0.0, 441.0607448393168, 12.33251633949294, -68.19597770780425, 12.33251633949294, 89.27707877404904, 8.654327303199095, -68.19597770780425, 8.654327303199095, 130.23629081204794, 11.231608848062782, 6.419375625030326, 12.0, 0.0
2, 0 ,1.0,1.0,1.0,180.76248203788373,165.71345961245373,92.18359242325278,11.330775638682471,16.21165210027342,15.447717513682479,49.0,67.0,79.0,0.1528400282280494,0.9003743565828254,0.407389179752374,16.551244742760225,0.0753143995722708,0.40042151116280755,-0.9132307236482803,15.218766573562295,-0.9853769162043111,0.1702604810464151,-0.006610718987063429,11.148163894636049,81.50931923817274,84.25575305969144,54.84743140211553,23.96962737056037,7.435931716566336,114825.0,376671.8145201476, 0.0, 0.0,0.0,NaN, 100.21708268127732,100.21708268127732,0.0, 128.38647657416018, 23.832276803931148, 1.9367221089404305, 23.832276803931148, 262.8176638202995, 15.648609256782116, 1.9367221089404305, 15.648609256782116, 238.6319763825324, 7.8445922980608565, 5.5323782811754985, 17.0, 0.0
3, 0 ,1.0,1.0,1.0,170.87605003508017,64.90212314090854,166.50935787471005,15.630346786120382,15.703957211917594,16.446693562953044,65.0,78.0,72.0,-0.4364051943943237,-0.6111299251984053,0.660356510403769,18.432452002308903,-0.7905537023109319,-0.09000428755250328,-0.6057425789761226,15.201749279554974,-0.42962233422871593,0.7863964920758209,0.44385268635293,13.804610604646975,103.85088474348846,79.4061451170682,73.86612384090039,26.37031763471362,8.12539782201562,158209.0,609129.4872638512, 0.0, 0.0,0.0,NaN, 78.62641515242225,78.62641515242225,0.0, 244.3077406543838, 42.67203278443586, -23.586727000846672, 42.67203278443586, 246.6142721137386, -57.997405920712666, -23.586727000846672, -57.997405920712666, 270.49372915368104, 7.687179076875345, 5.386091322169518, 20.0, 0.0
4, 0 ,1.0,1.0,1.0,16.000717746276692,44.453137149351036,15.889526885579281,10.04040124495755,11.938566069158071,10.454998489246531,44.0,57.0,41.0,0.17531893405281132,0.9183125035380595,-0.3549160706536782,12.150265284448157,0.6137167126567673,-0.38382409567440523,-0.689949896866067,10.807243167038854,-0.7698149569658657,-0.09685664368222592,-0.6308753621804047,9.392579997187706,56.220917029364486,60.89838539721539,47.67301583056844,17.984973382029327,5.40247561820016,50157.0,163221.11116203986, 0.0, 0.0,-1.7763568394002505E-15,69.2116993660583, 49.84557588655761,49.84557588655761,0.0, 100.80965715974514, 2.83327725068531, -15.796619075460614, 2.83327725068531, 142.5293597876524, -11.795146580844797, -15.796619075460614, -11.795146580844797, 109.30699341014726, 9.56323247141541, 5.887513335063202, 7.0, 0.0
5, 0 ,1.0,1.0,1.0,30.671664535696234,108.61424727186227,173.96337456513336,16.110758232046106,14.560959825908252,13.639861615224133,74.0,70.0,64.0,-0.9862997225800042,0.002816013296974657,0.16493916244396822,16.176765684667888,0.06638216750244962,-0.9085527722668542,0.41246244416175637,14.817444699387185,0.15101743302110252,0.4177606133604801,0.8959184141697234,13.280794076770189,78.27831273561216,76.03327257547998,71.79953185124819,24.610623522325852,7.207018564419888,134524.0,427333.3152411606, 3.552713678800501E-15, 0.0,0.0,9.495096668719883, 99.84995078173131,99.84995078173131,0.0, 259.55653081144135, -2.8410269710171607, -12.695702691212098, -2.8410269710171607, 212.02155105171408, -16.140760040524228, -12.695702691212098, -16.140760040524228, 186.0458248824647, 7.601861384055376, 5.179224123102914, 19.0, 0.0
6, 0 ,1.0,1.0,1.0,41.01784929218324,14.064245728186641,24.049605791494475,14.772751408334967,8.485076151009752,14.773741801734264,80.0,35.0,61.0,-0.7317008450261084,-0.20094846248615456,0.6513321647305081,15.959961530058369,-0.6396003285512717,-0.12792460822607576,-0.7579885977554746,13.84470720614891,-0.23563805529919082,0.9712131640554794,0.03492415868936388,7.88021945254527,91.73628937759992,77.86215608303493,39.675794835556715,21.26935325559411,7.490578106791866,68238.0,283395.6834029528, 0.0, -1.7763568394002505E-15,0.0,78.40757199025326, 49.584781003704734,49.584781003704734,0.0, 218.23418417246276, 38.92424673500142, -28.97938714285347, 38.92424673500142, 71.99651728843446, -12.646655408861813, -28.97938714285347, -12.646655408861813, 218.2634468243104, 7.581275098077989, 5.2350132126176545, 9.0, 0.0
7, 0 ,1.0,1.0,1.0,159.39336342542236,176.29201109419188,137.8024980059459,13.488114173476404,14.42224635393428,14.82719156622316,73.0,59.0,79.0,-0.5652273958666791,0.8221750816233565,0.06742496658804656,15.30810590046708,-0.23138952013627917,-0.07956003326416994,-0.9696025428380985,14.959570809115059,-0.7918187172155473,-0.5636473509781017,0.23521220802180792,12.314591285907238,73.746999347379,79.14388560570887,71.15024486906242,23.5699398688307,7.364370860530574,110328.0,415277.232508724, 0.0, 0.0,0.0,NaN, 77.97112879879393,77.97112879879393,9.5367431640625E-7, 181.92922395673506, -37.09882341270441, 13.0336305293301, -37.09882341270441, 208.00118989357063, 10.148837300979048, 13.0336305293301, 10.148837300979048, 219.84560974147922, 7.813952206205499, 5.101379448311981, 21.0, 0.0
8, 0 ,1.0,1.0,1.0,88.58709541381128,123.5725250395361,79.54406958355298,13.826161096912,12.457348467504433,12.761099250308009,74.0,60.0,63.0,-0.942197128104696,-0.3128316676749299,-0.12000383115128223,13.934784431049495,0.28535944888358433,-0.561504320847185,-0.776712870115334,13.38934500348582,0.17559771275310007,-0.7660608627058719,0.6183172308016457,11.65079992243535,71.43871456640464,71.41032267031602,57.81359948799095,21.716150531219487,6.132105812880173,94850.0,294933.8611185855, 0.0, 0.0,0.0,NaN, 141.47823651926524,141.47823651926524,0.0, 191.1627306777628, 10.248891625180724, -3.041529349812662, 10.248891625180724, 155.18553084083504, 21.17991402566917, -3.041529349812662, 21.17991402566917, 162.84565407621162, 7.306227631195319, 4.966720001930485, 21.0, 0.0
9, 0 ,1.0,1.0,1.0,172.30900835452235,39.53659038624531,16.673156556483836,15.076474867010823,13.032743940732281,10.86838964830901,69.0,69.0,50.0,0.9047207791059311,0.30858772038182697,0.29369019507553357,15.682455527065482,0.3429182076918492,-0.9365802921721142,-0.07228042022711065,12.790993446983173,-0.2527595986058038,-0.1661053134139474,0.9531639996182647,10.282289524644815,85.06329692653229,76.23111784816307,55.4217149679955,21.600469928974842,6.978115894366373,82590.0,359380.4598389447, 0.0, 0.0,0.0,NaN, 51.06786805063119,51.06786805063119,0.0, 227.300094415609, 20.5550875015462, 35.82118139631901, 20.5550875015462, 169.85241462469398, 16.626016719776164, 35.82118139631901, 16.626016719776164, 118.12189354747046, 7.737698860557594, 5.072534826103634, 11.0, 0.0
10, 0 ,1.0,1.0,1.0,75.93993474686725,54.658008842395795,43.46046052015095,12.790167030755676,14.318647282253886,16.8632509200714,64.0,67.0,80.0,-0.22327079409582404,0.516015854817765,0.8269690381631657,18.497765652496437,0.5996787706668198,-0.5961220238740751,0.5338763009010684,12.660735197030332,-0.7684630924874348,-0.6151147618363326,0.17634711581333098,12.268647618931576,89.43091204898712,64.0193930121091,63.97675559314648,24.338821258621604,7.784795694323244,117389.0,366286.9316794106, 0.0, 0.0,0.0,NaN, 103.1658046476519,103.1658046476519,0.0, 163.58837267462945, -25.574171171509068, -32.25609122551837, -25.574171171509068, 205.0236599935966, 78.67083498489674, -32.25609122551837, 78.67083498489674, 284.369231593289, 7.500228890625146, 4.788586002987736, 18.0, 0.0
11, 0 ,1.0,1.0,1.0,60.22964274069589,73.87255112021985,137.55508873259117,12.530024708033832,16.187825587624015,12.851479460231944,63.0,79.0,61.0,-0.2337699720272532,0.9722246370601453,0.011439198907517453,16.389319407837714,0.5439371284782103,0.12101893408225338,0.8303534294843815,13.310859691823893,0.805905701953557,0.20033390298914358,-0.5571196701534424,11.76515891811447,84.19487184136344,65.88593968609904,59.4410985092256,23.13010862498651,7.014685720140386,107345.0,329735.1239766062, 0.0, 0.0,0.0,NaN, 113.94792941021753,113.94792941021753,1.9073486328125E-6, 157.0015191839383, -27.037926849546366, 17.15820492480216, -27.037926849546366, 262.0456972553348, 5.3428494010016445, 17.15820492480216, 5.3428494010016445, 165.16052431676357, 7.807413982532405, 5.068869232167016, 22.0, 0.0
12, 0 ,1.0,1.0,1.0,42.182248359875956,55.156587059390404,175.8048159725225,13.082277409316402,12.40135836379791,12.090243539322238,70.0,60.0,49.0,0.7529400966064475,0.2854250072938608,0.592970299537484,14.338502139533404,0.37352010746168185,-0.9271999589174527,-0.027981520782254677,12.3131938613599,0.5418154115970564,0.24255473896581276,-0.8047380060374552,10.672688210986893,71.41787241183545,53.29429114547808,55.88960068788785,20.839851518271068,6.06747468212451,80939.0,212725.03559206674, 0.0, 7.105427357601002E-15,0.0,73.41574501675862, 73.53229292533908,73.53229292533908,0.0, 171.1459822143103, 6.644635889829774, 40.54119966381267, 6.644635889829774, 153.79368926734037, 16.496111421740338, 40.54119966381267, 16.496111421740338, 146.1739888401231, 7.533899495195713, 4.976241391061517, 11.0, 0.0
13, 0 ,1.0,1.0,1.0,78.66356170511919,185.95705247012208,27.541333802006775,12.348029751189642,8.159856107447744,14.99780243667873,60.0,33.0,60.0,-0.22048768040324995,0.020238221877103408,0.9751797768440682,15.129707565588467,0.9753897585801301,0.00461647034095889,0.22043935006841614,12.188852620708545,4.058803977441628E-5,-0.9997845280743465,0.020758029187927428,8.15567220593035,63.065238132531526,61.00403174030214,33.01454039251641,20.055915893477504,6.461532792906284,62588.0,127014.65531803075, 0.0, 0.0,-3.552713678800501E-15,12.792129894057313, 84.52032526591199,84.52032526591199,0.0, 152.47383873626455, -0.35516945958714424, -17.27436783618468, -0.35516945958714424, 66.58325169425227, 3.288475510637718, -17.27436783618468, 3.288475510637718, 224.9340779296465, 7.261422064626507, 4.90279644935343, 10.0, 0.0
14, 0 ,1.0,1.0,1.0,187.29364124309973,56.55511623020648,95.2918648406013,8.220232844214776,13.388681759933231,14.05947749121424,34.0,62.0,73.0,-0.06879919243000482,0.6352021037745614,0.7692756063215259,15.547444676330004,-0.1471655087395723,-0.7691286279764075,0.6219191801709872,11.730611195814419,-0.9867162632481549,0.07042329861275579,-0.14639526923400423,8.072648860004225,90.8974120387214,57.63589091408781,37.33890328932398,19.76686171849815,7.332742488973076,52353.0,195616.77152588978, 2.8421709430404007E-14, 0.0,0.0,86.05498027659537, 111.53686488991274,111.53686488991274,NaN, 67.57222801310735, 0.4836627928301069, -15.974325028070313, 0.4836627928301069, 179.2567992687688, 51.6225397589909, -15.974325028070313, 51.6225397589909, 197.66890732595988, 7.8884607138152, 5.109849066423303, 11.0, 0.0
15, 0 ,1.0,1.0,1.0,183.64322395017663,19.373511308591617,177.1807189423462,9.546425879385682,11.425842478518257,12.19881238127018,37.0,45.0,49.0,0.12324514979573739,0.5417748701158026,0.8314388872086942,12.717735523132864,-0.19123889376589387,-0.8091559758029182,0.5556026388828849,10.94801309685204,-0.973775291616615,0.22747878347976463,-0.003883877385160226,9.428433556150685,68.94097427210497,58.04278640172326,42.10386890868568,18.4424092458048,5.511142180903348,54914.0,168479.73641214613, 2.8421709430404007E-14, 0.0,0.0,82.92057333154263, 34.111532524300344,34.111532524300344,0.0, 91.13424707060469, 9.655348973994439, 4.1745574082829275, 9.655348973994439, 130.54987634391225, 18.893128779064195, 4.1745574082829275, 18.893128779064195, 148.81102351343063, 8.011056895630642, 5.189619884019957, 4.0, 0.0
16, 0 ,1.0,1.0,1.0,184.7821769375986,14.498668183816493,97.13664692647858,8.45490289884682,8.616528739550303,13.502737782871607,35.0,31.0,63.0,-0.22071552719595675,-0.1144569973075829,0.9685991182227778,13.79670917003567,0.5301976473668039,-0.8476224517306413,0.0206551216129,8.791900574911162,0.8186422361332926,0.5181078797793648,0.247768266994007,7.772205513221034,66.42592013135463,41.15554239297586,42.68408755753731,17.192750446846112,5.697649537650865,38669.0,116689.53541060984, 0.0, 0.0,0.0,NaN, 99.38471559541904,99.38471559541904,0.0, 71.48538302892837, -4.307991359686423, -27.594662984257845, -4.307991359686423, 74.24456751949633, -14.701465325798008, -27.594662984257845, -14.701465325798008, 182.32392763298847, 7.90732177531008, 5.354512459190836, 8.0, 0.0
17, 0 ,1.0,1.0,1.0,101.12188470831894,85.09700839949373,13.842020480957313,14.451128514842118,17.19342241307249,9.427610542365224,74.0,83.0,38.0,-0.14452394122566475,0.9801111652303399,0.13599608157379361,17.378357266750495,0.9871470490603539,0.13333672107154335,0.08810234018075207,14.402593375706337,-0.06821681569844891,-0.14698102804346797,0.9867841929476016,9.158970080122677,86.48386572102717,72.67990731853735,42.57874435042121,22.97642644440544,8.087803039775055,86910.0,267634.6307562222, 0.0, 0.0,0.0,NaN, 131.18682880980742,131.18682880980742,0.0, 208.83511535248294, -14.634928201309734, 6.45786994644134, -14.634928201309734, 295.6137742743434, 30.524921474225998, 6.45786994644134, 30.524921474225998, 88.87984053851591, 7.672035620825267, 4.863757738527843, 15.0, 0.0
18, 0 ,1.0,1.0,1.0,75.79709997559587,121.95720125274546,124.89248962824371,11.802172548905894,14.225342037985897,14.288389718420387,69.0,63.0,67.0,-0.12637597889099403,0.3551976000152455,-0.9262093591098898,14.363884776020505,-0.10412993923160878,-0.9332869777760749,-0.3437039029007696,14.21252675066862,0.9865019349778105,-0.053010207102120066,-0.15493175990746963,11.725724336689542,68.27699066670276,67.11636639053987,64.90879038541965,22.393298760705118,6.659570881912447,98344.0,297444.76052592206, 0.0, 0.0,0.0,NaN, 132.20066911804352,132.20066911804352,0.0, 139.29127687414785, 3.179024585102115, 10.364991642011224, 3.179024585102115, 202.36035609768876, -1.9527221910306742, 10.364991642011224, -1.9527221910306742, 204.1580807454614, 7.17356481358232, 4.5147780370550015, 20.0, 0.0
19, 0 ,1.0,1.0,1.0,182.37893300824337,148.43906014164634,36.282770231046094,10.509324269309353,13.899036408048818,11.332681835835853,43.0,67.0,52.0,0.017686888522674388,-0.999784466149447,0.010871762536603788,13.90008873175594,-0.4318103927468592,-0.0174452508078472,-0.9017956797080229,11.566465435184412,0.9017909728369375,0.0112554196064436,-0.4320258751964897,10.250034041311324,67.19114896350452,57.93942426295983,49.576995240633124,19.938789268934173,5.873965419640791,68904.0,193004.05982352272, 0.0, 0.0,0.0,NaN, 65.46351607302822,65.46351607302822,0.0, 110.44589659749457, -1.34240189681857, 11.200625061931696, -1.34240189681857, 193.1832130722666, -0.5063080198514706, 11.200625061931696, -0.5063080198514706, 128.4296775922839, 7.85931827455913, 5.217467108624121, 14.0, 0.0
20, 0 ,1.0,1.0,1.0,151.81163639043444,186.8619698588747,10.452890673937876,13.232647301748425,7.717789705795509,6.717994764391287,65.0,30.0,25.0,-0.9980870717463874,-0.059085966325439776,-0.018194663946078347,13.249856402337764,0.054485061913037036,-0.9797295938106184,0.19277266673471477,7.7276457716585325,-0.029216010012564672,0.1914125690624047,0.9810747439231509,6.672591876845065,65.13019819276303,34.96154564923444,29.242838407028174,15.709869022959102,5.744449624742177,27139.0,66587.47529740946, 0.0, 0.0,0.0,NaN, 51.02929694595171,51.02929694595171,0.0, 175.1029546124699, 6.916518291704488, 2.5391568268974907, 6.916518291704488, 59.56427794288313, -2.728563010259374, 2.5391568268974907, -2.728563010259374, 45.13145365438874, 7.6938687813658015, 5.076993743443901, 5.0, 0.0
21, 0 ,1.0,1.0,1.0,19.16197805484928,84.9920730961154,25.453968210803975,11.414045634795094,11.236959016791538,13.87773683500562,45.0,51.0,58.0,-0.13662609605882053,-0.34627480584569315,0.9281309545060187,14.325789430445067,0.9551169290257826,-0.2946367517611962,0.03067305658016796,11.401106379665855,0.26284018293268036,0.8906643269762969,0.37098799830692125,10.673696448466224,66.33283445993294,51.47547530811505,51.58337882599827,20.330371698816194,5.984751619564782,73547.0,176132.17857539697, 0.0, 0.0,0.0,NaN, 90.7674963289534,90.7674963289534,0.0, 130.28043775318497, -0.1993224304733811, -11.107103257716783, -0.1993224304733811, 126.26924794505264, -29.488019042695033, -11.107103257716783, -29.488019042695033, 192.59157966167183, 8.02480579517639, 4.925489396905455, 10.0, 0.0
22, 0 ,1.0,1.0,1.0,41.136227705944364,174.35427378929026,187.0429637916568,11.759224897834228,13.32914086837773,7.115300980434156,63.0,60.0,30.0,-0.1852215335424592,-0.9807223030021934,0.06226353592796651,13.412277257110729,0.9766893612057136,-0.17672417054247483,0.12184604734520034,11.742532774116539,-0.10849366442218773,0.0833806448772597,0.9905941615213052,6.98545756241194,63.31944705827203,62.92104351839844,33.26397290496644,18.237097455049145,5.829335377563333,46481.0,132527.8487997115, 0.0, 0.0,0.0,NaN, 50.17745798717095,50.17745798717095,0.0, 138.2793701978444, 8.435656254517193, 9.09044455306979, 8.435656254517193, 177.6659962890574, -9.923333937678173, 9.09044455306979, -9.923333937678173, 50.62750804216726, 7.428853320975032, 4.893595367860121, 9.0, 0.0
23, 0 ,1.0,1.0,1.0,67.7306620955646,188.6407161393234,74.63647834678476,13.358106744274197,6.780597525555723,11.438048348580141,64.0,26.0,50.0,0.9902479321952576,0.05688483176113107,0.12717369499438458,13.401133687940709,0.13072615793751202,-0.06382130384658405,-0.989362174739978,11.421898771954615,-0.04816330983138094,0.9963387762657991,-0.07063524966513952,6.7226715627505875,65.31681856010178,50.03512625653169,29.420601657975,17.911662321504128,5.866585165141533,42003.0,96150.5057468033, 0.0, 0.0,0.0,NaN, 101.4252425076768,101.4252425076768,0.0, 178.4390157914238, 6.859162957030816, 5.897114004646688, 6.859162957030816, 45.97650280357239, 6.3561196755310085, 5.897114004646688, 6.3561196755310085, 130.8289500244569, 6.945231365035909, 4.745951126625929, 10.0, 0.0
24, 0 ,1.0,1.0,1.0,113.92680933056958,83.69120952909235,64.76496949172335,11.33472808725263,12.22925326042236,11.189405545097353,54.0,54.0,55.0,0.4061399207656562,-0.8990198019369261,0.16374907781650713,12.511192744397125,0.6109051850046906,0.13385531543202733,-0.780306099851191,11.28196495710417,-0.6795919508755609,-0.41694861824436175,-0.6035798456287838,10.927983134658394,59.524145612647416,52.1892873356403,51.27814234857472,19.36883831855718,5.2992069936686965,68506.0,159296.71520860138, 0.0, 0.0,0.0,NaN, 136.40862867766987,136.40862867766987,0.0, 128.4760608119537, -12.906683727281282, -1.2797775810658851, -12.906683727281282, 149.5546353075509, -6.284133293026566, -1.2797775810658851, -6.284133293026566, 125.20279645265538, 6.964048029164226, 4.510384178881943, 14.0, 0.0
25, 0 ,1.0,1.0,1.0,50.16303698738651,86.16619340686125,79.78057400524038,12.478878818399355,12.008475375427698,13.320352796014834,62.0,65.0,61.0,-0.46120574273493326,0.30214391555300285,0.8342651360105002,14.107738454675566,-0.7309944812802006,-0.6623226979589487,-0.16424284491651353,12.359344743231581,0.5029277594309237,-0.685592953626771,0.5263325666639976,11.206070195624864,66.65283394860778,56.0857106814621,51.89583905242711,20.981285819305313,6.094533729943104,82055.0,194000.73926086744, 0.0, 0.0,0.0,NaN, 127.69449148116048,127.69449148116048,NaN, 155.72241656429608, 2.922438176869262, -24.999141052246635, 2.922438176869262, 144.20348084225338, 21.47138275900957, -24.999141052246635, 21.47138275900957, 177.4317986103002, 6.973931989575513, 4.373571156935573, 14.0, 0.0
26, 0 ,1.0,1.0,1.0,102.18341490464594,21.490802131301685,104.65890734624008,12.190940156295614,12.786395306557601,12.72466913185816,56.0,51.0,61.0,-0.47576665886302544,0.625944789933848,0.617931392849549,14.137975543680305,-0.12987398617595836,-0.7448292427422424,0.6544938096504682,11.860979215502438,-0.8699303615974557,-0.2311331198913031,-0.43565886523773634,11.552616626588096,74.33789073002087,63.37041764312326,58.60576272458343,20.910809820351776,6.063510864369822,82954.0,276081.38565759925, -1.4210854715202004E-14, 0.0,0.0,61.59072114755875, 138.2745921866206,138.2745921866206,0.0, 148.61902189438092, -19.081533794967875, -20.140418488234914, -19.081533794967875, 163.49190493555827, 22.170832585591405, -20.140418488234914, 22.170832585591405, 161.9172045152639, 7.186024810129161, 4.65896159847334, 15.0, 0.0
27, 0 ,1.0,1.0,1.0,143.57657851799402,73.02233475972047,113.69627189606871,12.870437539269874,9.988640372639335,11.762970144888053,59.0,47.0,59.0,-0.914121877728222,0.22710095775072958,0.3358665622644367,13.033089514500949,0.3993649500323243,0.361498176264868,0.8425121395225434,12.081176933261315,0.06992016407524133,0.9042921118454343,-0.42114955432698215,9.379355371769185,59.26294343222362,63.49367712860257,44.27819626489753,19.33205955545927,5.482703614081199,64966.0,166610.9797033489, 0.0, 0.0,0.0,NaN, 126.34950474827383,126.34950474827383,0.0, 165.6481624522472, -8.629092378007147, -5.632468563293756, -8.629092378007147, 99.77293649392047, 23.905684657802905, -5.632468563293756, 23.905684657802905, 138.36746662952766, 6.6563087138995725, 4.535698034273115, 15.0, 0.0
28, 0 ,1.0,1.0,1.0,137.12690119945592,141.1627457648077,18.335507604797822,10.538725525637423,13.308052591763246,10.92017719920094,47.0,65.0,44.0,-0.15971398124089467,-0.9745722141513564,0.1571637477292581,13.451054676014246,-0.5298482655958137,-0.049699903931455326,-0.8466349478933131,11.077077837150508,-0.8329179189099556,0.21849237733460342,0.5084376278417854,10.187577938076865,66.17869161247646,52.50689830937121,58.08662294801621,19.37258390555811,5.667650516213875,64696.0,201841.59487990252, 0.0, 0.0,0.0,NaN, 88.03999021947486,88.03999021947486,0.0, 111.06473570472177, 12.505794133654756, 6.5485885149717555, 12.505794133654756, 177.10426378513645, -11.020071713412406, 6.5485885149717555, -11.020071713412406, 119.2502700619481, 7.489469852098114, 4.6895374945448705, 8.0, 0.0
29, 0 ,1.0,1.0,1.0,182.42434794600837,94.57235946146288,79.59504559637298,10.169636566074818,9.595668769193411,14.71593974301538,38.0,50.0,82.0,0.10793364748622393,-0.01137431904191663,0.9940930301569627,14.76349484413347,0.8106350697182875,0.5798690341386685,-0.08137989303209313,10.596301879475705,-0.5755181243741564,0.8146303014947456,0.07180780182844237,9.045156493971977,81.82817196689348,55.582069052398765,49.08318880996633,19.31540587758608,6.242783459183615,58009.0,223239.1337373096, 0.0, 0.0,-1.4210854715202004E-14,6.2306595176199036, 124.85273726562755,124.85273726562755,0.0, 103.421507886046, 14.154127799076305, 12.59805129548316, 14.154127799076305, 92.0768591280738, -2.977136373507146, 12.59805129548316, -2.977136373507146, 216.55888252005957, 7.3240769549539735, 4.609714465276548, 11.0, 0.0
30, 0 ,1.0,1.0,1.0,59.08958228485154,11.458540513336688,107.5182284851535,11.701418200286081,7.303995589328938,14.010911158336729,57.0,29.0,68.0,-0.057187701267931004,0.12717288599186755,0.9902305912726537,14.107764533082277,0.9939448222995382,0.10046630807521068,0.04449956365715544,11.725683267703229,-0.0938256737126372,0.986779396831043,-0.13214826878220337,7.075062030706015,70.08229376453751,58.49354248055083,32.573869297947084,18.717633254978722,6.018918198965863,49675.0,133532.06985758955, 0.0, 0.0,-1.4210854715202004E-14,8.01541423985546, 110.34380339565195,110.34380339565195,1.9073486328125E-6, 136.92318789798637, 7.647659682247621, -4.5689001863902705, 7.647659682247621, 53.348351568936586, 19.15107783724562, -4.5689001863902705, 19.15107783724562, 196.30563148680466, 6.803479081101314, 4.5158600067385395, 12.0, 0.0
31, 0 ,1.0,1.0,1.0,56.59852604143261,147.93403136655732,20.93930406387154,11.43866372575449,12.133706068728966,12.270388825093395,54.0,62.0,49.0,-0.5114440183668858,0.4040225011105982,0.7584133666234194,13.99694818883978,-0.5095858157406993,-0.8532434555044295,0.11089590630292694,12.051298248746889,-0.6919156830659489,0.32975964615943876,-0.6422703973344741,9.353285231984728,65.0139565578612,61.87230688520086,52.319167234733186,19.805647157947476,6.030641206952631,66759.0,210457.17100228058, 0.0, 0.0,0.0,NaN, 79.70390639410736,79.70390639410736,0.0, 130.84302783089157, 2.704128412445829, -45.322215318984696, 2.704128412445829, 147.22682296231014, 27.76052210334641, -45.322215318984696, 27.76052210334641, 150.56244191897687, 7.248912735838025, 4.538303672444453, 11.0, 0.0
32, 0 ,1.0,1.0,1.0,13.042952529648208,103.45734644387602,108.23265123077434,8.802581934035727,14.616155316658839,12.0974916803646,37.0,72.0,60.0,-0.06176363999659329,0.9479056835825213,0.3125061084304177,14.909439000873931,-0.035491013537778525,-0.31499169018707723,0.9484306105726183,11.761044457338526,-0.9974595935337089,-0.04748736826821397,-0.053097166803197544,8.766596366568002,67.38260501413602,55.17163642921366,39.63300700474531,19.865004907002906,6.545863575370623,60206.0,147340.00710975417, 0.0, 0.0,0.0,NaN, 133.8351555701309,133.8351555701309,0.0, 77.48544870541217, -7.827653355211439, -4.876268745354022, -7.827653355211439, 213.63199624069446, 24.71889759094818, -4.876268745354022, 24.71889759094818, 146.3493049564907, 7.240089650330811, 4.540140799977721, 16.0, 0.0
33, 0 ,1.0,1.0,1.0,89.97240685614865,75.17612037678914,100.66076744280879,12.198849038819004,12.876995062466774,10.50437497608563,58.0,56.0,53.0,-0.30177700676166896,0.9503362837791761,0.07610246988602157,12.977940065050928,-0.9421590475185226,-0.28506386322371957,-0.17628080741521154,12.155595289247124,-0.14583198335398867,-0.12489812495291387,0.9813936473272529,10.430023402700593,59.262918864619294,55.90335189766242,52.968038085060535,19.86909273228127,5.49453977553356,73569.0,175482.88812168295, 0.0, 0.0,0.0,NaN, 153.6709673147324,153.6709673147324,0.0, 148.81191787189533, -6.63735371739622, 5.103105355638945, -6.63735371739622, 165.8170018387937, 6.271900341769577, 5.103105355638945, 6.271900341769577, 110.34189363821399, 6.770930174089968, 4.410881127908301, 6.0, 0.0
34, 0 ,1.0,1.0,1.0,31.80242382723299,39.954492072812684,104.03296470281204,10.153992883208089,11.749112423345409,11.65712803750004,45.0,57.0,54.0,-0.22747050881748476,-0.8055931545423332,0.5470620046876291,12.019590419139591,-0.12495805214402507,-0.5329968878970436,-0.8368391737343793,11.499678579547693,-0.9657342557985021,0.25871603515553426,-0.020575721875905804,10.01602151627776,60.048179071620694,58.0194969212333,48.16648237242712,18.718124095748777,5.163882127563919,61308.0,167810.34553912404, 0.0, 0.0,0.0,NaN, 108.70799171089092,108.70799171089092,0.0, 103.1035714722405, 10.21647684605582, -2.155961677999667, 10.21647684605582, 138.04164273640944, -5.219042025170825, -2.155961677999667, -5.219042025170825, 135.88863408266954, 6.9233852149941155, 4.479106435267621, 10.0, 0.0
35, 0 ,1.0,1.0,1.0,22.212751096221755,177.26185148297137,100.83958298301664,12.966142266951037,12.891075716288606,11.217200815481398,52.0,59.0,57.0,0.6919592445075822,0.7022228295036658,0.16755745779988987,14.223232564002302,-0.6786572656332831,0.5535626419179355,0.48269319166111274,11.793541573604667,0.24620462981766184,-0.44771810237771464,0.8596114128253808,10.896710748051417,77.04591974120666,61.21438719306293,59.21440373736466,20.55484172204999,6.133902047324726,77311.0,279274.00336767116, 0.0, 0.0,0.0,NaN, 104.13077360812794,104.13077360812794,0.0, 168.12084528681416, 32.95877775230029, 3.0223323860168203, 32.95877775230029, 166.17983312308579, 15.269489232991416, 3.0223323860168203, 15.269489232991416, 125.82559413483655, 7.1867199841623135, 4.6100897883800345, 11.0, 0.0
36, 0 ,1.0,1.0,1.0,159.3675739962786,10.729757725729412,42.00978304655579,13.490746483561137,6.996373341304703,13.250857263316908,60.0,30.0,62.0,-0.8529941182295365,-0.08417696548860243,-0.5150876359872618,13.621859120909352,-0.5200953882662378,0.05462981471035585,0.8523592965697644,13.167511412025423,-0.043609876977663276,0.9949521706222079,-0.09037896217677133,6.899006894598213,66.99590258440054,72.26192145000905,31.269973885845587,19.18465608153327,6.203520763297071,52131.0,151385.8439411066, 0.0, 0.0,0.0,NaN, 59.421743624867084,59.421743624867084,NaN, 182.0002406837172, 6.331825256748852, 4.852056113673217, 6.331825256748852, 48.949239930919134, 11.838864083940706, 4.852056113673217, 11.838864083940706, 175.58521821279845, 7.492334211837191, 5.065213608788416, 9.0, 0.0
37, 0 ,1.0,1.0,1.0,132.6104584915898,42.27835051546392,32.299986435160065,11.760839389389218,10.991937216370319,15.641987369092629,63.0,50.0,65.0,0.47076579268137797,0.0613522695399307,0.8801224161804844,16.99611266666833,0.31980404020915537,-0.9416006421269452,-0.10542109187456404,11.125459948541414,0.8222560089819804,0.33109534845482796,-0.462894076355057,9.548198307628839,77.94176119299252,50.753298967011844,51.196192021855936,21.250690745500346,7.226336458101052,73720.0,202521.9735958975, 0.0, 0.0,0.0,NaN, 85.86092446936321,85.86092446936321,9.5367431640625E-7, 138.31734314300897, -4.109028869335634, 80.81390003334957, -4.109028869335634, 120.82268376862689, 13.912090048162217, 80.81390003334957, 13.912090048162217, 244.67176885485333, 6.526128273776657, 4.253290141026637, 11.0, 0.0
38, 0 ,1.0,1.0,1.0,18.57497236273492,130.69463334561655,16.929131352383504,11.03603230209944,13.327229735988698,9.747633928444507,51.0,55.0,42.0,-0.2485439015928352,0.9500183137553316,0.18892096895391852,13.577858675923931,0.9337377861911927,0.28686276590218895,-0.21411095296064742,10.943377305169179,-0.2576037181792641,0.12318667569352743,-0.9583659881860356,9.503140299138574,66.70598746614202,54.54907388929705,48.38238681762786,19.00060497349355,5.779484341446743,59702.0,176051.40225029312, 0.0, 0.0,0.0,NaN, 73.72149573713996,73.72149573713996,NaN, 121.79400897298225, -14.31912965821879, -10.303378311166611, -14.31912965821879, 177.6150524358214, 15.070985790849546, -10.303378311166611, 15.070985790849546, 95.01636720296248, 7.008864248097132, 4.462215169370442, 8.0, 0.0
39, 0 ,1.0,1.0,1.0,98.29297210300429,134.5263590844063,16.511105150214593,10.466327605981435,12.835944274869776,10.816443120021141,48.0,58.0,44.0,-0.06251827368398798,-0.9361886103707301,0.34589355482242784,13.180943105099672,-0.7138892298898418,-0.20024723250510953,-0.6710165521962431,11.432689198507754,0.6974622806309045,-0.28888047993273364,-0.655815854802986,9.319725173115001,65.64682233783749,62.29960553079856,47.02917606061875,18.866367553030067,5.9465196632905775,55920.0,192338.56680247217, 0.0, 0.0,0.0,NaN, 119.2515098976425,119.2515098976425,0.0, 109.5440135557291, 11.353409497856873, 19.126351293348517, 11.353409497856873, 164.7614654275622, -22.241646441193154, 19.126351293348517, -22.241646441193154, 116.99544176865267, 7.1162351847457055, 4.529029936353068, 7.0, 0.0
40, 0 ,1.0,1.0,1.0,145.8139866163122,103.4328165374677,82.94035314384152,9.5105306527336,12.85728539444051,11.1123057981791,45.0,62.0,49.0,-0.11897228460740425,0.9577607172434306,0.26180145912626995,13.035465982346501,0.043555820682215224,-0.2583860506167948,0.9650593449790298,10.957650741495796,-0.9919417754989422,-0.12621829246192637,0.010975275304160228,9.447213240602075,64.77789727566422,49.47628811348333,46.206875783516324,18.748075072599494,5.268111828264348,60372.0,148091.6464749038, 0.0, 0.0,0.0,NaN, 138.34900486786563,138.34900486786563,0.0, 90.4501932965854, -9.539363782618416, -1.2172502848118145, -9.539363782618416, 165.30978771409326, 12.543059238578163, -1.2172502848118145, 12.543059238578163, 123.48334015224485, 7.538244761018131, 4.497076247876941, 12.0, 0.0
41, 0 ,1.0,1.0,1.0,29.632280119649096,146.4380765653671,126.98709247668602,15.515769406178325,11.3274386553706,10.828346819306539,67.0,65.0,56.0,-0.9719642514499462,-0.23406979776777612,0.022289541859308815,15.738880351982008,0.232111169707369,-0.9400311208509242,0.24993178415086115,11.031929016942124,-0.037548619154671996,0.24809841112894682,0.9680068592705683,10.811440654566555,71.80929643579998,62.834167911864576,56.981143151398385,21.095149991309356,6.4263293130851,79566.0,257103.3276629354, 0.0, 0.0,0.0,NaN, 95.27768013608868,95.27768013608868,0.0, 240.7391002656993, 28.71283266909885, -2.554880832480257, 28.71283266909885, 128.3108664911841, -1.8140926446897245, -2.554880832480257, -1.8140926446897245, 117.25309483918603, 7.23356524187824, 4.481555565164773, 12.0, 0.0
42, 0 ,1.0,1.0,1.0,124.55930596699112,73.85366060093102,165.95311045281423,10.301024006507134,9.91187910389386,13.218456246589811,48.0,46.0,64.0,-0.08835145307863065,-0.025009248402053416,0.9957753553052305,13.239043358245569,-0.8100121136732323,-0.5800078552536034,-0.08643647116082684,10.642175458655002,-0.5797192393232405,0.8142268881205528,-0.030986742649149787,9.516084329257932,64.33475920321268,51.815106208243805,47.35418022061344,18.716544091957072,5.364233938756288,59075.0,157855.7460573429, 0.0, 0.0,-2.8421709430404007E-14,5.268484885574428, 110.92723826084303,110.92723826084303,1.3486991523486091E-6, 106.1110955826363, 10.851971224454317, -5.86386326654994, 10.851971224454317, 98.24534737020775, -0.9717030915857454, -5.86386326654994, -0.9717030915857454, 174.7275855430092, 7.2822522261967055, 4.567212413885002, 15.0, 0.0
43, 0 ,1.0,1.0,1.0,179.35352731492995,83.16073945121445,20.576888004642296,11.487701425575853,10.880674055888218,11.204584054580915,50.0,53.0,45.0,0.8770455235454984,0.47655623530328023,-0.060706706568284974,11.733011221829592,-0.06806489038582086,-0.0018252046131676525,-0.9976792266680141,11.203127729151511,-0.475561058462075,0.8791420950117707,0.030835960383063955,10.617223391384528,64.5263144150208,47.54644551588132,55.78454763442997,18.655982147523005,5.277630709050939,60315.0,171146.81880167898, 0.0, 0.0,0.0,NaN, 88.12147150589186,88.12147150589186,0.0, 131.9672840431775, 10.424762541353818, -0.45960346386464507, 10.424762541353818, 118.38906791047897, -0.6981833574568044, -0.45960346386464507, -0.6981833574568044, 125.54270383616888, 6.9622517212043205, 4.407611170581259, 8.0, 0.0
44, 0 ,1.0,1.0,1.0,150.00080632411067,112.92423715415019,130.29264822134388,12.190194309136656,11.330579104222315,10.550965024463123,60.0,56.0,52.0,0.8984414525334792,-0.4259390441923771,0.10667186602856843,12.430341220154249,0.43881957088377,0.8624054245603776,-0.2523772333199231,11.129442749143067,0.015502921625189625,0.2735558705663597,0.9617311709099192,10.484648030481148,63.46046530956819,61.9006014280522,49.409264088535,18.976645232656153,5.309675959307805,63250.0,194091.49546870476, 0.0, 0.0,0.0,NaN, 122.23429443253264,122.23429443253264,0.0, 148.6008372945077, -11.787859859207318, 2.729550591948025, -11.787859859207318, 128.38202283703936, -5.059108770329142, 2.729550591948025, -5.059108770329142, 111.32286294744412, 6.410818392874695, 4.324279035630875, 16.0, 0.0
45, 0 ,1.0,1.0,1.0,10.125112492841364,167.51507404074286,161.71465679456762,6.704452148815324,15.892876668708373,11.564077726406804,27.0,69.0,66.0,0.0446134429832543,0.9818756738018044,0.18420043947133413,16.0418596273293,9.743020745807823E-4,-0.18442670268537448,0.9828457875333587,11.375140505562896,-0.9990038495624769,0.043668667633135545,0.009184553690809052,6.67278197311076,74.24105031680449,65.59578576719737,28.23707304831973,19.54222781939036,7.025840372522673,48892.0,137511.72293348968, 0.0, 0.0,0.0,NaN, 51.220658155951675,51.220658155951675,0.0, 44.949678615754415, 9.307090977926341, 1.8301448987079956, 9.307090977926341, 252.58352880677498, 23.10678225358738, 1.8301448987079956, 23.10678225358738, 133.72789366237797, 7.712352954312656, 4.776292848399118, 6.0, 0.0
46, 0 ,1.0,1.0,1.0,118.05086134954698,178.36404685264665,31.479390200286122,10.447675883346546,10.882488418379523,14.062070475952673,57.0,46.0,61.0,0.1252777063322906,0.1312848359033253,0.9833970653596429,14.16395021992599,-0.06807426776186094,-0.9877325462714419,0.14053580008247565,10.81922053194617,-0.9897835068159136,0.0845500378354264,0.11480374879428437,10.375514100942581,64.67142517246069,50.29515039272863,56.6534784811368,19.732546849848653,5.995907473337986,67104.0,184274.44978803882, 0.0, -2.8421709430404007E-14,3.552713678800501E-15,86.57263718540045, 90.41420132660308,90.41420132660308,0.0, 109.15393136346104, 2.1613541382319585, 11.363254668073928, 2.1613541382319585, 118.42855417616445, 10.696992381933196, 11.363254668073928, 10.696992381933196, 197.74182607065984, 6.257767851686955, 4.17920543684982, 8.0, 0.0
47, 0 ,1.0,1.0,1.0,16.032006364036423,150.00585626756035,60.835296706272636,10.278440062425622,10.265006876008803,13.5139431361921,40.0,49.0,66.0,-0.10595931041821952,0.06330631654243306,0.9923532308717117,13.55462899956615,0.6937115325079868,-0.7102899305528372,0.11938393619187883,10.601896377909581,-0.7124162646943962,-0.7010567201311714,-0.03134550937229671,9.874977531407634,65.60531159357868,52.48735244534942,53.25894765390139,18.9732012773086,5.80180908513188,59082.0,183394.47599950913, 0.0, 0.0,-7.105427357601002E-15,7.090122746698225, 80.3577809607543,80.3577809607543,0.0, 105.64633011687602, -7.912698862630945, -7.832445517612438, -7.912698862630945, 105.37036616450801, 4.1538706770189755, -7.832445517612438, 4.1538706770189755, 182.62665908823357, 6.959777172803798, 4.398808748386085, 10.0, 0.0
48, 0 ,1.0,1.0,1.0,120.71828835926729,152.8412612435165,110.45133280808876,12.27516995823745,12.368861604938198,9.290543915902257,66.0,56.0,45.0,-0.5886825918618181,-0.8082046201036803,0.01606543127084039,12.486417362690062,0.8055651416212232,-0.5848758185358285,0.09478965922938803,12.179430997271357,-0.06721315826258098,0.06874277369375524,0.9953676820257221,9.259243121684177,58.33842708309291,60.08684276055898,44.94432739285675,18.964779307194153,5.506349697252903,60924.0,157546.5820844027, -1.4210854715202004E-14, 0.0,0.0,53.93642344484309, 128.5632149474889,128.5632149474889,0.0, 150.67979750361522, 3.8918745768904506, 4.1167721256848955, 3.8918745768904506, 152.98873740211434, -4.382019572138629, 4.1167721256848955, -4.382019572138629, 86.31420625330843, 6.628469356183628, 4.417908139339174, 14.0, 0.0
49, 0 ,1.0,1.0,1.0,113.16137941765702,28.641977709917725,65.50687569291813,9.503413212109587,13.932794005268127,9.660042159052077,44.0,57.0,52.0,0.2952011630981805,-0.9502923799096186,0.09899831307247056,14.358516355618251,-0.13808139388218765,-0.14496156527919207,-0.9797549046855337,9.623760044819894,-0.9454045705247219,-0.2755549623532846,0.17401051908849188,8.886522191114434,61.68717757230956,54.15064778852608,42.833869192672125,18.554180391167492,5.787608832670878,51413.0,143082.28345605478, -1.4210854715202004E-14, 0.0,0.0,72.83039962007999, 112.48315284889098,112.48315284889098,1.9073486328125E-6, 90.31486268009905, -35.40901112674217, 5.563426611476768, -35.40901112674217, 194.12274879323544, -10.028162898886707, 5.563426611476768, -10.028162898886707, 93.3164145146635, 6.452365095051999, 4.144333968438251, 6.0, 0.0
