// Sample: .//bubblelabels.tif, Map: .//bubblelabels.tif, Thickness:(8.191250068658265):/gpfs/home/mader/Foam/NewValid/InSilicoTest/LatticeData_Phi_6.65/out_Step_06000.vtk/distmap.tif, Neighbors:(1.0):
//LACUNA_NUMBER, TRIANGLES, SCALE_X, SCALE_Y, SCALE_Z, POS_X, POS_Y, POS_Z , STD_X, STD_Y, STD_Z,PROJ_X, PROJ_Y, PROJ_Z, PCA1_X, PCA1_Y, PCA1_Z, PCA1_S, PCA2_X, PCA2_Y, PCA2_Z, PCA2_S, PCA3_X, PCA3_Y, PCA3_Z, PCA3_S,PROJ_PCA1, PROJ_PCA2, PROJ_PCA3,OBJ_RADIUS, OBJ_RADIUS_STD, VOLUME, VOLUME_BOX, Mask_Grad_X,Mask_Grad_Y,Mask_Grad_Z,Mask_Angle, Mask_Distance_Mean,Mask_Distance_COV, Mask_Distance_STD, SHAPET_XX, SHAPET_XY, SHAPET_XZ, SHAPET_YX, SHAPET_YY, SHAPET_YZ, SHAPET_ZX, SHAPET_ZY, SHAPET_ZZ, Thickness, Thickness_STD, Neighbors, Neighbors_STD
1, 0 ,1.0,1.0,1.0,184.18115432466058,35.45242602910153,20.896727430086006,9.789623275132644,18.287899001488647,13.054051746448419,41.0,81.0,56.0,-0.030621264267977025,-0.9984974047155584,0.04544525223744676,18.305435797239802,0.3124456199267085,0.033626056273344064,0.9493403093349172,13.379995283796573,-0.949441979671873,0.04326917050044235,0.3109464682561261,9.304783029997763,81.41172868582724,63.93033178252058,45.6330314786625,23.232618243338777,7.806259687966252,92435.0,237505.2726974129, 0.0, 0.0,0.0,NaN, 44.08836135689814,44.08836135689814,4.76837158203125E-7, 95.83672386901881, 8.569515077002128, 27.07503974883155, 8.569515077002128, 334.4472498886494, -8.325538390503588, 27.07503974883155, -8.325538390503588, 170.40826699895302, 10.718902600495394, 7.147035029041907, 10.0, 0.0
2, 0 ,1.0,1.0,1.0,60.50206834652247,82.57852829702433,32.691734167484974,16.647499721729265,18.12558697322238,17.42718953868722,80.0,86.0,70.0,-0.05757947721808529,0.8178130671633885,0.5725961849157772,18.732228910082558,-0.6289314896876319,-0.47513966797089024,0.6153758828551932,17.04799393579038,-0.7753255993984646,0.3246907499411154,-0.5417066843044199,16.36620261855743,96.98106615791815,88.1220089590896,83.09127447193313,29.019079513517106,8.202201504123066,225059.0,710111.8564323633, 0.0, 0.0,0.0,NaN, 107.46377572366993,107.46377572366993,0.0, 277.13924698497596, 2.897334454866067, -11.555047797488543, 2.897334454866067, 328.53690312384884, 32.226403459497575, -11.555047797488543, 32.226403459497575, 303.7069352173293, 10.527704274641835, 6.7189168621332644, 19.0, 0.0
3, 0 ,1.0,1.0,1.0,56.845522169195085,147.52508420650366,14.3213177984554,15.744706921412087,19.16485680112762,8.96675900666595,80.0,89.0,36.0,-0.20982686117391758,0.9774874046063022,0.02215992251647225,19.32177627212393,-0.9750659643733046,-0.20752493075006137,-0.07861150194430534,15.588872559169333,-0.07224301662208472,-0.03810219092410264,0.9966590036698231,8.90203984244511,87.37677343879382,71.80743253800642,38.610624764185474,25.060546141944066,8.219448059315386,112521.0,242254.71107073355, 0.0, 0.0,0.0,NaN, 78.67738125857608,78.67738125857608,9.5367431640625E-7, 247.89579604116167, -27.17943305091995, 11.185522222276148, -27.17943305091995, 367.2917362077276, 9.041846237713877, 11.185522222276148, 9.041846237713877, 80.40276708362491, 10.543950557222193, 6.767245428436308, 14.0, 0.0
4, 0 ,1.0,1.0,1.0,167.7207989893551,184.8410305264466,81.08262229217578,17.936068480363332,8.613139796817665,15.746755768806059,73.0,35.0,68.0,0.975075537941583,0.06688804982276121,-0.211550665559909,18.06910738710812,-0.21185404127479232,-0.0026060833315034067,-0.9772978427916476,15.63026843488817,-0.06592086546360926,0.9977570832224528,0.011629375561555343,8.546994432005164,77.64394052793865,70.04113569737137,36.88385773660633,24.12556483843867,7.861689904875489,96572.0,200584.36869948445, 0.0, 0.0,0.0,NaN, 88.5783992357131,88.5783992357131,1.6518123698891422E-6, 321.702552532283, 16.62423586634409, -16.822145706168016, 16.62423586634409, 74.18617715952423, -3.1500805882710186, -16.822145706168016, -3.1500805882710186, 247.9603172424269, 10.96338842514547, 6.871528661655858, 14.0, 0.0
5, 0 ,1.0,1.0,1.0,14.552280324833054,112.85012145164781,142.47909668833825,9.24704442814062,17.856865703190298,19.433517664322427,37.0,91.0,100.0,-0.06058086941658597,0.32760766605340963,0.9428696492112618,19.658331519293032,0.03603372000607838,-0.9432711142828819,0.33006238195537274,17.64891293948209,-0.9975126712394459,-0.053970567002473706,-0.04533926128839543,9.170766933003131,94.75506015449412,91.95557608969474,39.49865567713617,26.44743349832048,9.08682307300314,124741.0,344161.9042553947, 0.0, 0.0,0.0,NaN, 105.43018785639434,105.43018785639434,0.0, 85.5078306560065, -13.72919542930495, -14.565691545305901, -13.72919542930495, 318.8676527417739, 22.599908543986007, -14.565691545305901, 22.599908543986007, 377.66160880953174, 11.350986874564601, 6.890010646298043, 16.0, 0.0
6, 0 ,1.0,1.0,1.0,58.47325443417437,145.32118098925807,184.12878622283287,18.74924812583858,19.209403592757784,8.823446439831772,92.0,93.0,39.0,0.640083833774657,0.7679393747535634,-0.023702372105826625,20.192424020353922,-0.7669581043514928,0.6404834989017519,0.039448115343236945,17.701821348725332,0.04547473925050295,-0.007071374525165485,0.9989404605643035,8.792055042499634,107.25019032264906,98.40256788169742,41.19498995013376,26.681570897453486,9.299595324229081,128096.0,434759.3237683549, 7.105427357601002E-15, 0.0,0.0,50.201928943162805, 81.61366404771756,81.61366404771756,0.0, 351.5343052842615, 46.467737993920146, -12.155010916816632, 46.467737993920146, 369.00118638945565, -0.05043500796117525, -12.155010916816632, -0.05043500796117525, 77.85320707657996, 9.493738955382119, 6.499823688161636, 21.0, 0.0
7, 0 ,1.0,1.0,1.0,185.2109051308691,174.2843820801362,136.01310568413675,9.301065832805758,15.096426421337467,14.80451770743992,39.0,60.0,70.0,-0.034089344906896635,0.7821195719453787,0.6221952199621889,15.663932515294672,0.12713465526754403,-0.6141057947339931,0.7789164604141663,14.277068513708015,-0.9912994986349086,-0.10565532667172427,0.07850003791126385,9.186522393274105,73.52164442311366,75.1843389539272,44.39368620922443,22.001987367487143,7.035496624396652,79889.0,245393.92423201114, 0.0, 0.0,0.0,NaN, 70.52895133374682,70.52895133374682,0.0, 86.50982562618667, -13.617050578530334, 8.413926602260455, -13.617050578530334, 227.90209069485599, 21.197564770645766, 8.413926602260455, 21.197564770645766, 219.17374454990218, 11.094389251973777, 6.896090994729779, 8.0, 0.0
8, 0 ,1.0,1.0,1.0,77.8165751928413,23.753407371727466,45.807687871859756,16.626267677104114,13.57504958727546,14.938438205927735,81.0,55.0,77.0,-0.9586451463314016,-0.26418485381987494,0.10585767061208795,16.880741443906874,0.0788200915462765,0.11095328123607691,0.990695090606381,14.926555967811762,0.27347189359033314,-0.9580687513926748,0.08554175016328597,13.27065105576113,84.34429042020383,72.72148903032664,60.778703097942866,25.172984431553715,7.084669294228886,147401.0,372794.8297650178, 0.0, 0.0,0.0,NaN, 93.37016656660782,93.37016656660782,0.0, 276.432776870717, 27.97544708047835, -7.4000009702005745, 27.97544708047835, 184.28197129698765, 2.088336163026951, -7.4000009702005745, 2.088336163026951, 223.15693603232143, 9.628990319480222, 6.285285526716738, 18.0, 0.0
9, 0 ,1.0,1.0,1.0,51.77867846439275,183.19396317967747,121.75627229912944,14.6501447451387,9.723544719531976,12.719306453106,61.0,37.0,61.0,-0.9630195527999186,0.023455886977456236,0.26840857343077895,14.807263787337837,-0.2638540791899244,0.1195472846970103,-0.957125630007059,12.575558834735586,0.0545377467437199,0.9925513931719973,0.10893744118733974,9.67238743747243,62.695957220980205,64.61662858694322,41.398667880435056,20.73840971102025,6.393213767126994,70070.0,167714.34051572767, 7.105427357601002E-15, 0.0,1.4210854715202004E-14,79.011993539267, 95.31817949191532,95.31817949191532,0.0, 214.62674105351508, -4.876723548017142, -16.179716414801018, -4.876723548017142, 94.54732191273816, -6.599079446517393, -16.179716414801018, -6.599079446517393, 161.78075664802392, 10.85103895306264, 6.5742978598145445, 9.0, 0.0
10, 0 ,1.0,1.0,1.0,169.80934485331798,95.41413505713541,16.689571776636967,16.179683183621346,15.627835140659984,10.406597894893013,68.0,74.0,41.0,0.8839824872555234,0.45279085395854907,0.11642768054473089,16.44392995202369,-0.45515176521058376,0.8903865162205196,-0.006980140283397234,15.422148297608258,0.1068261805515284,0.04682194255019824,-0.9931746436778367,10.29869741625197,79.45131943826672,69.54587646358809,44.087236803578165,23.72398543353308,7.175038257839765,111227.0,243604.54042117854, 0.0, 1.4210854715202004E-14,0.0,63.077116270705986, 101.45873364562891,101.45873364562891,0.0, 261.78214792235934, 12.373372904255397, 17.332509724216006, 12.373372904255397, 244.22923118364707, 7.844545436384634, 17.332509724216006, 7.844545436384634, 108.29727974599167, 9.620089773155847, 6.085086862709469, 13.0, 0.0
11, 0 ,1.0,1.0,1.0,90.29340366733585,179.3071708763471,85.66654627008593,16.690974612823858,12.22504181368309,14.331828915203493,83.0,55.0,70.0,0.8743687319979674,-0.183730151231433,0.44913533821415313,17.456270296738264,0.4842792435253056,0.38926174096119864,-0.7835489208175929,13.927826407812526,0.03086964196139558,-0.9026175981844867,-0.4293349935107127,11.607578550582671,91.92647141647006,72.26482346620006,66.97171585038228,24.079320147762207,7.32311014177094,119051.0,444896.47230179806, -1.4210854715202004E-14, 0.0,0.0,29.029646912737313, 126.17388427411566,126.17388427411566,0.0, 278.5886335259305, -16.13880167920304, 44.27276997913466, -16.13880167920304, 149.45164734629992, -32.09826822580816, 44.27276997913466, -32.09826822580816, 205.40132005466293, 10.601248977587602, 6.564544955024996, 15.0, 0.0
12, 0 ,1.0,1.0,1.0,152.92669287558547,181.71261012287053,181.14466804198617,15.754961223195469,11.46785001679246,11.349253734507126,70.0,52.0,47.0,-0.991778992440487,0.004283786481957014,-0.1278908883662519,15.817640982255092,-0.09068832548082913,-0.7286352566187919,0.6788713356988568,12.92342455858558,-0.0902776704130944,0.684888539826331,0.7230336300887675,9.556321411364046,71.60786485211676,68.93832034617766,51.6681809323311,21.495487174850464,6.817622650022692,77073.0,255061.3147465648, 0.0, 0.0,0.0,NaN, 53.90592189541415,53.90592189541415,0.0, 248.21880314439287, 4.326615639643168, 15.49155183316092, 4.326615639643168, 131.5115840076468, -37.52787101669823, 15.49155183316092, -37.52787101669823, 128.80556033022395, 10.474123796838775, 6.749816567090378, 11.0, 0.0
13, 0 ,1.0,1.0,1.0,21.37865260833266,45.14828579892812,57.163582989954485,12.33726908508645,16.646910165717912,16.943962153580816,53.0,85.0,82.0,-0.25476489758063847,0.5856929680650473,0.7694534385652473,17.154538847686563,0.12229409497740006,-0.7698059437300346,0.6264526824362471,16.7949827477892,-0.9592387613594363,-0.2536977653765722,-0.1244927409472068,11.835372044425425,80.02869057800334,76.91853458996911,62.30043771574639,25.67224638949489,7.573733908911359,148524.0,383502.1567972672, 0.0, 0.0,-7.105427357601002E-15,39.69516654570451, 75.91501642085626,75.91501642085626,0.0, 152.20820847782988, -36.37695890930849, -19.349732997846186, -36.37695890930849, 277.11961806548237, 1.0164232597374554, -19.349732997846186, 1.0164232597374554, 287.09785346197907, 11.098432349136065, 6.26244310106909, 14.0, 0.0
14, 0 ,1.0,1.0,1.0,139.8974533867958,114.55748758848836,119.52242354557546,16.811437108837108,15.879851322747225,18.56605706087861,84.0,81.0,91.0,0.48632676376299794,-0.26458879489140935,0.8327538942963405,19.767591385848675,-0.7819366353374633,-0.5571151050470058,0.2796387992493008,15.883251614759027,0.38995048040095553,-0.7871566104317329,-0.477831658106376,15.377165519988356,102.08450331052077,76.9398740200076,72.45178970037256,28.454933616832154,8.355197385249177,205253.0,569063.0782733278, 0.0, 0.0,0.0,NaN, 131.8687959623559,131.8687959623559,0.0, 282.6244176643854, -12.963011508906263, 59.03091779797288, -12.963011508906263, 252.1696780325568, -36.462837749635966, 59.03091779797288, -36.462837749635966, 344.6984747878005, 9.710158989216968, 6.079661330142078, 28.0, 0.0
15, 0 ,1.0,1.0,1.0,77.75202216066482,91.44346406181658,158.37742528065317,14.174365294402214,17.296351214747563,17.382785365945303,75.0,82.0,84.0,-0.1578226430713412,-0.7193035206431775,0.6765311955293011,17.70258014328394,-0.13781289913173042,-0.662367951269771,-0.7363941213532281,17.108386536618404,-0.977803466023149,0.2094543919831131,-0.005407357219647832,14.005691354083126,94.53026664230745,84.59400157249758,74.36007533281015,27.129820944834943,8.136979748199522,171475.0,594634.7329315008, 0.0, 0.0,0.0,NaN, 127.04220871806686,127.04220871806686,NaN, 200.91263149915397, 22.119533336268173, -2.7189451652781247, 22.119533336268173, 299.16376534389946, -9.956364196627902, -2.7189451652781247, -9.956364196627902, 302.16122707852213, 10.202564457850999, 6.33582111153216, 24.0, 0.0
16, 0 ,1.0,1.0,1.0,115.89027750096722,59.194860311617056,15.362767740952203,15.412319308592586,13.691848417718788,9.43809789119853,75.0,67.0,37.0,-0.9834404500879713,0.17612628578574593,-0.04271314301343783,15.47261426339896,0.17805632537664787,0.982916307966022,-0.046599104367027064,13.64153103460602,-0.0337761176592862,0.05343278946266542,0.9980000555541593,9.412270196695069,74.05702575769192,67.42308199801948,38.22555344242473,21.70530724372004,6.554664661394911,85297.0,190866.03379693354, 0.0, 0.0,0.0,NaN, 103.99274753000134,103.99274753000134,0.0, 237.53958647001588, -9.057918828840084, 5.525952182228797, -9.057918828840084, 187.46671309378846, -5.60035596354359, 5.525952182228797, -5.60035596354359, 89.07769180384612, 9.8092634059343, 6.06881267099458, 8.0, 0.0
17, 0 ,1.0,1.0,1.0,48.37065404366988,13.217043556872543,119.8329168916289,15.415379334483449,8.207982106965078,15.230879148423094,67.0,33.0,72.0,-0.7815138483615902,0.06140883744098378,0.6208583248239523,15.87029038121117,-0.6146673795436,0.09466995459942606,-0.7830846775548266,14.826876780004667,0.10686494909024871,0.9936128795362352,0.03623987135254608,8.079738739262687,76.65527290500603,78.0518564476256,36.72623712305008,22.039188885788555,7.159519759357889,79643.0,219736.2482651389, 0.0, 0.0,0.0,NaN, 94.55776872949754,94.55776872949754,0.0, 237.63392002601935, -17.948094946183435, -16.13973238879634, -17.948094946183435, 67.37097026825887, -4.344070431659954, -16.13973238879634, -4.344070431659954, 231.9796796338694, 8.724659341360496, 5.734484197435419, 10.0, 0.0
18, 0 ,1.0,1.0,1.0,101.15490636018133,21.08213135522078,186.41543416212585,16.969831011026642,12.718902776194861,7.522889871425155,78.0,57.0,33.0,-0.99763836923178,-0.06806206989721535,-0.00923249033910151,16.98712739704822,-0.06865463875325248,0.9841194172515354,0.16369335101389917,12.812709877599492,-0.0020554352861203995,0.16394062104861556,-0.9864680673777428,7.321986942053941,78.11573855068498,61.049628404803734,36.02291992420598,21.28755042792842,7.292442743626565,65517.0,171791.0288693535, 0.0, -3.552713678800501E-15,0.0,86.09731352202081, 101.97719955042324,101.97719955042324,0.0, 287.97516454280145, 8.483972844847383, 0.9216197122668035, 8.483972844847383, 161.77048783029736, 17.957210323635447, 0.9216197122668035, 17.957210323635447, 56.593872017591195, 9.22838188632205, 6.221478659659517, 16.0, 0.0
19, 0 ,1.0,1.0,1.0,169.23851042022548,11.750816535702084,74.14078578749573,17.14004945205273,7.894421524220106,14.739265230195835,74.0,35.0,67.0,-0.8526585605831533,-0.12486658873892709,0.50732801428757,18.403990681793807,-0.5161296772002181,0.0505086059314781,-0.8550199044700991,13.304408047342012,-0.08113898802341445,0.9908870852642908,0.1075139473695107,7.591770507675423,81.88141591305089,62.801993079565406,38.127536630029894,22.580377595175737,7.96716220533983,73175.0,196063.84605754606, 0.0, 0.0,0.0,NaN, 81.12463896751488,81.12463896751488,0.0, 293.78129521881306, 26.81340620433751, -68.90626763716001, 26.81340620433751, 62.32189120206969, -22.96062742672746, -68.90626763716001, -22.96062742672746, 217.24593952605989, 10.177505336699324, 6.239294730978296, 9.0, 0.0
20, 0 ,1.0,1.0,1.0,185.7086349924585,27.0609477124183,171.3471342383107,8.245625062826834,15.086479994991626,15.385872529266035,34.0,66.0,59.0,0.021007994779452865,0.6572618961236489,0.7533694074352189,16.304202311267343,-0.0027890213255443276,-0.7534942477782719,0.6574485834839883,14.092136356839195,-0.9997754175390554,0.015912839752939802,0.013996285778917131,8.240264843822642,81.10211911892993,72.16598389096885,34.34302707885328,21.95646230219552,7.0873865405411545,79560.0,201003.3573088402, 0.0, 0.0,0.0,NaN, 41.92284247555747,41.92284247555747,4.76837158203125E-7, 67.99033267671804, 3.0075393278227573, 2.892884851411308, 3.0075393278227573, 227.60187863928255, 33.264878658601944, 2.892884851411308, 33.264878658601944, 236.72507348682322, 8.662988958236948, 5.651111280089384, 9.0, 0.0
21, 0 ,1.0,1.0,1.0,23.40814447592068,176.273219344395,46.55426952650749,14.676546330055253,12.529714867874088,13.211350822418217,59.0,53.0,70.0,0.9404397951719338,0.18174821560592586,0.2872987604933814,14.950076708525087,0.16034091596130712,0.508063225801073,-0.846263876847699,13.29354271518932,0.2997728845737395,-0.8419259734161139,-0.4486612006421655,12.1124516878354,73.81999380897454,64.5236263972728,67.24328468357271,22.41988090366742,6.654584710320968,98840.0,320288.7554543167, 0.0, 0.0,0.0,NaN, 57.25557928474282,57.25557928474282,6.743495761743046E-7, 215.40101217825833, 15.570215079196245, 16.676924453978007, 15.570215079196245, 156.99375467022497, -8.891744724436922, 16.676924453978007, -8.891744724436922, 174.5397905530105, 10.375162727983072, 6.1032250182354595, 10.0, 0.0
22, 0 ,1.0,1.0,1.0,109.89646209827845,71.36679356633948,62.1864354952145,13.00075434393854,14.59031960629768,15.72543026575693,61.0,74.0,68.0,-0.2257655831714518,0.35212866859754355,0.9083145392467169,16.116344828968746,-0.16372891997432434,-0.9328396533227631,0.32094083871129353,14.371301331819437,0.9603242901329196,-0.07625996289265083,0.26825673493934143,12.763828741892173,74.3524572032729,68.46830150883821,58.95399190381376,24.163568835222563,6.7311319935110445,130812.0,300122.1836122738, 0.0, 0.0,0.0,NaN, 130.6867228372797,130.6867228372797,0.0, 169.01961351143683, -1.0350972994640621, -22.146820763024735, -1.0350972994640621, 212.8774262139145, 17.9087288513603, -22.146820763024735, 17.9087288513603, 247.2891570431841, 9.182737509718063, 5.739763356698671, 12.0, 0.0
23, 0 ,1.0,1.0,1.0,141.67642455368062,40.94296894106139,87.39669030732861,15.052848213536913,12.501366033038192,15.940815952795829,78.0,61.0,78.0,-0.570275186457143,-0.11449136455850878,0.8134358850903995,16.64487746743644,-0.7654050331875996,-0.2854485839583035,-0.5767791961290638,14.500034527382523,-0.29823035875370013,0.9515307842407045,-0.07515197775115003,12.234339298525029,78.28489628590114,68.03885185175801,62.171273362258766,24.219354334356638,7.099639490808259,122670.0,331149.9694723087, 0.0, 0.0,0.0,NaN, 112.76589748335412,112.76589748335412,0.0, 226.58823933978144, 21.550364931748287, -32.345350710289715, 21.550364931748287, 156.28415269200104, -1.8897999071487275, -32.345350710289715, -1.8897999071487275, 254.10961324090997, 9.087038604405803, 5.73208917255952, 17.0, 0.0
24, 0 ,1.0,1.0,1.0,54.957869414175946,75.91645894167083,93.05698391219366,14.378789796041016,14.853022546916382,14.443326488547765,70.0,75.0,63.0,-0.1666221546514175,0.7689136068350263,0.6172592022831824,16.21604879311469,-0.8802869686133052,0.1660280151447694,-0.4444429671810389,14.760779523340231,0.44422056511255426,0.6174192768379035,-0.6492006824704081,12.455147700263879,75.85342463073114,71.60303435260309,64.76016760769721,24.24345013258578,6.9445432176313835,126369.0,351734.18886870483, 0.0, 0.0,0.0,NaN, 132.07300406828898,132.07300406828898,1.9073486328125E-6, 206.74959599873324, -22.985952034079013, 13.459941776452494, -22.985952034079013, 220.6122787792064, 46.547630978807796, 13.459941776452494, 46.547630978807796, 208.6096800547855, 8.673208233618094, 5.610856455109171, 11.0, 0.0
25, 0 ,1.0,1.0,1.0,117.65017761118611,150.88264840527026,159.0076776300408,16.40553051828208,12.853850289536892,14.894883870436237,77.0,65.0,76.0,-0.9368252484012427,-0.3493694750370042,0.017303868651782118,16.908872747975863,-0.028310209107505757,0.026421395206484954,-0.9992499396725685,14.89720338431022,-0.3486502345019136,0.9366124490885811,0.03464295302149967,12.181289672491554,84.04303797440238,76.79983494453664,62.420361433143114,24.592214149123528,7.172410167412926,132593.0,402891.6888435269, 1.4210854715202004E-14, 0.0,0.0,20.474944059246315, 104.2802856173311,104.2802856173311,0.0, 269.14143158628474, 44.957047231980695, -0.14894361548636673, 44.957047231980695, 165.22146726582764, -2.773053902366912, -0.14894361548636673, -2.773053902366912, 221.85756551378157, 9.31277456936976, 5.767677157243025, 18.0, 0.0
26, 0 ,1.0,1.0,1.0,15.401724881414403,97.99874946097455,23.144660054621244,9.39315715644796,13.236053538896082,14.577550885242937,38.0,61.0,58.0,-0.06330960900492706,0.23615205006142836,0.9696515367179223,14.713375220758516,0.33200663654281776,0.9212438013352486,-0.20268559838554526,13.552568372061577,0.9411500872332578,-0.309098799339573,0.1367276327143333,8.704825362743676,64.12525322775993,66.4312120014472,44.31738559756842,20.846788059519888,6.429691443883552,69570.0,188788.4415527133, 0.0, 0.0,0.0,NaN, 101.86581033046181,101.86581033046181,0.0, 88.23140136572955, 30.89791505052018, -15.8986913785619, 30.89791505052018, 175.1931132845235, 12.073330249026194, -15.8986913785619, 12.073330249026194, 212.50498981184717, 11.048955536615203, 6.522497323251096, 5.0, 0.0
27, 0 ,1.0,1.0,1.0,174.13844818932736,64.39894345529251,115.011203457164,13.765109581037935,14.302411676669099,14.950115755365399,61.0,69.0,77.0,-0.5482050423301293,0.3398992402933305,0.7641594977567432,15.857580946433119,-0.11100317862794688,0.8760365195776475,-0.4692955472841976,14.28185155084739,-0.8289448268119619,-0.3420943185940085,-0.4425177412120193,12.732204265271859,88.3341971665762,70.34404425788645,63.74899242161243,23.812943604390668,7.105413396822714,117553.0,396122.51215422613, 0.0, 0.0,0.0,NaN, 109.72301179795258,109.72301179795258,1.3486991523486091E-6, 189.47824177798233, -20.720507385901588, -35.25102154998441, -20.720507385901588, 204.55897976892058, 5.998108014847556, -35.25102154998441, 5.998108014847556, 223.50596109882474, 9.400601739288273, 5.532164669960457, 11.0, 0.0
28, 0 ,1.0,1.0,1.0,183.7084771305855,20.08480144676362,116.1091703714867,10.07745811735573,10.96951325800789,15.980488427955907,39.0,44.0,79.0,-0.23114795322207696,-0.28415413824627683,0.930498280191189,16.72134819720372,0.12021313886097947,-0.9574116652729624,-0.2625103892123968,10.31423221812493,-0.9654633213988171,-0.0511793798005497,-0.25546280769770735,9.553770032775951,87.60951566441813,52.29535473646442,44.256076579296774,20.654213175230595,7.117926083687418,66355.0,202762.34375091785, 0.0, 0.0,0.0,NaN, 87.78658361230843,87.78658361230843,0.0, 101.55516210705889, 10.630825095112751, -40.98310916033396, 10.630825095112751, 120.33022111761088, -45.997789189666335, -40.98310916033396, -45.997789189666335, 255.37601039603265, 9.294056074408738, 5.8862258387956246, 5.0, 0.0
29, 0 ,1.0,1.0,1.0,11.448301059554257,173.3630167786178,137.59093336331188,7.119130952131004,14.4046642985259,16.209600001489804,30.0,54.0,72.0,0.022787326237045023,0.1082511884913839,0.9938623737485834,16.233092398165873,-0.015054166519756659,-0.9939706449977366,0.1086081440462811,14.383261783367741,-0.999626985346715,0.017436658882514677,0.02102030194009864,7.108867908382931,74.15107429066369,59.379026007955446,31.012812930381674,21.691993393107506,7.098234562799805,71162.0,136549.9912039094, 0.0, 0.0,0.0,NaN, 68.81485356192344,68.81485356192344,0.0, 50.68202551358971, 2.8647738783133723, 4.56777555217136, 2.8647738783133723, 207.49435355322663, 6.035881768718805, 4.56777555217136, 6.035881768718805, 262.7511322082982, 9.787508741269082, 5.974233106312557, 9.0, 0.0
30, 0 ,1.0,1.0,1.0,11.243675038204467,25.101832270811787,170.0543043699736,7.079468844282043,13.901980895547448,15.697326116975422,27.0,52.0,60.0,0.010122897924496669,-0.1679990704639965,0.9857351770434303,15.748017297149806,0.031770638326195665,-0.9852339611275892,-0.16823991316327125,13.850435899039905,-0.999443922127678,-0.033020511263033285,0.004635985113393413,7.067911698320954,67.1311730157341,59.35970331990505,28.272217221236325,21.0194354842989,6.926278299448009,64783.0,112661.5771181834, 0.0, 0.0,0.0,NaN, 40.66038487868618,40.66038487868618,0.0, 50.11887911716013, -4.777835608524287, 1.2178310855562249, -4.777835608524287, 193.2650728201662, -9.27942895402676, 1.2178310855562249, -9.27942895402676, 246.40604722267867, 8.686108356386429, 5.219326485723182, 6.0, 0.0
31, 0 ,1.0,1.0,1.0,98.09309410968179,184.53224102911307,141.8088287068382,13.020614340587093,9.357338283091272,15.039529517910879,60.0,38.0,63.0,-0.34585487542377186,0.025204347053621696,0.9379494368222671,15.353032655260012,0.9006981532272113,0.28903017221870075,0.324352271951839,12.938049193772915,0.2629206000272687,-0.9569881401756393,0.12266400305090482,8.954043612617276,70.24078955785134,64.18852840982876,42.70669890186653,21.006293010632653,6.482227982896661,73850.0,192549.68253932268, 0.0, 0.0,0.0,NaN, 115.09873629220453,115.09873629220453,NaN, 169.53639780630226, 21.349571332767077, -24.97629921949239, 21.349571332767077, 87.55977974420551, 11.853543383195717, -24.97629921949239, 11.853543383195717, 226.18744812011263, 9.400383709206642, 5.630111533448029, 7.0, 0.0
32, 0 ,1.0,1.0,1.0,175.34202594387014,149.77351581861618,92.72003170421308,14.557140735471796,11.168674980535213,13.76672245031281,64.0,55.0,64.0,-0.8076133232390071,-0.08765422345552065,0.5831616047351345,15.270558897322974,-0.5810870775833494,0.28680156279310676,-0.7616315853777824,13.174686390592633,0.10049143442348621,0.9539714884051002,0.282559499783088,10.927486614498134,73.26216774562177,67.72885020106867,53.023342029818025,21.950821159984493,6.658359004999887,89578.0,263099.8286603238, 0.0, 0.0,0.0,NaN, 108.29459671195904,108.29459671195904,0.0, 211.91034639233231, -0.971957150759827, -29.615980836295158, -0.971957150759827, 124.73930082083325, -17.647123141674115, -29.615980836295158, -17.647123141674115, 189.52264702394677, 9.371921847363337, 5.557825437227335, 8.0, 0.0
33, 0 ,1.0,1.0,1.0,20.20427258029026,75.5031140279545,175.23291589732796,11.788646765485794,15.486257369349795,14.242509490889512,49.0,73.0,59.0,-0.011970674019178318,0.8193251192503376,0.5732041974104397,16.589809697483425,-0.07268204467087663,-0.5724418714463354,0.8167175914583188,12.946940525511492,-0.9972833215019626,0.03188499302864354,-0.06640273995533683,11.781357379324783,83.6091815015833,66.7853864351835,51.34747891702609,23.036746568042318,7.138189128130653,104527.0,286717.7239220265, 0.0, 0.0,0.0,NaN, 81.98988543330084,81.98988543330084,NaN, 138.97219256139866, -0.13879180235614774, -2.6470215373993398, -0.13879180235614774, 239.82416730974086, 50.59365700608883, -2.6470215373993398, 50.59365700608883, 202.84907659807786, 8.502016142165365, 5.154802719956839, 8.0, 0.0
34, 0 ,1.0,1.0,1.0,104.08787959509856,15.609616409163559,9.909749600426212,16.414560668818844,9.67980713558392,6.731406506428022,75.0,39.0,26.0,0.9802252910744723,-0.12456497437925361,0.15375937661119293,16.669189508044244,0.1327793222029434,0.9901540743643781,-0.04432336421064104,9.53987116561155,-0.14672433449599878,0.06386294839355676,0.9871137186207011,6.291047685056805,73.47212769745047,41.49397524703873,30.596588743875532,18.929568653368815,7.079529100485258,37540.0,93278.31010137909, 1.4210854715202004E-14, 0.0,0.0,11.413292812996856, 97.6780328535986,97.6780328535986,0.0, 269.4378019503346, -22.33311466525898, 35.61128758839082, -22.33311466525898, 93.69866618210138, -6.821060724713756, 35.61128758839082, -6.821060724713756, 45.31183355478151, 10.652432625852306, 6.074001055894577, 5.0, 0.0
35, 0 ,1.0,1.0,1.0,87.88918107817848,37.15082654996939,106.69716252973473,13.544341326332795,12.455091022679122,13.494049713932496,67.0,57.0,61.0,-0.7109228689416645,0.3674880119942178,0.5996175743390871,14.389988849628315,0.5497838235997392,-0.24126792919109816,0.7997046540141493,12.965245742317492,-0.4385503639535644,-0.8981883696554844,0.030516075957098068,12.062274900631344,69.14316001572962,67.84115158371509,57.45783865557005,21.99269330248574,6.081882383969454,99631.0,269520.44858341414, 0.0, 0.0,0.0,NaN, 133.4545298741916,133.4545298741916,0.0, 183.44918196420642, -19.084037338396932, -16.311545889423762, -19.084037338396932, 155.12929238322204, 9.207472961886182, -16.311545889423762, 9.207472961886182, 182.08937768208165, 8.434578430120053, 5.338734755880877, 10.0, 0.0
36, 0 ,1.0,1.0,1.0,105.49896819373993,158.58998016269254,18.08932113804902,10.369831539584078,16.299034540974148,10.349409325585638,48.0,83.0,40.0,0.07455546088277458,-0.9971575140928194,0.010880043234541278,16.326935397992056,0.6521303442495208,0.04049853711883853,-0.7570243606385704,10.41165269599738,-0.7544319037272743,-0.06353550644688748,-0.6532960600363199,10.26308312172635,82.88054446176594,52.96945016855172,53.935806335024466,20.909288429010573,6.5653532965107475,75111.0,236785.57199431976, 0.0, 0.0,0.0,NaN, 104.7495025983868,104.7495025983868,0.0, 107.53340615935268, -11.90587632353994, -1.3856103315332584, -11.90587632353994, 265.65852696786834, -1.8434607036453987, -1.3856103315332584, -1.8434607036453987, 107.11027338851898, 8.681723030550112, 5.345912649274015, 16.0, 0.0
37, 0 ,1.0,1.0,1.0,169.79382385095772,88.35758465247929,186.7078759378791,13.776424200846021,15.54802871940814,7.874114219990282,61.0,76.0,34.0,-0.2451605811028062,0.969435678731486,0.009526503858067407,15.662685219230305,0.9693426059919036,0.2449464573511262,0.0193944641575372,13.648251308407017,0.016468202153220098,0.013989204178810359,-0.9997665229863842,7.870086627002297,74.5016921452673,66.0376319230653,34.84239016085948,21.06462570590025,7.057923167681095,66773.0,171421.6092609868, 0.0, 0.0,0.0,NaN, 94.31943810927748,94.31943810927748,0.0, 189.7898637616559, -14.061703564154914, 1.9092197151061288, -14.061703564154914, 241.74119705954033, 2.2842622951081974, 1.9092197151061288, 2.2842622951081974, 62.00167474945316, 8.158545726488876, 5.192270717698435, 12.0, 0.0
38, 0 ,1.0,1.0,1.0,153.8587758153867,89.33510439442172,69.09637366745591,10.742981293805016,12.527772553744747,15.266804354988345,51.0,61.0,68.0,-0.04224230844835059,-0.2170367706198159,0.9752490079850766,15.409582083469338,0.23879213382081196,-0.9500237862871113,-0.2010798903769477,12.458233275063591,-0.9701514851827308,-0.22438771287132292,-0.09195787138749398,10.61928675231133,68.3123463978502,64.05719921051556,48.049611162165775,21.586757922679187,6.280440258337722,88271.0,210260.1772883009, 0.0, 0.0,0.0,NaN, 122.00033729629466,122.00033729629466,NaN, 115.41164707904449, -8.484344672872595, -7.1743902964902695, -8.484344672872595, 156.94508515836017, -18.284620465196426, -7.1743902964902695, -18.284620465196426, 233.0753152134911, 8.035378365755983, 5.078837570677854, 7.0, 0.0
39, 0 ,1.0,1.0,1.0,153.72001510833363,52.91577104007142,157.76555757763052,11.897414778129534,14.967239482414168,11.695605052996305,55.0,77.0,56.0,0.07680479617086784,0.9911863996651123,0.10793768759827646,15.013215844777283,-0.7894020753207122,0.1265819594976254,-0.600684085863022,12.190876554253235,-0.6090528604025305,-0.03907081581760467,0.7921667025234289,11.328715395822783,78.29330917761473,58.98661275515735,57.3902907459245,21.4725155616752,6.425339612512143,87369.0,265043.1182696938, 2.8421709430404007E-14, 0.0,0.0,85.59507131072085, 82.01014542766383,82.01014542766383,0.0, 141.54847840285504, 5.36250376200056, 10.419909458320515, 5.36250376200056, 224.01825772393755, 8.841931786031125, 10.419909458320515, 8.841931786031125, 136.78717755567268, 8.241547748116783, 4.928015366253113, 10.0, 0.0
40, 0 ,1.0,1.0,1.0,123.19568949819204,80.23856039124892,176.7909263546734,13.120153619208908,11.571108585006401,12.881510701185036,68.0,55.0,53.0,-0.6242494428563958,-0.33024632703591833,0.7079901105049172,14.622114111514353,-0.721093320172841,0.5922409917470226,-0.3595483712890548,12.347195889162158,-0.30056123618255914,-0.7349748098906443,-0.6078445295720145,10.28118842385957,75.10703037433598,59.868221379421485,57.177261649868086,20.798380575840625,6.276118883900824,76882.0,257098.94765121484, 0.0, 0.0,0.0,NaN, 113.47153733334376,113.47153733334376,NaN, 172.1384309916406, 2.320892522484618, -35.65675303720074, 2.320892522484618, 133.89055388600886, -35.230774176933394, -35.65675303720074, -35.230774176933394, 165.93331794474457, 8.564425612927284, 5.040724930846716, 9.0, 0.0
41, 0 ,1.0,1.0,1.0,187.45797707171343,107.86778708186782,137.05143412164648,7.497448711798193,15.064677462815478,15.033982216859906,29.0,66.0,68.0,-0.06636951802807983,-0.71065702269939,0.700401087352639,16.21035472822238,-0.0057921371324535925,-0.7016625778798904,-0.7124858440350837,13.824182655985258,-0.9977783011391654,0.05134416121610429,-0.0424527841826123,7.435942376102672,76.22731762539823,66.37838970076223,30.51434015173183,21.39416077811889,7.174033045755587,67951.0,154397.88012097985, 0.0, 0.0,0.0,NaN, 112.28610306920052,112.28610306920052,0.0, 56.21173718604438, 10.33807399467662, -9.084393605180754, 10.33807399467662, 226.94450705866058, -35.3761374497965, -9.084393605180754, -35.3761374497965, 226.0206212968599, 8.886930848164962, 5.226821805962434, 8.0, 0.0
42, 0 ,1.0,1.0,1.0,47.55841632256497,33.594099852054676,11.589175701636231,12.58637497715928,11.26409265043494,7.579419725314394,59.0,56.0,31.0,-0.974030589555457,0.21883548189966484,0.058098558260853014,12.676504410677916,-0.20989759949322045,-0.9689480370863082,0.1307008001259886,11.23195835113388,0.0848964565646406,0.11511182948911658,0.9897180701464618,7.4762001845981825,57.038119376550256,54.88704916543422,34.63824413639287,17.690117449421212,5.459300898594672,45287.0,108440.35972431795, 0.0, 0.0,0.0,NaN, 59.36897760129974,59.36897760129974,0.0, 158.4168350656613, -8.048274143984171, -7.858207969587263, -8.048274143984171, 126.87978323758243, -7.565874804081868, -7.858207969587263, -7.565874804081868, 57.44760337248493, 8.390101304964933, 4.959094499642491, 3.0, 0.0
43, 0 ,1.0,1.0,1.0,46.42604499458621,22.795332112446363,167.01703003649294,12.039821670524073,13.232119167494412,11.487729208104044,52.0,52.0,53.0,0.3479460085286868,-0.9288955806828402,0.12683286378870465,13.404512420115108,0.7726956594796599,0.3607524864187366,0.5223016957314931,12.138485432283204,-0.5309190079195215,-0.08372958694863061,0.8432759710196674,11.17991163063238,63.300178612639655,64.67922887755918,61.2464464781238,20.421145619055295,5.915320573294577,74809.0,250755.61400101648, 0.0, 0.0,0.0,NaN, 61.34232737327204,61.34232737327204,0.0, 144.95730585802107, -11.445505555319444, 11.434536201217735, -11.445505555319444, 175.08897766277303, -2.231660002289138, 11.434536201217735, -2.231660002289138, 131.96792235872678, 7.995331416329303, 4.898796319711667, 7.0, 0.0
44, 0 ,1.0,1.0,1.0,35.12354718140392,53.94162101274896,127.96304336695509,14.341458782166265,13.314192037227434,12.369452076287766,71.0,64.0,60.0,-0.8725945945903758,-0.3426981008291354,-0.3480469582969528,14.614239962513823,-0.4637505166528318,0.8049712147861365,0.37007675105302446,13.608948488114532,0.15334318307602976,0.4843339292820959,-0.8613399521386876,11.711917248607637,70.64469245840486,63.8528640699394,54.11205394366404,22.235413098136384,6.444757452963004,97655.0,244092.2213381524, 0.0, 0.0,0.0,NaN, 96.60582366005964,96.60582366005964,0.0, 205.6774400005739, 4.916935563782537, 14.961270613667425, 4.916935563782537, 177.2677096041704, 23.422971790844787, 14.961270613667425, 23.422971790844787, 153.00334466757974, 8.324036056404807, 4.943849326514357, 6.0, 0.0
45, 0 ,1.0,1.0,1.0,58.79704866653124,144.26503961229287,86.54733161148032,12.001163355019221,12.158439935381917,10.922520162896486,62.0,57.0,50.0,0.6514004239528437,-0.7160572890355448,0.250877353487958,12.842580567370577,0.7158856550293652,0.689587383124542,0.10943934374174322,11.40916048172202,-0.2513666974705133,0.10831066362326783,0.9618126551196207,10.77293886170039,57.061839813017414,52.19451549810208,49.18009292107239,19.535014818659878,5.435092113269636,68918.0,146473.81250414313, 7.105427357601002E-15, 0.0,0.0,49.35272876205736, 118.5492275402133,118.5492275402133,0.0, 144.0279218738562, -15.830594198073774, 9.093016733651492, -15.830594198073774, 147.82766166228984, -7.715089805497887, 9.093016733651492, -7.715089805497887, 119.30144670888028, 7.450880275009461, 4.683804267611926, 13.0, 0.0
46, 0 ,1.0,1.0,1.0,131.12968484554312,119.5941476268072,182.92351697118886,15.278569235076958,10.09575397108157,9.566015886078455,70.0,49.0,38.0,-0.9794249271649393,-0.007649021491689908,0.20166384038338014,15.484991997273905,-0.10194485805134214,-0.8436555724070129,-0.527117179632278,10.644828054879737,0.17416675332808343,-0.5368302968507039,0.825517519146832,8.588960622494625,69.02256294303123,56.75154807546147,44.58759632178621,19.613392907326038,6.494798281026241,57686.0,174655.73663164597, 0.0, 1.4210854715202004E-14,0.0,89.56173907745647, 107.23724948900525,107.23724948900525,1.3486991523486091E-6, 233.4346778710401, 4.644596290327935, -30.665461818490826, 4.644596290327935, 101.92424824460929, 17.328509158712134, -30.665461818490826, 17.328509158712134, 91.50865993270537, 7.742551647639947, 4.954594677317503, 8.0, 0.0
47, 0 ,1.0,1.0,1.0,124.05786561264821,9.625391304347826,49.71614229249012,8.974927052767086,6.390093644356202,13.29957984341537,43.0,26.0,58.0,-0.0997751204217171,0.056853716152727246,0.9933844071176355,13.3526590850717,0.9944379562217265,-0.028151425201939785,0.10149211045521854,8.922533577537434,-0.033735390473307945,-0.997985547099117,0.05372868145496178,6.3526629308567575,58.456293511847804,43.28877581814078,27.418291914842662,16.37590969872923,5.485528045372954,31625.0,69382.02566467413, -1.4210854715202004E-14, 0.0,0.0,84.27377893699583, 91.27732871592781,91.27732871592781,0.0, 80.5493156024905, -1.8814060422753007, -9.70970878720179, -1.8814060422753007, 40.833296783641536, 7.678201983845932, -9.70970878720179, 7.678201983845932, 176.87882401138037, 8.776780799207952, 4.745836991010176, 4.0, 0.0
48, 0 ,1.0,1.0,1.0,9.770401327123079,42.14024117909781,12.894181075735341,6.544959038344473,15.2755184206118,7.980815858321045,25.0,67.0,32.0,-0.03601774246578802,-0.9953585524259619,0.08924166258067025,15.327209838503208,0.28686075455875093,-0.09583904416107339,-0.9531661896585901,8.019464598889673,-0.9572949544010205,0.008730963680250926,-0.2889812114161782,6.37465290899294,67.95721785348552,37.962323199300286,28.345670704390447,17.29650491194827,6.379834749228229,31346.0,73126.55437752583, 0.0, 0.0,1.7763568394002505E-15,84.88001799302354, 45.138903114048205,45.138903114048205,0.0, 42.836488813607005, 6.314404254640663, -7.098021399793697, 6.314404254640663, 233.3414630184504, -15.095253621161646, -7.098021399793697, -15.095253621161646, 63.693421764428685, 9.65397556270252, 5.7934256914777125, 2.0, 0.0
49, 0 ,1.0,1.0,1.0,48.6722628009242,183.14882238950585,164.19777148393828,15.16422143260104,9.870592924069813,8.838539999600371,62.0,43.0,39.0,-0.9965365923435869,0.01623133781731959,0.0815558936735532,15.197169773285221,-0.05758310363611725,-0.8422622497600872,-0.5359836646808455,10.555313981897276,0.05999171856068168,-0.538823576230418,0.8402798030432475,7.945651847375368,62.63129431473779,51.64875804603906,41.1424307124521,19.16530025073025,6.180070546001881,53668.0,133088.7101503986, 0.0, 0.0,0.0,NaN, 62.72759296943372,62.72759296943372,0.0, 229.95361165695675, -0.3728732762723022, -12.149221088339573, -0.3728732762723022, 97.42860467269706, 22.018193321118755, -12.149221088339573, 22.018193321118755, 78.11978932453574, 8.706540655278921, 5.219824402922542, 7.0, 0.0
