// Sample: .//bubblelabels.tif, Map: .//bubblelabels.tif, Thickness:(8.191250068658265):/gpfs/home/mader/Foam/NewValid/InSilicoTest/LatticeDataPhi_16.0/out_Step_02000.vtk/distmap.tif, Neighbors:(1.0):
//LACUNA_NUMBER, TRIANGLES, SCALE_X, SCALE_Y, SCALE_Z, POS_X, POS_Y, POS_Z , STD_X, STD_Y, STD_Z,PROJ_X, PROJ_Y, PROJ_Z, PCA1_X, PCA1_Y, PCA1_Z, PCA1_S, PCA2_X, PCA2_Y, PCA2_Z, PCA2_S, PCA3_X, PCA3_Y, PCA3_Z, PCA3_S,PROJ_PCA1, PROJ_PCA2, PROJ_PCA3,OBJ_RADIUS, OBJ_RADIUS_STD, VOLUME, VOLUME_BOX, Mask_Grad_X,Mask_Grad_Y,Mask_Grad_Z,Mask_Angle, Mask_Distance_Mean,Mask_Distance_COV, Mask_Distance_STD, SHAPET_XX, SHAPET_XY, SHAPET_XZ, SHAPET_YX, SHAPET_YY, SHAPET_YZ, SHAPET_ZX, SHAPET_ZY, SHAPET_ZZ, Thickness, Thickness_STD, Neighbors, Neighbors_STD
1, 0 ,1.0,1.0,1.0,169.73348789787568,62.07339487981676,168.45578848866603,13.102684325814801,12.060613194139945,11.712917826359304,59.0,59.0,59.0,-0.8991376956233939,-0.36186601084501,0.24617959806647782,13.477504703071242,-0.15093757671664154,0.7843561416721273,0.601667093130513,12.04785775881938,-0.4108153505456693,0.5038238116805641,-0.7598633525441965,11.293235212710712,66.77269450505138,64.87764785412388,63.27195646089598,20.36770292764568,6.283935758651084,71599.0,274097.61814750364, 0.0, 0.0,0.0,NaN, 75.9223642058483,75.9223642058483,0.0, 171.68033654195287, 15.519050840048994, -13.575896926762542, 15.519050840048994, 145.45839061866255, 3.49230899163463, -13.575896926762542, 3.49230899163463, 137.19244400704554, 5.904817937134258, 4.2123393800978075, 28.0, 0.0
2, 0 ,1.0,1.0,1.0,41.790663729731165,8.959900214962447,26.200074308006688,13.982853880210477,5.919728804585876,12.07180273259701,72.0,23.0,55.0,0.8692763461101484,-0.025299572440196073,0.4936786057018603,14.82347956930623,-0.48881120630452146,0.10477367568578473,0.8660751015208832,11.07272300562175,0.07363585189639502,0.9941742344869097,-0.07871056344518779,5.826754814563026,77.94253284156875,54.077529207213075,25.36057657692204,18.216851533976374,6.666193303446066,37681.0,106893.29839714212, 0.0, 0.0,0.0,NaN, 50.13165946364258,50.13165946364258,0.0, 195.52020263531722, -8.626212337899117, 42.19665577191614, -8.626212337899117, 35.04318911984373, 5.724219428343027, 42.19665577191614, 5.724219428343027, 145.72842121473667, 6.241840110763851, 4.247845075039016, 16.0, 0.0
3, 0 ,1.0,1.0,1.0,170.08707624159467,40.07338827144482,12.083943572041424,14.684802836580541,11.075709936539457,8.238924570182858,65.0,60.0,31.0,0.9393653199667573,0.33407020625302664,0.07739439862038583,15.16130529131683,0.33982029605047287,-0.937129042136594,-0.07944384668631242,10.473738016282601,0.0459887163978297,0.1009269819137057,-0.993830358907329,8.162738318146086,73.55355617797645,63.2815651066917,35.03349818068954,19.029272651158415,6.639385919544033,50117.0,163066.36549471517, 0.0, 0.0,0.0,NaN, 51.445905061359575,51.445905061359575,0.0, 215.64343434924393, 37.50986159553465, 10.704724350053073, 37.50986159553465, 122.67135059835888, 7.426906150448194, 10.704724350053073, 7.426906150448194, 67.87987807316279, 6.19012850677189, 4.076546377462592, 15.0, 0.0
4, 0 ,1.0,1.0,1.0,9.530345576397469,30.117563368153057,135.11119847242503,6.228139439450935,10.475423780891765,10.448796401164847,24.0,53.0,55.0,0.04749964162609629,-0.7103400771206786,0.7022540557957501,11.493439175466065,-0.009450330783128728,-0.7033357351438284,-0.7107950020348902,9.328882298532317,-0.9988265491532963,-0.027125974745214148,0.040121144059462426,6.210827761217069,63.589977558890595,43.97532069782585,26.088166381836167,15.223895301937736,5.092600743740018,26709.0,72952.67862251564, 0.0, 0.0,0.0,NaN, 72.16960353033187,72.16960353033187,NaN, 38.78972087724421, -2.8335499311051646, 3.4451635642704708, -2.8335499311051646, 109.7345033892727, -22.430497705021306, 3.4451635642704708, -22.430497705021306, 109.17734623299545, 6.209472488122233, 4.115385172833592, 12.0, 0.0
5, 0 ,1.0,1.0,1.0,59.15636938169127,74.14417771070131,142.30748007357448,9.772384943820668,9.966352032743291,10.548026062985475,49.0,56.0,55.0,-0.5955106547472551,0.3902933738419222,0.7021667482995646,11.439079949244983,0.17424050600319524,-0.7904933593286502,0.5871630905677357,10.018094739183507,-0.78422401528533,-0.47200776602974903,-0.40274230303925124,8.652962606398185,56.056998010803085,54.14556570511047,48.3993210110562,16.796069271478615,4.896998180914664,42406.0,146903.4519678641, 0.0, 0.0,0.0,NaN, 111.01919645845113,111.01919645845113,NaN, 95.49950749021289, -16.52148380888689, -20.799742969576492, -16.52148380888689, 99.32817284056632, 3.510613281850791, -20.799742969576492, 3.510613281850791, 111.26085382542085, 5.961066402348377, 3.862889004951394, 21.0, 0.0
6, 0 ,1.0,1.0,1.0,28.610573109465893,106.96822117927023,173.99215031729244,12.380434346289636,12.141326835003804,9.978694973521241,58.0,57.0,51.0,-0.7857718595044654,0.6181027798117478,0.022617214680087185,12.776462696403001,-0.6121604201072137,-0.7824057582261114,0.11445894263351748,11.747009893493338,0.08844322961682687,0.07609325254983668,0.9931704848873288,9.951436319513968,66.40590559863463,57.708152387662324,51.47238374993918,19.15265959681466,5.7824696852011765,60512.0,197250.51921855443, 0.0, 1.4210854715202004E-14,0.0,51.82227861456144, 100.74663770726836,100.74663770726836,0.0, 153.2751546027881, -12.523761698679607, -3.870983900267821, -12.523761698679607, 147.41181731438348, -2.5915040808410175, -3.870983900267821, -2.5915040808410175, 99.57435337457808, 6.016066076939739, 3.7393054178300336, 23.0, 0.0
7, 0 ,1.0,1.0,1.0,135.78992865982383,16.383908422508554,180.17838683846546,13.696294620218339,9.899620360911271,9.711486850870736,66.0,41.0,39.0,0.9671936350555814,0.24882923245674773,0.051190676719079564,13.935288843162219,-0.07949003893700117,0.10504261298974847,0.9912857222648171,9.699841514198077,-0.2412836629732013,0.9628343899816166,-0.12137599206994241,9.572081587915156,70.78605519164827,41.50999361213579,45.17955915623402,18.60586624976216,5.807382161057026,54948.0,132752.39526941327, 0.0, 0.0,-2.8421709430404007E-14,87.06570777580411, 69.1683602887417,69.1683602887417,0.0, 187.5884863238218, 24.663963291130152, 4.884238175664406, 24.663963291130152, 98.00248329016901, 1.5628581502979741, 4.884238175664406, 1.5628581502979741, 94.31297685463522, 6.104398796089032, 3.951056775111264, 14.0, 0.0
8, 0 ,1.0,1.0,1.0,185.1657859289193,155.234535281318,91.1356077090457,8.379419198142497,10.744321015717055,10.264352602569938,32.0,55.0,52.0,0.1939637163115463,0.8174714208201527,0.5423269796874335,11.331602684679405,-0.2057958562411912,-0.506618156260634,0.8372491321590187,9.795748228329112,-0.9591799321861192,0.27400459829965473,-0.06996669066117026,8.163953195640943,54.55815459987028,48.39104219714119,38.29005772733997,16.360584905921865,4.831490046867873,38604.0,101090.57547100473, 0.0, 0.0,0.0,NaN, 102.61432517481798,102.61432517481798,0.0, 70.21466609819903, 12.84737266085289, 1.4465369045205003, 12.84737266085289, 115.44043408877917, 14.947471966695227, 1.4465369045205003, 14.947471966695227, 105.35693434988427, 6.1626959227912534, 4.069919151835065, 18.0, 0.0
9, 0 ,1.0,1.0,1.0,79.30733284429593,146.66433015459015,44.86665579916863,9.63547221743847,8.898606850282428,10.396731957288756,45.0,40.0,48.0,-0.5874349347686887,-0.09973214318102197,0.8031025445295431,11.233455101636059,0.11626054692674498,-0.9924834701135659,-0.03821055848360616,8.87304440986785,0.8008768211414292,0.07092292413497307,0.5946143760375664,8.671685735811177,54.042455330586435,40.67252035286796,42.54833012744891,16.085376696755695,4.623875067958385,36807.0,93523.05342674228, -1.4210854715202004E-14, 0.0,0.0,54.02480610423907, 105.58107559281433,105.58107559281433,0.0, 92.84232485302863, 2.5798108319416486, -24.07239412068864, 2.5798108319416486, 79.18520387589336, -3.950266731906219, -24.07239412068864, -3.950266731906219, 108.09203539170929, 5.984981367727116, 3.9426459898230712, 14.0, 0.0
10, 0 ,1.0,1.0,1.0,153.21676429004242,10.740820036356292,87.34191072510603,9.461580441789957,6.823596297048556,9.598411947907334,47.0,26.0,46.0,-0.6061369360432955,-0.04136734133306376,0.7942838018209109,9.762601667136016,0.7896173510519509,0.08849376260714693,0.6071847271607962,9.313675893816653,0.09540678006172552,-0.9952173617108293,0.02097496764216312,6.794080720528636,47.85885047320114,49.158999123944426,27.90759796022507,14.405136876805441,4.550221353274572,24755.0,65658.01562800168, 0.0, 0.0,0.0,NaN, 99.66265964572305,99.66265964572305,0.0, 89.52150445646224, 4.068299724698538, -4.204229163842425, 4.068299724698538, 46.56146642509476, 0.5658129352567578, -4.204229163842425, 0.5658129352567578, 92.12951192173027, 6.32739649971575, 4.0580085895806475, 15.0, 0.0
11, 0 ,1.0,1.0,1.0,98.98488473749597,90.86630929922238,12.919362260157364,11.226329996489776,11.376677799680078,8.36318481651601,59.0,54.0,33.0,0.5963383584251413,0.797412411486782,0.09227138385026985,11.549085924432953,0.796673341348724,-0.6020109708472369,0.05379942531130618,11.080565812817744,-0.09844871484721064,-0.041427490708504884,0.9942794444010846,8.321166913414425,57.59681490655902,59.069776982782145,36.29253307069848,17.238773498000814,5.312892950893431,43466.0,123475.58149716962, 0.0, 0.0,0.0,NaN, 134.9874197596446,134.9874197596446,0.0, 126.03048519008613, 4.823406000312445, 5.823908825402089, 4.823406000312445, 129.42879775773352, 2.9853313876081664, 5.823908825402089, 2.9853313876081664, 69.94286027520394, 6.123451407185795, 3.849459217848893, 12.0, 0.0
12, 0 ,1.0,1.0,1.0,154.64444275216084,9.844686441000647,39.88131591973499,10.232182168683766,6.251635664558621,9.695467835597912,47.0,24.0,48.0,-0.9729584130028393,0.01178462734171127,0.2306795377258556,10.263730117738863,-0.23068189570154987,0.0011773976184150307,-0.9730285076658277,9.662544762737186,-0.011738379894038396,-0.9999298656872221,0.0015729412570358607,6.250893515726005,52.986172726710365,49.48179289970724,24.324690681174584,14.726320953063523,4.573627461215245,26263.0,63775.710340309655, 0.0, 0.0,0.0,NaN, 61.19284095278912,61.19284095278912,NaN, 104.69755193313, -0.7745999319931662, -2.6876697993951386, -0.7745999319931662, 39.082948482381305, 0.11795635063011997, -2.6876697993951386, 0.11795635063011997, 94.00209655111365, 5.839988308148877, 3.874974923468351, 13.0, 0.0
13, 0 ,1.0,1.0,1.0,188.57376608411752,59.11407720376416,92.9135010562704,6.971215977719202,9.49918818502758,9.61336532891251,28.0,46.0,54.0,0.1622527245787736,-0.6299241334123957,0.759519347687343,9.835141150971799,0.05130096060967423,-0.7632926713467251,-0.6440128176588611,9.345119442846693,-0.9854147679060271,-0.14345690646679696,0.09153060242174407,6.869349493882372,51.97044438015672,45.20066905108615,29.877240280540775,14.543195577670982,4.4434990400945145,26035.0,70184.59098930955, 0.0, 0.0,0.0,NaN, 110.71563405267847,110.71563405267847,0.0, 48.597852208007495, -6.635455550982493, 4.778994477489218, -6.635455550982493, 90.23457617456755, -3.9696215915929653, 4.778994477489218, -3.9696215915929653, 92.41679294713714, 6.14580767172322, 3.943593571344921, 11.0, 0.0
14, 0 ,1.0,1.0,1.0,71.8593233211652,187.39422299532058,26.03150648014308,11.079907225867133,7.369003744000858,12.739369392361457,54.0,29.0,55.0,-0.40964148437717063,0.04839025338009285,0.9109622591826068,13.127904614629774,0.9079145298048146,-0.0755764138162491,0.41228559548446236,10.645776219736637,-0.08879786510142544,-0.9959651545372886,0.012974979805131254,7.326913534117183,60.934482123313536,52.05910794277892,31.00116326421042,17.521154404527287,5.689221489859291,40817.0,98341.728351801, 0.0, -2.8421709430404007E-14,0.0,87.22635952560837, 77.46165045810213,77.46165045810213,0.0, 122.76434413382272, -6.445044260011007, -21.951664497415834, -6.445044260011007, 54.30221617909865, 3.3720515772354482, -21.951664497415834, 3.3720515772354482, 162.29153251503593, 5.601239380608945, 3.7091188940552464, 12.0, 0.0
15, 0 ,1.0,1.0,1.0,185.504272605369,149.0584229484921,34.20290274235532,8.475281632555154,11.652498512738612,9.115425326038954,36.0,59.0,48.0,-0.20203668813927017,0.9793545062209806,-0.006777004528129044,11.773941048416882,-0.0022584066146019016,-0.0073855619781307835,-0.9999701760921824,9.11529602542265,-0.979375350029435,-0.20201535738385387,0.003703935176998493,8.30588886106795,61.27447651799335,48.101966320118585,40.726742991131715,16.31995209867234,4.935712989237176,38033.0,120038.93109603814, 0.0, 0.0,0.0,NaN, 63.04767197285867,63.04767197285867,NaN, 71.83039875112675, -13.77870516996095, 0.12719291942180333, -13.77870516996095, 135.78072158937556, -0.35805352965878173, 0.12719291942180333, -0.35805352965878173, 83.09097887459238, 5.967378331889418, 3.910080479490465, 16.0, 0.0
16, 0 ,1.0,1.0,1.0,152.4638973002943,110.0403889623406,10.151959738985799,10.303549967845635,9.50406878107622,5.828075080140158,58.0,49.0,24.0,0.9298121400530687,0.36354181488946813,0.05733003607887279,10.455160329534321,0.36333002838381484,-0.9315485049429086,0.014445532639802708,9.350924520580163,-0.0586572645505159,-0.007398092017760592,0.9982507668666967,5.805752110555067,52.57706537288675,43.87256319820284,24.76387412655607,14.504788838161081,4.479734951472508,23447.0,57122.59624549743, 0.0, 0.0,0.0,NaN, 102.2520169212614,102.2520169212614,0.0, 106.16314193989177, 7.3695009705557695, 4.3121565197701965, 7.3695009705557695, 90.32732339542763, 0.8526504084607732, 4.3121565197701965, 0.8526504084607732, 33.96645913975071, 6.0754427767760335, 3.9426358134488533, 17.0, 0.0
17, 0 ,1.0,1.0,1.0,11.426451477677636,46.70031439949696,14.440159295745127,7.042764568360687,9.2899328604994,8.793168990338282,27.0,46.0,38.0,-0.18026083494405776,-0.8592988131663448,0.4786560153974693,9.562835401768574,0.040048362249420696,-0.49263577030223404,-0.8693135950276307,8.580357089296715,-0.9828032153317422,0.13753380497039913,-0.12321644542817287,6.939226002186937,48.79987811137263,40.95613729813513,29.836715038982035,13.987324290061759,4.192608426178834,23855.0,59633.28501841188, 0.0, 0.0,0.0,NaN, 50.19961512671267,50.19961512671267,0.0, 49.6005327653567, 6.2038022055718764, -4.622332446682673, 6.2038022055718764, 86.30285255258657, -6.900075505961898, -4.622332446682673, -6.900075505961898, 77.31982089264677, 7.243001819737576, 4.148782084351939, 10.0, 0.0
18, 0 ,1.0,1.0,1.0,62.12455985915493,12.03977772887324,104.92646897007042,10.578109550144847,7.341661340310243,11.933976569139704,50.0,28.0,56.0,0.33792065458184184,0.1494738157002719,0.9292293633043354,12.26872201908821,-0.9343276397595449,0.17215179692981103,0.31208271402818094,10.380527949624497,-0.11332031057289665,-0.9736638728194849,0.19783116533505024,7.0667736024901675,60.238227486580456,55.18059765354457,34.981838912352686,16.68596835938423,5.45844754056362,36352.0,116278.98168304906, 0.0, 0.0,0.0,NaN, 114.20767700970622,114.20767700970622,0.0, 111.89640165486561, -4.219055720630104, 14.72496557283007, -4.219055720630104, 53.899991235806, 17.07662098011872, 14.72496557283007, 17.07662098011872, 142.41979675277545, 5.588515883932238, 3.695429600497571, 17.0, 0.0
19, 0 ,1.0,1.0,1.0,191.65850976079187,134.60736871047567,118.60060489414353,4.865568939045598,9.650290476146685,9.689539224298711,19.0,46.0,46.0,0.024189787761070555,0.7002992760648303,0.713439400447683,10.721535096127862,0.015387862601248505,-0.7138245040100107,0.7001555478316427,8.49287344800171,-0.9995889494450405,0.005958306633377438,0.028043372290493015,4.858891183445258,49.0355924038667,45.52254198412783,19.87098920884725,13.801497117832783,4.495299218104132,18185.0,44356.515189157195, -2.8421709430404007E-14, 0.0,0.0,88.61389205234047, 104.74558802153823,104.74558802153823,0.0, 23.67376110060531, 1.0143942640667698, 2.099134253100422, 1.0143942640667698, 93.12810627400742, 21.386874838833343, 2.099134253100422, 21.386874838833343, 93.88717037922326, 6.175705404572675, 3.8451177218781347, 8.0, 0.0
20, 0 ,1.0,1.0,1.0,11.641576101504363,153.39723753948283,188.08721023609402,7.311912840201706,10.018411493099512,6.082119715238797,29.0,56.0,23.0,0.09601103999649804,0.9949748066766192,0.02840799671950822,10.042692897632122,0.993452267472012,-0.09756151591485775,0.05945033950376325,7.286003680562601,-0.061923117278675756,-0.022514099831431766,0.9978269603770342,6.073161301081093,56.67869957385565,31.258287954108276,24.38545277954364,13.140094658501289,4.261775548277422,18679.0,43203.19732969068, 0.0, 0.0,0.0,NaN, 49.48998204725406,49.48998204725406,0.0, 53.46406938270658, 4.540794760256838, 1.131424194584792, 4.540794760256838, 100.36856884506838, 1.714219179194956, 1.131424194584792, 1.714219179194956, 36.992180230496466, 6.172013658954612, 4.0688574034119815, 8.0, 0.0
21, 0 ,1.0,1.0,1.0,8.502983063895304,19.154878752886837,55.21218244803695,5.359927328841333,10.353658813776317,9.615961647624882,21.0,42.0,45.0,0.005415490822487521,0.9462539915863122,0.32337912094958016,10.446682725121528,-0.05931548321941543,0.32311842696352805,-0.944497832505222,9.526445010089722,-0.998224596926763,-0.014066469478402774,0.05787735763504036,5.339237372652102,45.19125432222761,44.219713541619896,21.851146240699073,14.36080039914608,4.707568598229972,20784.0,43666.113991222584, 0.0, 0.0,0.0,NaN, 59.055865006771384,59.055865006771384,NaN, 28.728820970460184, -0.7798355697978577, 3.6284086166388234, -0.7798355697978577, 107.19825083208802, 5.674941527125132, 3.6284086166388234, 5.674941527125132, 92.46671840859263, 5.513808307696056, 3.7769364948721735, 11.0, 0.0
22, 0 ,1.0,1.0,1.0,100.78260645692806,19.423253179547913,102.29056176304,9.933168792302908,9.657032145308362,10.435477939881011,45.0,41.0,52.0,-0.5825705158309674,0.33374963303281463,0.7410956595034829,11.987207445281038,-0.4973096210929126,-0.8675731039897371,-2.2361135159989985E-4,9.519747285969588,0.6428800314622195,-0.36868427100172646,0.6713994142558226,8.15515672569915,60.02898570050498,47.50838789467674,43.329605301812705,16.562620030213708,5.148293861116746,38842.0,123570.84939549748, -1.4210854715202004E-14, 0.0,-1.4210854715202004E-14,89.03082128537424, 140.6004561377378,140.6004561377378,0.0, 98.6678422563804, -4.601386389781619, -33.3218808628003, -4.601386389781619, 93.25826985551903, 19.096034308625292, -33.3218808628003, 19.096034308625292, 108.89919983374321, 5.40796917889613, 3.4120718106398447, 19.0, 0.0
23, 0 ,1.0,1.0,1.0,123.06728682170542,10.610365448504984,145.87162790697676,8.935384612637735,6.521604862934915,9.360391037999813,42.0,26.0,46.0,-0.6315954170203063,-0.07461262849749539,0.7716995431303815,10.130462198768196,-0.7616240869560928,-0.126405773735426,-0.6355708697971028,8.096268645804825,-0.14496889103267194,0.9891686084965713,-0.02301053232140178,6.466337309681045,48.0287214208832,43.43308697935302,27.584865409433537,13.867231027114778,4.205859268793914,22575.0,57543.01223021478, 0.0, 0.0,0.0,NaN, 94.66310198469806,94.66310198469806,0.0, 79.84109817576321, 5.150957026964351, -18.15043201730665, 5.150957026964351, 42.531329988256324, -1.5945586237093743, -18.15043201730665, -1.5945586237093743, 87.61692038426722, 5.847186846359492, 3.792126326182933, 9.0, 0.0
24, 0 ,1.0,1.0,1.0,57.49874268705737,149.88971569331827,20.92556194190701,8.759348517532857,10.274950979162208,11.225926556643678,40.0,49.0,46.0,-0.37583071755620606,0.20316902939739873,0.9041424761811082,11.809855214968586,0.2594329642091367,0.959723768582462,-0.10781848217971805,10.285602094315003,-0.8896324009515657,0.19404286513962948,-0.4134024161341532,7.940777070907568,53.871160879228455,45.76379006500122,44.427910626373006,16.780284808234185,5.1714865256989695,38972.0,109530.28268913033, 0.0, 0.0,0.0,NaN, 79.08871693530939,79.08871693530939,0.0, 76.72618645160505, 4.806029869367031, -27.162197153465243, 4.806029869367031, 105.57461762418643, 9.614955999854164, -27.162197153465243, 9.614955999854164, 126.0214270551578, 5.456286334158991, 3.65249623499892, 12.0, 0.0
25, 0 ,1.0,1.0,1.0,139.6709862228891,36.37320965761833,35.425780930296,8.74452900083181,8.976631162177796,11.075391543042208,39.0,44.0,56.0,0.22326849451676484,0.4136966676349111,0.882613305215816,11.68829486423268,-0.8184193972969395,-0.41227712468020455,0.40027148611103697,8.709199973121308,-0.5294722556322778,0.811715861402987,-0.24652888443846627,8.200279952220948,57.57407261161812,41.69987814995068,41.46268980986545,16.025016004333278,4.786423963749877,36655.0,99544.94472738139, 0.0, 0.0,0.0,NaN, 78.85167238960263,78.85167238960263,0.0, 76.46678744638855, 9.311196520825996, 10.851259528560004, 9.311196520825996, 80.57990702178148, 23.909843592239767, 10.851259528560004, 23.909843592239767, 122.66429783169087, 5.487618689065642, 3.5284717757929727, 16.0, 0.0
26, 0 ,1.0,1.0,1.0,70.86576787807738,62.857924412437896,46.916373583431024,8.993936992934946,10.206417619440932,9.416264513182355,42.0,49.0,51.0,0.41743354775718156,0.8899459019301226,0.18369955047477002,10.539764874669192,0.05400430658113371,-0.22609326200088142,0.9726075116656726,9.389924903258626,-0.9071012997882565,0.39607843732723064,0.14243982380947992,8.62963309390314,52.330488504749,49.30273345501459,46.478383843181035,15.872956651877267,4.6665991648283205,35826.0,119915.9094083909, 0.0, 0.0,0.0,NaN, 105.7081918708733,105.7081918708733,0.0, 80.89090263288371, 13.435347471094031, 3.527405810381289, 13.435347471094031, 104.17096062243431, 2.9734366532592498, 3.527405810381289, 2.9734366532592498, 88.66603738221734, 5.590975048535301, 3.5740152293506786, 23.0, 0.0
27, 0 ,1.0,1.0,1.0,92.16159439806087,126.6970404285244,77.1644372624712,8.967583489874022,8.17899603977337,10.276448461453407,43.0,39.0,46.0,-0.09873423283735247,-0.10510854548043498,0.9895472423957364,10.308567269334757,0.9881391158150804,0.10717291613231232,0.10997751517418074,8.964350605150685,-0.11761224027375007,0.9886688827482548,0.09328022954038048,8.142037946910614,45.64340463361357,44.204748638165455,39.45032032790519,15.3267912461493,4.243629689824712,33417.0,79597.14508818099, 0.0, -1.4210854715202004E-14,0.0,83.96657963646805, 140.78861368009817,140.78861368009817,0.0, 80.41755364786113, 1.9045390575445953, -2.376842960689017, 1.9045390575445953, 66.89597621862848, -3.991867527149076, -2.376842960689017, -3.991867527149076, 105.60539298090809, 5.765989396600616, 3.6244352957103, 19.0, 0.0
28, 0 ,1.0,1.0,1.0,67.51745106205748,190.36897126197417,72.63819241982507,10.135872411287677,5.5996529745744175,10.16928757225583,51.0,23.0,46.0,-0.6942367211520237,0.03998189198360973,0.7186353896918092,10.70732516878598,0.7196596754322804,0.023030171874082146,0.6939449277429406,9.574392569190895,-0.01119493460419189,-0.9989349625960946,0.0447617464175234,5.584856968777637,46.31477863308673,47.47033956050869,23.669302213182164,14.676963391768043,4.700338104594189,24010.0,52038.81347367821, 0.0, 0.0,0.0,NaN, 99.63769322143874,99.63769322143874,0.0, 102.73590953790267, -1.314123238599225, -11.43339869320726, -1.314123238599225, 31.356113435660124, 3.364442038849128, -11.43339869320726, 3.364442038849128, 103.41440972723687, 5.376675183024073, 3.6637724485036776, 15.0, 0.0
29, 0 ,1.0,1.0,1.0,125.9607324456985,74.82520647797078,165.62407782970342,9.006295072102187,9.04355218584107,9.368560136881221,41.0,43.0,44.0,-0.4917573381139395,-0.3557735234212125,0.794732609399884,9.760833664374779,0.48583166668044336,-0.8695455421926231,-0.08864616011672433,8.978577114731563,0.7225941544612683,0.34251386845702136,0.6004514450419878,8.647565280088354,48.638922312287804,43.306898501622626,44.768413979881785,15.282816300529802,4.1357746585642685,34023.0,94300.22623661981, 1.4210854715202004E-14, 0.0,0.0,60.5438481072404, 110.73539944167219,110.73539944167219,0.0, 81.11335092577212, 1.120638269834196, -8.260448285557354, 1.120638269834196, 81.78583613803082, -5.344696503740194, -8.260448285557354, -5.344696503740194, 87.7699190383599, 5.607309007616273, 3.636067345895818, 17.0, 0.0
30, 0 ,1.0,1.0,1.0,44.51422120653102,56.65337702029241,171.58944354194773,9.044877426999875,11.457579104111366,8.023464296211106,44.0,53.0,40.0,0.23530520715540607,-0.9684094102813171,0.0825510361179227,11.607025411799874,0.9471375876318673,0.24753485975352993,0.204100179572892,8.917966861187969,-0.21808679368645384,0.030161354170385624,0.9754631941463349,7.950392069676863,50.71566735189872,45.85513437135481,37.6264802557173,15.982173033870128,4.693831167015198,36319.0,87503.15445475493, 0.0, -7.105427357601002E-15,0.0,14.439976226043436, 77.44856832558978,77.44856832558978,0.0, 81.80980766945189, -12.469546772515143, 4.544248256025294, -12.469546772515143, 131.27611892696942, -4.8924941559630835, 4.544248256025294, -4.8924941559630835, 64.37597931257437, 5.475723999600509, 3.5286634541347275, 20.0, 0.0
31, 0 ,1.0,1.0,1.0,188.72187723251085,180.10424795295927,188.13798977853492,6.518439149534566,11.220871852888152,7.05694229526957,26.0,48.0,28.0,-0.04449790721188566,-0.9702326732417305,0.2380514566810451,11.438511143586146,0.6085399278672874,-0.21530113134278175,-0.7637568847701434,6.9979451725956245,-0.7922746319585391,-0.1108782332864452,-0.6000057707541134,6.195778790700019,52.37339909037195,39.68763374136725,32.96490017692133,13.811981213846817,5.237138874637956,18197.0,68520.05960962686, 0.0, 0.0,0.0,NaN, 25.763235223279406,25.763235223279406,0.0, 42.49004894618492, 2.6048029285006677, -5.8983147623693, 2.6048029285006677, 125.9079651389376, -19.612835445945926, -5.8983147623693, -19.612835445945926, 49.80043455876455, 6.099156809544612, 3.892131711955744, 8.0, 0.0
32, 0 ,1.0,1.0,1.0,87.82730547339445,75.7318944563212,97.49049696898703,10.512339745158247,8.615851087867405,9.332847848999089,48.0,43.0,45.0,0.8684105840133567,0.21114291700474905,0.4486443203388475,10.998603443256235,-0.47791898658577253,0.11532586563577431,0.8708004289021612,8.883681887083704,-0.13212304808173794,0.9706279479358119,-0.20105941124828222,8.482637814123597,50.0646415967431,47.77396349276262,42.639668091695995,15.824080736751037,4.63062573474598,34147.0,101984.97653327929, 0.0, 0.0,0.0,NaN, 151.50363831908587,151.50363831908587,0.0, 110.50928691763377, 8.603302826278286, 16.19777610408296, 8.603302826278286, 74.23288996830594, 5.342445888396568, 16.19777610408296, 5.342445888396568, 87.1020489725669, 5.851159414288645, 3.592541339536286, 22.0, 0.0
33, 0 ,1.0,1.0,1.0,143.07590706044928,71.18857859048109,115.7426487129222,9.138830790645317,9.642541699810884,8.10433286380287,42.0,42.0,36.0,0.4169149615807819,0.8695154731371808,-0.2648107943138268,10.019950626810283,-0.8907021082113682,0.3327470211006136,-0.3097243522496927,8.986124033080934,0.18119511372528527,-0.36499624919126555,-0.9132064765639745,7.8119916870362465,45.436494183096116,42.01964523727767,40.516900193653385,14.991563024262021,4.174935677292405,31117.0,77355.89361759294, 0.0, 0.0,0.0,NaN, 124.12681952196206,124.12681952196206,0.0, 83.51822822004692, 8.427437650457424, 1.094252779512091, 8.427437650457424, 92.9786104325918, -11.098398388257793, 1.094252779512091, -11.098398388257793, 65.68021116731524, 5.633191480046469, 3.5763451890223608, 20.0, 0.0
34, 0 ,1.0,1.0,1.0,146.47419847328246,106.9592505204719,84.74004163775156,9.310524392781808,9.683568402681603,9.903350416792858,43.0,50.0,45.0,0.30576891849457705,0.6825104087275018,0.6638410280039001,10.589312980713375,-0.7072283219836202,-0.3039904214114927,0.6382929768329716,9.56657046652112,-0.6374429143593096,0.6646573295079814,-0.3897398687130033,8.653374547618453,53.01399716220254,49.80922128760593,43.39844596699551,15.996472195582504,4.758843163180611,36025.0,114597.32519641676, 0.0, 0.0,0.0,NaN, 136.75696380644655,136.75696380644655,0.0, 86.68586446858504, 11.35137053043112, 0.050738895275216786, 11.35137053043112, 93.77149700941354, 13.649948122809759, 0.050738895275216786, 13.649948122809759, 98.07634947779128, 5.233183543376836, 3.4144535871534836, 23.0, 0.0
35, 0 ,1.0,1.0,1.0,9.02555973845849,98.52530215969882,112.87018030513177,6.049824544134174,9.686471142005443,10.804160656192456,25.0,50.0,58.0,0.015689234941164185,-0.01092312115341132,0.999817249966827,10.805163873100197,0.04011284245825801,-0.9991284560410623,-0.011545050841067018,9.691140722603029,0.9990719732716359,0.04028664485002122,-0.015237403645251557,6.040547396940542,57.956631134615705,49.54981668753547,26.148459009303345,14.923192268633414,4.945333173603085,25235.0,75091.58740419797, 0.0, 0.0,0.0,NaN, 131.8343709899383,131.8343709899383,0.0, 36.600377014808274, -2.3154277746386485, 1.2324443710395996, -2.3154277746386485, 93.82772318490423, -0.21411175450077846, 1.2324443710395996, -0.21411175450077846, 116.729887484817, 5.545944074504277, 3.524313526446179, 16.0, 0.0
36, 0 ,1.0,1.0,1.0,101.42180259903147,97.06616033167265,171.77936104239976,9.254077775376908,8.426646669397437,8.781169206720548,41.0,41.0,46.0,-0.8741180140852626,-0.33190638724565524,0.35462070943075685,9.518107876674177,-0.24298420350372885,-0.3333611483077338,-0.9109495165192235,8.693387976387067,-0.42056672990061217,0.882444612938674,-0.21074897578925325,8.221063808331051,44.95989453889061,45.7842449474648,41.07342826026834,14.693854991816263,4.224439333228024,28703.0,84547.7965562061, 0.0, 0.0,0.0,NaN, 141.1945641571712,141.1945641571712,0.0, 85.63795547272484, 7.322474893371393, -5.3638199540233575, 7.322474893371393, 71.00837409086692, -0.2820264996522116, -5.3638199540233575, -0.2820264996522116, 77.1089326370572, 5.352475565062231, 3.525929446439386, 15.0, 0.0
37, 0 ,1.0,1.0,1.0,116.8103866588864,38.329197506219096,158.01575504437824,9.204789572685426,8.409369435390232,9.65552840398921,45.0,38.0,47.0,-0.6080504326141245,-0.1441892671921029,0.7806946436503713,10.119718450405207,0.599834210883387,0.5607497761635629,0.570752667962593,9.042437966350723,0.5200707556205023,-0.8153337621852284,0.2544744886804989,8.03121959902502,50.42455212709659,43.92326215331809,40.90713603598188,15.177554970272709,4.279801311146525,32561.0,90601.56759124172, 0.0, 0.0,0.0,NaN, 100.7587017274855,100.7587017274855,0.0, 84.72815107741835, 9.130845655950267, -12.084233541844855, 9.130845655950267, 70.71749430087543, 1.2584724572129262, -12.084233541844855, 1.2584724572129262, 93.22922876024244, 5.300310985265722, 3.4063833631155886, 13.0, 0.0
38, 0 ,1.0,1.0,1.0,180.9456607495069,160.22633136094674,8.09758382642998,10.231159907101032,9.318903872308347,5.418218780542557,44.0,48.0,21.0,-0.9840728476894979,0.17467312980669011,-0.03301406009290744,10.265825137717675,-0.1721403484883733,-0.9827047238341948,-0.06825779205527213,9.299595501520088,-0.04436587497823471,-0.06148758799542003,0.9971213294579157,5.3857269639047205,46.598789105980714,44.558080225738735,22.55071794597932,14.084028705365922,4.7450851000004555,20280.0,46823.24146480703, 0.0, 0.0,0.0,NaN, 44.83952971551051,44.83952971551051,NaN, 104.67663304467159, -3.406340376737508, 3.156831231593945, -3.406340376737508, 86.84196938132351, 3.414895968278431, 3.156831231593945, 3.414895968278431, 29.35709475382408, 5.812234647527954, 3.6005637903477115, 12.0, 0.0
39, 0 ,1.0,1.0,1.0,55.46207758971674,82.40068632583028,71.89347408829174,10.358533778637824,8.672497821000526,9.175823795439905,52.0,43.0,46.0,0.8706748395375545,-0.15362948498106235,0.4672507946924299,10.924091270131449,-0.224443891704241,0.7212027077855789,0.6553560816528703,8.984262952055502,0.43766455565068124,0.675473637995741,-0.5934518523855911,8.164216554793343,53.525614135686276,40.611512162287596,42.218830320664274,15.666391259804914,4.612089300750718,34386.0,91773.44118840095, 0.0, 0.0,0.0,NaN, 122.61560575236541,122.61560575236541,1.9073486328125E-6, 107.2992220431808, -9.323024051390611, 19.363537201510532, -9.323024051390611, 75.21221845525886, 2.8649367187669164, 19.363537201510532, 2.8649367187669164, 84.1957423249612, 5.227793760275727, 3.3387964180366385, 21.0, 0.0
40, 0 ,1.0,1.0,1.0,154.51885961172223,179.52826809925813,136.79670845058413,9.404567326832105,11.092594536231555,8.709336123420623,47.0,48.0,43.0,0.06833667826334988,0.9690971898973202,0.23702475595821082,11.234877785486862,-0.9976455622441068,0.06775583050905831,0.010605638437573173,9.395167042034245,-0.005781914784236283,-0.23719145002538744,0.9714457192742592,8.535363686353316,52.65160128474372,47.45672134630428,40.33762504769487,16.162901136651623,5.109276143222345,35181.0,100790.50920257195, 0.0, 0.0,0.0,NaN, 80.51262013320984,80.51262013320984,0.0, 88.44588660491797, 2.492311023454168, 0.7013411768578732, 2.492311023454168, 123.04565354523415, 12.270179171879551, 0.7013411768578732, 12.270179171879551, 75.85253571071937, 5.275089026347939, 3.4837325258365675, 16.0, 0.0
41, 0 ,1.0,1.0,1.0,133.67883189217466,137.1987260362495,18.08502323291381,9.287489916533463,8.41056998035598,9.756524680956947,48.0,39.0,38.0,0.420405883638454,0.13746739674087838,0.8968620896411316,9.848052576464145,-0.8134219085771932,-0.3808387088208711,0.4396665515027147,9.384117222159198,-0.4019996164784341,0.914365677777189,0.048287841681462655,8.193847362885831,47.41366781310276,53.118041828572075,41.04872297717048,15.260631268853109,4.3929561197896225,32497.0,103382.07864628965, 0.0, 0.0,0.0,NaN, 93.11050110482441,93.11050110482441,0.0, 86.25746894971076, 8.206237610866774, 3.7703291836760733, 8.206237610866774, 70.73768739446518, 0.17625996128389626, 3.7703291836760733, 0.17625996128389626, 95.18977385012205, 5.339082517664106, 3.3904792121429868, 13.0, 0.0
42, 0 ,1.0,1.0,1.0,15.916581502299438,152.78810040878895,56.90738375063873,9.37543068485089,8.344965356449556,9.289228940005366,38.0,40.0,44.0,-0.8260606937644627,0.35632475931265606,-0.4366421831639179,9.47500474339475,0.5092941510324522,0.1402005942135624,-0.8490955547559405,9.37164835897365,-0.24133627564356808,-0.9237837730134374,-0.29728831590822724,8.137776955349267,54.396554990906274,48.28264272533708,38.369352734477985,15.02841980506666,4.239518815775508,31312.0,100773.62984924477, 0.0, 0.0,0.0,NaN, 75.63564870530558,75.63564870530558,1.3486991523486091E-6, 87.89870052644362, -5.389897858081362, -0.8474359237139477, -5.389897858081362, 69.63844680034326, -6.2362834956091655, -0.8474359237139477, -6.2362834956091655, 86.2897742998332, 5.649875293999309, 3.6658460187097397, 17.0, 0.0
43, 0 ,1.0,1.0,1.0,117.81825342833613,89.42318020695335,63.21321923448745,8.340431671844549,8.73150784394674,8.682951746054867,39.0,41.0,39.0,-0.4121921921502906,-0.7155327410047998,0.5640128485065709,9.304383423283188,-0.5151880406425936,-0.3275278752115597,-0.7920270031622952,8.409843883391273,-0.751451182385911,0.6170400209950397,0.2336294779801075,7.993663471490893,49.92744830169122,41.48123872686651,40.45370466098728,14.340772995387688,3.9418156502686643,27929.0,83781.74220897755, 0.0, 0.0,0.0,NaN, 136.91696649386375,136.91696649386375,0.0, 69.56280047270766, 7.839022619159116, -2.4853986596635314, 7.839022619159116, 76.23922922890345, -7.3791413273802196, -2.4853986596635314, -7.3791413273802196, 75.39365102431725, 5.29247664888596, 3.3864781445881897, 15.0, 0.0
44, 0 ,1.0,1.0,1.0,186.94386131733899,25.050323666020553,177.10847383242512,8.16135066212362,9.196937015329743,9.602863245107017,33.0,48.0,50.0,0.03354462623090082,0.5729856736368841,-0.8188786087436374,10.030827707871811,-0.5513592988382001,0.6939900264898938,0.4630127068636511,9.15011247434043,-0.8335932351187104,-0.4359647473585932,-0.3392006153073426,7.685324638570974,50.71823151523981,54.42065079836961,39.290454543556336,14.870120169117978,4.720784230856612,27343.0,108446.33664230577, 0.0, 0.0,0.0,NaN, 36.35936527710615,36.35936527710615,NaN, 66.60764463014566, -8.637302167745238, -7.436875714706765, -8.637302167745238, 84.58365046394236, -11.573026368482447, -7.436875714706765, -11.573026368482447, 92.21498250422725, 5.433543752376849, 3.536602189985739, 8.0, 0.0
45, 0 ,1.0,1.0,1.0,182.06417320282623,94.1796525572049,79.98570687755235,9.429477689301851,8.498588464839974,9.505718251760834,38.0,43.0,44.0,0.6665224269531955,-0.23312439480184416,0.7080966536544968,10.609749933863846,0.5861072522626586,0.7508385608554157,-0.30449916974876035,8.47114435903813,-0.46068008771113444,0.6179761096359977,0.6370866383041001,8.195892535826964,54.77464014461725,50.732497321490456,47.62183112588417,15.201635291880477,4.517744937716143,30854.0,132334.12945620317, 0.0, 0.0,0.0,NaN, 124.85677451942995,124.85677451942995,0.0, 88.91504949304138, -5.034572893733866, 20.605571413186183, -5.034572893733866, 72.22600589471107, -8.542288624563199, 20.605571413186183, -8.542288624563199, 90.35867948185906, 5.503297700184645, 3.3844181339655335, 13.0, 0.0
46, 0 ,1.0,1.0,1.0,28.291716606738582,152.0660540684512,129.42878545745106,10.586502906241087,8.379624289532574,8.258956953462095,58.0,41.0,41.0,-0.9692861162576025,0.24452768609594955,-0.026279946020010863,10.71577536567356,-0.18791846218998,-0.6674529467016707,0.7205506335486838,8.749451983085114,0.15865395172641303,0.703358212201874,0.6929041412271799,7.68906790741418,56.56824221311694,45.257004945954094,38.92987507447134,15.134058564819876,4.632794872789458,30036.0,99664.7320190645, 0.0, 0.0,0.0,NaN, 89.87981265631967,89.87981265631967,0.0, 112.07404378385097, -11.016971825401788, -0.9412710806427651, -11.016971825401788, 70.21810323372429, -8.741200903834667, -0.9412710806427651, -8.741200903834667, 68.21036995913988, 5.331529786232062, 3.4214822452126197, 20.0, 0.0
47, 0 ,1.0,1.0,1.0,17.053305548005195,134.2306484249947,12.398900667451905,9.816009829758356,10.593184787914318,8.08066778609857,41.0,50.0,32.0,-0.31365317973803664,0.9050670768867334,-0.2871850782612556,11.052344135451028,-0.9260367408589408,-0.22469192613633043,0.30326472414129746,9.770116855446297,-0.2099467490092911,-0.36106387892566905,-0.9086007032330423,7.500487353538338,57.14900783886419,50.27868139549052,37.77582119309085,15.796802751761152,4.93232476830817,33111.0,108544.16660031916, 0.0, 0.0,0.0,NaN, 69.0663128773472,69.0663128773472,0.0, 96.35404897791267, -10.550635573377885, -5.072334259854789, -10.550635573377885, 112.2155639508993, -19.799051807475745, -5.072334259854789, -19.799051807475745, 65.29719186929115, 5.638748203047284, 3.4953273903315103, 12.0, 0.0
48, 0 ,1.0,1.0,1.0,181.06006031161,84.20662310828168,18.163316021667505,10.575152885631157,9.844892165093642,8.810964635012008,45.0,47.0,42.0,-0.8399985715835243,-0.5259036749375244,0.13352050188958361,11.084095262968733,0.4966911749652517,-0.8443506891930128,-0.20092234910761508,9.336121015887565,0.21840392956464177,-0.10245603128411543,0.9704650870609577,8.738909238249603,54.188474462306374,50.69751019897913,46.00924092842087,16.185491438677722,4.941530631767971,35814.0,126397.54075929965, 0.0, 0.0,0.0,NaN, 88.20080917771114,88.20080917771114,9.5367431640625E-7, 111.833858554473, 16.00967648668355, -6.291290913123566, 16.00967648668355, 96.92190174232216, -1.4330859038459949, -6.291290913123566, -1.4330859038459949, 77.63309779943228, 4.695232090301873, 3.2181754999978835, 16.0, 0.0
49, 0 ,1.0,1.0,1.0,150.2889485221861,112.73894474261093,35.86310378713433,9.59990690496666,8.788435429529697,7.384329024213049,44.0,42.0,35.0,-0.9827104992361678,0.1849635618755606,-0.008279823023931841,9.628601290101724,0.18482220589057555,0.9826506698257538,0.015440637964103488,8.757439772149908,0.010992129035976904,0.013643381886562396,-0.9998465038344403,7.383793798197031,45.301640214061734,41.874874126050585,35.281525771456856,14.382406850982777,4.131524923520408,26458.0,66929.07138241679, 0.0, 0.0,0.0,NaN, 106.63884197097107,106.63884197097107,0.0, 92.15821258402656, -2.914703777959812, 0.3740105657025482, -2.914703777959812, 77.23659729901284, 0.277929467750277, 0.3740105657025482, 0.277929467750277, 54.52831513783523, 5.720983649325872, 3.63228777652874, 11.0, 0.0
