// Sample: .//bubblelabels.tif, Map: .//bubblelabels.tif, Thickness:(8.191250068658265):/gpfs/home/mader/Foam/NewValid/InSilicoTest/LatticeDataPhi_16.0/out_Step_02000.vtk/distmap.tif, Neighbors:(1.0):
//LACUNA_NUMBER, TRIANGLES, SCALE_X, SCALE_Y, SCALE_Z, POS_X, POS_Y, POS_Z , STD_X, STD_Y, STD_Z,PROJ_X, PROJ_Y, PROJ_Z, PCA1_X, PCA1_Y, PCA1_Z, PCA1_S, PCA2_X, PCA2_Y, PCA2_Z, PCA2_S, PCA3_X, PCA3_Y, PCA3_Z, PCA3_S,PROJ_PCA1, PROJ_PCA2, PROJ_PCA3,OBJ_RADIUS, OBJ_RADIUS_STD, VOLUME, VOLUME_BOX, Mask_Grad_X,Mask_Grad_Y,Mask_Grad_Z,Mask_Angle, Mask_Distance_Mean,Mask_Distance_COV, Mask_Distance_STD, SHAPET_XX, SHAPET_XY, SHAPET_XZ, SHAPET_YX, SHAPET_YY, SHAPET_YZ, SHAPET_ZX, SHAPET_ZY, SHAPET_ZZ, Thickness, Thickness_STD, Neighbors, Neighbors_STD
1, 0 ,1.0,1.0,1.0,170.27477663034986,61.84282447193852,167.68574837710764,12.89875957460112,12.425348816483709,11.005509940138325,60.0,62.0,60.0,-0.8077141457691058,-0.5894986989331487,0.009441540160857773,13.41505544467014,-0.5847717031360068,0.7989920044585312,-0.14019212539494968,11.883254517489016,0.07509936042269617,-0.11875630832702896,-0.9900793025291651,10.986950910336482,68.89691398184357,61.07623075610159,58.93493411208132,20.126197551441518,6.068336916945674,70399.0,247996.0702854975, 0.0, -7.105427357601002E-15,0.0,53.87855757691321, 75.84414744059158,75.84414744059158,0.0, 166.3779985633641, 18.634432355783783, 1.228637954988356, 18.634432355783783, 154.3892932112931, -2.6258781262136077, 1.228637954988356, -2.6258781262136077, 121.12124904248346, 5.896959537905989, 4.241432824476732, 28.0, 0.0
2, 0 ,1.0,1.0,1.0,41.59923117709438,8.8817868504772,26.232211028632026,14.142874746306584,5.875858475141353,12.113996645600295,74.0,22.0,55.0,0.864005193199049,-0.021222296568651298,0.5030354264397545,15.091827607502463,-0.4984483419447814,0.1048836546880712,0.8605513752192666,10.956563024981563,0.0710230704600379,0.9942580314524118,-0.08004180379528468,5.786708890574636,80.05474023937043,54.06032420901998,25.870132900607608,18.308859877328885,6.7883122815274675,37720.0,111960.37859478936, 0.0, 0.0,0.0,NaN, 49.97510447846342,49.97510447846342,0.0, 200.0209060897165, -8.087593536090548, 47.30859846553104, -8.087593536090548, 34.525712819890465, 5.738717629286295, 47.30859846553104, 5.738717629286295, 146.7489147296152, 6.237011190902833, 4.244996856313061, 17.0, 0.0
3, 0 ,1.0,1.0,1.0,169.83903462749214,40.40289993322522,11.869751025469808,15.000134779611843,11.60411526012838,8.216506294022155,65.0,62.0,31.0,0.9288931554807325,0.36591333961384437,0.0571395974232535,15.560244431726511,-0.3674232427400992,0.9298745581610945,0.018261072779548033,10.868643755898143,0.04645068778175468,0.03795700169077329,-0.9981991783342883,8.180579819845985,74.03112786680637,65.42873764976272,33.75112708190245,19.487967114390372,6.884013931201228,52415.0,163482.46877296537, 0.0, 0.0,0.0,NaN, 51.79738549987315,51.79738549987315,9.5367431640625E-7, 225.00404340652082, 42.05451238646612, 8.955415232316856, 42.05451238646612, 134.65549097034432, 4.532587958487618, 8.955415232316856, 4.532587958487618, 67.5109756797057, 6.071208027580318, 4.056468299450333, 14.0, 0.0
4, 0 ,1.0,1.0,1.0,9.395968216597998,29.770379635079458,135.12562536786345,6.162151290255913,10.68938264481786,10.73775084973966,24.0,53.0,57.0,0.03022586300090073,-0.6988550379886184,0.7146244000058897,11.829988952382644,-0.0262752915799982,-0.7152595326067086,-0.6983648115903458,9.473260848053693,-0.9991976812714473,-0.0023317146394436425,0.03998195653796031,6.151665908813509,67.25591779780139,47.57693164386039,25.186512575237035,15.460215943408514,5.3400399011248645,27184.0,80592.56366439266, 0.0, 0.0,0.0,NaN, 71.99475124100975,71.99475124100975,0.0, 37.972108524002614, -1.1814437313123711, 3.1578416914478655, -1.1814437313123711, 114.26290132733325, -25.06896874830038, 3.1578416914478655, -25.06896874830038, 115.29929331108478, 6.141645553466448, 4.116577496783662, 13.0, 0.0
5, 0 ,1.0,1.0,1.0,59.08457943925234,74.27943925233645,142.63953271028038,9.944988667137533,9.833765389797112,10.694771967891297,52.0,56.0,57.0,-0.6038789651032199,0.32230650271817174,0.729005290660805,11.621438340255208,0.24129847365920232,-0.7977611768112094,0.552586781766025,9.943122825878147,-0.7596744316584589,-0.5096033978285218,-0.4039791266959498,8.721259550627199,55.04697519550355,52.9010912865139,48.821997179862464,16.890928262249794,4.967940339400483,42800.0,142171.85570030287, 7.105427357601002E-15, 0.0,0.0,52.851783866762545, 110.89925983003609,110.89925983003609,0.0, 98.90279958949397, -15.872910516204389, -22.9316847759626, -15.872910516204389, 96.70294174157152, 3.8089062800227995, -22.9316847759626, 3.8089062800227995, 114.37814744519348, 5.9304391726781835, 3.8647885384368483, 21.0, 0.0
6, 0 ,1.0,1.0,1.0,29.212279502701296,106.69156414762742,173.97710408123413,12.347515433222537,12.375464323048915,9.946524977751135,60.0,59.0,50.0,-0.6985361969431463,0.715204486546947,0.023015733386625787,12.740304521934275,-0.7086030519153302,-0.6958514698377559,0.11692923817811869,11.998183091359024,0.09964384765998446,0.06537028642856978,0.9928735212884672,9.913367586867736,65.85440778994806,60.89977143046323,49.75285042018609,19.256937149793515,5.806632873416394,61452.0,199534.72117184664, 0.0, 0.0,2.8421709430404007E-14,88.6811791618964, 101.17812306501438,101.17812306501438,0.0, 152.46113737366872, -9.46962595693863, -4.814608519489863, -9.46962595693863, 153.15211721105655, -2.6627281332469357, -4.814608519489863, -2.6627281332469357, 98.93335913302722, 5.946009365784398, 3.7514254280629027, 27.0, 0.0
7, 0 ,1.0,1.0,1.0,136.40186215552933,16.582045373648814,180.47990782892148,13.346008317377361,9.989909887549803,9.562662973697888,67.0,42.0,39.0,0.9574360309222798,0.2883862475395964,0.01223188136885963,13.636461104249436,0.2206610887570297,-0.758592977763577,0.6130622953634897,9.633307755382452,0.1860777541791426,-0.5842688305205225,-0.7899398730801146,9.518669600305708,71.18554756504452,53.88469118889367,50.93027101677551,18.363280000694523,5.6699830981668375,53379.0,195358.90641225094, 0.0, 0.0,0.0,NaN, 68.56180689294472,68.56180689294472,0.0, 178.11593800750572, 25.959151439515086, 1.4136551295793107, 25.959151439515086, 99.79829956136531, -0.6847310053908627, 1.4136551295793107, -0.6847310053908627, 91.44452314853253, 6.185569569730069, 3.9606659459550433, 14.0, 0.0
8, 0 ,1.0,1.0,1.0,185.2913759564259,155.70779406043314,91.46447931526392,8.270894452607877,10.769127871155687,10.444351556222152,32.0,57.0,53.0,0.16622245259769103,0.7847879060843409,0.5970578185705002,11.493691626965179,-0.2539929578386944,-0.5509762357472603,0.7949294088220226,9.844703022974945,-0.9528156556337432,0.2837835973158691,-0.10774598031344393,8.027650014487463,55.65269512805543,47.56774419295188,38.18109540087275,16.411504630188738,4.912108035735609,38555.0,101075.78928411366, 0.0, 0.0,0.0,NaN, 102.68346558555837,102.68346558555837,0.0, 68.40769504617974, 13.371122851124234, 0.15813874652639967, 13.371122851124234, 115.97411510530222, 17.48021849217331, 0.15813874652639967, 17.48021849217331, 109.08447942996008, 6.159170201132075, 4.074645770020879, 19.0, 0.0
9, 0 ,1.0,1.0,1.0,79.37096685689201,146.5740507023705,44.81872805092186,9.586271262417046,8.812619492702146,10.459233196052239,45.0,40.0,50.0,-0.5743298619999335,-0.07705152305543726,0.8149897376102194,11.271659428839222,0.16821821603065187,-0.9854230004157453,0.025379953646434767,8.799771543836806,0.8011540684603692,0.15167258501940184,0.5789193255911659,8.629492023620957,55.547320090238216,41.032403775491446,41.69332754508184,16.045683146327885,4.635781536789315,36448.0,95029.10265017442, 0.0, 0.0,0.0,NaN, 105.65415667285987,105.65415667285987,0.0, 91.8965967166429, 1.8349500782826997, -24.599621981357338, 1.8349500782826997, 77.66226232315381, -3.3761865399867763, -24.599621981357338, -3.3761865399867763, 109.39555904940113, 6.0254523054924745, 3.939836040842651, 14.0, 0.0
10, 0 ,1.0,1.0,1.0,152.83414634146342,10.601330376940133,87.1614996976416,9.670223902187175,6.7841918653721,9.623128241179929,48.0,26.0,47.0,-0.7536414098765309,-0.0542166829657879,0.6550459347309179,9.885609645254473,0.6510485586214521,0.07539321515490562,0.7552824884938985,9.422899869871937,0.09033493032179911,-0.9956788711210022,0.02152175566635528,6.754758819885946,50.99927443041355,52.29246483878103,27.44939634532384,14.49988798989261,4.679351986266044,24805.0,73204.18477480164, 0.0, 0.0,0.0,NaN, 99.67012083187969,99.67012083187969,1.9073486328125E-6, 93.51323031843215, 4.247444997812209, -4.49448055810931, 4.247444997812209, 46.025259266180974, 0.6076625885901239, -4.49448055810931, 0.6076625885901239, 92.60459714619472, 6.329707389089567, 4.050723669066722, 15.0, 0.0
11, 0 ,1.0,1.0,1.0,98.98605766696537,88.489615729271,13.245506299088081,11.30587801405521,9.917717205032218,8.46882507030245,58.0,50.0,33.0,-0.9950430751769077,0.0398284730949331,-0.09112064131364137,11.332038049249693,-0.010362968352139883,-0.9528337917580916,-0.30331563456378424,10.06571850558201,-0.09890342476080213,-0.3008678414434231,0.9485234074896408,8.256586153841882,59.562687044828074,55.08707231106963,40.1409087109305,16.49545729993281,5.079850269954632,37942.0,131707.7023003355, 0.0, 0.0,0.0,NaN, 133.43198695021002,133.43198695021002,0.0, 127.822877668697, -2.0602233218917276, 5.566440167419119, -2.0602233218917276, 98.36111455899207, 9.361294330342103, 5.566440167419119, 9.361294330342103, 71.72099807138332, 6.289210857303215, 3.9657562635586006, 12.0, 0.0
12, 0 ,1.0,1.0,1.0,154.96353830377151,9.770367275627635,39.9202020585666,10.273725325432222,6.221894962824729,9.832999835924033,47.0,24.0,49.0,0.9423969394150494,-0.01920359360161867,-0.33394495141255215,10.337219114543595,-0.33375504980861587,0.012459076235428697,-0.9425774971569223,9.767966474166663,0.02226152080151805,0.9997379623742134,0.005332098973194123,6.219166077666994,56.54694466059637,51.32606521749992,24.64276104938086,14.802468047266167,4.672925686741364,26329.0,71521.47813892279, 0.0, 0.0,0.0,NaN, 60.970201666168826,60.970201666168826,0.0, 105.54943206242743, -1.469803160598472, -3.6085535350289017, -1.469803160598472, 38.71197692842374, -0.22904243814448969, -3.6085535350289017, -0.22904243814448969, 96.68788577328206, 5.823035218740434, 3.881306068474556, 15.0, 0.0
13, 0 ,1.0,1.0,1.0,188.99964842376656,59.00074221649283,93.16942068049534,6.718671910557995,9.49121935730048,9.919123361587168,27.0,47.0,57.0,-0.11096865346207711,0.32231339147311655,-0.9401063959073518,9.993816823301815,0.07681026418506567,-0.9403376791813632,-0.33145924700877927,9.463047384655313,0.9908512205496006,0.10899140694983254,-0.07959102930897613,6.647342693931046,54.40027148837869,48.45640475210116,29.015972189944932,14.581718660361,4.581079163534681,25599.0,76487.30899880744, 0.0, -7.105427357601002E-15,0.0,71.19711316856902, 110.8270556625813,110.8270556625813,0.0, 45.14055224172101, -5.268213341148098, 4.654733574988234, -5.268213341148098, 90.08324488839533, -2.7357013552454834, 4.654733574988234, -2.7357013552454834, 98.38900826238434, 6.202659071367268, 3.947047195944938, 13.0, 0.0
14, 0 ,1.0,1.0,1.0,69.06990364632533,187.62491340764532,23.57866784222348,12.941023970682478,7.181520557694001,13.766013461011061,66.0,28.0,56.0,0.5408559366182292,-0.02739499041422953,0.840669001643942,14.302202408717791,-0.8351539297056454,0.10129298670756684,0.5406085871876978,12.3933341948754,0.09996384107284059,0.9944793840719202,-0.031905879299886634,7.099277381064702,71.74472112485182,63.87735727889883,31.129427153812372,19.14084410850972,6.494270732949407,47637.0,142661.905647419, 0.0, 0.0,0.0,NaN, 74.02531955415556,74.02531955415556,0.0, 167.4701014097785, -11.013853971648913, 23.498877680907484, -11.013853971648913, 51.574237520581555, 2.100775384781792, 23.498877680907484, 2.100775384781792, 189.50312660873774, 5.453636898214457, 3.6432120168196582, 14.0, 0.0
15, 0 ,1.0,1.0,1.0,185.2046211714132,150.19341751746373,34.07839871037077,8.430401608650715,10.957804109882916,9.374163380278684,37.0,51.0,53.0,0.11227941514243832,-0.9882979636293832,0.10324954247494811,11.001919308912116,-0.059791027408446266,-0.11043775659011046,-0.9920829274616038,9.359839166082448,-0.991876184801669,-0.1052170946441578,0.07149123735065668,8.388758166684806,52.28318886426783,54.56827477408699,40.032640008981275,16.042053054848886,4.655385597271518,37220.0,114213.25869755627, 0.0, 0.0,0.0,NaN, 62.13643176055481,62.13643176055481,NaN, 71.07167128314057, -5.508921757469213, 1.609777415954218, -5.508921757469213, 120.07347091056694, -3.282170669423944, 1.609777415954218, -3.282170669423944, 87.87493908015789, 5.998878354734147, 3.9324975682371037, 17.0, 0.0
16, 0 ,1.0,1.0,1.0,154.90051184834124,110.59074881516588,9.463924170616114,12.481850244254284,9.577906137541813,5.690279143731902,63.0,53.0,22.0,0.9549559040109835,0.29317596523967476,-0.04590288444477042,12.75560689920179,0.2942894689063053,-0.9555155166005029,0.01959096798320119,9.226209994373798,0.03811731739524349,0.032217246025367144,0.9987537830582327,5.664246640630584,63.387157570328355,48.346779532525815,23.2454380262578,15.778239753775283,5.564108060195671,26375.0,71237.15420997057, 0.0, 0.0,0.0,NaN, 100.58600245402708,100.58600245402708,0.0, 155.7965855199907, 21.655663502975976, -5.420044093888263, 21.655663502975976, 91.73628597956112, -2.7507261612272433, -5.420044093888263, -2.7507261612272433, 32.379276733590274, 5.949652328875392, 3.857614934963733, 19.0, 0.0
17, 0 ,1.0,1.0,1.0,11.281795617939062,46.85980828483396,14.462042108866827,7.001067849835087,9.167118604181436,8.793273031445672,27.0,44.0,38.0,-0.1770875322224431,-0.8229284302910438,0.5398414624221479,9.497516676829655,0.023222696863717578,-0.5518517191166258,-0.8336188496299735,8.514821594956182,-0.9839210904751158,0.13508693025878837,-0.11683667656826002,6.904176658087779,48.840999695113425,41.42463849425924,29.526997876275693,13.891615730855861,4.170812574656832,23368.0,59739.63496766558, 0.0, 0.0,0.0,NaN, 50.32167730526258,50.32167730526258,0.0, 49.014951037994486, 5.880398940618304, -4.547096340589176, 5.880398940618304, 84.0360635031294, -7.471557259986014, -4.547096340589176, -7.471557259986014, 77.32165060554976, 7.342777312189616, 4.128479677808345, 10.0, 0.0
18, 0 ,1.0,1.0,1.0,62.02464656238241,12.032091598129334,104.84252539912917,10.70514748810569,7.364642818224335,12.131390160203852,52.0,29.0,58.0,0.31671639190793904,0.1378256900438622,0.9384534118754909,12.426123123383983,-0.9403466452009316,0.17523103741956636,0.2916200788426882,10.54539473334272,-0.12425342633573484,-0.9748323767134508,0.18510246717705936,7.098935683727468,60.914039242023975,55.926581886824174,36.057219269392,16.88272581489062,5.566178479031216,37206.0,122836.63382046661, 0.0, 0.0,0.0,NaN, 114.2224714398599,114.2224714398599,NaN, 114.60018274209557, -5.4798534643735985, 14.239622754636326, -5.4798534643735985, 54.237963840023276, 16.560904818401355, 14.239622754636326, 16.560904818401355, 147.17062721909082, 5.543528566145867, 3.6995739708522364, 18.0, 0.0
19, 0 ,1.0,1.0,1.0,191.78867388214715,135.18754782988958,118.55395211544769,4.71332436246132,9.792427299437263,9.755074952688705,18.0,48.0,47.0,0.01913709169300133,0.7127154676024,0.7011921519539608,10.796525548763391,0.022677073749345137,-0.7014495819730948,0.7123582204733356,8.634215443757363,-0.9995596640759872,-0.002268521558860542,0.02958600618935519,4.706793604864295,48.965422133800274,44.613590098053905,18.932020586750582,13.879867728115398,4.540684765883478,18294.0,41357.43955879125, 0.0, 0.0,0.0,NaN, 104.4104331421404,104.4104331421404,0.0, 22.215426545771404, 0.4542505690583295, 2.1132928215983586, 0.4542505690583295, 95.89163241476415, 21.0006772871925, 2.1132928215983586, 21.0006772871925, 95.16148733257454, 6.180590562945157, 3.8234088947814473, 8.0, 0.0
20, 0 ,1.0,1.0,1.0,36.1820713919226,177.11617679396028,189.99978010701457,12.226264604916594,12.18809455526954,5.143588026792106,56.0,49.0,22.0,-0.7094718487154813,0.7038761810853214,-0.034756547310978936,14.586210788472757,0.7037454319190114,0.710225762898224,0.01793691079199455,9.247598651398755,-0.03731035959838547,0.011734028139537334,0.9992348320841599,5.11977215155863,64.15873312371735,48.13681576928684,22.393580261433783,16.90551475641836,6.220230195701093,27286.0,69160.26870455008, 0.0, 0.0,0.0,NaN, 43.96380389187823,43.96380389187823,0.0, 149.4815461894363, -63.51492216933208, 5.348607066933745, -63.51492216933208, 148.54964888819103, -3.808191121426356, 5.348607066933745, -3.808191121426356, 26.456497789359105, 6.1590392754177605, 3.9071896366186425, 13.0, 0.0
21, 0 ,1.0,1.0,1.0,11.447543997898608,153.42579458891515,188.04712371946414,7.317865960152001,10.402218184109628,6.075882685535388,29.0,56.0,24.0,0.028419882508977937,0.9994155980406485,0.018994016721846474,10.405560461733273,0.9992832636333439,-0.028881195968756244,0.02447111647856928,7.315554447530189,-0.025005385429329147,-0.018284936764128568,0.9995200807322794,6.072942480494578,56.394140868501324,29.952786507889392,24.731137863528687,13.35875109209416,4.496379101949149,19035.0,41774.88993003333, 0.0, 0.0,0.0,NaN, 49.427463263205674,49.427463263205674,0.0, 53.551162210751365, 1.5477097923315897, 0.4453665896445686, 1.5477097923315897, 108.20614314982103, 1.3435283558572626, 0.4453665896445686, 1.3435283558572626, 36.916350408388716, 6.095877930909466, 4.07262947961734, 8.0, 0.0
22, 0 ,1.0,1.0,1.0,8.389162321524292,19.241216314994396,55.09419618926953,5.269863463871102,10.397091266774854,9.512770799433195,21.0,42.0,45.0,0.009564971357468123,0.9508423537438161,0.3095275910962565,10.496228195304045,-0.05457813402323802,0.30957675939205775,-0.9493068299189962,9.413333917560044,-0.9984636891792672,-0.007813345713117509,0.054856294254123895,5.251867691465241,44.735308947472305,42.54167439721611,22.07267670356021,14.298400579561513,4.681828370031824,20521.0,42006.84096151526, 0.0, 0.0,0.0,NaN, 58.95738209485739,58.95738209485739,0.0, 27.77146092784354, -0.28002307351227057, 3.4064981839332242, -0.28002307351227057, 108.09950680964596, 6.371508643005532, 3.4064981839332242, 6.371508643005532, 90.49280828254886, 5.55949972121114, 3.77569635837627, 11.0, 0.0
23, 0 ,1.0,1.0,1.0,101.05208123868891,19.62746330182988,102.25341845968228,10.033151974327506,9.768167337986007,10.594531324450081,46.0,42.0,53.0,-0.5777976610403521,0.33603025522024144,0.7437966996921387,12.231185441158757,-0.5028132676776973,-0.8643950549512588,-8.260197695035234E-5,9.630146467443623,0.6429064323395547,-0.3740385762891702,0.6684059116315441,8.12303560174223,60.64167982846836,49.37856328734251,43.905140773855436,16.754675614378986,5.2541574704725695,39784.0,131469.51073717035, 0.0, 0.0,0.0,NaN, 140.46466511431862,140.46466511431862,0.0, 100.66413853995194, -4.606150813427286, -35.93497594632207, -4.606150813427286, 95.41709314289665, 20.901289839909367, -35.93497594632207, 20.901289839909367, 112.24409398475397, 5.36230601866241, 3.4117893569777946, 19.0, 0.0
24, 0 ,1.0,1.0,1.0,122.98387857479742,10.540067744286755,146.36200317283368,8.945522829703108,6.485096839226723,9.85521957976496,42.0,26.0,49.0,-0.5584489643418369,-0.0902891260596407,0.8246105916982368,10.562442187457293,-0.8174817579303709,-0.10896822831849179,-0.565552385432331,8.152080557213104,-0.14091958585165032,0.9899362600352184,0.012956519242605378,6.4173678639767155,51.75547653216964,43.506459280865386,27.785456919220746,14.131370382857096,4.416852247787893,23323.0,62564.4447790769, -1.4210854715202004E-14, 0.0,0.0,56.051398980571186, 94.44369058368487,94.44369058368487,0.0, 80.0223786967395, 5.80020003738164, -20.726574060241376, 5.80020003738164, 42.05648101414844, -3.682664835784963, -20.726574060241376, -3.682664835784963, 97.12535296538263, 5.7488430928880865, 3.7825190825865325, 9.0, 0.0
25, 0 ,1.0,1.0,1.0,57.22065705506972,151.95665327345782,19.826589458756796,8.430361705233707,11.217491176656432,11.666933647859008,41.0,50.0,46.0,0.1975466123116539,0.5462529496021274,-0.8139920460392501,12.367599957748938,0.21490703949541468,-0.8342885498727678,-0.5077180122139757,10.709212254513352,0.9564467054360664,0.07463464746463264,0.28220448093239864,8.08552358823163,60.04813389136427,55.88843205147302,41.7832016115449,17.41007738403985,5.46897184164451,42310.0,140224.2595983449, 0.0, 0.0,0.0,NaN, 77.30110224354331,77.30110224354331,0.0, 71.07099848107099, 0.6097065714724287, -19.46376835705404, 0.6097065714724287, 125.83210829836491, -18.05533053492413, -19.46376835705404, -18.05533053492413, 136.1173407435447, 5.434048737202714, 3.598669669325433, 11.0, 0.0
26, 0 ,1.0,1.0,1.0,139.86119882711176,36.55021427765873,36.243120559377466,8.745518244874605,9.034742985592263,10.503962008219524,40.0,44.0,52.0,0.26919883168442627,0.45858101493278186,0.8468975391173121,11.157344321537373,-0.7467768510504316,-0.4558963232212752,0.48423432056032967,8.70096509812991,-0.608158140416571,0.7627987907807288,-0.21973092870262095,8.261401945738095,54.101227010173986,42.515231704665965,40.357070088633776,15.735408777685766,4.565172357793357,35468.0,92826.3543405326, 0.0, 0.0,0.0,NaN, 79.1590636512113,79.1590636512113,0.0, 76.48408937143458, 9.480678495796596, 10.124587868326785, 9.480678495796596, 81.62658081570862, 20.19427377590265, 10.124587868326785, 20.19427377590265, 110.33321787011914, 5.5334670288509065, 3.5453457944871327, 15.0, 0.0
27, 0 ,1.0,1.0,1.0,70.9320973005043,63.79133788193415,46.84420053396618,9.056675058673036,9.26407508788987,9.429099258214125,42.0,40.0,49.0,0.5114143610415852,0.6337055042737207,0.5804073441761546,9.885213930800925,-0.37398241556982614,-0.4439692451917163,0.8142655968223489,9.188801769317049,-0.7736876011446645,0.633489260506512,-0.00994246739634439,8.637293022712687,52.97371544220714,47.54250677868453,44.796880399452895,15.411050347953342,4.3879255174384575,33710.0,112821.08777850491, 0.0, 0.0,0.0,NaN, 106.27829665496965,106.27829665496965,0.0, 82.02336311839025, 9.123475894741787, 3.86726119911743, 9.123475894741787, 85.82308723406169, 4.947644810320873, 3.86726119911743, 4.947644810320873, 88.90791282125414, 5.6799580405229495, 3.6110481360019624, 24.0, 0.0
28, 0 ,1.0,1.0,1.0,92.08122180849453,126.7190688099779,77.13053613053613,9.027006644830676,8.081620829995007,10.247544756167223,44.0,38.0,47.0,-0.06819308969214725,-0.10575202029084693,0.9920515171716855,10.273464249650411,0.9868470017358101,0.13893414509222224,0.08264561992347798,9.04136156494415,-0.14656977070078733,0.9846389254604441,0.09488671553395112,8.03251710850231,46.41491726648753,45.295749596407774,38.026948930145636,15.287542734677952,4.254721479800574,33033.0,79947.79925105792, 0.0, -1.4210854715202004E-14,0.0,83.92950461460823, 140.7059554162718,140.7059554162718,0.0, 81.48684896581717, 2.657486101257225, -1.3703941040241083, 2.657486101257225, 65.3125952398092, -4.105973563061931, -1.3703941040241083, -4.105973563061931, 105.01217352965034, 5.804822692199353, 3.625048543460842, 18.0, 0.0
29, 0 ,1.0,1.0,1.0,67.62072012370223,190.96673293571902,72.65085045283853,10.191397599680196,5.241320046045289,10.240155090688946,50.0,21.0,47.0,-0.6849640078295545,0.043447149095672905,0.7272803126811092,10.682331791171412,0.7284949193983089,0.02586692173972139,0.6845626740997219,9.73767404119973,-0.01092979363598052,-0.9987208056284649,0.049368937763591546,5.221330186061747,46.22209776844793,48.39266608700578,21.724600778287623,14.612736677888435,4.760748252523671,22635.0,48593.81606658619, 0.0, 0.0,0.0,NaN, 99.66096415058104,99.66096415058104,0.0, 103.86458503476725, -1.311535133503529, -9.573026236464791, -1.311535133503529, 27.471435825076195, 3.940626922508838, -9.573026236464791, 3.940626922508838, 104.86077628136272, 5.541830780143003, 3.685382580940762, 15.0, 0.0
30, 0 ,1.0,1.0,1.0,125.93817196295083,74.97191529916311,165.58340530720434,8.981762444865065,8.951794866327058,9.399538923078076,44.0,42.0,45.0,-0.4938028206281182,-0.344282621921569,0.7985162807247734,9.838718160727145,0.5287604257005489,-0.8478935808689856,-0.03858610804606338,8.882316618789451,0.69034135509376,0.4031698795346426,0.6007352675541308,8.571003228829298,49.27271154748861,42.26015172183001,42.9880702080259,15.230770175934877,4.145076568542902,33577.0,89512.86635197814, 0.0, 0.0,0.0,NaN, 110.8622769298128,110.8622769298128,0.0, 80.67205661598847, 1.5316942002282088, -9.313364820628514, 1.5316942002282088, 80.13463132879947, -6.238283610665336, -9.313364820628514, -6.238283610665336, 88.35133196645975, 5.6579463312801055, 3.631186935137183, 18.0, 0.0
31, 0 ,1.0,1.0,1.0,44.495294183949504,56.32774458972047,171.53736474301172,9.104482587903556,11.216847005647725,7.959961048297939,44.0,53.0,40.0,0.25986874291815726,-0.9627161473725069,0.07513891163953912,11.375592807015975,0.9404036311620271,0.26998330799423187,0.20676078908188913,8.970249852515412,-0.21933820221614495,0.01693023900390861,0.9755019836247693,7.886744937195665,50.667210694468416,45.42464246280048,37.75408594387099,15.83079038317757,4.63209625071069,35488.0,86892.5363349536, 0.0, 7.105427357601002E-15,0.0,15.694832619198781, 77.21895894696682,77.21895894696682,0.0, 82.89160319343902, -12.17565843816255, 4.863580362716475, -12.17565843816255, 125.81765674810835, -3.8417518407903666, 4.863580362716475, -3.8417518407903666, 63.36097989042042, 5.514300564586162, 3.538047010134824, 19.0, 0.0
32, 0 ,1.0,1.0,1.0,188.38795116772823,183.53662420382165,186.19729299363058,6.620031145153037,10.092267355069723,7.684467686673741,26.0,48.0,29.0,0.13444774662283002,-0.9057094013887318,0.402012790423524,10.66984217860142,0.21386123168364723,-0.3696137783459699,-0.9042394751610711,6.974735452929354,-0.9675676601720403,-0.20754791035537135,-0.1440023885090873,6.499019126139237,56.916998169454146,36.72554972499216,30.616550355559013,13.494321392118938,4.757415950149408,18840.0,63998.021563365975, 0.0, 0.0,0.0,NaN, 24.421243649596036,24.421243649596036,0.0, 43.82481236279624, -9.226443009858412, 2.63089095061324, -9.226443009858412, 101.85386036620602, -23.930819117069763, 2.63089095061324, -23.930819117069763, 59.05104362753287, 6.162652797253521, 3.8366890692091014, 7.0, 0.0
33, 0 ,1.0,1.0,1.0,87.72775837884622,76.00877428597009,97.42277733011012,10.526306761141852,8.560775547609024,9.150543266226872,48.0,44.0,44.0,0.8810077826705905,0.24502361020912217,0.40470818785136664,10.981002999291714,-0.4575914061647724,0.22407915502888573,0.8604641987239713,8.796315161267067,-0.12014737566004144,0.9432666445505364,-0.3095361778538596,8.358520609922584,50.2529799310752,46.21828881060274,43.662759110371056,15.708365324672245,4.590175693795948,33507.0,101411.4185988338, 0.0, 0.0,0.0,NaN, 151.54105351799885,151.54105351799885,0.0, 110.80313402966067, 10.178202734850075, 15.126289277024442, 10.178202734850075, 73.28687797654058, 6.477383933654041, 15.126289277024442, 6.477383933654041, 83.73244206708996, 5.891941118117437, 3.5878888337117893, 22.0, 0.0
34, 0 ,1.0,1.0,1.0,143.32141816415736,71.26537153958232,115.8187469645459,9.215183889274652,9.529693401864566,8.127105339631647,45.0,43.0,37.0,0.4534801668793593,0.8513400362552983,-0.26377240362838694,9.915484457196616,-0.8702675109507638,0.35909557202365605,-0.3371718101155053,9.080158252006305,0.19232835888300837,-0.38245328188137145,-0.903736294251557,7.811427894167084,46.49691300634616,42.306736827150175,40.58585643552665,14.972886400510564,4.194899818299403,30885.0,79837.76380284567, 0.0, 0.0,0.0,NaN, 124.00684731988058,124.00684731988058,0.0, 84.9196141131471, 7.702303925095284, 1.826980698816675, 7.702303925095284, 90.81505633354107, -10.970518054765096, 1.826980698816675, -10.970518054765096, 66.04984120146925, 5.658134082668476, 3.5753725706458623, 18.0, 0.0
35, 0 ,1.0,1.0,1.0,146.52368832070343,106.26077399201712,83.96725863365535,9.467713124654674,9.072066515559104,9.587803868215346,43.0,48.0,45.0,-0.8182659954186187,-0.5015686840573376,0.28083734779150715,9.833828303709392,-0.11017478643077355,-0.34265158803787366,-0.9329798527567769,9.617592050663776,0.5641828402003298,-0.7943668827362543,0.22511992012119975,8.640816496664266,50.008231867064026,42.633881235046886,40.26044048190869,15.61690629647539,4.469698358498829,34574.0,85837.07155979353, 0.0, 0.0,0.0,NaN, 136.73792058477463,136.73792058477463,0.0, 89.63759181075838, 9.719049751273733, -3.2316823283671234, 9.719049751273733, 82.30239086272871, 2.5968125226749463, -3.2316823283671234, 2.5968125226749463, 91.92598301536516, 5.358517182989939, 3.4360997268109394, 20.0, 0.0
36, 0 ,1.0,1.0,1.0,8.840082252451756,98.82976115153433,112.80030053780449,5.9897006820766805,9.808668912420616,10.928551134536896,24.0,50.0,60.0,0.03616376864662596,-0.0726162416920583,0.9967041001620257,10.938620051339282,-0.041966128093772516,0.9963663551273475,0.07411430673670553,9.808480338709535,-0.9984643338297519,-0.044508064581218906,0.032984939853570094,5.971602365540663,59.51178104295332,49.68529575292561,25.113583869286217,15.03195968792298,5.055681747816824,25288.0,74257.36269749282, 0.0, 0.0,0.0,NaN, 132.09563327300663,132.09563327300663,0.0, 35.87651426086985, -2.7522321220814288, 2.8391891559191316, -2.7522321220814288, 96.20998583348664, -1.6081424464074583, 2.8391891559191316, -1.6081424464074583, 119.43322990018767, 5.521030068911355, 3.532191815262922, 16.0, 0.0
37, 0 ,1.0,1.0,1.0,101.42911212194868,96.97492968505851,171.84537657557553,9.294848906886358,8.4446178018622,8.750640920192513,42.0,40.0,46.0,-0.8719999059086635,-0.3367117801697563,0.3553045752452331,9.562994185404245,-0.2807947692375639,-0.25047855764459,-0.9265067672333048,8.633296983108046,-0.4009619204664019,0.9076814800662177,-0.12387037208588422,8.264068486339179,44.91420473591738,46.22984595377707,40.071648915277066,14.711101950766482,4.226462105553595,28799.0,83203.8407861106, 0.0, 1.4210854715202004E-14,0.0,70.32333592296152, 141.11357037741112,141.11357037741112,0.0, 86.39421620184652, 7.2377103007759604, -5.551205379386876, 7.2377103007759604, 71.31156981952799, -1.3223944620450034, -5.551205379386876, -1.3223944620450034, 76.57371651414766, 5.339771134688244, 3.5233248983991436, 17.0, 0.0
38, 0 ,1.0,1.0,1.0,116.76626806326222,37.95709326132756,158.33832823951812,9.23607716067229,8.569309886003618,9.93228069172803,45.0,41.0,48.0,-0.5668254718180392,-0.23038711958633265,0.7909681786437243,10.465591689728734,-0.5792345356907094,-0.5712768743992082,-0.5814895402669247,9.057646793562212,-0.5858295290964988,0.7877591687218776,-0.1903661076273566,8.112879767781484,51.55120586054903,46.2119814694081,40.63339493745282,15.417772507822121,4.436291680737104,33701.0,96800.26102423987, 0.0, 0.0,0.0,NaN, 100.520097268377,100.520097268377,0.0, 85.3051213178923, 11.075992511185936, -14.13296307104588, 11.075992511185936, 73.43307192235933, -2.5763264403328634, -14.13296307104588, -2.5763264403328634, 98.65019973927343, 5.220208934625353, 3.4019402775720096, 13.0, 0.0
39, 0 ,1.0,1.0,1.0,180.62942765659395,160.22488493095858,7.821993195917551,10.3993892566228,9.420762048067708,5.244448029166765,44.0,55.0,20.0,-0.9985674688746679,0.04672292156009209,-0.02607640132626906,10.404471484330724,-0.04524468934481507,-0.9974795357736513,-0.054657971046059746,9.427840918600273,-0.028564456783393127,-0.053399853124050975,0.9981645793630426,5.2215972990092725,45.13654795190641,54.15446428227486,21.352955795244664,14.156133910390666,4.899608384227552,19988.0,52194.0029875047, 0.0, 0.0,0.0,NaN, 44.927301601850004,44.927301601850004,0.0, 108.14729691076174, -0.9976624632974724, 2.261231919259637, -0.9976624632974724, 88.75075756631287, 3.2608135173280037, 2.261231919259637, 3.2608135173280037, 27.50423513063117, 5.858115766518756, 3.608165418592922, 11.0, 0.0
40, 0 ,1.0,1.0,1.0,56.68944099378882,82.72411012900143,72.8386287625418,9.968204029071378,8.899767771376515,8.818862447120297,47.0,43.0,47.0,0.8918098132327542,-0.4058880834938043,0.19982522538329947,10.331039833353293,0.07182704361161818,0.563116346709845,0.8232501781804685,8.892884683718208,0.44667228795591846,0.7198297324686478,-0.5313464250621635,8.398184969064047,47.950631495539966,42.892902616054386,43.131937372479605,15.404879093571408,4.3626818498838285,33488.0,88711.25709063216, 0.0, 0.0,0.0,NaN, 123.94529824414802,123.94529824414802,0.0, 99.36509156519487, -12.757831302507864, 6.957021593718199, -12.757831302507864, 79.20586638443211, 1.0293266584186362, 6.957021593718199, 1.0293266584186362, 77.77233486122859, 5.211911300829991, 3.384722761303983, 21.0, 0.0
41, 0 ,1.0,1.0,1.0,154.6509360607692,180.06408876128955,136.82824929720678,9.2757687836289,10.414683272316719,8.734136690030438,44.0,48.0,44.0,-0.027721845330579094,0.9155701281769071,0.4012017443650872,10.776333969340927,-0.9995223390674275,-0.03087327355983032,0.0013909295015948502,9.274696231559709,0.013659904708524693,-0.40097154683321506,0.9159886602101209,8.285004158337811,53.14670478854842,44.00290154501863,44.224845440338996,15.738118476561512,4.806483613606342,33438.0,103424.63122257618, 0.0, 0.0,0.0,NaN, 80.27856652891879,80.27856652891879,0.0, 86.03988652734436, -0.6690279316415164, -0.5523259226927945, -0.6690279316415164, 108.46562766267367, 17.442970923981097, -0.5523259226927945, 17.442970923981097, 76.28514372013586, 5.427021977326625, 3.495260397844391, 17.0, 0.0
42, 0 ,1.0,1.0,1.0,133.9504555469541,137.33219198475555,18.060322753528254,9.598997852992882,8.54433259099465,9.684672608090796,50.0,40.0,38.0,0.7599268248560254,0.25895333716021385,0.5961999580994854,9.863260362365564,0.5407805338039404,0.2570370768067814,-0.8009296819355303,9.590275658531425,0.3606489083900916,-0.9310612817211407,-0.05529244574823947,8.347572734080694,48.77271703778641,50.62915955277313,42.555502343305584,15.454275234771936,4.483819766797556,33586.0,105083.22423016634, 0.0, 0.0,0.0,NaN, 92.82225887066114,92.82225887066114,0.0, 92.14075978176197, 8.530184227435033, 2.850544186919279, 8.530184227435033, 73.00561942553333, -0.3276966879388422, 2.850544186919279, -0.3276966879388422, 93.79288352590417, 5.253745919109129, 3.3806067849859374, 14.0, 0.0
43, 0 ,1.0,1.0,1.0,16.259725216384055,152.7933331188262,56.916631809260274,9.405107518217825,8.254813580649328,9.349076166588508,39.0,40.0,46.0,-0.7306715016726327,0.3573111829278649,-0.581762731015102,9.562456433953248,0.6390558567885988,0.05806719879125171,-0.7669653266795878,9.376598059111156,-0.24026395598934436,-0.9321785874923473,-0.27076985148484145,8.040028335509914,56.90191400166749,48.8392795766884,37.13729446107425,15.020844509960622,4.2868928207722,31079.0,103206.34196015261, 0.0, 0.0,0.0,NaN, 75.7122911993378,75.7122911993378,0.0, 88.45604742923746, -6.132655006118803, -0.01814897404514255, -6.132655006118803, 68.14194725127257, -6.607338520837964, -0.01814897404514255, -6.607338520837964, 87.4052251686733, 5.66866000173727, 3.6711541548437054, 19.0, 0.0
44, 0 ,1.0,1.0,1.0,117.91399029779399,89.28720654367763,63.31117878262101,8.3629048728733,8.854163629638046,8.666181417423953,41.0,42.0,39.0,-0.3720005162525439,-0.7623826040942654,0.5295171204808087,9.299616372153382,-0.48608353313122926,-0.325988521820492,-0.8108355458784179,8.433634077545443,-0.7907834183431658,0.559020794439471,0.24931373138630097,8.113448306957922,49.85322107157462,43.31882008947619,40.69078718791735,14.408488534429683,3.979013697644537,28241.0,87875.12064962783, 0.0, 0.0,0.0,NaN, 136.81602099187438,136.81602099187438,0.0, 69.93817791272797, 6.6973770296587345, -1.9804237363058472, 6.6973770296587345, 78.39621358040517, -6.937819875565268, -1.9804237363058472, -6.937819875565268, 75.10270035970423, 5.258534424834547, 3.387268650010936, 16.0, 0.0
45, 0 ,1.0,1.0,1.0,187.6103548399261,25.141521173498248,176.87310984577095,7.795940016485317,9.318207213407774,9.814398142474891,31.0,49.0,52.0,0.11063019364802729,0.5234474199383907,-0.8448454052743855,10.255960509024485,-0.4174598312948278,0.7959122661732221,0.438464313040754,9.138027568333758,-0.9019358344742121,-0.3041816284966079,-0.3065701997527772,7.432348451825907,52.94119740686871,53.45964042037279,36.85265619351301,14.846085390347293,4.849930504056037,26519.0,104301.02793993882, 0.0, 0.0,0.0,NaN, 36.33803024815434,36.33803024815434,0.0, 60.77668074063709, -6.498686289612844, -9.841553450871018, -6.498686289612844, 86.82898567200466, -12.223793553722874, -9.841553450871018, -12.223793553722874, 96.3224108990146, 5.545622618975218, 3.53369283741827, 8.0, 0.0
46, 0 ,1.0,1.0,1.0,183.15084705743462,94.90611534147925,78.43734136119474,9.341784303203491,8.515891305392406,10.509082194099953,38.0,45.0,49.0,0.1169255800506979,-0.3617419527483282,0.9249168440198474,10.864832455012314,0.9836750301147626,0.17045733904591226,-0.05768648623471206,9.341643330723103,-0.136791241892632,0.9165626302589551,0.3757673495053264,8.057249087700681,47.24656070076486,41.69616898708529,38.363917872136255,15.749699285231378,4.709258931082118,33882.0,75576.9404222622, 0.0, 0.0,0.0,NaN, 124.27180373642571,124.27180373642571,1.3486991523486091E-6, 87.26893396757913, 1.4999954102384472, 4.477237125994123, 1.4999954102384472, 72.52040472525798, -17.99447544802678, 4.477237125994123, -17.99447544802678, 110.44080856234868, 5.382048998213413, 3.292629484918397, 14.0, 0.0
47, 0 ,1.0,1.0,1.0,29.561201370468613,149.98474801061008,125.65870910698497,9.647406857719401,8.796974421764213,10.788626519205799,54.0,40.0,50.0,-0.4184357021179174,0.38181910752946724,0.8240908519808277,11.495381350904923,0.8502449375532052,-0.15437574218949163,0.503241171197856,9.33909564516148,-0.31936673176495955,-0.9112531477854248,0.2600434411649778,8.21530159849589,53.88943934173231,49.55762327443024,41.51595826813673,16.19063080987487,4.9716349629455685,36192.0,110873.8688048271, 0.0, 0.0,1.4210854715202004E-14,34.50357437539922, 94.35050391846059,94.35050391846059,0.0, 93.07245907837132, -12.918717308894323, -13.853117834658816, -12.918717308894323, 77.38675897717383, 18.81058265437289, -13.853117834658816, 18.81058265437289, 116.39446217091063, 5.496102399839159, 3.3463288387934154, 22.0, 0.0
48, 0 ,1.0,1.0,1.0,15.91261277197948,130.88170630006823,12.3966035733239,9.874254019703029,12.98686629624213,8.080346482687293,43.0,60.0,32.0,-0.22166284642671685,-0.9611545159742767,0.16446148161883076,13.252089826063836,0.9720369561490508,-0.2312042061848607,-0.041094658082494184,9.677983778466556,0.07752250250407594,0.15075347911303294,0.9855270925453152,7.884816621078888,61.437539347710796,47.40294846323843,36.18849214808658,17.268302314819476,5.7669162544965795,39571.0,105392.48795978971, 1.7763568394002505E-15, 0.0,0.0,77.19328124321709, 72.00156629806841,72.00156629806841,0.0, 97.50089244562143, 17.092541011994328, -5.393736444452893, 17.092541011994328, 168.65869619646978, -17.633759537875466, -5.393736444452893, -17.633759537875466, 65.29199928027693, 5.51202655661739, 3.407618829989653, 11.0, 0.0
49, 0 ,1.0,1.0,1.0,179.54466770651743,81.72918004709912,17.94993424473193,9.954447142682877,8.842100151685013,9.298700116038901,46.0,43.0,41.0,-0.7787246987271056,0.490209767665587,0.39151274216509224,10.592570696264348,0.5160205014000582,0.14556009204993922,0.8441179430252893,9.19828716498743,-0.35680622994450517,-0.8593640923890554,0.36630952893028096,8.180986256679978,53.204953051660425,44.69664560626164,42.74144293908802,15.552119239525467,4.676661631601083,32697.0,101642.69590180107, 0.0, 0.0,0.0,NaN, 86.14104497739818,86.14104497739818,0.0, 99.0910179164673, -15.954857248640172, -6.102100466845048, -15.954857248640172, 78.18273509242815, 10.861475601342786, -6.102100466845048, 10.861475601342786, 86.46582384802188, 4.631991286284078, 3.2315316115723256, 14.0, 0.0
