// Sample: .//bubblelabels.tif, Map: .//bubblelabels.tif, Thickness:(8.191250068658265):/afs/psi.ch/project/tipl/test/LabelValidation/SmallStep0500//distmap.tif, Neighbors:(1.0):
//LACUNA_NUMBER, TRIANGLES, SCALE_X, SCALE_Y, SCALE_Z, POS_X, POS_Y, POS_Z , STD_X, STD_Y, STD_Z,PROJ_X, PROJ_Y, PROJ_Z, PCA1_X, PCA1_Y, PCA1_Z, PCA1_S, PCA2_X, PCA2_Y, PCA2_Z, PCA2_S, PCA3_X, PCA3_Y, PCA3_Z, PCA3_S,PROJ_PCA1, PROJ_PCA2, PROJ_PCA3,OBJ_RADIUS, OBJ_RADIUS_STD, VOLUME, VOLUME_BOX, Mask_Grad_X,Mask_Grad_Y,Mask_Grad_Z,Mask_Angle, Mask_Distance_Mean,Mask_Distance_COV, Mask_Distance_STD, SHAPET_XX, SHAPET_XY, SHAPET_XZ, SHAPET_YX, SHAPET_YY, SHAPET_YZ, SHAPET_ZX, SHAPET_ZY, SHAPET_ZZ, Thickness, Thickness_STD, Neighbors, Neighbors_STD
1, 0 ,0.3333333432674408,0.3333333432674408,0.3333333432674408,160.89040868204927,15.181843957763004,149.54700821274932,15.782032560152976,9.691611105164439,16.106057367694635,77.0,39.0,73.0,0.5396747451092992,-0.006528327068488996,0.8418482941937341,16.332716115211003,0.8403368043425703,0.06457064128251087,-0.538205060875204,15.567557882672135,0.05084510555136788,-0.9978917843283671,-0.040333137882120174,9.659114211175142,82.1294772238181,79.62043107137244,41.6846627948187,23.422156890874685,7.335361480814723,102280.0,272583.69584290223, 0.0, 0.0,0.0,NaN, 204.80789644930505,204.80789644930505,0.0, 249.07255172972867, 7.476508495527755, 11.395154625114486, 7.476508495527755, 93.92732581374669, -6.1331424105291035, 11.395154625114486, -6.1331424105291035, 259.4050839314707, 4.059374205240711, 4.749739286118224, 26.0, 0.0
2, 0 ,0.3333333432674408,0.3333333432674408,0.3333333432674408,224.02686896478392,265.47746077317225,216.4498807079105,14.676299240181383,16.111974784549954,14.65315461791978,75.0,72.0,75.0,-0.273070410918185,0.9421147787575337,0.19455666096954108,16.311572473929377,0.6264478059157499,0.02066400961306807,0.7791894154633093,14.668401987069004,-0.730065543046867,-0.33465316725432975,0.5958284656697169,14.438663985129837,79.28744983851587,71.7776087121909,77.86790440839172,25.29319465912221,7.068149336122968,150471.0,443151.1925165668, 0.0, 0.0,0.0,NaN, 118.08617526063055,118.08617526063055,1.9073486328125E-6, 215.39375938734864, -14.729864052913657, 0.20431931932346628, -14.729864052913657, 259.5957314579735, 10.664046696179277, 0.20431931932346628, 10.664046696179277, 214.71494025666377, 3.35833663003577, 3.9705909557864274, 28.0, 0.0
3, 0 ,0.3333333432674408,0.3333333432674408,0.3333333432674408,123.633192874779,152.77652291084127,205.01155862262343,14.663641759592661,14.888483268850692,14.041948110839725,73.0,67.0,68.0,0.6455785733073472,0.6035096232343591,-0.4679791024714369,15.289256606630403,-0.5671917466622424,0.7892381055819271,0.23536511044690958,14.67509474704675,-0.511392049414815,-0.11348721232356049,-0.8518208875311422,13.592124816592936,79.64164088649456,75.53700759442651,69.1732102455978,24.200946201245337,6.941169455687738,128389.0,416138.50903869205, 1.4210854715202004E-14, 0.0,0.0,49.79093122149241, 214.43582392393688,214.43582392393688,0.0, 215.02238965366973, 5.393387050005382, -18.895120751981665, 5.393387050005382, 221.666934046847, -8.156885402952705, -18.895120751981665, -8.156885402952705, 197.17630674751533, 3.5341387555024175, 4.056304392216093, 35.0, 0.0
4, 0 ,0.3333333432674408,0.3333333432674408,0.3333333432674408,109.09737953122725,110.58687581889649,166.0780972485078,15.91863255893654,13.857493871146783,15.606330650530742,80.0,71.0,72.0,-0.7280795820301308,-0.30015492004162997,0.6162849553620743,16.131312265252298,-0.6806639149199106,0.21003420703514572,-0.7018420526023074,15.704083374852685,0.08122042327353565,-0.9304797987328474,-0.3572262406281872,13.496410088078846,86.17314552126115,85.49931971854204,73.14015415721991,25.15235467136357,7.506637715712589,137380.0,538878.0285014032, 0.0, -1.4210854715202004E-14,0.0,72.53309178508185, 205.10185606313954,205.10185606313954,0.0, 253.40286254643448, 7.844204216733642, -4.232434015071506, 7.844204216733642, 192.03013638887066, -23.94361326729487, -4.232434015071506, -23.94361326729487, 243.5575563736953, 3.740765906470123, 4.394859754893574, 35.0, 0.0
5, 0 ,0.3333333432674408,0.3333333432674408,0.3333333432674408,106.36526890800654,11.285863197339948,119.0222198764976,15.70212997645429,7.190397983586475,16.4578797655532,71.0,31.0,86.0,-0.19962631383133078,0.05104268115269656,-0.9785417617694501,16.507523168653517,0.9798289097579577,0.001021941401134763,-0.19983559051956942,15.668354429151783,0.009200131990759582,0.9986959498949206,0.05021710101982989,7.15016528872455,86.06240252051896,66.97612156446739,32.63513904437845,22.539676618126258,7.815592958151814,75788.0,188113.05130400226, 1.4210854715202004E-14, 1.7763568394002505E-15,0.0,81.74311603123805, 160.02259203722127,160.02259203722127,0.0, 246.55688579746436, -2.0610459557180825, 5.184645157002955, -2.0610459557180825, 51.70182316236445, -11.096722352144376, 5.184645157002955, -11.096722352144376, 270.8618063774055, 4.808196526488909, 4.7831999555267535, 23.0, 0.0
6, 0 ,0.3333333432674408,0.3333333432674408,0.3333333432674408,118.63247464982683,28.604891992266285,267.2907167596289,13.417948689041866,15.504827215999594,16.460603717738493,66.0,64.0,68.0,-0.38088775150326165,0.4813936015796926,0.7894204970184912,17.297473976996486,0.1649280664869735,-0.8047125808529397,0.5702950070813079,15.324315634619955,-0.9097929729557477,-0.34741597915918143,-0.2271098495997237,12.544131421420143,89.35678247269024,79.03098732843901,65.59822400884198,25.233179644218044,7.394534049867016,143786.0,463251.68919190526, 0.0, 0.0,0.0,NaN, 126.3400217568837,126.3400217568837,1.3486991523486091E-6, 180.04134702176032, -36.291742469146385, -35.363220847910156, -36.291742469146385, 240.39966699800172, 18.347988745992584, -35.363220847910156, 18.347988745992584, 270.95147475242635, 3.579945868915475, 4.046079390738725, 26.0, 0.0
7, 0 ,0.3333333432674408,0.3333333432674408,0.3333333432674408,197.80479371376026,125.06709527392107,67.53667099833572,14.746403084321662,14.26832902515218,15.021392131539834,72.0,78.0,78.0,-0.5483492793186022,0.15292859962499655,0.8221471348168204,15.39779428675694,-0.6928935906143397,-0.6335280178323938,-0.3442974334887296,14.700385513914418,-0.46820032032916997,0.7584557297813073,-0.45335787850832243,13.91008395049393,86.58359860651247,78.72668386342619,75.28136130508493,24.433253449305234,7.049820178324749,131589.0,513150.8519845051, 0.0, 0.0,0.0,NaN, 175.06239012900681,175.06239012900681,0.0, 217.4564039252914, 6.269091461301535, -14.262563983811145, 6.269091461301535, 203.58521317000017, 10.413961134712421, -14.262563983811145, 10.413961134712421, 225.64222156948682, 3.212558098411363, 4.052533882905148, 33.0, 0.0
8, 0 ,0.3333333432674408,0.3333333432674408,0.3333333432674408,12.740172313488655,272.17879602183007,69.9988641715378,8.881937343092341,17.08669376601953,19.94865718204303,41.0,69.0,97.0,-0.11289565352112295,-0.35603983341604967,0.9276261145726279,20.437388455447607,-0.13844674770583998,-0.9188506975692609,-0.3695211680352799,16.753293632821116,-0.9839141575695076,0.170144152404817,-0.05444169300024029,8.392445636442213,105.74416541027028,86.26964893667343,42.46370648735918,26.14568353840335,9.230171747947855,108291.0,387375.673143866, 0.0, 0.0,0.0,NaN, 76.39484515775735,76.39484515775735,NaN, 78.88881096661822, 40.70297424223848, -25.610475097703176, 40.70297424223848, 291.9551038537306, -43.3044298057025, -25.610475097703176, -43.3044298057025, 397.9489233666769, 4.871837259298847, 5.231825372545138, 16.0, 0.0
9, 0 ,0.3333333432674408,0.3333333432674408,0.3333333432674408,21.17650795526732,83.36899292372694,218.77665420809265,12.563738065908291,18.516417601914327,14.197493363776573,53.0,98.0,69.0,-0.03152584238732557,-0.9976160496061679,-0.061386796869954734,18.537185270449225,0.2542913271391397,0.05139075817624731,-0.9657613115650704,14.290040292057443,-0.9666136985391756,0.04605656893705865,-0.25206497228722874,12.427452012063073,98.13147089461671,70.52192840944784,59.43343102712372,25.2985518693449,7.890331179695096,135382.0,411304.3383371729, -3.552713678800501E-15, 0.0,0.0,88.19340294489797, 118.30496765532581,118.30496765532581,0.0, 157.847514188753, 6.600342328334727, -11.855076221038097, 6.600342328334727, 342.85772080848267, 9.115984688028789, -11.855076221038097, 9.115984688028789, 201.56881781447981, 3.5430467876794554, 4.03808558198189, 32.0, 0.0
10, 0 ,0.3333333432674408,0.3333333432674408,0.3333333432674408,94.80734739466145,255.4863946128818,46.74004888550755,13.210146345763349,13.352098377495178,17.375468284860673,73.0,76.0,87.0,-0.06300898546910054,0.34675679849360336,0.935836305370026,17.954677003739178,0.9735484431969593,0.22770399398914404,-0.01882338625669634,13.219320829176787,-0.21962080160797964,0.9098959357090552,-0.35193193898992764,12.552789577766585,92.20864442513566,71.48315085102536,64.86454042802103,24.444152331286688,7.5615350612106145,123554.0,427545.8251429916, 0.0, -2.8421709430404007E-14,7.105427357601002E-15,80.55701327567363, 114.6931835567909,114.6931835567909,0.0, 174.50796647648474, 0.20738018170534528, -10.032282373522802, 0.20738018170534528, 178.27853108230937, 53.40454394173031, -10.032282373522802, 53.40454394173031, 301.9068981181991, 3.7295275169869457, 4.063228513108604, 25.0, 0.0
11, 0 ,0.3333333432674408,0.3333333432674408,0.3333333432674408,231.00622090941638,119.78277539085809,11.314954051796157,15.17532222625361,15.38927007675861,7.5541987738028515,79.0,86.0,31.0,0.6883392150485983,0.7180223564126942,0.10311653949702396,16.545115006749175,0.7091920774500743,-0.6960073750072595,0.11234024754090438,14.055360923214396,-0.15243268123446155,0.004198764945314325,0.9883049367804488,7.272685612054872,79.795442582629,70.51348163570874,34.024325662356176,21.63769791411853,7.483046589293766,67032.0,191443.12425251538, -2.8421709430404007E-14, 0.0,0.0,46.50121329251547, 138.69420686795564,138.69420686795564,0.0, 230.29040467062677, 37.74780079159229, 27.200943790434604, 37.74780079159229, 236.82963349541797, 5.0406379930211935, 27.200943790434604, 5.0406379930211935, 57.065919114124505, 4.027150166817281, 4.1748947443025, 28.0, 0.0
12, 0 ,0.3333333432674408,0.3333333432674408,0.3333333432674408,68.23871986524897,55.35293188756711,134.89036740709548,13.709604132942726,12.092089256027688,13.04923273038903,63.0,61.0,62.0,-0.8321682513650961,0.07476790604829352,0.5494595177491344,14.219162417818582,0.5372449565052079,-0.13671343687189402,0.8322723670099782,12.512796584464226,-0.13734576123665065,-0.9877849950286895,-0.07359990126689563,12.070612440183504,68.62808157595356,63.067556993251515,60.65706793916288,21.642928088659232,6.003166386059996,94990.0,262536.25180049945, 0.0, 0.0,0.0,NaN, 160.98410224807535,160.98410224807535,NaN, 187.95324548200028, -4.312875918333207, -20.966785675580848, -4.312875918333207, 146.21862257574023, 1.0836449381737454, -20.966785675580848, 1.0836449381737454, 170.28247485185634, 3.268096639259713, 3.8398119166386877, 25.0, 0.0
13, 0 ,0.3333333432674408,0.3333333432674408,0.3333333432674408,268.29636613228985,104.39253029537996,105.45124337288563,16.23692500371051,15.932520513697916,12.582188989674478,70.0,80.0,69.0,-0.7276778458169887,-0.6857922429617416,0.013189094004178864,18.475559084174066,0.685845288879137,-0.7271830705616927,0.028653474671699264,13.273402681235629,-0.010059444787866356,0.029896176711623958,0.9995023892860825,12.580338670177772,92.30771607560507,67.51812572072366,69.494583069717,24.795534724639776,7.808705461625422,126752.0,433121.09582497005, 0.0, 0.0,0.0,NaN, 151.73294141608537,151.73294141608537,0.0, 263.6377335761196, 82.42767450970271, -1.4049794662208974, 82.42767450970271, 253.8452099194049, -2.029318375840535, -1.4049794662208974, -2.029318375840535, 158.31147977188564, 2.783842617910373, 3.647185221440036, 30.0, 0.0
14, 0 ,0.3333333432674408,0.3333333432674408,0.3333333432674408,223.99887678422328,93.32681603117172,131.50075543715957,13.233768460257068,12.705003611641198,14.25988672586382,68.0,59.0,73.0,0.386676740168191,0.47190175830531644,0.7923318932879413,15.490069979167691,-0.9168415003333186,0.2893263348163725,0.2751216735342284,12.808833972622097,-0.0994120811544137,-0.832825913675888,0.5445348800861824,11.656998677544223,77.77845364875049,65.00042140344615,57.980612606254596,22.324621485234246,6.442467648891452,100604.0,293128.6557367566, 0.0, 0.0,0.0,NaN, 178.26529107237758,178.26529107237758,1.9073486328125E-6, 175.13262765969472, 11.512205580409523, 24.77213217530543, 11.512205580409523, 161.4171167718159, 41.1502491151608, 24.77213217530543, 41.1502491151608, 203.34436943446718, 3.5685330135674844, 3.97065078902164, 24.0, 0.0
15, 0 ,0.3333333432674408,0.3333333432674408,0.3333333432674408,252.94625717842658,32.43864704228746,263.1696618609694,12.23185930017382,14.107225646095799,13.794872996342255,73.0,67.0,67.0,0.027685678609303793,0.7631961269541261,0.6455735240870418,14.818973568127507,0.34028685060908487,-0.6144447012252606,0.7118023380396761,13.145760232997961,-0.9399140186753746,-0.1999734505838699,0.27671692495958344,12.104450778039947,70.971390334065,69.40293410112258,67.82120998878054,22.298876747511382,6.456842429052128,99604.0,334061.6932540515, 0.0, 0.0,0.0,NaN, 67.99113429623165,67.99113429623165,0.0, 149.61838193924876, -3.953354507676791, 7.674924701234611, -3.953354507676791, 199.01381542986303, 24.508838034942578, 7.674924701234611, 24.508838034942578, 190.29852098521272, 3.47707944515862, 3.7332308196817054, 18.0, 0.0
16, 0 ,0.3333333432674408,0.3333333432674408,0.3333333432674408,87.20646854580747,283.26627388796237,171.7948574240643,11.230857167038476,10.148779938726703,15.509763297477363,55.0,43.0,70.0,0.06019007736756377,0.09464339268433743,0.9936899832481383,15.568291814436643,0.9238675094327619,-0.38221243000469507,-0.01955718191386289,11.426073997130215,0.3779497051209231,0.9192150382642273,-0.1104433512163728,9.836450959952307,72.6724013349397,60.470465263904956,49.82912047991684,20.68908760969522,6.45323937052575,73154.0,218975.76018111556, 0.0, 0.0,0.0,NaN, 155.9536608378899,155.9536608378899,0.0, 126.13215270641952, -11.10551440527906, 8.098634025028485, -11.10551440527906, 102.99773424470156, 13.94727523083706, 8.098634025028485, 13.94727523083706, 240.55275754377587, 3.463291650912006, 4.003050259662672, 16.0, 0.0
17, 0 ,0.3333333432674408,0.3333333432674408,0.3333333432674408,48.888717005493504,61.15200311826254,278.4973141527705,14.519767612350249,12.060243876361007,11.512878610330468,76.0,61.0,50.0,-0.9175942623680705,-0.3311014050894937,0.21998324758253807,14.900057151705852,0.39604919569962915,-0.7139270290861873,0.577454094907853,12.307608634953425,-0.034143875803339,0.6169927525408497,0.7862277908196789,10.73920734201936,69.59708075684546,69.05336255739638,58.0777785972401,21.163758098362205,6.396471755923981,82097.0,279116.71925430687, 0.0, 7.105427357601002E-15,0.0,70.6643600725101, 81.19137660160631,81.19137660160631,0.0, 210.82365151665522, 22.191038655352134, -13.267409745791308, 22.191038655352134, 145.44948235730317, -22.672131543326266, -13.267409745791308, -22.672131543326266, 132.54637389620478, 3.4296679364464855, 3.8683186177838813, 19.0, 0.0
18, 0 ,0.3333333432674408,0.3333333432674408,0.3333333432674408,173.46073974094858,270.93067888517913,282.8447349103739,14.570320198789132,15.892580584947417,9.346573256823568,74.0,67.0,39.0,-0.3792307546489446,0.9245820444504442,-0.03649764113240236,16.15236972800141,-0.9249471753036462,-0.3798827129768305,-0.01272192120590048,14.290547854097934,0.025627282848520696,-0.02893384629116369,-0.9992527582712002,9.333165282429134,80.18657084246146,77.53413328251517,40.646544983386434,22.34918876936153,7.262268333027089,84462.0,252707.5479065421, 0.0, 0.0,0.0,NaN, 130.96378483107407,130.96378483107407,0.0, 212.29423069524253, -19.786618465306866, 3.783513780905015, -19.786618465306866, 252.5741176490476, -5.298608570715395, 3.783513780905015, -5.298608570715395, 87.35843164516953, 2.891265217708194, 3.7853879339509144, 17.0, 0.0
19, 0 ,0.3333333432674408,0.3333333432674408,0.3333333432674408,198.70772621839478,188.69919136775468,13.696243896812886,14.346932386487286,16.511418515957317,8.098080624968695,79.0,88.0,35.0,-0.14142157085257753,-0.9899362560813496,0.005113530407711401,16.553831163631113,-0.9896343617267974,0.1412443514846338,-0.025958876387075475,14.3014418503464,0.024975375616465886,-0.008731670477434145,-0.9996499329982919,8.091956186682262,88.76210084164936,79.50729042984142,36.05520218783591,22.096792489494447,7.468070821586198,78033.0,254450.00347216523, 0.0, -2.8421709430404007E-14,0.0,8.13546370238253, 151.1144659750361,151.1144659750361,0.0, 205.83446890243778, 9.759940762554058, 3.4213888297849855, 9.759940762554058, 272.62694140909815, -1.5655308268310506, 3.4213888297849855, -1.5655308268310506, 65.57890980849338, 3.6425475259477573, 4.151120831885815, 28.0, 0.0
20, 0 ,0.3333333432674408,0.3333333432674408,0.3333333432674408,70.49368189844525,26.515483009604203,26.886816831043543,13.408338141824553,15.464324102507188,13.785967299431922,67.0,62.0,63.0,-0.07675991032920768,0.9068406735996234,0.41442479278107164,15.871659422600018,-0.7447896113959043,-0.32848922565589456,0.5808470223602158,13.623682769147285,0.6628697842887321,-0.26407351501688514,0.7006203163937208,13.094557687548274,74.28771465639295,64.86577744291213,66.59523891176417,23.659549220018985,7.0148041141116915,116095.0,320904.4999514447, 0.0, 0.0,0.0,NaN, 79.97081308913823,79.97081308913823,0.0, 179.7835317255071, -2.1407329619057918, -8.674878503418975, -2.1407329619057918, 239.14531994738476, 27.534118151050688, -8.674878503418975, 27.534118151050688, 190.0528943810063, 3.1618080211769546, 3.515391201533089, 20.0, 0.0
21, 0 ,0.3333333432674408,0.3333333432674408,0.3333333432674408,234.96549245147375,33.34687275341481,88.49608024374379,13.75964432687258,12.794986420968867,16.033917762599827,67.0,67.0,79.0,0.16111096306492406,-0.049363450356497966,0.9857010233073693,16.091282405548412,0.8867053639640483,-0.43130204150750406,-0.1665297165939003,13.961581087964646,-0.4333553450664685,-0.9008561476508672,0.025716651064262065,12.500835668134542,77.8237363885509,74.24843462162346,59.38064648687421,23.682369626518067,7.0193573214093,116844.0,343118.6316103586, 0.0, 0.0,0.0,NaN, 114.77394004310777,114.77394004310777,0.0, 189.32781200203678, -15.599520806016937, 10.595025808281042, -15.599520806016937, 163.71167751277767, -2.2187457830862445, 10.595025808281042, -2.2187457830862445, 257.0865188178143, 3.789687573140496, 3.8994563290963393, 22.0, 0.0
22, 0 ,0.3333333432674408,0.3333333432674408,0.3333333432674408,285.9062720816317,51.98131669401296,150.36501910248273,9.178228081587378,13.794704241028107,18.580603067446287,39.0,70.0,82.0,-0.026396103030229538,-0.13613595131855633,0.9903384514919178,18.668530455860935,0.13585625694857234,-0.9819806781610209,-0.13136599699445026,13.754311722350565,-0.9903768591767184,-0.13107612474060265,-0.044415383936705084,9.059659255627382,82.88196962411739,66.0607862135622,44.618463970301036,23.479501265140602,8.27560067338694,83497.0,244297.15902075233, 0.0, 0.0,0.0,NaN, 159.0324431054262,159.0324431054262,0.0, 84.23987071763912, -13.331080344834648, -8.8764070625768, -13.331080344834648, 190.29386509743887, -22.10490880151542, -8.8764070625768, -22.10490880151542, 345.23881034999437, 2.9189519090102913, 3.528912604004356, 19.0, 0.0
23, 0 ,0.3333333432674408,0.3333333432674408,0.3333333432674408,78.09077753779698,8.40695464362851,267.0997408207343,15.447308517414506,5.526707510750938,14.075539339869293,65.0,23.0,64.0,0.8840364496214459,-0.00922250195408628,0.46732697461029965,15.94784753152869,0.46738349155738257,0.00529846849282129,-0.8840387989513021,13.506650516514851,-0.005676932299998424,-0.9999434342448262,-0.008994484439020452,5.524599079175685,78.32867362813872,66.10459696188491,23.52686999023568,20.264207087091002,7.526390581230547,46300.0,121819.43664771717, 0.0, 0.0,0.0,NaN, 85.1544096151255,85.1544096151255,0.0, 238.6193404321867, -1.4485622109540208, 29.69833238294711, -1.4485622109540208, 30.54449590939082, -1.6761623443687397, 29.69833238294711, -1.6761623443687397, 198.1208077082081, 3.837838571751993, 4.185944451517266, 14.0, 0.0
24, 0 ,0.3333333432674408,0.3333333432674408,0.3333333432674408,261.56619859578734,272.11473636596065,51.104303105394614,14.372051426459453,14.180890600748398,12.472264608987201,71.0,61.0,70.0,0.7375712896127304,0.5586909869786661,0.37927954572823597,15.5136547613712,0.5247803993023789,-0.8277150361566615,0.19872934214205137,13.539407764493935,0.4249636752088928,0.052461414286886054,-0.9036889258832213,11.79923125646455,86.62084384936475,68.39826828074976,68.09815388145446,22.719190183843423,6.859249397864863,101694.0,403462.2025534077, 0.0, 0.0,0.0,NaN, 69.75954998569287,69.75954998569287,0.0, 206.5558622047952, 22.652699223005797, 32.97915640543657, 22.652699223005797, 201.09765823039427, 14.244576782959273, 32.97915640543657, 14.244576782959273, 155.55738447659468, 2.8258694093422023, 3.495792691810289, 25.0, 0.0
25, 0 ,0.3333333432674408,0.3333333432674408,0.3333333432674408,85.5402363041074,60.37631264851133,216.82554230588133,11.971624239376366,12.590482885662821,14.145933225696153,68.0,58.0,68.0,-0.03230700874827715,0.29685292464892016,0.9543765495406522,14.302842258819568,0.21035543182557748,-0.9314675639796144,0.2968480580286121,12.435771811349131,-0.9770910139220468,-0.21034856401046806,0.032351694414983416,11.946872219297655,69.54583377479312,60.78682818226205,67.44546677544213,21.549642059899046,6.1286540234434375,91323.0,285123.7311648999, 0.0, 7.105427357601002E-15,0.0,72.73131983979123, 133.7176935513923,133.7176935513923,0.0, 143.31978692882376, -2.9288323952011486, -1.1624558457667937, -2.9288323952011486, 158.5202592941684, 14.224745279021471, -1.1624558457667937, 14.224745279021471, 200.10742682585436, 2.94839701315072, 3.550883579515717, 24.0, 0.0
26, 0 ,0.3333333432674408,0.3333333432674408,0.3333333432674408,163.29599286413745,99.26604357142165,210.53005109510283,14.750816638393394,11.96028376685614,15.053882115805122,70.0,55.0,75.0,0.651064303635594,-0.10110866282849565,0.7522581410875744,16.133675234230605,0.7561178218672887,0.173019838259606,-0.6311497247272527,13.657045493099465,0.06634087718869834,-0.9797148431404178,-0.1890971024214297,11.850906204825382,72.89690787876265,72.72757905468838,60.18093610067419,23.163485139152037,7.120905999098129,103141.0,319056.191495176, 0.0, 0.0,0.0,NaN, 191.17166299002125,191.17166299002125,NaN, 217.58659149950336, -1.8624605558596936, 36.71335424435989, -1.8624605558596936, 143.0483877837225, -14.14689213842817, 36.71335424435989, -14.14689213842817, 226.61936675655727, 2.910709785716541, 3.555501504478697, 28.0, 0.0
27, 0 ,0.3333333432674408,0.3333333432674408,0.3333333432674408,142.4055397273575,283.0314803694855,24.564666351522273,14.428021118980586,10.918315959439084,12.624232312187399,76.0,45.0,56.0,-0.9613627190565974,-0.17055836925562792,0.21608231090250435,14.587788888564937,-0.24983908949333056,0.21097098037585432,-0.9450246953389071,12.633911547099203,-0.11559477397031917,0.9624973184981407,0.2454317830164607,10.69249047858838,80.59676149539186,63.14329636449763,55.288212231775304,21.075504739811436,6.524703689376192,78271.0,281369.73973681545, 0.0, 0.0,0.0,NaN, 145.5015162685694,145.5015162685694,0.0, 208.16779340974983, 13.759677915343575, -9.764097038878045, 13.759677915343575, 119.20962339014221, -12.658102463111035, -9.764097038878045, -12.658102463111035, 159.37124147207638, 3.16610325426402, 3.8328493660681895, 15.0, 0.0
28, 0 ,0.3333333432674408,0.3333333432674408,0.3333333432674408,182.34273142112124,280.45312907431554,118.83143198609301,12.875933039748023,11.812146809229798,15.798454114373959,65.0,46.0,84.0,-0.4150129252428499,0.13121917752946788,0.900303170787409,16.49961333423662,0.6895909210849023,-0.6001299121230954,0.4053497873841818,12.522477308314551,-0.5934885284810892,-0.7890662938078241,-0.15857411685939124,11.218642439006606,81.23102648097549,65.25999362731079,58.39376604778619,22.392388895118664,7.3135857047441295,92040.0,309553.3111663319, 0.0, 0.0,-1.4210854715202004E-14,25.80205365896514, 168.3633637116259,168.3633637116259,1.9073486328125E-6, 165.78965164407478, -20.781811784542477, -46.04021644938401, -20.781811784542477, 139.5268122427977, 9.762747692177406, -46.04021644938401, 9.762747692177406, 249.59115240397946, 3.420899980100457, 3.848304089095015, 25.0, 0.0
29, 0 ,0.3333333432674408,0.3333333432674408,0.3333333432674408,104.95779851639148,32.67557788944723,160.44719789423306,11.281280007974937,12.765257062158447,17.209963743217628,56.0,68.0,81.0,0.016903287474657393,-0.17883995617870235,0.983732966280255,17.342028602158646,0.19168929136997498,-0.9650433463011566,-0.17873599339233223,12.636329899031265,-0.9813100908717011,-0.1915923010819246,-0.01796929936049902,11.224042461116522,80.49684394563954,66.64616049521675,58.2769321185484,23.14695977560126,7.114785426912435,104475.0,312644.4106707869, 0.0, 0.0,0.0,NaN, 177.6480155683933,177.6480155683933,0.0, 127.26727861833498, -6.762004087919881, 1.7515357311861974, -6.762004087919881, 162.95178786298612, -24.934411816920967, 1.7515357311861974, -24.934411816920967, 296.18285204286536, 3.1554772429030944, 3.6106428065838543, 23.0, 0.0
30, 0 ,0.3333333432674408,0.3333333432674408,0.3333333432674408,255.85969732136513,8.922104066504039,20.76856215806551,16.046054055964195,5.833434710841749,11.904500418877538,81.0,24.0,43.0,0.9918532742625532,-0.07495981530328978,-0.10299567187192687,16.126976859872364,-0.1003862966811866,0.03779305895658028,-0.9942304944696381,11.855210005651383,0.07841985573367044,0.9964701253848008,0.029960231012278862,5.709339243614641,82.41891675487133,47.603896909373475,27.171918162631155,19.413922546723793,7.504768675012933,42223.0,106607.97795996697, 0.0, 0.0,0.0,NaN, 49.59136452698654,49.59136452698654,0.0, 257.47585076692496, -17.322702212302126, -12.46474759670368, -17.322702212302126, 34.02896052565335, -2.299912347822831, -12.46474759670368, -2.299912347822831, 141.71713022305545, 5.15610181629662, 4.1336495749087785, 11.0, 0.0
31, 0 ,0.3333333432674408,0.3333333432674408,0.3333333432674408,150.5651705150749,95.1153495655299,155.60480548317952,11.322401416695898,12.121227726086888,13.287627701233166,52.0,60.0,66.0,0.08665608817601006,-0.12248580336171708,0.988679902879019,13.331516641038569,0.490184398536843,0.8692125160098302,0.06472138319700473,12.438812017243567,-0.8673003965253933,0.47902696164902264,0.13536318628120486,10.91918518042544,67.83711504200716,61.30118042999928,53.114881586529364,20.430744761044416,5.853772618066824,77911.0,220877.98166864403, 0.0, 0.0,0.0,NaN, 228.5337397097243,228.5337397097243,0.0, 128.1967738407973, 14.502763571010806, 6.13816534454898, 14.502763571010806, 146.92416158765752, -5.08754074363484, 6.13816534454898, -5.08754074363484, 176.56104992657902, 2.9699313717250995, 3.454271240401503, 21.0, 0.0
32, 0 ,0.3333333432674408,0.3333333432674408,0.3333333432674408,177.46216056755551,283.7491761523075,240.24208890359904,13.64285798840529,10.108013551317443,12.717704194413084,64.0,43.0,62.0,-0.8779194989698456,-0.212739928354714,0.4289511349934475,14.049080095290634,-0.44933599738601226,0.05660336098641237,-0.8915678442935007,12.45783757280151,-0.16539200337880056,0.975467981231918,0.14528490220829468,9.872443644195025,64.94605158312673,63.95621362041817,48.34356161090432,20.298103829088937,6.166562491821541,69491.0,200804.8234274142, 0.0, 0.0,0.0,NaN, 137.2975575423891,137.2975575423891,0.0, 186.12757409179403, 17.191959515512654, -14.49668197648597, 17.191959515512654, 102.17193795361706, -12.030944876463183, -14.49668197648597, -12.030944876463183, 161.73999997659217, 3.450966857950432, 3.8784734574058906, 13.0, 0.0
33, 0 ,0.3333333432674408,0.3333333432674408,0.3333333432674408,46.46332533770988,104.30018656454712,259.11997643395193,13.829843675146519,10.680439709469155,11.172073609620112,65.0,49.0,51.0,-0.9545299862044065,0.19423577301170578,0.2261525368399843,14.121778295049147,-0.09951421640679585,0.5074902802769684,-0.8558916614603423,11.195716662527696,0.28101499278429376,0.8394796482982472,0.46508546948221713,10.265617536380573,67.65107787548362,54.38677720442823,55.601189506638605,19.922489500418596,5.765935250338242,71289.0,204574.79654340894, 0.0, 0.0,0.0,NaN, 121.27879388251621,121.27879388251621,0.0, 191.26457607899016, -18.443787431819487, -18.60056701052683, -18.443787431819487, 114.07179238760557, -4.539304741076233, -18.60056701052683, -4.539304741076233, 124.81522873877014, 3.2507319426984376, 3.6867638330358083, 21.0, 0.0
34, 0 ,0.3333333432674408,0.3333333432674408,0.3333333432674408,54.73558399299146,130.11711147961577,282.9779575107162,14.399358427251329,11.87193700546326,10.089267054253114,77.0,59.0,42.0,-0.992942306459342,0.055217485743117106,-0.10496001768011956,14.441362667193356,-0.08654836552267269,-0.9424465477554832,0.32296112002704924,12.095840009926771,-0.08108610527430836,0.3297658773917958,0.9405740319823118,9.75783889183603,78.23540294412524,60.75810530672872,50.53229113885129,20.1867409211862,6.524815097077565,63922.0,240201.95378986007, 0.0, 0.0,0.0,NaN, 142.183672710194,142.183672710194,0.0, 207.34152311645389, -2.046456333837098, 10.383787081851736, -2.046456333837098, 140.94288826168793, -16.20850395677907, 10.383787081851736, -16.20850395677907, 101.7933096920373, 3.658065363043972, 3.850716705656713, 15.0, 0.0
35, 0 ,0.3333333432674408,0.3333333432674408,0.3333333432674408,78.90781397804518,209.54432760630925,62.03586906307059,13.130685506619683,12.324467139099603,13.665768901379705,66.0,57.0,71.0,0.38504296524577925,-0.3853132244127453,0.8386153075203141,14.228179623205191,-0.9185765621860279,-0.24784225416448766,0.30788198461937305,12.939616516061868,0.08921330796039403,-0.8888801584821879,-0.44936961350256516,11.882165662432183,65.90214578271403,66.6926841837463,57.25407906071669,21.708542246962406,6.308710273441833,90914.0,251642.61275577446, 0.0, -2.8421709430404007E-14,-7.105427357601002E-15,75.81044239682657, 135.118913647938,135.118913647938,0.0, 172.4149018737522, -3.112325828052011, 12.356266566398844, -3.112325828052011, 151.89249026274598, -21.796247578196805, 12.356266566398844, -21.796247578196805, 186.75323966591665, 3.259972141106258, 3.606408489049838, 21.0, 0.0
36, 0 ,0.3333333432674408,0.3333333432674408,0.3333333432674408,185.8083624801272,12.903275039745628,9.700127186009539,15.10960275489546,8.177948873630937,6.167479456431873,63.0,32.0,23.0,-0.9952219152176798,0.09588270925161729,0.018434899973230973,15.162083794575127,-0.09326483557369324,-0.9894184487924566,0.11114316728679677,8.105696994355773,0.028896538129421945,0.108892787895704,0.9936334086716471,6.133974019993029,62.86860296785835,34.47959938396291,25.693921454697183,17.0995957854527,6.38909774616532,31450.0,55696.30870806194, 0.0, 0.0,0.0,NaN, 115.32700054040298,115.32700054040298,0.0, 228.3000954107445, -15.755769835785802, -3.818452573924328, -15.755769835785802, 66.87884777972153, -2.7476697329144195, -3.818452573924328, -2.7476697329144195, 38.03780284550919, 5.059899220950842, 4.235519658800347, 9.0, 0.0
37, 0 ,0.3333333432674408,0.3333333432674408,0.3333333432674408,198.44506611798963,170.5809358793873,50.03269200688253,11.422416685952438,12.132326012520798,14.154565799592747,57.0,54.0,65.0,-0.2808897731365196,0.39889899343061813,0.8729149605702461,14.786128968417307,0.45330963078055997,-0.7465416606185046,0.4870173791586469,11.913175513573586,-0.8459381265724502,-0.5324989596243399,-0.02887116225732189,10.838049165266565,77.86945731104218,61.089674549151496,50.6414703213257,20.977704342029778,6.1605674198834,83109.0,240902.47724504425, 0.0, 0.0,0.0,NaN, 171.94757638039079,171.94757638039079,NaN, 130.47160294752467, -19.613113348044973, -19.40513355524166, -19.613113348044973, 147.1933344740888, 26.333304422092706, -19.40513355524166, 26.333304422092706, 200.3517329750007, 3.102649269119323, 3.4129094704367384, 21.0, 0.0
38, 0 ,0.3333333432674408,0.3333333432674408,0.3333333432674408,23.02885012813094,126.56035587335703,58.290195916342896,13.39194346975426,12.673449606526006,13.567958078539933,53.0,63.0,64.0,0.643242832774448,-0.4934424896399221,0.5854512511749026,14.40994794757979,0.5628131885157965,-0.21369710884270576,-0.7984828492240464,13.140419550072007,-0.5191146048003134,-0.8431180552509969,-0.14025680729572587,11.988858804881776,72.22708455094315,69.17998094790259,60.26224049270833,22.004549296112533,6.312667544095835,96776.0,301110.42875499494, -3.552713678800501E-15, 0.0,0.0,49.96594339989637, 141.2288871193862,141.2288871193862,0.0, 179.34414989709379, -23.766879325436012, 11.064559115912806, -23.766879325436012, 160.6163249291542, -13.526081201406868, 11.064559115912806, -13.526081201406868, 184.089486421017, 3.7178944930590667, 3.684580923684765, 21.0, 0.0
39, 0 ,0.3333333432674408,0.3333333432674408,0.3333333432674408,137.90935675705165,271.5695455289432,79.37769654645643,13.469987341030842,13.48594198627756,13.405806442424186,67.0,69.0,66.0,0.6674208108660489,-0.6660570252366047,0.3330427905778336,15.363412659911546,0.2184496381446952,-0.2524390660201952,-0.9426315682923542,13.14201000842639,-0.7119193892691487,-0.7018850027460459,0.022983169990798295,11.58792306568382,83.67100552423844,68.72363343896114,56.632782778358546,22.24899181415355,6.928867140471276,91645.0,325648.4407717946, 0.0, 0.0,0.0,NaN, 161.64188854253067,161.64188854253067,NaN, 181.44055896753116, -47.35333935611336, 14.70403759301018, -47.35333935611336, 181.87063125724393, -13.426463516163928, 14.70403759301018, -13.426463516163928, 179.71564637174183, 3.0048777477490454, 3.6168550872684397, 18.0, 0.0
40, 0 ,0.3333333432674408,0.3333333432674408,0.3333333432674408,8.90522834245007,169.26739600559725,90.61361149980918,5.6349762215621375,11.936116333212775,14.725220922832131,23.0,58.0,68.0,0.0918381118810497,0.2302863551821182,0.9687796219074072,14.916401171352437,-0.08047053631041745,-0.967992775950968,0.2377277402674197,11.795891605164488,-0.9925171303267455,0.09979068254940066,0.07036736235135652,5.423456342431311,70.29389464694805,60.76038962066046,26.371789620233006,18.60864617375584,6.691356285818819,39305.0,112636.1399512445, 0.0, 0.0,0.0,NaN, 159.31460519370737,159.31460519370737,0.0, 31.7529570175707, 12.63091337287495, 15.07982961040074, 12.63091337287495, 142.4708731199888, 17.825924008065368, 15.07982961040074, 17.825924008065368, 216.83213122621314, 4.400058488000548, 4.187283997961425, 12.0, 0.0
41, 0 ,0.3333333432674408,0.3333333432674408,0.3333333432674408,194.56073125775833,164.42501222524544,183.25266761124973,11.92692449121139,12.66170729850739,12.341877396475365,56.0,57.0,60.0,0.44787689879003206,0.7406759522353231,0.5008047696563204,13.488954204255768,-0.3537990366235476,-0.36758879022853697,0.8600608832998804,11.93972433812236,-0.8211166331371405,0.5623856462238498,-0.09741591095354933,11.418554830051917,63.47737771654141,62.792945265808854,55.653744693395325,20.53282598588793,5.770212668091559,79753.0,221832.01432080337, 0.0, 0.0,0.0,NaN, 207.6727144400844,207.6727144400844,0.0, 142.25152781905805, 18.69011138498888, 7.862459147930582, 18.69011138498888, 160.3188317130753, 15.279833719723234, 7.862459147930582, 15.279833719723234, 152.3219376696295, 3.3701856734244355, 3.5845580544618594, 25.0, 0.0
42, 0 ,0.3333333432674408,0.3333333432674408,0.3333333432674408,71.6292088108313,242.87447867617382,185.36796595036876,13.492787972442715,12.487656797171987,11.224448811461045,66.0,62.0,57.0,0.8886088318163088,0.254428103730318,0.38162898743445817,13.990867041228471,0.2952923255732721,-0.9540154974526426,-0.05154486470751398,12.420508025818709,-0.3509655061050641,-0.15849533321956782,0.9228772631677706,10.675756202236906,66.17039635992637,58.81610051445489,55.92532403829608,20.73344295762079,5.840333363555334,81763.0,217654.9120380853, 0.0, 0.0,0.0,NaN, 146.74662507785453,146.74662507785453,0.0, 182.05532726929476, 7.135447207484551, 27.117273384261463, 7.135447207484551, 155.94157228395574, 9.921485690943847, 27.117273384261463, 9.921485690943847, 125.98825112110926, 2.8964995132045277, 3.5047515705816985, 29.0, 0.0
43, 0 ,0.3333333432674408,0.3333333432674408,0.3333333432674408,26.799036512216023,173.77035132819194,227.34814094927583,12.979851410460412,14.15231554212198,12.817500613908756,60.0,76.0,62.0,-0.4886179561726073,0.7241411014870587,0.486695138708837,15.020441403323238,-0.5627998315299831,-0.6878420359382137,0.4583990436575929,13.136345152355098,0.6667149634855412,-0.04992993824834491,0.7436384596905876,11.61359874959092,71.15964888345206,69.29810206707533,59.24826874276212,22.139430126902074,6.549697205593363,95694.0,292166.7579992002, 0.0, 0.0,0.0,NaN, 148.08917983876296,148.08917983876296,0.0, 168.47654263763116, -17.516034167320324, -31.30119862691994, -17.516034167320324, 200.28803520378736, 20.09610576944514, -31.30119862691994, 20.09610576944514, 164.28832198755134, 2.871543018871705, 3.4804594765974093, 29.0, 0.0
44, 0 ,0.3333333432674408,0.3333333432674408,0.3333333432674408,229.12923293996923,83.14904010603729,280.1708140926971,13.031244756120662,15.317042732789682,11.52783010861274,61.0,72.0,49.0,-0.11615717328383061,0.9713786345934678,0.20719811618362088,15.486317912298025,0.9603758575196395,0.16305516008510612,-0.22603368568210838,13.109699279700967,0.253349014973668,-0.17273263451053916,0.9518286156587861,11.20828922271866,71.97985834907055,67.41275112095576,55.004305766219375,22.181385761913276,6.730685750069248,93552.0,266900.7083423781, 0.0, 0.0,0.0,NaN, 111.0388450407285,111.0388450407285,0.0, 169.81333989392223, -5.644838110163235, -12.785842551529747, -5.644838110163235, 234.6117980781052, 21.280681750315477, -12.785842551529747, 21.280681750315477, 132.89086701303842, 3.0272782294658493, 3.7017382923252993, 18.0, 0.0
45, 0 ,0.3333333432674408,0.3333333432674408,0.3333333432674408,32.41584454409566,172.83671593865913,56.75515695067264,12.715978074613508,12.547252679265743,13.065064346968002,61.0,63.0,66.0,0.633780062978211,0.025226017899853605,0.7731018560269088,13.7765730196734,-0.24277668924809617,0.9554506805881492,0.16784956395944725,12.60797605095081,-0.7344265183999475,-0.29407081627485493,0.6116698816243712,11.877311577712574,66.54012845033417,65.29170335126344,55.12659634742887,21.32030727627059,5.938859505595457,90315.0,239498.508177009, 0.0, 0.0,0.0,NaN, 142.97704581948716,142.97704581948716,0.0, 161.69609839405146, -3.3709299729638613, 23.144301283325724, -3.3709299729638613, 157.43354979734136, 3.819357798279224, 23.144301283325724, 3.819357798279224, 170.69590639041442, 3.0319261714161905, 3.5245461524271655, 18.0, 0.0
46, 0 ,0.3333333432674408,0.3333333432674408,0.3333333432674408,192.43043125462398,234.71448175461205,113.2295291281831,12.572506076756703,12.722425695178986,13.147518206756876,64.0,61.0,68.0,-0.06131939630561456,0.5918718057685857,0.8036962717177105,13.60347498375923,-0.907642953843639,0.30192073966542204,-0.29159584238784614,12.654523734209572,-0.4152399306120595,-0.7473497390754329,0.5186946765961398,12.148817104681497,70.66930333019008,63.98171423757026,64.11502900803723,21.283688584690935,6.307920405833685,83802.0,289898.8715723475, 0.0, 0.0,0.0,NaN, 169.27592055347128,169.27592055347128,0.0, 158.0679090500842, -4.796867274893348, 1.4736003295542037, -4.796867274893348, 161.86011556935048, 16.71524478473102, 1.4736003295542037, 16.71524478473102, 172.85723499700356, 3.1294376479091004, 3.5483491322280076, 22.0, 0.0
