// Sample: .//bubblelabels.tif, Map: .//bubblelabels.tif, Thickness:(8.191250068658265):/gpfs/home/mader/Foam/NewValid/InSilicoTest/LatticeDataPhi_16.0/out_Step_05000.vtk/distmap.tif, Neighbors:(1.0):
//LACUNA_NUMBER, TRIANGLES, SCALE_X, SCALE_Y, SCALE_Z, POS_X, POS_Y, POS_Z , STD_X, STD_Y, STD_Z,PROJ_X, PROJ_Y, PROJ_Z, PCA1_X, PCA1_Y, PCA1_Z, PCA1_S, PCA2_X, PCA2_Y, PCA2_Z, PCA2_S, PCA3_X, PCA3_Y, PCA3_Z, PCA3_S,PROJ_PCA1, PROJ_PCA2, PROJ_PCA3,OBJ_RADIUS, OBJ_RADIUS_STD, VOLUME, VOLUME_BOX, Mask_Grad_X,Mask_Grad_Y,Mask_Grad_Z,Mask_Angle, Mask_Distance_Mean,Mask_Distance_COV, Mask_Distance_STD, SHAPET_XX, SHAPET_XY, SHAPET_XZ, SHAPET_YX, SHAPET_YY, SHAPET_YZ, SHAPET_ZX, SHAPET_ZY, SHAPET_ZZ, Thickness, Thickness_STD, Neighbors, Neighbors_STD
1, 0 ,1.0,1.0,1.0,130.8223865934701,15.153296735047673,180.723883270731,21.195703837415977,9.36113346084993,11.35637129416748,88.0,38.0,47.0,-0.9789213314115291,-0.02845437723854219,0.2022458289395513,21.540301594655162,0.18047556117157124,0.3430581817152623,0.9218132434381845,10.89676149745322,0.09561170810777286,-0.9388830770517625,0.3306916522964091,9.117666690837261,89.77710313590431,55.30819587319118,45.58604457753252,24.08521373968448,9.260579297218968,86525.0,226353.38360690942, 0.0, 0.0,0.0,NaN, 73.3943681403697,73.3943681403697,0.0, 449.2578611634504, 12.813092912155028, -69.47843238249487, 12.813092912155028, 87.63081967184418, 9.068655444056759, -69.47843238249487, 9.068655444056759, 128.9671689709912, 11.26869069048002, 6.428665600591154, 13.0, 0.0
2, 0 ,1.0,1.0,1.0,180.83420880129353,165.68401870384128,92.12184591181226,11.277625108918174,16.225066006928007,15.472661797098306,49.0,67.0,79.0,0.15699424056968495,0.9095545676580641,0.38478993864224176,16.534195030577166,0.06828564067278145,0.3786917325665464,-0.9230003483009392,15.280681350783414,-0.9852359512857087,0.17118136621168634,-0.0026570954150824575,11.088824566225007,80.94923284248688,85.10454750745332,54.79142063004723,23.96296004748444,7.4577076824251645,114415.0,377466.19665310456, 0.0, 0.0,0.0,NaN, 100.15662044413445,100.15662044413445,1.3486991523486091E-6, 127.18482809730168, 24.33725604853524, 2.1197945645342937, 24.33725604853524, 263.2527669291707, 14.007910634529942, 2.1197945645342937, 14.007910634529942, 239.4032630873854, 7.864183997043086, 5.531799201180005, 16.0, 0.0
3, 0 ,1.0,1.0,1.0,170.75777294775625,65.32684151933628,165.4666883134095,15.50537654430785,15.617122223975043,15.795749714892656,63.0,78.0,71.0,-0.5381004483002534,-0.6212581410037823,0.5696369280301189,17.987021605156247,-0.6291406366341703,-0.1537042059358208,-0.7619429613909363,14.74414066509816,-0.5609188594392396,0.7683835886548875,0.3081504402255809,13.888638782052043,102.19995440109433,77.91383762598227,73.65326824090467,25.901712527991982,7.932099691263094,150908.0,586485.5558813541, 0.0, 0.0,0.0,NaN, 79.46857040308869,79.46857040308869,0.0, 240.41670178077206, 46.04115331790094, -28.301267496697662, 46.04115331790094, 243.89450655857522, -43.36317138708488, -28.301267496697662, -43.36317138708488, 249.50570905553144, 7.851675762271943, 5.435181274343151, 20.0, 0.0
4, 0 ,1.0,1.0,1.0,16.101382396420153,44.425546366215194,15.74465619880938,10.054631707277515,11.98552889357924,10.367703523447084,45.0,57.0,41.0,0.158459530730959,0.9305948944267511,-0.32997533178616323,12.178228685744642,0.6435036223201762,-0.3508064898781805,-0.6803219052185241,10.761893658258343,-0.7488615794533304,-0.10453683143377877,-0.6544298172397476,9.386702772750148,56.62131128383141,61.33555857572599,47.92678773653788,17.973734663369143,5.402097761861869,50058.0,166444.92938259302, 0.0, 0.0,-1.7763568394002505E-15,70.73272176130745, 49.80740792122384,49.80740792122384,0.0, 101.09561876899035, 2.6220654479095846, -15.278020100862362, 2.6220654479095846, 143.65290285882278, -11.872661040134437, -15.278020100862362, -11.872661040134437, 107.48927635009709, 9.576448693754212, 5.8856026699504085, 7.0, 0.0
5, 0 ,1.0,1.0,1.0,30.462513950997355,108.59238369175225,173.96347647618407,16.029903067151427,14.530660059474004,13.647897346935336,74.0,71.0,64.0,-0.986604498834585,0.0852029201552148,0.13911155694758523,16.098209293397808,-0.015024522147295903,-0.8965978293415237,0.44259077730372254,14.794774387668665,0.16243714665556822,0.43457196736224507,0.8858675852345571,13.278753121535617,77.80111441670287,77.88446556047528,71.51949308909025,24.54816096825853,7.193800746139758,133503.0,433372.24080790544, 3.552713678800501E-15, 0.0,0.0,9.388649104415393, 99.80589978842318,99.80589978842318,0.0, 256.95779234227075, -6.389249049194696, -11.650867635745707, -6.389249049194696, 211.14008176399307, -15.907212100993652, -11.650867635745707, -15.907212100993652, 186.2651019924846, 7.631768748276575, 5.182806657952691, 18.0, 0.0
6, 0 ,1.0,1.0,1.0,48.84086668879554,12.805899252578204,24.25601199537583,19.958504966913026,8.273796882483094,13.996073800721973,84.0,35.0,61.0,-0.9837381680919653,-0.02401895404943745,0.1779952428730466,20.13300479584476,-0.17895495040385598,0.04661047891987544,-0.9827525573514491,13.760537177303592,-0.015308245001219273,0.9986243303170773,0.050150817877197,8.246056735474998,86.01299475719904,68.07294948109825,35.71073962061117,24.176978856038133,8.840894219298331,87367.0,209092.03158983387, 0.0, 0.0,0.0,NaN, 56.015849832879425,56.015849832879425,NaN, 398.3419205142919, 6.958558921659342, -37.7260483389411, 6.958558921659342, 68.45571485258695, -7.00107075420253, -37.7260483389411, -7.00107075420253, 195.89008183525604, 7.657977660872372, 5.080542563229105, 10.0, 0.0
7, 0 ,1.0,1.0,1.0,161.50141767366503,176.04217579153448,138.57935597110645,15.41567047261412,14.116416547396025,14.814441541681973,74.0,59.0,79.0,-0.8064492568310102,0.4302504878732932,-0.40561572188649764,16.70667251526901,-0.11841627569980151,0.5545588229882855,0.8236759663212446,14.806045432472098,0.5793247636741417,0.7122843740604173,-0.3962748902760047,12.571869493868565,89.88131418162037,83.11841437169252,73.39408204542121,24.40256955963679,7.803742008719714,118504.0,548311.944215647, 0.0, 0.0,0.0,NaN, 76.34535804399232,76.34535804399232,0.0, 237.64289612022685, -46.02193247091251, 33.63405174674949, -46.02193247091251, 199.27321613959631, 6.812574924528717, 33.63405174674949, 6.812574924528717, 219.46767819191254, 7.647360016924503, 5.040153877780966, 20.0, 0.0
8, 0 ,1.0,1.0,1.0,88.79253213326682,123.60142012587961,79.53062610781494,13.70296259267203,12.457661139097016,12.726062280992588,72.0,61.0,64.0,-0.8863805085161145,-0.3855943821410865,-0.25621585935290636,13.856523869756737,0.4368896195853052,-0.5136031432187851,-0.7384709009665793,13.292305788476815,0.15315696008122465,-0.7665042620475229,0.6237099981895915,11.671697354066662,69.101465880115,70.81734583145024,58.240323874625695,21.63439793456614,6.072066539595287,94217.0,285003.8242729277, 1.4210854715202004E-14, 0.0,0.0,27.578111172779195, 141.58381707850876,141.58381707850876,0.0, 187.77118381616896, 9.984843066543954, -0.3859054254598826, 9.984843066543954, 155.19332105656798, 20.854809665206382, -0.3859054254598826, 20.854809665206382, 161.95266117970226, 7.328919078502526, 4.969689677487075, 21.0, 0.0
9, 0 ,1.0,1.0,1.0,172.11404370537213,39.62733023434131,16.618476541908276,15.224979875058256,13.13876734112933,10.898441474210525,70.0,69.0,50.0,0.9135973415879264,0.2719028629177276,0.3023387679088102,15.807448766960826,0.3048169235883734,-0.9500758429375009,-0.0666523500014611,12.96333014248354,-0.26912179498805644,-0.15305138288738562,0.9508673586040617,10.260598476888864,85.37934939968123,76.16609257037089,54.942197778805884,21.74434249162221,7.098367108995423,83468.0,357289.7401434756, 0.0, 0.0,0.0,NaN, 51.22622006884161,51.22622006884161,6.743495761743046E-7, 231.80001219592893, 17.7413672724792, 38.66434707669515, 17.7413672724792, 172.6272072443267, 15.861507779180183, 38.66434707669515, 15.861507779180183, 118.77602656679207, 7.689203116522378, 5.072736420609262, 11.0, 0.0
10, 0 ,1.0,1.0,1.0,75.98044489365894,54.514154539302936,43.636864330560954,12.773508400538326,14.347346306096776,16.66877458952016,63.0,68.0,81.0,-0.2324952855533996,0.5242641082110738,0.8192027142515407,18.31988303230183,0.4872761194957831,-0.6661619781620777,0.5646150920940033,12.65942524035301,-0.8417291283807251,-0.5304482667450575,0.10058186090239951,12.287300251422918,88.57245169200355,62.92976355875201,64.3292762557195,24.24222764509409,7.692288866486529,116747.0,358561.314637804, 0.0, -7.105427357601002E-15,0.0,58.381283418725154, 103.19397744043559,103.19397744043559,0.0, 163.16251685862318, -25.519021346901788, -32.612692735002916, -25.519021346901788, 205.84634602706882, 75.80740046162813, -32.612692735002916, 75.80740046162813, 277.8480463162331, 7.5101850071355125, 4.7916814950630435, 18.0, 0.0
11, 0 ,1.0,1.0,1.0,58.35585075581446,74.1411285792071,136.12447386843903,13.641653912109904,15.546907690653876,13.447337288908656,64.0,78.0,62.0,-0.47847280686318017,0.8377690965595938,-0.26307168973911266,16.01736041480284,-0.529185961420115,-0.5141817558168966,-0.6749661770940246,14.688110712777377,-0.7007324677281184,-0.18373911623488157,0.6893576327544985,11.676279775368124,82.90382113230089,68.07685584387926,57.62309203352196,23.643462839244634,7.044047510517076,115703.0,325215.0208012424, 0.0, 0.0,0.0,NaN, 113.94031377443692,113.94031377443692,0.0, 186.09472145778344, -26.584338236620024, 43.49456831209913, -26.584338236620024, 241.70633874171267, 1.062197749429333, 43.49456831209913, 1.062197749429333, 180.8308801616732, 7.719734070070587, 4.962191098912831, 20.0, 0.0
12, 0 ,1.0,1.0,1.0,41.28679833800817,55.07643067468954,176.7839759779332,13.348035370274273,12.21006392331349,12.457921811265022,68.0,60.0,50.0,0.8100950578818303,0.2647960176689902,0.5230956568564469,13.915692207103714,-0.518638939840761,0.7397297075960915,0.4287348945218389,12.323615962823997,-0.2734221045860873,-0.618613796100964,0.7365849061698656,11.702030811404917,71.85636048252458,67.45114044646515,62.29757472278413,21.118190854615005,6.039663909616965,85921.0,301943.4779195808, 0.0, -7.105427357601002E-15,0.0,74.64516750948397, 72.64293981014548,72.64293981014548,0.0, 178.17004824609305, 6.435174117087818, 20.710132144083026, 6.435174117087818, 149.08566101140158, 12.59124812040033, 20.710132144083026, 12.59124812040033, 155.1998158555928, 7.438421491669443, 4.898911403601046, 11.0, 0.0
13, 0 ,1.0,1.0,1.0,78.49269093806403,186.1013187206296,27.643116148230053,12.243946822889457,8.079588819537907,14.960178534740955,59.0,32.0,60.0,-0.2203491015575926,0.012294191535203402,0.9753435939694574,15.093512473303281,0.9753142255179749,0.01757686724334754,0.22012091050189397,12.08124873504818,0.014437276233236753,-0.9997699268293708,0.01586374680079526,8.076524085645124,63.03725603909275,59.93239034090111,32.654980753585875,19.943715981191236,6.422548088371436,61499.0,123369.64980598919, 0.0, 0.0,0.0,NaN, 84.37071614244185,84.37071614244185,0.0, 149.9142338017448, 0.9434469302740344, -17.610992362337196, 0.9434469302740344, 65.27975549280194, 2.2618862628722503, -17.610992362337196, 2.2618862628722503, 223.806941791324, 7.341953197179433, 4.902014016044469, 10.0, 0.0
14, 0 ,1.0,1.0,1.0,187.64939497362707,56.302474402730375,94.91560657772261,7.965248292814763,13.457709760241936,14.341540245114881,33.0,62.0,75.0,-0.05349513863961397,0.6246688362717931,0.7790552709100762,15.89811200150004,-0.12926893280161034,-0.7779396898529165,0.6148978630340823,11.654440308334365,-0.9901655483575773,0.06781359703180428,-0.12236626538121861,7.852322258197326,92.94744084556126,56.84549053103878,36.29340734250707,19.83403712367353,7.539620702401925,51568.0,191761.40287773742, 0.0, 0.0,0.0,NaN, 111.04719015087504,111.04719015087504,0.0, 63.44518036618851, 1.072850162918195, -13.859172996330543, 1.072850162918195, 181.1099519909111, 57.51668415685496, -13.859172996330543, 57.51668415685496, 205.67977660224983, 7.989140627359589, 5.095421322430807, 11.0, 0.0
15, 0 ,1.0,1.0,1.0,183.93686278177907,19.105509306893648,176.80329248900944,9.343969869836661,11.26734078793954,12.071260230519712,36.0,46.0,49.0,0.12273410962348436,0.4689995182158826,0.8746289443233631,12.373093338118727,-0.17880720291090813,-0.856420106779187,0.4843269400843845,11.03498430802856,-0.9761989154481315,0.2158333908773045,0.021251467250447482,9.225711218148634,66.88547830224508,57.16902397492214,41.83536465140162,18.205516419708026,5.342025533882163,53455.0,159969.12658692236, 0.0, 0.0,-2.8421709430404007E-14,28.99890831219077, 34.07538851601901,34.07538851601901,0.0, 87.30977292841536, 9.526519388471947, 4.1228530941989865, 9.526519388471947, 126.952968431566, 12.680393421793845, 4.1228530941989865, 12.680393421793845, 145.71532355292683, 8.123551857501015, 5.200605073058673, 5.0, 0.0
16, 0 ,1.0,1.0,1.0,184.7692725438982,14.481832992836638,97.20124647650573,8.455837526877994,8.582154645352974,13.567538323046845,35.0,32.0,64.0,-0.22051796133934184,-0.11907897435682516,0.9680867867050286,13.870208936367504,0.5475592293271296,-0.8364819636617469,0.021836090475818963,8.764516405859338,0.8071869170801895,0.5349001050053316,0.24966208875170603,7.748110674092757,68.24005124017756,41.086253603435566,42.88344941427809,17.21606359564021,5.730603550752125,38669.0,120233.53005354277, 0.0, 1.7763568394002505E-15,0.0,83.1610494341304, 99.44737735235094,99.44737735235094,0.0, 71.50118828095815, -4.211877370449531, -28.053362614409416, -4.211877370449531, 73.65337835675363, -15.563645926976672, -28.053362614409416, -15.563645926976672, 184.07809614734478, 7.909354940856406, 5.353793337676277, 8.0, 0.0
17, 0 ,1.0,1.0,1.0,101.27572044945894,84.90938141713389,13.710897302784891,14.44723018577681,17.347447452687046,9.368630919998958,73.0,84.0,38.0,-0.12331284732509093,0.9828442078619338,0.13715394546576873,17.519891866247306,0.9905785850034151,0.11361348369206575,0.07645942228388107,14.410257879439092,-0.05956516278170459,-0.1452901902937736,0.9875944268712681,9.100851351537635,86.97175080376536,72.32299320258684,42.38158313927177,23.038491415625092,8.164285135384935,86682.0,266582.58819914283, 0.0, 0.0,-1.7763568394002505E-15,82.11680937761393, 130.93538532520998,130.93538532520998,0.0, 208.72246004082064, -13.114120761744093, 5.663985077218499, -13.114120761744093, 300.93393312373826, 31.296117975050958, 5.663985077218499, 31.296117975050958, 87.77124531516053, 7.679927260791028, 4.862916558008335, 15.0, 0.0
18, 0 ,1.0,1.0,1.0,75.65360216129677,122.09515709425655,124.75153091855113,11.854659434264851,14.37901819523764,14.363779831936718,69.0,63.0,68.0,-0.105701735004204,0.5674391011332575,-0.8166027245375699,14.476775528639072,-0.15118100545075128,-0.8208272838746897,-0.5508056586835316,14.347165123326775,0.9828384642493396,-0.06523370717642984,-0.17254888188573939,11.755386375577983,69.13938788168389,66.37799468358315,64.49112079808829,22.546837539537755,6.726618956601851,99940.0,295971.28829723416, 0.0, 0.0,0.0,NaN, 132.1172364502456,132.1172364502456,0.0, 140.53295030240466, 4.113380462738359, 11.795419740537536, 4.113380462738359, 206.7561642589751, -2.49259614804301, 11.795419740537536, -2.49259614804301, 206.31817106035203, 7.151876599392772, 4.51488814586901, 20.0, 0.0
19, 0 ,1.0,1.0,1.0,182.33589095242246,148.60367076466997,36.219214113407155,10.542289049753508,13.882037268044675,11.329877299146888,44.0,67.0,52.0,-0.031769937379438604,0.9994915907194125,-0.0026890816434147376,13.884951119220013,0.4555565858030467,0.016874992307812812,0.8900468705445138,11.59827259037645,0.8896397406874188,0.02705170448954493,-0.45586109405588926,10.242321127061553,67.537296408689,57.01307590530857,49.960748883635205,19.94012656065703,5.8828810525660025,68814.0,192374.3135523142, 0.0, 0.0,0.0,NaN, 65.31029687808794,65.31029687808794,0.0, 111.13985840855274, -2.563072137277044, 12.015317885643892, -2.563072137277044, 192.71095871138124, 0.20858584757386994, 12.015317885643892, 0.20858584757386994, 128.36611961372398, 7.861482629441884, 5.221161250876712, 14.0, 0.0
20, 0 ,1.0,1.0,1.0,151.70531958455868,186.93213714030452,10.302386181736962,13.380268275241303,7.703634751582145,6.635580171297898,66.0,29.0,25.0,0.9980862691941209,0.05555337713429197,0.027159188779037786,13.39823567465308,-0.049392455951800085,0.9804683663794886,-0.19037375823412583,7.717043923191489,-0.037204630642028245,0.18866797507290695,0.9813359315956381,6.583540506970514,66.26256740675201,34.2095599621866,29.17225215797773,15.750384969731282,5.859510646647255,26863.0,66128.04839353988, 0.0, 0.0,0.0,NaN, 51.08115461877368,51.08115461877368,6.743495761743046E-7, 179.03157911742886, 6.765208562061232, 3.8436023159970585, 6.765208562061232, 59.3459883857841, -2.8201894796074694, 3.8436023159970585, -2.8201894796074694, 44.03092420972184, 7.737147804136514, 5.078896311153673, 5.0, 0.0
21, 0 ,1.0,1.0,1.0,19.043686872129,84.87977590883688,25.57823425977673,11.353686285562759,11.258627706712874,13.794928987189486,44.0,52.0,58.0,-0.12287604851200691,-0.3498053389111499,0.9287290786722093,14.223538645508617,0.9573877627465364,-0.28823765618331193,0.018103184833970647,11.346358349265273,0.2613621021595459,0.8913783026455194,0.37031685504110745,10.71979740856704,66.67858511193569,50.322438227818125,51.16616056225409,20.268984298000028,5.927160483598176,73363.0,171684.41796708776, 0.0, 0.0,0.0,NaN, 90.67240173209309,90.67240173209309,0.0, 128.90619227097588, -0.05882640824153034, -9.733765533069654, -0.05882640824153034, 126.75669783836278, -28.46453898871059, -9.733765533069654, -28.46453898871059, 190.30006576160073, 8.034056230113896, 4.92602370143059, 10.0, 0.0
22, 0 ,1.0,1.0,1.0,41.81496228415935,175.22813581704315,185.9239280497809,11.848391319599655,13.334252617649275,7.969208804533926,65.0,60.0,32.0,0.34269436350173516,0.9234512189323083,-0.172622187092434,13.733207319971642,0.9391636199140168,-0.33224529483759574,0.08709052237918675,11.576421889887673,-0.023070939602475107,0.19196590924097406,0.9811303794272933,7.686379618384634,68.09366598628353,66.87971039320155,35.09054205879582,18.604632225262023,5.963440153691745,49979.0,159805.29932820838, 0.0, 0.0,0.0,NaN, 50.59913168693978,50.59913168693978,9.5367431640625E-7, 140.38437686236446, 17.60669081086072, -1.5330541506557323, 17.60669081086072, 177.80229287128654, -22.81485479148405, -1.5330541506557323, -22.81485479148405, 63.50828897026104, 7.238255633151689, 4.818132676880174, 9.0, 0.0
23, 0 ,1.0,1.0,1.0,67.72771478722899,188.6860145168177,74.54618340528488,13.419840396886261,6.7619530510733625,11.498234333242356,64.0,26.0,51.0,-0.9900216720362782,-0.06044046829406046,-0.12729508510106294,13.464854580808055,0.13125256569434152,-0.0667696364209151,-0.9890978615136483,11.48415390733441,0.05128209138817154,-0.9959361251830429,0.0740363536260516,6.69607484092899,65.35320933234823,50.51304728076447,29.403255715157343,17.970434113244732,5.923598222911383,42158.0,97065.7264703813, 0.0, 0.0,0.0,NaN, 101.35177886010818,101.35177886010818,NaN, 180.09211627790043, 7.4028360130592334, 5.8972114262836035, 7.4028360130592334, 45.72400906492035, 6.798753018069004, 5.8972114262836035, 6.798753018069004, 132.2093927821533, 6.937157939192557, 4.740808872138449, 10.0, 0.0
24, 0 ,1.0,1.0,1.0,113.76945417396381,83.65237886748395,64.70132807939288,11.300262350163187,12.259266847830133,11.199835734415053,54.0,54.0,56.0,0.39313982381205875,-0.9070781060980587,0.15050045970222925,12.524402939285352,0.5728686569534013,0.11360751324522399,-0.8117356927070793,11.2861907369851,-0.7192096918239003,-0.4053426234333065,-0.5643002541331832,10.917101399616797,59.980939653101494,51.653885934714786,50.884216080719824,19.371982378948662,5.305485087756671,68520.0,157651.95200245362, 0.0, 0.0,0.0,NaN, 136.45398264207034,136.45398264207034,0.0, 127.69592918251563, -12.902792922217136, -1.5815253988592715, -12.902792922217136, 150.28962364630698, -5.899315039068022, -1.5815253988592715, -5.899315039068022, 125.43632047788039, 6.970211577107526, 4.50555129995366, 14.0, 0.0
25, 0 ,1.0,1.0,1.0,50.02940408357075,86.04900284900285,80.17281576448244,12.575936565882271,11.951012761821923,13.55370860512997,63.0,65.0,60.0,-0.5141629493694724,0.2032942280583769,0.8332514136404657,14.409921828046228,-0.6466627256589805,-0.7300886711961055,-0.22090235724048465,12.32999095295179,0.563439243165564,-0.6524124378253785,0.5068473441103971,11.18075934383811,65.41073579981024,55.50395588088412,52.55932081010229,21.15054600103989,6.1105079455775995,84240.0,190819.48362299867, 0.0, 0.0,0.0,NaN, 127.80865601308288,127.80865601308288,1.9073486328125E-6, 158.15418050909477, 4.11869206959897, -31.544005990605523, 4.11869206959897, 142.8267060332305, 18.35584777450399, -31.544005990605523, 18.35584777450399, 183.7030169527742, 6.9003662880747125, 4.360331294146237, 12.0, 0.0
26, 0 ,1.0,1.0,1.0,102.24067299772275,21.508878821648334,104.65654828237803,12.15571716167938,12.770657404190391,12.71975386185248,56.0,51.0,60.0,-0.47348290932592285,0.6253275012940217,0.6203059331504376,14.150500101897713,-0.11708500482026662,-0.7426849262508314,0.6593255659884846,11.829664547078744,-0.8729862749336316,-0.23955086400422942,-0.42486509309700765,11.509373229061678,74.33447958389118,63.03247968002857,58.60611271492252,20.879864690423627,6.055950715256621,82556.0,274598.1542740707, 0.0, 0.0,-1.4210854715202004E-14,51.66152122396742, 138.23853178304896,138.23853178304896,0.0, 147.7614597147466, -19.415728878668123, -20.48169676125988, -19.415728878668123, 163.08969053520286, 22.627546757461822, -20.48169676125988, 22.627546757461822, 161.79213830611107, 7.201855484815154, 4.6621412196851715, 15.0, 0.0
27, 0 ,1.0,1.0,1.0,143.7601826595973,73.00363173863741,113.64974409267829,13.000218573558266,9.959800085958202,11.774652990373548,60.0,47.0,59.0,-0.9170997595912316,0.2240338461236085,0.3297527357714695,13.179818882303822,0.39239711906078584,0.36127272001150107,0.8458761864057217,12.081127319845253,0.07037422760145176,0.9051468707157718,-0.4192333604604296,9.337263553504913,59.82210803312423,63.43002291298822,44.26180115384493,19.395017580487686,5.538866924637885,65258.0,167952.18717050873, 0.0, 0.0,0.0,NaN, 126.2886138841202,126.2886138841202,0.0, 169.0056829602893, -9.445909517458793, -6.659375171620173, -9.445909517458793, 99.197617752253, 24.351344059733016, -6.659375171620173, 24.351344059733016, 138.64245304371272, 6.640461843690625, 4.5330904198522735, 15.0, 0.0
28, 0 ,1.0,1.0,1.0,137.10698730423502,141.04899144348687,18.26434065424891,10.497169069505462,13.471738213864377,10.879904822307168,47.0,66.0,44.0,-0.1413343357103103,-0.9813273534618203,0.13046543947324057,13.582172264276677,0.5322030802965575,0.0358054104366424,0.845859240007651,11.06934109376586,-0.8347361780060708,0.18898306255081193,0.5172049063927511,10.151103499251619,66.85505236005199,52.675146255017935,56.702025107206985,19.419991569607298,5.737119953028722,64746.0,199681.8323928671, 0.0, 0.0,0.0,NaN, 88.11548442421564,88.11548442421564,0.0, 110.19055847378218, 11.665332781499497, 7.270208387979636, 11.665332781499497, 181.48773050289375, -9.835348725100024, 7.270208387979636, -9.835348725100024, 118.37232894246279, 7.486350395304848, 4.690693028763943, 8.0, 0.0
29, 0 ,1.0,1.0,1.0,182.49152395928735,94.50142563375901,79.78665606801569,10.1213763447037,9.648380322533107,14.631180341179395,37.0,50.0,80.0,0.10861606565243388,-0.021944472361713457,0.9938415318424524,14.68170369187671,0.7899074133808498,0.608879469253576,-0.07288395027342394,10.606436141259453,-0.6035303045980056,0.7929591616560397,0.08346819380811416,9.030837681013047,80.51245914202097,55.93039516453601,48.9670785557009,19.268711802715913,6.190451162831894,57869.0,220503.34077165526, -2.8421709430404007E-14, 1.4210854715202004E-14,0.0,83.65578315255948, 124.91187560275011,124.91187560275011,0.0, 102.44225911112763, 14.561690184267269, 12.68323895006591, 14.561690184267269, 93.09124284824408, -4.295432772738619, 12.68323895006591, -4.295432772738619, 214.07143817611438, 7.3490275522656425, 4.599855235565877, 11.0, 0.0
30, 0 ,1.0,1.0,1.0,59.1418747376207,11.381384563100973,107.33722487655679,11.772519266630969,7.266778386243156,14.101729398763569,57.0,29.0,69.0,-0.07719002259949348,0.12691834183182632,0.9889051698306313,14.206626952636432,0.9937675779592149,0.08980058247658568,0.06604435164298021,11.781055738311418,-0.08042202066701244,0.9878398604498231,-0.133059042151629,7.0452484947902585,71.00958871025055,58.99573350458668,31.721522239909582,18.80011265336402,6.067356446987351,50023.0,132889.79218512127, -7.105427357601002E-15, 0.0,1.4210854715202004E-14,32.19618376757536, 110.51555164605303,110.51555164605303,0.0, 138.59220988319737, 6.46551213952926, -5.765753452390281, 6.46551213952926, 52.80606811477069, 19.63051843761979, -5.765753452390281, 19.63051843761979, 198.8587720359527, 6.7953773503744594, 4.513421069347888, 12.0, 0.0
31, 0 ,1.0,1.0,1.0,159.5241379310345,10.687343585824816,41.92547521253224,13.503583652250004,6.974791974647681,13.360812301463064,60.0,30.0,63.0,-0.7945917658630323,-0.09595017214854225,-0.5995143785492836,13.668555037194798,-0.605048137262354,0.04316324672733139,0.795018041133226,13.249685356838707,-0.050405130870024406,0.9944498472002601,-0.09235163336592965,6.864564154977402,68.0208703062576,73.33821256253304,31.209964648747942,19.24833958755364,6.245576276059848,52345.0,155691.81515021937, 0.0, 0.0,0.0,NaN, 59.24744884755839,59.24744884755839,0.0, 182.34677145331355, 7.297335779526427, 4.773324330288739, 7.297335779526427, 48.647723089609705, 12.443658942177986, 4.773324330288739, 12.443658942177986, 178.51130535492675, 7.4853409242893045, 5.05972365639602, 9.0, 0.0
32, 0 ,1.0,1.0,1.0,56.454119906379404,148.10814379163415,21.069750345075917,11.40649088228449,12.098702442223315,12.273338202069171,54.0,63.0,50.0,-0.5027085211887071,0.4061015820948405,0.7631288539587078,13.927476132827922,-0.5160064001750909,-0.8492306037603663,0.11200346697824909,12.026319005794505,-0.693557162534284,0.33747427554833165,-0.6364664764467343,9.408215845517397,65.05553354715381,61.33864460831252,52.824978775164254,19.776720637704717,6.000232201646026,66652.0,210793.75946872885, 0.0, 0.0,0.0,NaN, 79.52211500430184,79.52211500430184,0.0, 130.1080342476392, 3.0615540976237257, -43.701092291976245, 3.0615540976237257, 146.3786007854604, 27.34515452668636, -43.701092291976245, 27.34515452668636, 150.63483062237052, 7.239204039883819, 4.541851567285575, 11.0, 0.0
33, 0 ,1.0,1.0,1.0,13.670690852952529,102.16737939019683,108.38013122346584,9.029109839501254,15.377853660815758,11.983122718516123,37.0,74.0,61.0,-0.12569592973421456,0.9716548015654833,0.20021858016426403,15.597697444029837,0.02854930238147449,-0.19819287304599192,0.9797471726967663,11.80814966093884,-0.9916579403109639,-0.1288663325640871,0.002828029296093446,8.881321625953836,71.6149279793079,57.44055123264736,41.86579329914181,20.388876476830806,6.774374790838774,64775.0,172219.16665319374, 0.0, 0.0,0.0,NaN, 134.7305080462774,134.7305080462774,0.0, 81.52482449377838, -20.42256472756015, -2.443881449204954, -20.42256472756015, 236.47838321346458, 20.226516669627888, -2.443881449204954, 20.226516669627888, 143.59523008701723, 7.052567012231353, 4.507401466847492, 16.0, 0.0
34, 0 ,1.0,1.0,1.0,90.11457506500616,75.12687833584235,100.6229916518407,12.082319249639335,12.842616030975504,10.541662490511337,57.0,56.0,53.0,-0.24633248881555753,0.9658841942499499,0.07992514155169712,12.920433390036312,-0.9517239370175817,-0.22548704575891074,-0.2082717933438742,12.0806500462238,-0.18314434924858497,-0.12737077958874463,0.9747998932320765,10.448070085304536,58.32872197526893,56.074804799378256,52.560206212508355,19.8048459813129,5.459848779003016,73070.0,171912.43497139544, 0.0, 0.0,0.0,NaN, 153.75459107247892,153.75459107247892,0.0, 145.98243845020522, -5.853403933593416, 6.152926151509347, -5.853403933593416, 164.932786519069, 6.1874537347172165, 6.152926151509347, 6.1874537347172165, 111.1266480638537, 6.79266112802398, 4.409744428068282, 6.0, 0.0
35, 0 ,1.0,1.0,1.0,31.693721736066248,42.7093293005227,104.79466435661008,9.816802161502403,13.793202359036806,11.514744851288453,44.0,67.0,54.0,0.045573281778408796,0.977429699400088,0.20628683602837875,13.90129003168436,-0.1478277843819459,-0.1976291904379938,0.9690663802090898,11.426622789324485,-0.987962561108806,0.07465846112448853,-0.13548465606795693,9.767180354184827,67.70895763828857,55.81600768830722,45.88974710161028,19.66002193871235,5.717947390018522,68108.0,173428.53763321743, 0.0, 0.0,0.0,NaN, 109.05335731537208,109.05335731537208,0.0, 96.36960467807826, 5.3861016210857215, -4.118375249913538, 5.3861016210857215, 190.2524313173385, 12.993597965992388, -4.118375249913538, 12.993597965992388, 132.58934899027395, 6.8021640734526185, 4.3823198367244265, 10.0, 0.0
36, 0 ,1.0,1.0,1.0,22.187752503929644,177.43105262474182,100.81902856623235,12.933078483656736,12.752167009549884,11.301992884179475,51.0,58.0,58.0,0.6995986270825516,0.688553054878833,0.1909357263616109,14.138404025846462,-0.657944581365975,0.5165412951020804,0.5479908925387517,11.79404903432688,0.27869461572725274,-0.5089988026226512,0.8144013323253754,10.891430789191212,75.88173274111165,60.74210656706434,58.67518683608372,20.506449926011648,6.091209821531179,76979.0,270446.62737410114, 0.0, 0.0,0.0,NaN, 104.10820736785666,104.10820736785666,0.0, 167.2645190644248, 32.190220662967334, 3.4733833919931754, 32.190220662967334, 162.61776343945243, 16.48070245281534, 3.4733833919931754, 16.48070245281534, 127.7350431540435, 7.197931151718595, 4.6138415377301785, 11.0, 0.0
37, 0 ,1.0,1.0,1.0,132.73730302456957,42.39870800335162,32.329486174554695,11.78673972045386,11.011592692032801,15.497308452654242,64.0,50.0,65.0,0.47626439635429335,0.04107153268284165,0.8783423899416233,16.828330264345595,0.2977556336149336,-0.9474267108265443,-0.11715037457458442,11.140737484335927,0.8273534960437708,0.3173259472773668,-0.4634548907592537,9.645737138699465,77.93331152098699,51.109923813484045,52.23765620424058,21.19410330856619,7.1525492711007645,73994.0,208071.2359680213, 0.0, 0.0,0.0,NaN, 85.8319085251678,85.8319085251678,0.0, 138.92723323772475, -5.046975617358839, 78.4611935057025, -5.046975617358839, 121.25517361523018, 10.308869622919337, 78.4611935057025, 10.308869622919337, 240.16656927670863, 6.5161378015906415, 4.250566417348471, 11.0, 0.0
38, 0 ,1.0,1.0,1.0,18.66865303948332,130.78244223982955,16.797057061055995,11.050694737200104,13.424234648764642,9.759283789092358,52.0,58.0,42.0,-0.2274032867830152,0.9564543813918023,0.18298295406049975,13.645249798575106,0.9352972401455848,0.2668373189644695,-0.2324153991970128,10.999855855635918,-0.27112140774261,0.11829142625008432,-0.9552488266097933,9.506938479112735,66.68896326185894,55.47876882358615,48.45095021295043,19.066657918585832,5.833875724725864,60076.0,179259.8709702124, 0.0, 0.0,0.0,NaN, 73.63239799506405,73.63239799506405,0.0, 122.11785417478207, -13.198327198448084, -10.641783443348729, -13.198327198448084, 180.21007590509316, 14.86969065497058, -10.641783443348729, 14.86969065497058, 95.2436200760409, 6.98673276463725, 4.459091419310272, 8.0, 0.0
39, 0 ,1.0,1.0,1.0,98.36490489964063,134.6399333859234,16.387658865807694,10.654976068726695,12.941227361390638,10.798481040168369,50.0,59.0,44.0,-0.047970117973659916,-0.9364570694962357,0.3474867260372912,13.291047719113129,-0.7510605904783141,-0.1955267697907806,-0.6306165805983458,11.518631936877572,0.6584883121301088,-0.2912343374083926,-0.693956557359562,9.395756608715532,66.45478666919688,63.36933998082428,46.47913561702572,19.00920590893143,6.021724348642362,57045.0,195732.74858990358, 0.0, 0.0,0.0,NaN, 119.23148991274897,119.23148991274897,1.9073486328125E-6, 113.52851502513856, 10.489878983935933, 19.555517452000103, 10.489878983935933, 167.4753656192057, -23.282259389890736, 19.555517452000103, -23.282259389890736, 116.60719277487573, 7.084520706770265, 4.516321421483763, 7.0, 0.0
40, 0 ,1.0,1.0,1.0,145.82449791930523,103.2964948928401,82.85527246410184,9.573466232253304,12.886555604408555,11.09310234445424,46.0,62.0,50.0,-0.10415714551599659,0.9601884853361278,0.259209107991738,13.054962934206507,0.07025554460330918,-0.25287226751751046,0.9649454776167643,10.940621797380373,-0.9920763314838488,-0.11871684357522964,0.04112011139433485,9.520621205747224,64.794883708902,49.77870167402714,47.14699708455626,18.785705597316515,5.279086652167001,60797.0,152068.1689078661, 0.0, 0.0,0.0,NaN, 138.3891220465193,138.3891220465193,0.0, 91.65125570009427, -8.4960014391073, -0.18448678072984143, -8.4960014391073, 166.06331534551353, 12.769213259899, -0.18448678072984143, 12.769213259899, 123.05691962453615, 7.505159144819921, 4.503814689782764, 12.0, 0.0
41, 0 ,1.0,1.0,1.0,29.37151509084539,146.52231092647278,126.96866710045548,15.421684123992112,11.303078687350189,10.980539382819986,66.0,65.0,57.0,-0.9713595944884464,-0.2363828592490057,0.024159512588327537,15.646337922564776,-0.1912002493955699,0.7172025305821836,-0.6701216268391759,11.064229709549213,0.141078002630859,-0.6555483765366035,-0.7418580209136455,10.905737238606156,71.13395274257691,50.7994670196756,63.862519689684575,21.098674150625342,6.403602365543405,79916.0,230771.48642796712, 0.0, 0.0,0.0,NaN, 95.16367328167144,95.16367328167144,0.0, 237.82834122019037, 28.424503085652738, -2.507779746390235, 28.424503085652738, 127.75958781243006, -2.3923761629724383, -2.507779746390235, -2.3923761629724383, 120.57224513766073, 7.189231831762199, 4.469900464254184, 12.0, 0.0
42, 0 ,1.0,1.0,1.0,124.88576788436092,73.72395022025694,165.9937524077517,10.486920153840824,9.886123988951407,13.098306290681714,48.0,46.0,64.0,-0.07416346747409784,-0.032056426061599606,0.9967307387857441,13.112478073123755,-0.8673010827912675,-0.49125908636630966,-0.08033269478633216,10.737759557596833,-0.49222821117984855,0.8704234001971087,-0.008630904239439293,9.5937483804586,64.18359043036881,52.95503243791268,48.369428609545054,18.7328180501525,5.325232147272111,59703.0,164400.1476894583, 0.0, 0.0,2.8421709430404007E-14,4.6342646423302085, 110.60648072200074,110.60648072200074,0.0, 109.97549431303285, 10.100101175856464, -4.285523484232508, 10.100101175856464, 97.73544752492049, -1.634925658138569, -4.285523484232508, -1.634925658138569, 171.56562768451218, 7.275145129136815, 4.556450724003246, 15.0, 0.0
43, 0 ,1.0,1.0,1.0,179.47670550475584,83.24394443422878,20.476906103207902,11.450481876264359,10.890140535264115,11.149371105578354,50.0,53.0,45.0,0.8807652813501222,0.4716006186051148,0.04295783629924149,11.669171591209444,0.036149250395396376,0.023492105112536146,-0.9990702441236212,11.148394056019592,-0.472171315164412,0.8814992782349027,0.0036430217203694084,10.656496444563011,63.39336754987664,45.867260648917984,56.37783124091008,18.607008569978507,5.272229528686426,59821.0,163928.6987032771, 0.0, 0.0,0.0,NaN, 88.14796415951466,88.14796415951466,0.0, 131.11353519865855, 9.400050760921602, 0.46804748591334777, 9.400050760921602, 118.59516087780256, 0.20629058751759408, 0.46804748591334777, 0.20629058751759408, 124.3084760499055, 6.995687031277212, 4.407877937375695, 8.0, 0.0
44, 0 ,1.0,1.0,1.0,149.91843250627443,112.92762969787464,130.2662261333672,12.18007770219799,11.319435626992025,10.516577674274945,60.0,56.0,52.0,0.8972704529978672,-0.4275212080890676,0.1101424115001452,12.424490458175706,0.4413806602927971,0.8633731727074773,-0.24447878715446703,11.113966137814012,0.009425863169894966,0.2679783224126327,0.9633788308969706,10.449598808876804,63.49763063351881,61.31504902258078,49.10889275012053,18.94652819564799,5.302017640083665,62954.0,191198.61513458524, 0.0, 0.0,0.0,NaN, 122.2806619639496,122.2806619639496,0.0, 148.35429283158064, -11.869438343892595, 2.9185130602478244, -11.869438343892595, 128.12962291361632, -5.151063851961454, 2.9185130602478244, -5.151063851961454, 110.5984059790582, 6.426636073875031, 4.325945830337617, 16.0, 0.0
45, 0 ,1.0,1.0,1.0,9.883198847872588,167.89927356672385,161.72901709130187,6.518803360105631,15.627334614807863,11.553696011035223,26.0,67.0,66.0,0.04191128203416043,0.9853460413040147,0.16533790649684743,15.741347556060441,0.0057187338556826395,0.16524401714715659,-0.986236133428581,11.413833298925175,-0.9991049697210705,0.042279944223916385,0.0012906568411439861,6.49081369860241,71.63967358826181,65.64450419628461,27.137647559410738,19.310063613491344,6.878787623500856,47217.0,127621.59522159705, 0.0, 0.0,0.0,NaN, 50.91956784781749,50.91956784781749,0.0, 42.49479724772446, 8.576434202098334, 0.927982067021037, 8.576434202098334, 244.213587163172, 19.140059836207755, 0.927982067021037, 19.140059836207755, 133.48789151541123, 7.833847872743886, 4.795198843941493, 6.0, 0.0
46, 0 ,1.0,1.0,1.0,117.93726292081556,178.46420104314842,31.4670015410147,10.667881886093646,10.813996979284783,13.930541576930988,58.0,46.0,61.0,0.14755043470944504,0.1379633613801354,0.9793850009744628,14.051279226693923,-0.2632537678864296,-0.9490248287607043,0.17334742019803806,10.756993528714206,-0.9533762756176869,0.283404278923963,0.10370965132010071,10.566686592631996,64.78586265576159,52.35890704781946,57.969466157380865,19.73030226301865,5.959982872467564,67488.0,196639.20936131055, 0.0, 0.0,-3.552713678800501E-15,11.654085692197338, 90.48898076351344,90.48898076351344,0.0, 113.80370393564493, 2.760097013049516, 12.211286221619444, 2.760097013049516, 116.9425306679804, 10.92342010021183, 12.211286221619444, 10.92342010021183, 194.05998862660292, 6.228436975503202, 4.178415956695785, 9.0, 0.0
47, 0 ,1.0,1.0,1.0,15.997161553497069,150.05974335004674,60.68838276536076,10.279388119276948,10.2541702333599,13.467230945269861,40.0,49.0,66.0,-0.10175301587928584,0.07054181035874785,0.9923054855994603,13.50700657962054,0.7030952214139645,-0.7005695053834586,0.12189945755262349,10.627599242053341,-0.7037779716532181,-0.7100888825478723,-0.021687450232700786,9.838447246546842,65.38102324261727,53.05594010131904,52.54256992955665,18.941263305021923,5.780024310026798,58835.0,182262.38054897802, 1.7763568394002505E-15, 0.0,0.0,84.15987411995829, 80.20609836357097,80.20609836357097,0.0, 105.66582010673208, -8.570103218501108, -7.263262345171813, -8.570103218501108, 105.14800717472423, 4.615744617655445, -7.263262345171813, 4.615744617655445, 181.36630933323417, 6.9798179400107, 4.395923474211169, 10.0, 0.0
48, 0 ,1.0,1.0,1.0,121.02533761419303,152.84137097841918,110.45531576856878,12.125005516419991,12.343305266706537,9.293274105937385,65.0,56.0,44.0,-0.4887623013831835,-0.8720946109465427,0.023715022762222676,12.453981259483587,0.8680323936868313,-0.4834042780733098,0.11331402142158883,12.044689831914413,-0.08735660396858436,0.07596902986362898,0.9932761601109004,9.249955942047299,58.498071861041694,61.64397427209005,44.04789868887022,18.874356880735842,5.431071683106982,60424.0,158839.08525902982, 0.0, 0.0,0.0,NaN, 128.37127429551364,128.37127429551364,0.0, 147.0157587732152, 4.668970293791227, 5.047661716508678, 4.668970293791227, 152.35718490710534, -4.698113305280471, 5.047661716508678, -4.698113305280471, 86.36494360808632, 6.655851469974332, 4.419956404877782, 14.0, 0.0
49, 0 ,1.0,1.0,1.0,113.10838604524817,28.64655205867515,65.50521944972641,9.508137728288062,13.876279018990573,9.701242798692263,44.0,56.0,52.0,0.2884482676056879,-0.9519587882349378,0.10282053499931332,14.280004491478296,-0.11066717954726206,-0.13981123008419438,-0.9839743875291667,9.655368516445822,-0.9510785310826501,-0.27244684884324144,0.14567890124879612,8.940091993214482,61.48631032107704,53.82858948325143,43.34006713021218,18.544144533429126,5.760609154894141,51538.0,143443.54579957703, 0.0, 0.0,0.0,NaN, 112.52426980731235,112.52426980731235,0.0, 90.40468306009487, -33.84162442857225, 5.125826461132119, -33.84162442857225, 192.551119412878, -10.30676243749831, 5.125826461132119, -10.30676243749831, 94.11411183917848, 6.43642420367183, 4.145251271008958, 6.0, 0.0
