// Sample: , Map: , Neighbors:(1.0):
//LACUNA_NUMBER, TRIANGLES, SCALE_X, SCALE_Y, SCALE_Z, POS_X, POS_Y, POS_Z , STD_X, STD_Y, STD_Z,PROJ_X, PROJ_Y, PROJ_Z, PCA1_X, PCA1_Y, PCA1_Z, PCA1_S, PCA2_X, PCA2_Y, PCA2_Z, PCA2_S, PCA3_X, PCA3_Y, PCA3_Z, PCA3_S,PROJ_PCA1, PROJ_PCA2, PROJ_PCA3,OBJ_RADIUS, OBJ_RADIUS_STD, VOLUME, VOLUME_BOX, Mask_Grad_X,Mask_Grad_Y,Mask_Grad_Z,Mask_Angle, Mask_Distance_Mean,Mask_Distance_COV, Mask_Distance_STD, SHAPET_XX, SHAPET_XY, SHAPET_XZ, SHAPET_YX, SHAPET_YY, SHAPET_YZ, SHAPET_ZX, SHAPET_ZY, SHAPET_ZZ, Neighbors, Neighbors_STD
180851, 0 ,1.0,1.0,1.0,70.09690721649484,126.26804123711341,184.1958762886598,93.62188092733895,2.216691432183562,2.3943196319955837,199.0,9.0,10.0,-0.9999954223849221,0.0014130045812538233,0.0026755611102082092,93.62230919939864,0.0030245981329635268,0.49128861252692496,0.8709915906640561,2.4558394175433573,8.375759772331907E-5,-0.8709956960969567,0.49129063736778306,2.1295888584279585,199.03038457554996,11.27394078707502,9.424418755614568,89.27738112898994,28.376967676754692,485.0,21147.045833128836, 0.0, -1.4210854715202004E-14,0.0,89.9190407741212, 102.95507986793679,102.95507986793679,0.0, 8765.056588372832, -12.376490594112019, -23.435476671272177, -12.376490594112019, 4.913720905516011, 0.6732702731427401, -23.435476671272177, 0.6732702731427401, 5.7327665001594665, 7.0, 0.0
181372, 0 ,1.0,1.0,1.0,176.83065310141123,125.51591729570069,165.6865769609452,3.859810213842334,4.004796025782779,4.448578721478228,14.0,17.0,19.0,0.09225420330529918,0.49040588075824276,0.8665975040872418,4.673580494440015,-0.7905594805396798,0.5652119809637715,-0.2356928601036541,3.9953702089430188,-0.6053964566309717,-0.6633532156345828,0.43983819934826324,3.594584954021319,21.199688222645563,18.567800439959484,17.200672047641618,6.866585890390654,1.8911311287385701,3047.0,6770.727720463217, 0.0, 0.0,0.0,NaN, 85.21800404060859,85.21800404060859,0.0, 14.898134886881603, -0.9556241140198424, 1.2800373192805012, -0.9556241140198424, 16.038391208125546, 3.3861834648487776, 1.2800373192805012, 3.3861834648487776, 19.789852641188865, 8.0, 0.0
181470, 0 ,1.0,1.0,1.0,63.418255822718024,61.64912941885882,113.34921233134845,6.637816577182449,7.00994618755966,6.571653974386864,28.0,30.0,29.0,0.3602892092235919,-0.749520131683653,0.5553478710843852,7.5152591204681185,0.8935340541675263,0.4482805990240481,0.025325848092115924,6.530970297913618,-0.2679339093134409,0.4870976049413103,0.8312324244761248,6.10359711513349,34.78166252201945,30.33445173622526,29.237672680575173,11.251922090639829,3.127433402973494,13267.0,30848.16155407893, 0.0, 0.0,0.0,NaN, 123.81780701214444,123.81780701214444,1.3486991523486091E-6, 44.06060891231812, -3.0287946894737128, 3.968886769680194, -3.0287946894737128, 49.139345552482204, -7.941088158405988, 3.968886769680194, -7.941088158405988, 43.186635959074664, 12.0, 0.0
181525, 0 ,1.0,1.0,1.0,116.63103701887718,102.1848492277519,189.83868595243933,4.833732463648793,4.835429018013889,14.227340709762451,22.0,20.0,198.0,-0.029108583952815494,-0.002069152122675381,0.999574113785344,14.232699992194473,-0.689803510215357,-0.723674768787215,-0.021585789662262836,5.006209143412646,-0.7234112299617933,0.6901380641801061,-0.019637839364385946,4.64022498750287,198.2649775369319,21.969020533150314,20.50872913552444,8.630966556238105,13.216277210135367,4079.0,89329.61231681504, 0.0, 0.0,0.0,NaN, 128.92416380306142,128.92416380306142,0.0, 23.364969530132225, 1.7732772953583118, -5.214949164397825, 1.7732772953583118, 23.38137378825076, -0.3192863957193635, -5.214949164397825, -0.3192863957193635, 202.41722367166392, 7.0, 0.0
181660, 0 ,1.0,1.0,1.0,14.370307167235495,143.9390541199415,34.24841540711848,4.533060295684623,5.518524354454087,3.5925414603530372,18.0,23.0,16.0,-0.056623180278551434,0.9964493777413386,-0.062309333602943245,5.527308021623489,0.9957070909850549,0.06093759959346378,0.06967063885071091,4.53411412215123,-0.0732202459516641,0.05809687215923834,0.995622191912219,3.577677459019496,23.150514562489377,18.540836672922875,15.785911201702646,7.687084855283471,2.1949549578619316,4102.0,6775.7852348596725, 0.0, 0.0,0.0,NaN, 67.2479690321284,67.2479690321284,0.0, 20.548635644312366, -0.5308198947321138, 0.6008427587974221, -0.5308198947321138, 30.454111050702895, -1.0692092023940432, 0.6008427587974221, -1.0692092023940432, 12.906354144355534, 8.0, 0.0
181697, 0 ,1.0,1.0,1.0,184.9041797455807,101.1745415496448,154.64026102758962,6.05976109147731,7.807500374232415,5.78667194309749,26.0,31.0,27.0,0.1640264041311385,-0.9627977325928531,0.2147460473719362,7.934106923603942,-0.8957623141947962,-0.23655248013081914,-0.3763679059276193,6.084109115425017,0.41316487655195394,-0.13062714211839696,-0.9012387777530373,5.585418726727261,32.9997093010786,28.899629621381905,24.975524035865135,11.013248174660994,3.1419267018471375,12106.0,23818.642188147798, 0.0, 1.4210854715202004E-14,0.0,15.67754328583204, 109.78096805330978,109.78096805330978,0.0, 36.720704485782285, -3.7814746243525597, 3.080431421774655, -3.7814746243525597, 60.957062093639294, -6.047073480199633, 3.080431421774655, -6.047073480199633, 33.485572177031685, 11.0, 0.0
181761, 0 ,1.0,1.0,1.0,68.44270082940696,152.09010552548577,110.4033332035357,8.050679430004758,8.915010658809686,7.92252572562599,36.0,36.0,35.0,-0.1580536015053622,0.9874016948649623,0.007546656808452535,8.936876078709897,0.8500489760067779,0.13217076225161753,0.5098505937974922,8.082216953596047,0.5024298930607267,0.08699875047164081,-0.8602298646148947,7.865575838639221,37.172276971042976,36.680884355492935,35.40199409580649,13.89375650226745,3.7444356664655136,25681.0,48271.04351885034, 0.0, 0.0,0.0,NaN, 122.50438353960826,122.50438353960826,NaN, 64.81343928470173, -2.4210275970268986, 1.4758967644952845, -2.4210275970268986, 79.47741504669031, 0.36695171399160337, 1.4758967644952845, 0.36695171399160337, 62.76641387320562, 15.0, 0.0
182333, 0 ,1.0,1.0,1.0,27.10661938534279,116.17044917257684,20.40401891252955,4.4954117574830255,3.986742395523877,5.7236709706494295,19.0,17.0,24.0,-0.05794291704890886,0.32171983456222597,0.9450602977657652,5.92432744441516,0.9695805503606965,0.24364223807136445,-0.023495024788786588,4.536292043578048,-0.23781542154812502,0.9149507133593751,-0.32605063624697495,3.6314804150041744,26.072474243147347,19.495567910218597,16.59365902800073,7.9356382001148305,2.4267050778204893,4230.0,8434.518588998591, 0.0, 1.4210854715202004E-14,0.0,71.23303488047186, 90.43498434904619,90.43498434904619,0.0, 20.208726869316624, 1.3373823695432316, -1.3681353497756121, 1.3373823695432316, 15.894114928267463, 6.61931497968466, -1.3681353497756121, 6.61931497968466, 32.760409380254984, 8.0, 0.0
182399, 0 ,1.0,1.0,1.0,130.77487497844456,147.42507328849803,177.41860665632007,6.1208245976214375,6.068929154036139,7.119800267171757,25.0,24.0,30.0,6.484864907766567E-4,-0.47429766753834435,0.8803643007488193,7.507310121699224,0.999533440928208,0.027190718292660652,0.013912774883035963,6.12130477019765,-0.03053653437258634,0.879944536551262,0.47409401247231187,5.581923801250276,32.78603120888209,25.093924739008813,25.703366316723503,10.76662091594112,3.0112829040787226,11598.0,21146.935701344573, 0.0, 0.0,0.0,NaN, 89.81180422590216,89.81180422590216,9.5367431640625E-7, 37.46449375484763, 0.16380982551028425, 0.10217123466561064, 0.16380982551028425, 36.831901076709805, -10.520756235183635, 0.10217123466561064, -10.520756235183635, 50.69155584441902, 12.0, 0.0
182605, 0 ,1.0,1.0,1.0,74.29601990049751,170.67350746268656,139.3855721393035,3.93392997577871,4.523335804711277,4.207827436734228,16.0,19.0,18.0,0.30980438314037134,0.7516087211539346,0.5823277208517224,5.078162822901985,0.9472280375162705,-0.19093943931610563,-0.25749014632938144,3.793140002729678,-0.08234251107471216,0.6313687201619975,-0.7710987291332494,3.669677759372707,22.68552031297409,16.7820785033784,16.550149373600448,7.046308857951227,1.9979276944386128,3216.0,6300.810393098069, 0.0, 0.0,0.0,NaN, 100.26988881252339,100.26988881252339,0.0, 15.47580505433028, 2.702369681443528, 1.9981142174698647, 2.702369681443528, 20.460566802183013, 5.43807548080494, 1.9981142174698647, 5.43807548080494, 17.70581173733335, 8.0, 0.0
182798, 0 ,1.0,1.0,1.0,146.91755206119848,182.64683382915428,160.30514237144072,3.345141614062911,4.275446006166823,3.720865448301374,14.0,18.0,16.0,0.2644183176390729,-0.9031397486740327,0.3382625425049718,4.4393695298629785,0.10597285481603233,-0.32141287811914454,-0.9409907097422953,3.6176816749700573,-0.9585680504476782,-0.284661827690636,-0.010720844965024606,3.2432434583386174,19.343764001718718,16.874861456104554,14.054052209622824,6.337010188782027,1.7766689397348914,2353.0,4587.570628628243, 0.0, 0.0,0.0,NaN, 68.5168619938198,68.5168619938198,0.0, 11.189972418135417, -2.2819865011236793, 0.5657448449041552, -2.2819865011236793, 18.27943855164784, -2.0303555840768195, 0.5657448449041552, -2.0303555840768195, 13.844839684362986, 8.0, 0.0
182809, 0 ,1.0,1.0,1.0,181.42763945662497,159.27635327635326,45.91490152359717,8.927790058322271,8.230095980692651,73.48505234146964,199.0,34.0,198.0,-0.006593022960537017,-0.016745730246615593,0.9998380431683672,73.4968142805874,-0.9379595616745464,0.3467444564964635,-3.775609417502768E-4,9.03153282212624,-0.34668197632922093,-0.9378101419836955,-0.01799291196515588,8.008903688590848,198.51487657838732,190.91338444958964,86.08274500200343,59.742199508329605,44.47878629989969,24219.0,3262462.6027912376, -2.8421709430404007E-14, 0.0,-7.105427357601002E-15,76.20846289402547, 64.12118339945953,64.12118339945953,0.0, 79.70543532547799, -5.078210945257478, -35.17930695238844, -5.078210945257478, 67.73447985141334, -89.37047094832367, -35.17930695238844, -89.37047094832367, 5400.052917628533, 16.0, 0.0
182942, 0 ,1.0,1.0,1.0,38.710243002153184,121.92535630062545,75.52824771865068,70.23667211933717,6.18404010610554,5.783195210465992,199.0,26.0,24.0,0.9999943277954922,0.0011669758212367474,0.003159516462154878,70.23706782506736,-5.500002591793462E-4,0.9820452571542153,-0.1886446670346831,6.198474835284239,-0.0033229319217945668,0.18864185926867924,0.982040328629685,5.7629005135252065,199.0780578110418,26.960939405792317,25.445417684033842,52.78862520837511,47.09818316968559,9753.0,136573.99068719198, 0.0, 0.0,0.0,NaN, 115.31976892762098,115.31976892762098,0.0, 4933.190110399275, 5.715375464530664, 15.48219297169123, 5.715375464530664, 38.24235203392182, -0.9471378715084817, 15.48219297169123, -0.9471378715084817, 33.44534684235679, 11.0, 0.0
182947, 0 ,1.0,1.0,1.0,26.282115171650055,68.5952380952381,140.35714285714286,4.280694145801896,4.694729676704575,4.062471934115033,18.0,19.0,17.0,0.3035810089506026,-0.9203272034955382,0.24665037910089876,4.726717814692054,0.7409010055990191,0.390783164981831,0.5462181046698705,4.514836175250376,-0.5990861965584726,0.01692207058447019,0.800505698056071,3.7607047655497943,20.844295330988558,21.455385379871657,17.97635305790699,7.271478710869366,1.9985256265755558,3612.0,8039.427565425509, 0.0, 0.0,0.0,NaN, 94.62202003445894,94.62202003445894,NaN, 18.324342369902624, -0.4838171702789653, 3.1395546590729237, -0.4838171702789653, 22.040486737330642, -0.5290302167378687, 3.1395546590729237, -0.5290302167378687, 16.503678215472338, 9.0, 0.0
183208, 0 ,1.0,1.0,1.0,39.89840575179743,57.180577263728246,15.435135979993747,6.095809885200405,6.02052738425584,5.832299783228013,26.0,25.0,25.0,-0.6754661176366646,0.7003297897188042,0.23083264404600032,6.399605483082384,-0.5907255872237026,-0.3265580042932577,-0.7378368047415472,5.987045361894018,-0.44134884674604435,-0.6347425111526881,0.6342815936250366,5.533688317754099,29.62610747318633,28.338823897962264,26.815034424241098,10.006485632996222,2.700298905521867,9597.0,22513.0727752189, 0.0, 0.0,0.0,NaN, 71.41249624868995,71.41249624868995,0.0, 37.158898156506964, -3.8805811365911085, 0.6653389163794865, -3.8805811365911085, 36.24674998457447, 2.928926679865667, 0.6653389163794865, 2.928926679865667, 34.01572076144153, 11.0, 0.0
183240, 0 ,1.0,1.0,1.0,105.20772708590218,180.72075626798193,118.30702836004932,94.38021332338216,6.637897702259214,6.199838568859678,199.0,29.0,27.0,0.9999873759049298,0.0010133694145533188,0.004921495016970965,94.38139966089004,-9.801769829480987E-4,0.999976791298392,-0.006742115221057199,6.637231963631131,-0.004928213048816069,0.0067372061718163475,0.9999651607776864,6.182467231211079,199.13369898289451,29.245378558079608,26.067776468740846,94.56911485666548,6.841554383282566,12165.0,151811.96323094296, 0.0, 0.0,0.0,NaN, 126.61360850424077,126.61360850424077,NaN, 8907.624666967124, 8.982379688517012, 43.65130615159521, 8.982379688517012, 44.06168590565816, 0.0049301552887490345, 43.65130615159521, 0.0049301552887490345, 38.43799827992002, 11.0, 0.0
183267, 0 ,1.0,1.0,1.0,147.82356857523303,153.20372836218377,143.61984021304926,3.523768039097723,2.729927241482721,3.4268005328456796,16.0,12.0,15.0,0.9317254882826835,-0.0708685700241148,0.356181499052284,3.54613061501144,0.3521784715636646,-0.06307909310891562,-0.9338047719837578,3.4099244956503556,0.08864501481457554,0.9954891630727548,-0.03381401415433798,2.7220908185271404,16.25470845860218,14.793948616061272,12.000700957533326,5.422570752396515,1.4859785544621942,1502.0,2885.8244206519043, 0.0, 0.0,0.0,NaN, 89.94994971107985,89.94994971107985,NaN, 12.416941193366611, -0.43476164049353977, 0.32706901228898405, -0.43476164049353977, 7.452502743789458, 0.11806184740806792, 0.32706901228898405, 0.11806184740806792, 11.742961891911433, 8.0, 0.0
183310, 0 ,1.0,1.0,1.0,115.34873527531732,18.196055154780385,13.461601680211853,6.994167574137423,5.905149821121203,5.898570451169713,30.0,26.0,25.0,-0.9118869070415714,-0.22948293475713535,0.34029377223424023,7.2163234752485685,0.30499363809396274,-0.9336849980819978,0.1876464896522956,5.834368302388469,0.2746655229335591,0.2748998126806794,0.9214059602041665,5.697993492895259,32.13280968650044,27.70558676055564,26.13959655395957,10.501026136186713,2.8828385177700864,10951.0,23270.994009697035, 0.0, 0.0,0.0,NaN, 87.62504072741307,87.62504072741307,0.0, 48.918380055115364, 3.655398170385694, -5.994599289263896, 3.655398170385694, 34.87079440988777, -1.8067810069778827, -5.994599289263896, -1.8067810069778827, 34.793133367412466, 12.0, 0.0
183573, 0 ,1.0,1.0,1.0,33.1219512195122,10.913279132791327,137.3658536585366,1.9955996274200893,2.239836988508988,89.69115345154786,8.0,9.0,198.0,0.005332777804601462,-0.002802072217386409,0.9999818547714631,89.69277992666372,0.5331024403151747,-0.8460346363255957,-0.005213661613767701,2.396669318272162,-0.8460338938901281,-0.533120570348496,0.0030179231934931595,1.7214820019626857,198.05335119490363,10.828567353662715,7.773101993048364,82.32224776284971,35.72883734952933,369.0,16670.459231987326, 0.0, 1.7763568394002505E-15,0.0,89.83945287796023, 71.68821103878808,71.68821103878808,0.0, 3.982417872959199, -1.374248132725232, 42.87679291427064, -1.374248132725232, 5.016869735093013, -22.521118381915493, 42.87679291427064, -22.521118381915493, 8044.503007469107, 5.0, 0.0
183614, 0 ,1.0,1.0,1.0,126.46242862005067,122.91536512498581,61.99682335589759,9.099082768091968,7.9661068403073,8.059482127975356,37.0,34.0,34.0,-0.8743581059609938,0.3670994857564654,0.317389146156012,9.336064573351182,0.47828949838794116,0.5412722400963742,0.6915659894998197,8.307262542487786,0.0820795849899047,0.7564802242348391,-0.6488455995608609,7.418537923022941,42.41607046285485,39.351021944546034,34.6794286709332,14.030847857159017,3.7871791602978035,26443.0,57883.9795408887, 0.0, 0.0,0.0,NaN, 123.26159760646362,123.26159760646362,1.9073486328125E-6, 82.7933072205882, -6.693986489745003, -4.292937866199673, -6.693986489745003, 63.45885819119075, 8.974809615796207, -4.292937866199673, 8.974809615796207, 64.95525217115417, 17.0, 0.0
183671, 0 ,1.0,1.0,1.0,97.7882951653944,49.6234096692112,19.223409669211197,3.5064412404058958,3.960062915891606,3.3412315959415464,15.0,16.0,14.0,0.006312286232219563,-0.8424808060572233,0.538689378461924,4.337289865435865,0.9965064373721716,-0.039562664101279545,-0.07355077079835202,3.510674587235494,0.08327709960334183,0.5372717068992015,0.8392878157386022,2.8291584638693323,18.80400549103835,15.326499529382758,11.999860719150448,6.015458929942552,1.7191017742216426,1965.0,3458.3548350243955, 0.0, 0.0,0.0,NaN, 111.33091636137279,111.33091636137279,0.0, 12.295130172419237, -0.22781759674714674, -0.2799295560346794, -0.22781759674714674, 15.682098297819927, -4.892456409559167, -0.2799295560346794, -4.892456409559167, 11.163828577718093, 8.0, 0.0
183809, 0 ,1.0,1.0,1.0,101.60112426743213,63.01136227723956,34.78824303313001,7.04532585232871,7.721670682711054,6.795310513985372,32.0,33.0,29.0,0.40274014310668327,0.9096245882105443,0.10189938985689224,7.872212842530841,-0.7141705018541477,0.38191520468676693,-0.5866014581557568,7.007400391062421,-0.5725040361532866,0.16347441681151026,0.8034396328513629,6.660455254743591,34.952760110125354,32.48658700101337,30.376443866211048,12.03857184623787,3.241889477169534,16722.0,34492.32692727244, 0.0, 0.0,0.0,NaN, 121.91387277418015,121.91387277418015,0.0, 49.636616365491264, 5.1579228793917, 2.7092800520856075, 5.1579228793917, 59.6241981322394, 0.5699218887516501, 2.7092800520856075, 0.5699218887516501, 46.176244981480146, 10.0, 0.0
184037, 0 ,1.0,1.0,1.0,53.79423534775341,181.20181348462592,168.51993313408641,7.0766826917840735,8.377068012179945,7.400740109752757,29.0,34.0,31.0,-0.08303320888587887,0.971527021447894,0.22190252999615753,8.429057308866527,-0.46414235594349224,-0.23474737440688553,0.8540875503297644,7.45769064110124,-0.8818601701184483,0.032076733088878,-0.4704186683721285,6.95409978059437,35.96927842734661,33.77165369170123,31.492130653044597,12.764625137196365,3.477068546901697,19741.0,38254.81423317087, -7.105427357601002E-15, 0.0,0.0,85.23706382058873, 65.10135315643343,65.10135315643343,0.0, 50.079437920196284, -1.0395741667316523, -3.2951234288709546, -1.0395741667316523, 70.17526848068846, 3.436380446471825, -3.2951234288709546, 3.436380446471825, 54.77095417210325, 13.0, 0.0
184040, 0 ,1.0,1.0,1.0,25.35054609701253,55.17683906199807,80.90346932219724,6.940183521246927,6.541833311070057,6.199216879842829,29.0,26.0,27.0,0.8472978012488286,0.276061658150282,-0.453736043199367,7.038543414845473,-0.47599876641406247,0.7736759080266922,-0.41815160374123206,6.909715457687135,-0.2356090201397047,-0.5702767312791142,-0.7869389044839618,5.666282660870036,32.84010809166178,32.75527219831413,26.804918492067273,10.96854317420748,3.013815013780597,12452.0,28833.693768727302, 0.0, 7.105427357601002E-15,0.0,73.97470795671506, 101.15584562771498,101.15584562771498,0.0, 48.16614730858739, -1.6807663432076478, -3.5901576928518217, -1.6807663432076478, 42.795583069825824, -7.24272722835512, -3.5901576928518217, -7.24272722835512, 38.43028992332826, 11.0, 0.0
184058, 0 ,1.0,1.0,1.0,148.91008448957444,38.422990465855364,99.72389737229672,7.156774199668119,7.240574279720432,5.88319054996656,30.0,30.0,26.0,-0.676728658504266,0.7305137311801625,-0.0915860869141923,8.204225247509566,-0.6040422279675616,-0.4797887678915744,0.6363456018839684,6.456513730890998,0.42091722415577293,0.4859551694985071,0.7659479510036414,5.409379116251952,36.809275319861825,29.72279092952435,25.7805105197684,11.294871055746839,3.2685090984197376,12901.0,28205.796439383037, 0.0, 0.0,0.0,NaN, 118.45404750502198,118.45404750502198,1.3486991523486091E-6, 51.21941694503524, -15.208381602946085, -2.4178186999562645, -15.208381602946085, 52.42591590014906, -6.339144869438232, -2.4178186999562645, -6.339144869438232, 34.61193104721584, 12.0, 0.0
184095, 0 ,1.0,1.0,1.0,74.61817347407067,31.40431390546122,68.10325837540157,4.101193612307227,3.286028069321306,3.5931048435150696,18.0,14.0,15.0,0.9607338233119854,0.20925553218745271,0.1822159240935902,4.149412693350524,-0.22487835311319435,0.20251006242403297,0.9531103823367535,3.5936830936643465,-0.162543062126418,0.9566617985819027,-0.24161530598992928,3.2242810139721327,18.289832277708953,16.20871945962424,14.150905672070241,6.139037925462767,1.685344262819374,2179.0,4195.103349790992, 0.0, 0.0,0.0,NaN, 105.7929891147138,105.7929891147138,0.0, 16.819789045629594, 1.2567182970829438, 0.6543877780330839, 1.2567182970829438, 10.79798047236751, 0.7462273388119441, 0.6543877780330839, 0.7462273388119441, 12.910402416491454, 8.0, 0.0
184105, 0 ,1.0,1.0,1.0,170.6266767786889,41.685310707683556,32.96421292126843,10.038501759544982,9.830235971783793,56.28869737172977,42.0,41.0,198.0,-0.007243569856761401,0.003848317525952816,0.9999663600081504,56.290526105823076,0.7698259646070703,-0.6382033077935964,0.008032567342183118,10.461857532665714,-0.6382127505092048,-0.7698582521305674,-0.0016603354912881907,9.367428480611622,198.34646741708005,49.013591494643606,44.94166033397509,38.69373456579113,43.2275076079531,42194.0,436908.1136372105, 0.0, 0.0,0.0,NaN, 60.72146720376947,60.72146720376947,NaN, 100.7715175763877, -10.748068107611683, -22.18158311760386, -10.748068107611683, 96.63353926095205, 11.744532852267984, -22.18158311760386, 11.744532852267984, 3168.4174518061777, 21.0, 0.0
184203, 0 ,1.0,1.0,1.0,170.71814412876478,57.16497988050238,128.4155590781612,8.555662728880474,6.933479303671257,6.350316375291024,36.0,29.0,28.0,-0.9267888263619825,0.0023852910131376276,0.3755752677125611,8.924852440876899,0.06519456168822926,0.9858211893335633,0.1546164667402503,6.963946174630047,-0.3698812518320696,0.16778227870589277,-0.9138035710673273,5.783552596502486,39.961040731986316,30.006354972853728,28.15063359792046,12.212274957378295,3.5297816386393763,16402.0,33755.00736594769, 0.0, -7.105427357601002E-15,0.0,89.86333276243923, 96.174810579976,96.174810579976,0.0, 73.19936473035449, 0.8649373239582027, -15.930793219220806, 0.8649373239582027, 48.07313525443766, 2.334928492531127, -15.930793219220806, 2.334928492531127, 40.32651806628933, 12.0, 0.0
184266, 0 ,1.0,1.0,1.0,162.87447078746825,187.66828958509737,99.95533446232007,68.60030166772478,4.8071005240935065,4.067944731403734,199.0,21.0,16.0,-0.9999386264932594,0.01052336721012114,0.0034643887390053037,68.60449147816388,0.011070577657338666,0.961233622958412,0.27551291150248997,4.809923432361244,-4.3076340006004414E-4,0.275534355093529,-0.9612911284340905,3.9932648655829253,199.21211157131705,22.597250863142136,17.860467250787217,49.81710463080825,47.580603872717134,4724.0,80401.50203200353, 0.0, 0.0,0.0,NaN, 107.33799368602823,107.33799368602823,0.0, 4706.001388902842, -49.28169015157436, -16.22724103807013, -49.28169015157436, 23.10821544874006, 2.0749384213495916, -16.22724103807013, 2.0749384213495916, 16.548174337755395, 8.0, 0.0
184468, 0 ,1.0,1.0,1.0,16.917948020138795,90.21628793033065,61.04272690161927,37.41250149007363,7.902752158397966,7.238032326150781,199.0,35.0,30.0,-0.9999947337893033,-0.0025369185737672694,0.0020239658620108333,37.412690263555895,-0.0025525058081614944,0.9999668167582564,-0.007736284409099217,7.902245765940773,-0.00200427237665295,-0.0077414098528138095,-0.9999680262217042,7.237609444708243,199.0749482013443,35.02970495719076,30.069264834634048,20.29578985702021,33.20570411022608,14698.0,209689.1218621641, 0.0, -1.4210854715202004E-14,0.0,89.85464511683824, 110.2334344957378,110.2334344957378,0.0, 1399.6952677447614, 3.392355643215332, -2.7267295793065554, 3.392355643215332, 62.45349167706371, -0.08476179209739464, -2.7267295793065554, -0.08476179209739464, 52.38911195440368, 14.0, 0.0
184547, 0 ,1.0,1.0,1.0,50.27318150127818,124.42156634905879,138.51405995816873,6.11702012382423,7.087141909275185,4.4152330530234485,26.0,30.0,19.0,-0.14343535140224328,0.982865076322049,0.1157693470421581,7.1379326595229315,0.9896154557755883,0.14133822951420036,0.026167815496633353,6.093873719740056,-0.009356797432326192,-0.1183205249491562,0.9929313690872931,4.3651367660089955,30.95307713764582,25.98651049369706,18.71078193331526,9.9377555032968,2.8949635760539563,8606.0,15050.250656434939, 0.0, 0.0,0.0,NaN, 109.63582094469785,109.63582094469785,0.0, 37.417935195270594, -1.9675926663533898, -0.061417030171353526, -1.9675926663533898, 50.22758044220471, 3.6961411191917146, -0.061417030171353526, 3.6961411191917146, 19.494282912510766, 10.0, 0.0
184682, 0 ,1.0,1.0,1.0,186.42696290338796,54.23936865386549,143.3731778425656,5.233020804531256,7.605146221043059,6.1369934523839165,23.0,33.0,28.0,-0.21878934907819775,-0.8945620667854599,0.38973058565946,8.098275671362307,-0.45535758493504624,-0.2596461981361994,-0.8516063184567974,5.856528043326288,-0.8630067731901417,0.3637891703472562,0.35053779962508264,4.796295950737375,36.23025194327,27.825024879328765,22.8925009842754,10.593789922485527,3.264515200906338,9947.0,23078.105637856446, 0.0, -7.105427357601002E-15,0.0,26.54776604640589, 79.57847344380033,79.57847344380033,0.0, 27.38450674065695, 9.668684158744666, 0.749282567872118, 9.668684158744666, 57.838249043445515, -12.346791640006881, 0.749282567872118, -12.346791640006881, 37.662688634603064, 7.0, 0.0
184743, 0 ,1.0,1.0,1.0,178.8070895522388,33.47714552238806,99.2375,7.3130241947211525,5.206110078596632,6.280324382308338,31.0,22.0,25.0,-0.9913802996300439,-0.02779501629684986,0.12803334946217443,7.330819046062286,-0.12746736289206223,-0.021267232198362806,-0.9916147317542054,6.261627188967917,0.030284862601450958,-0.9993873833022303,0.01754095760021327,5.203604176945743,31.428546068435907,26.78744766602952,22.074227220650137,10.545900766345728,2.9682244518307255,10720.0,18584.082920966048, 0.0, 0.0,0.0,NaN, 106.85476185844023,106.85476185844023,0.0, 53.480322872576956, 0.7676060578636634, -1.8511054104477356, 0.7676060578636634, 27.103582150465428, 0.16093166977611834, -1.8511054104477356, 0.16093166977611834, 39.442474347016606, 9.0, 0.0
184826, 0 ,1.0,1.0,1.0,97.28267716535433,187.23149606299214,28.294094488188975,3.3875081889824834,4.277200143654995,3.8787382992697212,13.0,17.0,16.0,0.17932181935325794,0.9654408955317865,0.189123140674589,4.314145668699662,-0.17034332130832242,0.21980600389469193,-0.9605563354314501,3.883703516355031,-0.968930770483365,0.140032845742095,0.2038724211949311,3.3345551037310805,18.254720024179562,17.539453996812966,15.258795186654268,6.456832376944057,1.767365058377634,2540.0,4885.527810561996, 0.0, 0.0,0.0,NaN, 102.1151788528743,102.1151788528743,0.0, 11.475211730423386, 1.1487345774691606, 0.9026929753859557, 1.1487345774691606, 18.294441068882314, 0.5311308822617634, 0.9026929753859557, 0.5311308822617634, 15.04461079422177, 7.0, 0.0
184909, 0 ,1.0,1.0,1.0,89.52085725220054,121.5147340221967,11.139877535399924,4.720350827274455,92.73121758701672,4.930452974814587,21.0,199.0,23.0,-0.004818210905318335,-0.9999698500504145,0.006089649729051774,92.73400732213315,-0.6264459123133428,-0.0017283600872522787,-0.7794629764891416,5.241460958467593,-0.7794500008272341,0.007570453193796393,0.6264186973972482,4.312860609788257,199.14062055918464,24.066629886695985,21.312278874073343,90.26807913122762,22.30120363563872,5226.0,102142.15716899405, 0.0, 1.4210854715202004E-14,0.0,0.4449200901505824, 119.57431885768406,119.57431885768406,0.0, 22.28171193255063, 41.353404896972975, 4.080415872300319, 41.353404896972975, 8599.078715170639, -52.24172800808071, 4.080415872300319, -52.24172800808071, 24.30936653685801, 8.0, 0.0
184965, 0 ,1.0,1.0,1.0,51.968937614199945,121.96197685547725,119.49186461324284,5.687609362771722,7.186423774654187,6.449143046972522,22.0,29.0,26.0,-0.13668985670012507,-0.8705367436408019,0.47273847003027775,7.5399663996599715,-0.3843652950710445,-0.39322289907607855,-0.8352479102560827,6.158081122652752,-0.9130055876172107,0.2958741786866048,0.28085453061376614,5.550853677727778,34.40110024232822,29.690342058789753,26.17932349541463,10.781297111247401,3.057558760142911,11493.0,26739.048777693657, -7.105427357601002E-15, 0.0,0.0,82.14365251830316, 123.5809993344693,123.5809993344693,NaN, 32.34890026348855, 4.173098906935083, 0.5999822210848108, 4.173098906935083, 51.64468666891493, -8.380845311408596, 0.5999822210848108, -8.380845311408596, 41.591446040314025, 10.0, 0.0
184972, 0 ,1.0,1.0,1.0,60.294024847170185,54.39203312956025,18.766318280418062,4.677419227694335,4.731618642181704,5.3245687869691185,20.0,19.0,22.0,-0.3911944588322892,0.12902040469062953,0.9112193097999945,5.533707824119391,0.6043240124658003,0.7827563068117703,0.1486104037530131,5.106864217399107,0.6940888872011625,-0.6088072760076578,0.3841800584933943,3.9894252663936878,25.3862603450405,23.411990229058176,18.215886377705093,8.203733938952873,2.305698990042808,5071.0,10826.482356002074, 0.0, 0.0,0.0,NaN, 83.34289053086836,83.34289053086836,0.0, 21.878250631604665, 4.0659591015234895, -4.329438090337855, 4.0659591015234895, 22.388214975041432, 2.9113703921374254, -4.329438090337855, 2.9113703921374254, 28.351032767165787, 8.0, 0.0
185110, 0 ,1.0,1.0,1.0,76.89811152582028,180.784413124617,149.31134755723915,7.6876906472027065,35.48890855502324,76.04862228759373,32.0,199.0,198.0,0.013542911608821512,-0.046690367893673645,0.9988176005112788,76.12069477939461,-0.005280950470515995,-0.9988986181289928,-0.046622551003962065,35.34940940244725,-0.9998943449721492,0.004643301190155341,0.01377456521179156,7.616774314328195,207.31458343264185,208.09130436351177,32.66445269906188,68.70166335033035,48.80612279881566,17951.0,1409156.3165850625, 0.0, 2.8421709430404007E-14,0.0,87.32386605012499, 94.08452487878063,94.08452487878063,0.0, 59.10058748708797, 2.658441958939588, 77.88833238717608, 2.658441958939588, 1259.4626304268013, -212.0227332713218, 77.88833238717608, -212.0227332713218, 5783.392951841099, 15.0, 0.0
185117, 0 ,1.0,1.0,1.0,79.07153103808034,120.98796948356808,121.41037428273344,8.53236699543627,8.380221300695226,9.723025261217739,36.0,34.0,39.0,-0.1518395247689225,-0.3683340729405226,0.9172103190811765,10.004860280793094,0.9632331056206648,-0.2632359229538368,0.05374786603216103,8.51703055750031,0.22164553447862928,0.8916483945915498,0.3947611904278272,8.057889119870607,44.56292147883168,36.97270717277793,35.98687610350464,14.854269502121326,4.113063746414356,30672.0,59292.40339027293, 0.0, 0.0,0.0,NaN, 136.64383358723407,136.64383358723407,0.0, 72.80128654481017, 0.037212928829284724, -4.503761123380245, 0.037212928829284724, 70.22810904862597, -11.988705395464123, -4.503761123380245, -11.988705395464123, 94.53722023027827, 14.0, 0.0
185143, 0 ,1.0,1.0,1.0,88.22258592471358,183.53813420621933,128.7440261865794,3.763579518561442,4.303133535104518,5.596229396878688,17.0,20.0,25.0,-0.4429854569925506,-0.3783364879298414,0.812788648293032,6.425880823936187,-0.04221698945672299,-0.8967865186055918,-0.44044484995112904,3.896516558805128,-0.8955342599221493,0.22942415293114737,-0.38129115824722903,2.743079805527375,27.4149927860189,17.526555578310848,12.560992380565082,7.565625745532494,2.6001114504000915,3055.0,6035.436187303431, 0.0, 0.0,0.0,NaN, 114.59333094362343,114.59333094362343,0.0, 14.164530792535173, 5.949286003198326, -12.015691589811581, 5.949286003198326, 18.516958220941103, -7.358814746558582, -12.015691589811581, -7.358814746558582, 31.317783462489206, 7.0, 0.0
185148, 0 ,1.0,1.0,1.0,78.75145154086646,9.768870031263956,173.06252791424743,4.5792209279097476,15.046346299169224,4.365515424124457,21.0,199.0,19.0,0.014989595993497938,0.9996431524036925,0.022110627859918255,15.051250439707891,0.9979956828892245,-0.016317266417294037,0.061142160177226505,4.574992578512455,0.06148112674977813,0.021149814870942293,-0.9978841397599738,4.353025302837975,199.25502077888848,21.010797689867033,19.2519594279066,8.87794026666934,13.696777095391862,4478.0,80598.46156631329, 0.0, 0.0,0.0,NaN, 83.80244235015984,83.80244235015984,0.0, 20.96926430660661, 3.0783279019197805, 0.18972612071401995, 3.0783279019197805, 226.3925369545234, 4.58635917624968, 0.18972612071401995, 4.58635917624968, 19.057724918268534, 9.0, 0.0
185212, 0 ,1.0,1.0,1.0,106.25530303030303,82.91545454545455,188.45742424242425,7.581544721408567,5.147738892220493,21.47619554724872,30.0,24.0,198.0,-0.03346606873636883,0.0261862851838607,0.999096742418672,21.49332728513835,0.9631806114737775,-0.26597703417202906,0.03923425765898367,7.719196447822895,-0.26676418785948913,-0.9636236276479119,0.016320916467721033,4.863835900059657,198.52535652786096,32.706228107380554,20.82952249660451,11.939629646515195,20.066171910778294,6600.0,135246.41442142194, 1.4210854715202004E-14, -1.4210854715202004E-14,0.0,87.69103198788446, 125.68322031018708,125.68322031018708,2.3360154559928683E-6, 57.4798203627181, -9.588566804407714, -13.297387855831019, -9.588566804407714, 26.499215702479475, 11.092309504132237, -13.297387855831019, 11.092309504132237, 461.22697518366584, 7.0, 0.0
185258, 0 ,1.0,1.0,1.0,144.73235008103728,105.76032414910858,85.74466774716369,8.8148118579684,8.898578249957682,8.925424410221625,38.0,36.0,39.0,0.674051068492325,0.49191368354419807,0.5510681310022689,9.95180342796779,-0.0018972023528731584,-0.7448572801207801,0.6672211274190188,8.80775083241274,-0.7386823117467937,0.4507866016121739,0.5011385857418683,7.74170121289898,46.109265990909364,41.84850620182559,37.278102470499896,14.833269238273989,4.064840411313386,30850.0,71931.97205266934, 0.0, 0.0,0.0,NaN, 138.8804438325195,138.8804438325195,0.0, 77.7009080913803, 12.990988541302697, 14.50294073219865, 12.990988541302697, 79.18469487061991, 1.8322876279587865, 14.50294073219865, 1.8322876279587865, 79.66320090258006, 20.0, 0.0
185515, 0 ,1.0,1.0,1.0,128.37301728747104,65.17002316877561,9.59900196043486,5.043780432476142,88.95620364024097,9.74305207305531,21.0,199.0,198.0,-0.002595609959890124,0.9999954142849051,0.0015601980956321381,88.95660915602024,-0.04848559209911912,-0.0016842183123301226,0.9988224620859676,9.750500879392215,-0.9988205094849295,-0.0025169064022935142,-0.04848974133183366,5.022187859623449,199.06868660717726,198.67372873249073,22.34066979394568,83.13358644125115,33.50193660444514,5611.0,883567.1956909612, 0.0, 0.0,0.0,NaN, 97.31237028742083,97.31237028742083,0.0, 25.439721051029217, -20.46851871186013, -3.414669596006066, -20.46851871186013, 7913.206166084021, 12.189369475983888, -3.414669596006066, 12.189369475983888, 94.92706369826736, 8.0, 0.0
185778, 0 ,1.0,1.0,1.0,164.3342437692045,136.79651758279277,91.21611471491977,3.6986048023227793,3.9307215227961274,4.520663055806783,17.0,17.0,19.0,-0.1724734791225385,-0.4317633159360737,0.885343627080047,4.708053005204644,-0.4502318294298238,-0.7648709645326236,-0.4607208562494303,3.766035857793356,-0.876095998602688,0.47807200987593956,0.062473631281832205,3.635636733183384,19.800238135657594,17.378523384675105,16.56799206932108,6.786011214919956,1.8752854259166285,2929.0,5701.027870495468, 0.0, 0.0,0.0,NaN, 116.56374196491014,116.56374196491014,NaN, 13.679677483765126, 0.9987057994011165, -1.1661236961100845, 0.9987057994011165, 15.450571689772707, -3.0802989518292385, -1.1661236961100845, -3.0802989518292385, 20.43639446413632, 9.0, 0.0
186410, 0 ,1.0,1.0,1.0,15.433991568670956,26.08675393831817,162.36898158420234,36.34660791491691,5.190471873693464,4.438455297547468,199.0,21.0,17.0,-0.9998828304722469,-0.007259094230321018,0.01347705003936967,36.35080305267693,-0.004545943427445202,0.9815029746043773,0.19139290802198894,5.212044477948652,-0.014617103856880202,0.19130921669829282,-0.98142097179606,4.3784130008495525,199.13117764493782,21.942220935990946,18.80317500807115,16.690685810329715,33.0020877794346,4507.0,82158.22236613356, 0.0, 0.0,-2.8421709430404007E-14,89.22779853531611, 48.31997903342123,48.31997903342123,0.0, 1321.0759069207004, 9.416088151020558, -17.55485422203233, 9.416088151020558, 26.940998271602936, 1.3744682051424146, -17.55485422203233, 1.3744682051424146, 19.69988542832718, 8.0, 0.0
186463, 0 ,1.0,1.0,1.0,91.21724890829694,50.830786026200876,136.17903930131004,2.5994976562178698,2.555662399299519,3.0691871878542334,10.0,11.0,12.0,-0.004548791799632829,-0.3294676827427961,0.9441558952425471,3.133865763739898,0.9669928671087803,-0.2419900549738463,-0.07978476204448795,2.608466088784747,0.2547628376626079,0.9126290918669242,0.31969366153280027,2.466474892733169,13.311225631166977,11.44100804910883,11.002534567770454,4.594268831746394,1.2654652344524546,916.0,1675.6182345439993, 0.0, 0.0,0.0,NaN, 122.38247558757482,122.38247558757482,0.0, 6.757388064682197, -0.16302010831219932, -0.07164718445490899, -0.16302010831219932, 6.531410299193375, -1.1487433496691517, -0.07164718445490899, -1.1487433496691517, 9.419909994088577, 7.0, 0.0
186545, 0 ,1.0,1.0,1.0,28.561363636363637,112.43931818181818,138.48568181818183,5.007027602602452,3.848075019188922,5.282369861464246,20.0,17.0,21.0,-0.4569706996394222,-0.001408969325147013,0.8894806318726104,5.376675336827098,-0.8069336833807115,-0.4200524809952058,-0.41522758077397837,5.15648522917712,-0.3742135891395384,0.9074987206686368,-0.190814731318343,3.504776815072234,23.273261033125266,23.74605825892354,15.880009965358227,7.9169489480856114,2.259061192894253,4400.0,8776.059119736925, 0.0, 0.0,0.0,NaN, 110.75484564842947,110.75484564842947,0.0, 25.070325413222864, 4.859746384297514, -1.9642350206611545, 4.859746384297514, 14.807681353305822, 2.4743584194215105, -1.9642350206611545, 2.4743584194215105, 27.90343135330579, 8.0, 0.0
186736, 0 ,1.0,1.0,1.0,71.56985121836927,64.12854381443299,45.72771204311153,9.156105757080553,9.566813619626165,8.623043933660979,37.0,39.0,37.0,-0.5411717513282402,-0.8399239608013976,0.04075384197860975,9.842641320442814,0.7902467336469393,-0.5245363355407204,-0.3168149817446393,8.89080672498753,0.2874773652388455,-0.13924572801061105,0.9476114138749735,8.590171695919935,45.254334784482324,41.56256922199475,38.27793974085349,15.259445321746043,4.106630080978154,34144.0,71996.45712359059, 0.0, 0.0,0.0,NaN, 106.42244774424657,106.42244774424657,0.0, 83.83427263484364, 8.315397229456904, -1.8249207246608805, 8.315397229456904, 91.52392283266468, 0.08309137308996412, -1.8249207246608805, 0.08309137308996412, 74.35688668184741, 15.0, 0.0
186773, 0 ,1.0,1.0,1.0,121.20158259149358,178.69119683481702,13.10870425321464,5.83345492041038,7.09295297118652,5.714814368519724,26.0,30.0,23.0,-0.45047739171434803,-0.8525448592681399,0.2650233621583294,7.673795608515787,-0.30986599607990084,-0.12909338893128564,-0.9419755630628891,5.553443908494301,-0.8372891878124601,0.5064604228068598,0.20602100888658956,5.222107155209916,34.70965206455179,24.970605470890696,23.168071441978647,10.390223670512622,3.0069142826628923,10110.0,20080.25469084839, -1.4210854715202004E-14, 0.0,0.0,63.22568296783326, 82.67462612927844,82.67462612927844,NaN, 34.02919630846007, 12.285295830924122, -2.7324964656826296, 12.285295830924122, 50.30998185146368, -6.709458488769917, -2.7324964656826296, -6.709458488769917, 32.659103266639484, 10.0, 0.0
187160, 0 ,1.0,1.0,1.0,147.39883404586087,92.67353284104159,53.947842984842595,6.910727071732973,6.559878983344717,6.412119322396486,29.0,29.0,26.0,-0.6950681725962076,0.548697318470502,0.46455515081317217,7.424213598433026,-0.7188376887257265,-0.5192940549291284,-0.4621753582599561,6.393715259032022,-0.012353651736396408,-0.6551831325809174,0.7553690820190033,5.9922360410805195,35.32250705375993,28.533405191639844,27.244306394913757,11.076645131671775,3.035352988990378,12865.0,27458.75739580923, 0.0, 0.0,7.105427357601002E-15,62.31856402557195, 119.43883837216322,119.43883837216322,1.3486991523486091E-6, 47.758148659982986, -5.470882006015091, -4.551448298113285, -5.470882006015091, 43.03201227612772, 6.090628879622173, -4.551448298113285, 6.090628879622173, 41.115274204650376, 9.0, 0.0
