// Sample: .//bubblelabels.tif, Map: .//bubblelabels.tif, Thickness:(8.191250068658265):/afs/psi.ch/project/tipl/test/LabelValidation/Step4900//distmap.tif, Neighbors:(1.0):
//LACUNA_NUMBER, TRIANGLES, SCALE_X, SCALE_Y, SCALE_Z, POS_X, POS_Y, POS_Z , STD_X, STD_Y, STD_Z,PROJ_X, PROJ_Y, PROJ_Z, PCA1_X, PCA1_Y, PCA1_Z, PCA1_S, PCA2_X, PCA2_Y, PCA2_Z, PCA2_S, PCA3_X, PCA3_Y, PCA3_Z, PCA3_S,PROJ_PCA1, PROJ_PCA2, PROJ_PCA3,OBJ_RADIUS, OBJ_RADIUS_STD, VOLUME, VOLUME_BOX, Mask_Grad_X,Mask_Grad_Y,Mask_Grad_Z,Mask_Angle, Mask_Distance_Mean,Mask_Distance_COV, Mask_Distance_STD, SHAPET_XX, SHAPET_XY, SHAPET_XZ, SHAPET_YX, SHAPET_YY, SHAPET_YZ, SHAPET_ZX, SHAPET_ZY, SHAPET_ZZ, Thickness, Thickness_STD, Neighbors, Neighbors_STD
1, 0 ,1.0,1.0,1.0,94.28861465871198,279.5051380350702,16.7931969239843,17.00167320221006,12.595869762836552,10.595701167807169,78.0,53.0,47.0,-0.9530290818906855,0.2939195457305738,0.07312229282599503,17.399547874793182,-0.29646358593742156,-0.8558233746291379,-0.4238816977076505,12.482778429794612,-0.06200734862677386,-0.4256496823397481,0.9027610074877789,10.070634856849523,86.60204551762519,70.77886059490663,52.65074047686974,22.47605730155517,7.403280230530003,88166.0,322727.6685522979, 0.0, 0.0,0.0,NaN, 97.94076620155838,97.94076620155838,NaN, 289.05689167474765, -42.5914495660503, -7.193517783813084, -42.5914495660503, 158.6559350823401, 24.062248279308992, -7.193517783813084, 24.062248279308992, 112.26888323747019, 8.634979891804216, 6.493545233887698, 17.0, 0.0
2, 0 ,1.0,1.0,1.0,29.143729648161386,167.95301405766023,17.33211023747121,16.65088791443126,16.822848873817584,10.794107970720939,66.0,81.0,48.0,-0.6172022997068114,0.786784268118969,0.005642399943490858,17.088951415401638,0.7854360944113904,0.6165357852296522,-0.05453225767413659,16.39169159992257,-0.04638386392276045,-0.02922569026995903,-0.9984960671909723,10.772802117783025,84.37273001731745,85.27563794661042,49.7443267283378,24.855167860801185,7.680736297076599,125910.0,357907.36544180417, 0.0, 0.0,0.0,NaN, 136.33108786900166,136.33108786900166,0.0, 277.25206833895294, -11.543218929405759, -7.150418544734511, -11.543218929405759, 283.0082442313056, -4.350498259353027, -7.150418544734511, -4.350498259353027, 116.5127668835813, 8.166257738913226, 5.832816191654529, 18.0, 0.0
3, 0 ,1.0,1.0,1.0,70.1280132068214,251.06497627901012,206.31076099499936,15.646953385624977,13.078639730138157,13.921882681507213,75.0,72.0,71.0,0.9283941695713926,0.005972456922134136,0.3715489142282035,15.954908814859856,0.37141829054231096,0.01608401892722963,-0.9283263207438297,13.568095186891473,0.011520388729163512,-0.9998528062137256,-0.012714029654959266,13.078396788187737,74.69564329530786,73.80125493396795,71.83802733245457,23.77667057591791,6.660834869930366,124784.0,396016.6236123659, 0.0, 0.0,0.0,NaN, 126.84734245637978,126.84734245637978,1.9073486328125E-6, 244.82715025192095, 0.5410234398567664, 24.308692651829574, 0.5410234398567664, 171.0508171907483, -0.00950963382692424, 24.308692651829574, -0.00950963382692424, 193.8188173976505, 7.089692834366588, 5.175402817609188, 33.0, 0.0
4, 0 ,1.0,1.0,1.0,130.13617566291475,190.41094745525393,18.665910497009694,14.595906675935746,13.451905947893982,11.169622577272827,71.0,63.0,44.0,-0.9941706265076199,-0.042361441710851315,-0.09914773646243642,14.634598502625126,0.008418484013399272,-0.9472737954373193,0.3203146665463382,13.716398620977289,-0.10748904370382481,0.31761275908557884,0.9421084018039978,10.79090679135674,70.73574887207718,71.22641407624607,51.831935614767744,21.853327270245565,6.417695930929673,92131.0,261142.44341879277, 0.0, 0.0,0.0,NaN, 171.15373460286077,171.15373460286077,0.0, 213.0404916926257, 3.544010737172163, 9.826339526375682, 3.544010737172163, 180.95377363098547, -21.343923731721826, 9.826339526375682, -21.343923731721826, 124.76046851872287, 7.5809992534031725, 5.314638427090734, 21.0, 0.0
5, 0 ,1.0,1.0,1.0,138.10994427775395,208.00268292295723,191.77999237986378,13.61717981732499,14.59943075482631,14.988718233302357,70.0,78.0,71.0,-0.113840042763247,0.6257390685681469,0.771680674068704,15.522469796120475,0.512341646931245,-0.6285058027029482,0.5852234554326247,14.314637263364212,-0.8512029613925465,-0.4619860106498782,0.2490430574827753,13.318285560329985,74.78529011653319,71.90359304796402,67.96060132116088,24.011903130812914,6.830896489925771,125982.0,365446.6527831916, 0.0, 0.0,0.0,NaN, 198.11469684776188,198.11469684776188,0.0, 185.42758617736305, -13.393986134256165, 2.6705348823364514, -13.393986134256165, 213.14337836496833, 20.56949693270142, 2.6705348823364514, 20.56949693270142, 224.66167427733055, 6.988481552123653, 5.096463361138465, 35.0, 0.0
6, 0 ,1.0,1.0,1.0,207.62861248718207,52.218041855023905,100.75079073932321,15.458947720603607,16.148675124834664,13.367006280021725,84.0,79.0,71.0,-0.2939917444312818,0.9548933187491004,-0.04180435401463224,16.224121171038473,-0.9557913100478821,-0.29396344811580943,0.006961523455206997,15.38465141072506,0.0056414398167029586,-0.042002868713846356,-0.9991015629937738,13.361363066838882,76.77138535499884,83.47829883256475,70.84528272496232,24.998884940571116,7.313780249219955,138478.0,454029.3265318538, 0.0, 0.0,0.0,NaN, 146.3212867658534,146.3212867658534,0.0, 238.97906462835547, -7.435298931512395, 0.653933599074623, -7.435298931512395, 260.77970828745384, -3.499981048131783, 0.653933599074623, -3.499981048131783, 178.67685689014024, 6.120407725893573, 4.860100910288967, 40.0, 0.0
7, 0 ,1.0,1.0,1.0,149.0459429180135,60.74813583602703,174.2447840141052,14.834889088970652,12.35953740513771,13.707851221332065,71.0,62.0,71.0,0.9280231590462391,0.13827376157345836,0.34590950136439647,15.031337724818453,-0.3671917086011518,0.18301083784902245,0.9119634216153438,13.58830878159384,-0.06279542505951995,0.9733382762894535,-0.22061127464721525,12.253735549445441,73.09068808223867,77.03879052916892,64.56584862607849,22.78538536489542,6.446975882570357,108896.0,363558.55611037364, 0.0, 7.105427357601002E-15,0.0,82.05203143663029, 204.25328260650105,204.25328260650105,0.0, 220.0739342820605, 7.407490416657524, 12.779692050924364, 7.407490416657524, 152.7581648689982, 9.38094779564786, 12.779692050924364, 9.38094779564786, 187.905185106175, 6.890321535759206, 5.004161456621095, 31.0, 0.0
8, 0 ,1.0,1.0,1.0,138.75442358526192,104.01827426228624,284.89864864864865,13.752811312528275,15.227781868942342,8.940229488336305,72.0,72.0,37.0,0.4294068180860355,0.8890089993287635,0.15897416045916837,15.789618153451038,-0.9005535599566705,0.43474300900103896,0.001342301788165236,13.270460091531756,0.0679195865019388,0.14374113968239421,-0.9872818313593197,8.691128262629958,70.94133402646096,68.44186797834371,40.091348385640686,21.302892336725343,6.865831416522883,74148.0,194657.8257676755, 0.0, 0.0,0.0,NaN, 174.07079668232535,174.07079668232535,1.9073486328125E-6, 189.1398189980057, 26.964648487376536, 11.741199941242447, 26.964648487376536, 231.88534064808914, 24.618402803596528, 11.741199941242447, 24.618402803596528, 79.92770330411804, 6.832921386043211, 5.135139763239268, 15.0, 0.0
9, 0 ,1.0,1.0,1.0,285.1133386794975,76.61025126971398,29.31356589147287,8.681546215617313,13.880292403438991,15.72447904555012,37.0,77.0,63.0,0.09810852496932732,0.058349770104602905,0.9934636488855966,15.777653178992963,-0.1407817383703686,-0.9874265475390129,0.07189795099029646,13.969782761734898,-0.9851676098358904,0.1469153414178584,0.08866038002577059,8.438117853298685,65.22425643203958,78.63479923855073,39.87828587442962,21.613625841300507,6.9384566832321095,74820.0,204531.59327117246, 0.0, 0.0,0.0,NaN, 83.36683051522218,83.36683051522218,0.0, 75.36924469389929, 18.24835697985596, 16.06845711360999, 18.24835697985596, 192.66251720496615, 1.5029523517941903, 16.06845711360999, 1.5029523517941903, 247.25924125394482, 6.66438472143304, 5.009036817633848, 20.0, 0.0
10, 0 ,1.0,1.0,1.0,57.186060867954815,11.119220322242114,181.00776282486572,12.923064647575698,7.384148568832298,16.896734788430646,65.0,31.0,69.0,-0.22465840524196665,0.07438646095408565,0.971594182455238,17.136154270464154,0.9743315857824635,0.031854322766461655,0.22285255903336365,12.660859507717266,0.014372261504891662,-0.9967206010451551,0.07963341981491583,7.285996831406781,73.25882615125283,59.580100774967434,32.12041248955731,21.31948076780371,7.246422308548787,64796.0,140198.15644260956, 0.0, 0.0,0.0,NaN, 132.4878678449895,132.4878678449895,0.0, 167.00559988542082, -0.6926711557032798, -29.23000784950594, -0.6926711557032798, 54.52565008658808, 18.147324405486554, -29.23000784950594, 18.147324405486554, 285.4996465105624, 8.371077314710494, 5.27012279872244, 16.0, 0.0
11, 0 ,1.0,1.0,1.0,159.38289878069912,113.16122677902109,156.009858371408,14.296690909410517,14.555250996189047,12.517543831336244,65.0,71.0,61.0,-0.636752756117931,-0.7679941559738953,0.06878156705225105,15.265705522915496,0.7351834975509485,-0.5778026874898055,0.35447042085103914,13.717632327878366,-0.23248903738665427,0.2762770904716912,0.9325340834390579,12.31764605334482,76.29306304216834,71.65204766139634,60.344121181073675,23.001559608045675,6.623281791397774,109653.0,329874.40844391764, 0.0, 0.0,0.0,NaN, 230.89346739930545,230.89346739930545,0.0, 204.3953709592213, 24.28278964055751, 5.937202688645694, 24.28278964055751, 211.85533156206222, -11.760766108981324, 5.937202688645694, -11.760766108981324, 156.68890356942404, 6.372271148028961, 4.619295865506308, 34.0, 0.0
12, 0 ,1.0,1.0,1.0,260.60101664947695,75.7547811993517,285.57814940327097,16.55761021454087,13.141187849127807,8.104113844146438,74.0,65.0,35.0,0.9478826306057906,0.31798342229294363,0.020126145749094465,16.943971326059767,-0.31820231172252744,0.9479826452286683,0.00872886932518457,12.64294351533054,0.01630360114471421,0.014678129721596518,-0.9997593435910417,8.098132517527988,86.07271447119035,67.71319047155013,35.797053141297,21.318494206637023,7.618644240489691,67870.0,208634.46526306702, 0.0, 0.0,0.0,NaN, 86.59709312818079,86.59709312818079,0.0, 274.1544560166681, 38.33323589357978, 3.9641330144566758, 38.33323589357978, 172.69081808606433, 2.197688824497394, 3.9641330144566758, 2.197688824497394, 65.67666119888595, 6.163888411955663, 4.883665151740815, 20.0, 0.0
13, 0 ,1.0,1.0,1.0,26.213010943455885,196.7733141281245,140.68461592509968,13.311587424507005,15.202398608292167,13.349733046853018,58.0,88.0,73.0,0.22742731104803016,-0.9300953291225539,0.2884432300017981,15.440569132730927,0.6821689169185936,0.3635492366467193,0.6344111610964143,13.592494458347876,-0.6949261737620589,0.05248458133581125,0.717163148622703,12.78121961649495,74.44253654345185,70.56344270521987,68.6360620390706,23.251370301242655,6.774985958838888,113858.0,360539.8570941735, 0.0, 0.0,0.0,NaN, 176.45121642200544,176.45121642200544,0.0, 177.19835976029302, -10.569263359178954, 14.183184404859853, -10.569263359178954, 231.11292344540365, -15.199977717623577, 14.183184404859853, -15.199977717623577, 178.21537242223954, 6.195315475413161, 4.710729545885812, 29.0, 0.0
14, 0 ,1.0,1.0,1.0,287.3116625372908,137.39405622693027,134.0441548263134,8.324729394042489,17.254931402321475,14.752472497835551,40.0,81.0,77.0,-0.07777827824160585,0.9749427924032041,-0.20841566873633643,17.407948267229674,0.008984984053132323,-0.20835498238813438,-0.978011999607165,14.620734233797505,-0.9969301928898213,-0.07794070088909431,0.007445646350750109,8.238124153735868,78.53987133994757,71.69221277028092,43.74842158361366,22.82204793910043,7.988951736471117,79108.0,246334.1134739379, 0.0, 0.0,0.0,NaN, 192.36932197509338,192.36932197509338,0.0, 69.30111948403501, -18.105924258924052, 2.5300773974472808, -18.105924258924052, 297.73265769881976, -18.054563867126898, 2.5300773974472808, -18.054563867126898, 217.63544479939432, 6.411230319817728, 4.724137872816175, 24.0, 0.0
15, 0 ,1.0,1.0,1.0,22.730373936082454,141.56709595395918,90.80809208163899,14.181776033423523,12.188759668927213,15.440090218613825,58.0,64.0,78.0,-0.3773931372051218,-0.22796003253771682,0.8975570419510279,15.811834867188862,-0.8970289106317884,-0.15076554109716844,-0.4154622547337181,14.013455469031024,-0.23002946220261233,0.9619272192754922,0.14758885911780703,11.903527361174161,84.233817917196,67.71699821384637,64.45399209212886,23.087463541584494,7.419841433888895,103039.0,367649.52175848815, 0.0, 0.0,0.0,NaN, 169.71747742533486,169.71747742533486,0.0, 201.12277146218582, 16.714225291325448, -16.312149630605212, 16.714225291325448, 148.56586226686665, -18.737878323803642, -16.312149630605212, -18.737878323803642, 238.3963859589343, 6.368026067719044, 4.514884981488975, 28.0, 0.0
16, 0 ,1.0,1.0,1.0,284.0283103208503,161.51135960493266,62.76562743901574,8.957445361150311,14.437869909958168,13.222975578666563,36.0,72.0,62.0,0.07261498437938577,-0.8588238906353224,0.5070982044117185,15.067484145626048,-0.01835808054134128,-0.5095052673195003,-0.8602716800247011,12.532937908223387,-0.9971910774382307,-0.053159264928061785,0.05276407518273163,8.912428793477451,70.2097199196742,61.72869662054407,39.28803048157636,20.54620731133745,6.4333788329675325,70469.0,170272.5365306393, 0.0, 0.0,7.105427357601002E-15,59.52926483480875, 152.88467018473324,152.88467018473324,0.0, 80.23582739799322, -8.478468013053094, 6.661192485478193, -8.478468013053094, 208.45208753687547, -30.24798684194452, 6.661192485478193, -30.24798684194452, 174.84708315401235, 6.629364891425104, 4.817218934258547, 21.0, 0.0
17, 0 ,1.0,1.0,1.0,118.58393840560338,110.12778698604502,90.64199326311287,13.984620403218745,12.648159937306014,12.277488743862925,67.0,65.0,63.0,0.8734441913982995,0.45080395652714,0.18404085767037587,14.431430231353175,0.443355417899912,-0.5800215268801813,-0.6833820320833567,12.557105625484374,-0.20132366460842469,0.6784915777922821,-0.7064828100764908,11.84631618966378,67.5811083999503,60.27628975121603,58.261982993854055,21.653196390606414,6.117301165327869,93515.0,237332.42915855275, 0.0, 0.0,0.0,NaN, 185.48922032543518,185.48922032543518,0.0, 195.569607822122, 22.287418446806033, 5.664446066205401, 22.287418446806033, 159.97594979967286, 12.51140651773291, 5.664446066205401, 12.51140651773291, 150.73672985568084, 5.949745088375897, 4.602068480742703, 28.0, 0.0
18, 0 ,1.0,1.0,1.0,130.9947345997968,17.243126030958805,163.77631880796582,14.803662365085966,10.852409880817191,13.644668947279436,73.0,46.0,67.0,-0.9977853248438632,-0.05193144381640718,-0.041564055015958515,14.817617015006736,-0.02754415111703363,-0.24619570513312067,0.9688286713930626,13.812343912595322,-0.060545563549019014,0.9678278772163724,0.24422005408520997,10.618737776136431,73.63794064863485,66.97585068191525,51.02302864198623,21.926203481389134,6.50705856852841,91541.0,251643.72601447918, 0.0, 0.0,0.0,NaN, 189.7731203455845,189.7731203455845,0.0, 219.14841941946264, 6.063307007208984, 2.347289036229057, 6.063307007208984, 117.77480022125859, -18.379685074338852, 2.347289036229057, -18.379685074338852, 186.1769906808517, 6.609902884054433, 4.943129730157938, 22.0, 0.0
19, 0 ,1.0,1.0,1.0,232.35128530778258,53.76849991157983,25.62500200954938,15.707975549771596,12.928365565173214,15.366003866771118,81.0,64.0,64.0,-0.683403764500233,0.19586573273603108,-0.7032751306613131,16.180461273982083,-0.7162057473295992,-0.36653371624900677,0.5938874997377387,15.386329349436568,0.14145183688789548,-0.9095546435440099,-0.3907706849912999,12.306532777530668,84.74423794090667,84.5639945717887,59.03268356814675,24.404778492733012,7.37590629097506,124406.0,423046.5859792769, 0.0, -7.105427357601002E-15,0.0,78.70469827996733, 90.13346165681203,90.13346165681203,0.0, 246.74049587222228, 7.617534659615645, 16.762633331018325, 7.617534659615645, 167.1426361867565, -33.76689984506317, 16.762633331018325, -33.76689984506317, 236.11407483362493, 6.38155304348835, 4.604047040470485, 24.0, 0.0
20, 0 ,1.0,1.0,1.0,288.2752673044457,209.66640405177264,280.80050647158134,6.823451030133211,11.90080565319898,10.720474616154323,27.0,51.0,43.0,0.056997818572027535,0.9642298229979955,-0.2588669486807567,11.99302105978177,0.08411691120029847,-0.2630045753150641,-0.9611206680815183,10.6547297123383,-0.994824403564846,0.033006693330264396,-0.09609872146522304,6.76471845445872,52.22744749466145,50.5816311298546,28.779700584841635,16.589733235464504,5.281854440209125,35540.0,76028.75917050915, 0.0, 0.0,0.0,NaN, 93.09268749728727,93.09268749728727,0.0, 46.559483960625975, 3.890786976969859, -6.92533356250661, 3.890786976969859, 141.62917519521278, -7.350483828726677, -6.92533356250661, -7.350483828726677, 114.92857599560918, 7.322611867622606, 5.181318601500965, 11.0, 0.0
21, 0 ,1.0,1.0,1.0,193.07080832106317,64.2825914599615,285.09246045229736,12.94369477017235,12.20651819539899,8.429000229297014,63.0,62.0,36.0,-0.8751525863549762,-0.4806089871424125,0.05588337922979183,13.226039438009389,0.48335985190784825,-0.8632388406138898,0.14554022680760922,11.979814061387946,-0.02170723749857023,0.15438168781799133,0.987772792856054,8.315184992667016,64.4170958756645,58.749610858429996,38.56791842516748,18.760610607772946,5.968739837433732,52974.0,145959.48951520622, 0.0, 0.0,0.0,NaN, 125.6516547176576,125.6516547176576,0.0, 167.53923430338702, 13.461396145914737, 0.0584471786806768, 13.461396145914737, 148.99908645460664, -12.1852065724865, 0.0584471786806768, -12.1852065724865, 71.04804486548912, 6.095655879695166, 4.560978479112633, 18.0, 0.0
22, 0 ,1.0,1.0,1.0,128.9058087993871,138.87147039509685,14.803559702309292,13.17032289817556,14.464420399225272,9.339830745354321,66.0,69.0,38.0,-0.03409434570588823,0.9810028016626386,0.19097402629923832,14.630132315148122,0.9991143314212418,0.03817086557612267,-0.0177069977651436,13.170634665976316,0.024660258303039084,-0.190201178101568,0.9814353689923767,9.07760497136988,72.64197737627194,66.09974307619812,40.522466538691276,20.706106150158032,6.416110128258729,73096.0,194573.3253578706, 0.0, 0.0,0.0,NaN, 190.05561873246538,190.05561873246538,0.0, 173.45740524220744, -0.9299814809258556, -2.4681308341031016, -0.9299814809258556, 209.21945748552417, 24.600285151077834, -2.4681308341031016, 24.600285151077834, 87.23243835186585, 6.993490904961032, 4.652187046254264, 17.0, 0.0
23, 0 ,1.0,1.0,1.0,72.39528261472167,217.66945543431697,129.55669934228763,12.902124772689518,11.606649694748743,12.391510580744276,60.0,54.0,62.0,-0.7931090419585749,-0.38982963223313943,-0.46798600982991695,13.178156260193528,-0.5877452839929733,0.28825715174855454,0.7559519135565637,12.507975846598015,-0.15979214219595,0.8746088681798208,-0.45773988136674626,11.163127387170682,64.41360000768373,60.874681563662705,59.961611077130954,20.52153894138491,5.79612928915359,79366.0,235118.91432165584, 0.0, -2.8421709430404007E-14,0.0,67.0561009614938, 169.71839575548447,169.71839575548447,0.0, 166.46482365004857, 9.771272889078613, 4.060897969328877, 9.771272889078613, 134.7143171366111, 15.885044610356989, 4.060897969328877, 15.885044610356989, 153.54953447269733, 6.247898489862047, 4.498309040164765, 25.0, 0.0
24, 0 ,1.0,1.0,1.0,274.0090935920611,9.893422363227211,177.9535175415944,14.613633313296205,6.355859424539549,14.87860697250353,60.0,26.0,64.0,0.6858992462739836,-0.006365286399600897,0.7276686794756473,16.842673622960206,0.7276912426304474,0.002191646777924961,-0.6859013428207852,12.299022692466075,-0.002771165772155313,-0.9999773396499805,-0.006135212042901798,6.355042023689903,79.2143038479802,64.32386744946136,26.212764254683076,20.53544362659455,7.322822416333868,54214.0,133563.74258269888, 0.0, 0.0,0.0,NaN, 125.17488127589075,125.17488127589075,0.0, 213.55827861548065, -0.8853517029747037, 66.08477359818478, -0.8853517029747037, 40.39694902450821, -1.2935510319229322, 66.08477359818478, -1.2935510319229322, 221.37294544223067, 5.924703758638035, 4.407193234236418, 11.0, 0.0
25, 0 ,1.0,1.0,1.0,122.20981230027058,231.02044739387557,239.53002828352086,13.303614551374856,12.463901497250802,11.556972294051361,60.0,63.0,53.0,0.8280837196976203,0.4815340049930197,0.28705810423524886,13.662662500766537,-0.5602325144703322,0.7294641036583449,0.39245592262593754,12.486143648386975,0.020417710498531194,0.4858056437602477,-0.8738283547635022,11.10524558270495,68.11414427967719,61.47360386757626,53.10109253283977,20.762459251973436,5.90075377221244,81673.0,222346.0588008553, 0.0, 0.0,0.0,NaN, 152.80718039280825,152.80718039280825,0.0, 176.98616013155282, 11.944248570011696, 7.8942176157797235, 11.944248570011696, 155.34884053317077, 18.081946944112797, 7.8942176157797235, 18.081946944112797, 133.5636086054708, 6.079742724255329, 4.4024944567928355, 23.0, 0.0
26, 0 ,1.0,1.0,1.0,86.01737751207014,165.12533770240356,13.85956808951946,12.257909766706582,12.606616204021334,8.780562546586351,52.0,57.0,37.0,-0.41703760228679493,0.9088658901484039,0.0065139852340821095,12.701280120626288,0.8997835309895925,0.41183695377699014,0.14415242232993825,12.222872030616335,0.12833251980219537,0.06597815720704735,-0.9895340555699845,8.692541930832956,62.0004097536704,55.63617268192195,38.92274541252894,18.841852165717942,5.591601699335277,57373.0,134262.66759833862, 0.0, 0.0,0.0,NaN, 160.56852553216243,160.56852553216243,0.0, 150.2563518487206, -5.144736403696852, 9.344291053539923, -5.144736403696852, 158.92677211549326, 4.8913225013206025, 9.344291053539923, 4.8913225013206025, 77.098278634515, 6.986398464331904, 4.817973993335842, 11.0, 0.0
27, 0 ,1.0,1.0,1.0,273.1009911221758,219.73723519188314,197.01854243975762,14.183792490900752,11.195656148632768,12.87876371621221,60.0,58.0,64.0,-0.8517730553382935,0.020873088519802636,0.5234949630849495,14.918511922751152,0.5218972577036557,0.12132713013335662,0.8443358217528185,12.033892857915172,0.045890245162477486,-0.9923930882816787,0.11423678798740654,11.180727417137284,72.3796876438629,67.36251429194738,58.65429910521138,21.270182885696833,6.321752991879459,85156.0,285979.4606994484, 0.0, 0.0,0.0,NaN, 133.30734673859632,133.30734673859632,0.0, 201.17996942493252, -0.48029760263746984, -34.771319284394785, -0.48029760263746984, 125.3427165984187, 3.0948953172061833, -34.771319284394785, 3.0948953172061833, 165.86255485802414, 5.8267489049412715, 4.2754556243732385, 26.0, 0.0
28, 0 ,1.0,1.0,1.0,26.038990485054306,272.50505450549014,232.92387053337163,13.970331231190038,13.228509627383744,12.827302325612331,60.0,58.0,66.0,-0.8418863865658286,0.5280705358895472,-0.11121520238015584,14.517978578407854,-0.2556449179864127,-0.571751612308428,-0.7795805088189633,13.061867213200783,-0.47526096833513815,-0.6278866163154296,0.6163484477380531,12.3822142416132,73.94310602036155,66.68977856442007,68.08009621129077,22.24300259358119,6.32077070028104,100999.0,335719.93133792345, 0.0, 0.0,0.0,NaN, 77.02732111043917,77.02732111043917,0.0, 195.17015470916377, -23.0142962271172, 8.825758649487433, -23.0142962271172, 174.9934669617844, 4.333858395555657, 8.825758649487433, 4.333858395555657, 164.5396849526595, 6.515877486992017, 4.596941525410353, 19.0, 0.0
29, 0 ,1.0,1.0,1.0,87.18521399832254,216.38562242454447,276.81308422575273,12.76815827397601,12.973851214010757,11.743290867695846,62.0,65.0,52.0,0.5228611095374037,0.8502354855416319,0.06095801226337523,13.09053764366406,-0.8430480302547013,0.5263637659744118,-0.11050431915949327,12.664511562363314,-0.12604078235628374,0.006387878757527556,0.9920044940361891,11.72601946623318,67.68526223277831,66.68460605892747,55.26963897920743,20.824320166052907,5.966510794230183,82267.0,249463.1107114671, 0.0, 0.0,0.0,NaN, 123.0051167244118,123.0051167244118,1.3486991523486091E-6, 163.02586570930205, 4.896231430795541, 3.2117621361192628, 4.896231430795541, 168.3208153232884, 0.42362935347401104, 3.2117621361192628, 0.42362935347401104, 137.90488040330865, 5.671581228118873, 4.258151859854892, 18.0, 0.0
30, 0 ,1.0,1.0,1.0,260.51486752142034,256.0111892780752,221.08470468960573,11.700346754063299,12.729335787306185,12.57560151610264,57.0,63.0,60.0,0.011205321663136454,-0.7282465149480195,0.6852236527094563,13.781320710394443,-0.7974953995289225,-0.41990174425797727,-0.4332246679256765,12.072863380577536,0.6032209615859101,-0.5416082889276829,-0.5854783795053389,11.018213399380132,66.43309787990137,60.00737350522553,58.564977440178296,20.582754383416162,5.781875062216215,80881.0,233467.86046638605, 0.0, 0.0,0.0,NaN, 98.59875754545311,98.59875754545311,0.0, 136.89811416531956, 7.595913068497107, 8.93996912267097, 7.595913068497107, 162.035989585994, -29.764068912898246, 8.93996912267097, -29.764068912898246, 158.14575349180302, 5.886590022767057, 4.341927924779207, 22.0, 0.0
31, 0 ,1.0,1.0,1.0,124.00496494100852,277.7460217491708,230.99499307217533,15.029558514011354,12.746222476118193,11.964307376625877,68.0,48.0,60.0,-0.978901023324375,-0.1908189903001692,-0.07308145780781604,15.142819058274032,0.12845089241246554,-0.8528117291133067,0.5061743997133916,12.978946509858662,-0.1589124122683084,0.4861072593858222,0.8593291439253481,11.56462044348091,71.96101608070956,62.949151608322666,60.509249313519604,22.1117789921022,6.524392488469294,95268.0,274099.93545053963, 0.0, 0.0,0.0,NaN, 143.64596012111954,143.64596012111954,0.0, 225.88762912609118, 14.048202247477006, 9.093602975572344, 14.048202247477006, 162.4661874107006, -13.651762896519825, 9.093602975572344, -13.651762896519825, 143.1446510023844, 5.972652417423156, 4.2881407308923905, 17.0, 0.0
32, 0 ,1.0,1.0,1.0,190.75387110336956,222.0341762268004,25.512979758544056,13.972596187943521,11.14399592549772,13.176379498927451,71.0,55.0,59.0,0.91009716164661,0.12391497371176924,0.39543423682427287,14.202546948442311,-0.39368632551291005,-0.03934164365392104,0.9184025872016861,12.977617354181325,-0.12936086528361893,0.9915126395385079,-0.012978912452669382,11.086395902381565,69.47535383729081,65.82570094148329,56.10294201584645,21.290636231327912,6.304591579465392,83245.0,256573.55741305443, 0.0, 0.0,0.0,NaN, 136.61734330491382,136.61734330491382,0.0, 195.2334442313338, 9.591990350302305, 11.905477113013363, 9.591990350302305, 124.18864518750979, 2.2170649599005072, 11.905477113013363, 2.2170649599005072, 173.61697669975564, 5.967368669232862, 4.3393429731066435, 22.0, 0.0
33, 0 ,1.0,1.0,1.0,57.12676483564968,237.80047705713656,58.787461394220166,11.818742222246918,11.465460523413263,12.501614013044732,63.0,57.0,61.0,-0.5728752047471312,0.21919562501724643,0.7897893882290589,13.221899259709177,0.2017488366524261,-0.8962222353930306,0.3950735522614898,11.428685255713638,0.7944252052240821,0.38566693241762157,0.4692010342531831,11.045195288131485,62.03411016799426,61.91274269854793,56.89161996116346,19.898276806614927,5.611451308566218,72528.0,218503.7529565416, 0.0, 0.0,0.0,NaN, 102.89904534097653,102.89904534097653,0.0, 139.682667715922, -8.191313507380091, -23.21253750356358, -8.191313507380091, 131.45678501394792, 6.092920718008868, -23.21253750356358, 6.092920718008868, 156.2903529311564, 5.785239880652669, 4.2903881860792525, 23.0, 0.0
34, 0 ,1.0,1.0,1.0,10.664197530864197,112.5195341914018,174.62064617809298,7.14922392373494,13.868767432205244,16.143035167445667,31.0,70.0,73.0,0.07694126979102706,0.047223505525275204,0.9959166539067659,16.187664527087076,0.03153254862286326,-0.9984932789010422,0.044909579899976446,13.86717552629711,0.9965368730660655,0.027948390210348992,-0.07831441824057017,7.050720339017976,73.22666801422523,70.23947070406687,32.989656215598096,20.99926846739465,7.942444274402976,57105.0,169679.07704492673, 0.0, 1.4210854715202004E-14,0.0,87.29328578092266, 168.8027045056633,168.8027045056633,0.0, 51.11140271170401, -3.717842786895701, 16.47198163227589, -3.717842786895701, 192.34271008859685, 3.5920964747104054, 16.47198163227589, 3.5920964747104054, 260.59758441738757, 7.4026383534589195, 4.65980447475637, 19.0, 0.0
35, 0 ,1.0,1.0,1.0,129.21694138996307,63.34576249216877,246.63809976452288,12.783016316906693,12.983991219317923,13.119389266142296,60.0,60.0,61.0,-0.6814493403271243,-0.7312475868847688,0.030062655287416508,14.17079758309968,0.06131205060285849,-0.09797263259045685,-0.9932986437694193,13.13830803536524,0.729292553793469,-0.6750395025022595,0.11159767489917544,11.431590732915113,68.93151461179204,60.922428991564175,58.24865974057252,21.60511083523553,6.109590383588222,92578.0,244613.80808432391, 0.0, -7.105427357601002E-15,0.0,43.00891412598718, 153.48353646118667,153.48353646118667,0.0, 163.40550615830273, 34.6945786915607, -3.9905225395955433, 34.6945786915607, 168.58402798332494, 2.5391499766427152, -3.9905225395955433, 2.5391499766427152, 172.1183747165697, 6.189955286695334, 4.435822220162903, 29.0, 0.0
36, 0 ,1.0,1.0,1.0,201.34552863087268,184.067138928484,86.52781017378659,12.333207836928622,12.207537509898474,11.1935197042451,65.0,56.0,55.0,-0.8397596356028317,0.07083917077708116,0.538317347199414,13.029992847894073,0.15104613070174167,0.9827948906924729,0.10629802081319104,12.255557601744526,0.521525474749059,-0.1705755396074849,0.8360114619282344,10.317338088282767,61.48550010659932,56.668255004005914,51.49660946170317,19.840646070086684,5.725000829287057,69453.0,179428.40038190293, 0.0, 0.0,0.0,NaN, 175.1005280712204,175.1005280712204,0.0, 152.1080155488776, 2.7271939296249235, -27.927784092127133, 2.7271939296249235, 149.0239720555782, 6.985800774043396, -27.927784092127133, 6.985800774043396, 125.29488336932329, 5.725117855698389, 4.2123158634943945, 24.0, 0.0
37, 0 ,1.0,1.0,1.0,71.53257515392974,260.66678739587104,136.98688880840274,11.581938382702774,11.715114115272375,11.980282687041873,63.0,57.0,59.0,0.23871948268259388,-0.645752571473599,0.7252700359335063,12.683048728170458,-0.9225262956367895,0.08242145463160917,0.3770304200924281,11.569759189975883,-0.3032461746608158,-0.7590851864261641,-0.5760481206478659,10.963271224449178,68.19661416097274,60.42506120104958,54.799042854098786,19.59158186450809,5.575149212559341,69025.0,225815.0510320119, 0.0, 0.0,0.0,NaN, 159.46604223884128,159.46604223884128,0.0, 134.14129670072373, -7.307986547766995, 2.28750424504607, -7.307986547766995, 137.24389873385402, -18.621232269564942, 2.28750424504607, -18.621232269564942, 143.52717326143525, 5.94953632179873, 4.386959637538838, 23.0, 0.0
38, 0 ,1.0,1.0,1.0,190.92546912571763,244.68544703567773,86.56081088854884,12.161286149325427,13.050103030663237,12.74932637204268,61.0,62.0,64.0,0.30829700179240516,0.6965363391336312,-0.647912098167748,13.349058975397949,-0.46297826821694893,0.704845180709267,0.5374424568172442,12.796134354349286,-0.8310259212832346,-0.1342773230938134,-0.5397828439827548,11.781721559872004,65.47083819818937,62.16032393760369,62.887902665550456,21.112845475903928,5.915669764968464,86917.0,255934.174950443, 0.0, 0.0,0.0,NaN, 149.83232974485415,149.83232974485415,0.0, 147.8968808057745, 0.3222307016707088, -14.071517275837628, 0.3222307016707088, 170.30518911092582, -8.331148455504495, -14.071517275837628, -8.331148455504495, 162.54532294086295, 6.151123483928525, 4.396954838514114, 29.0, 0.0
39, 0 ,1.0,1.0,1.0,68.29682679321496,43.583010147818655,170.12256681576568,12.169277229147557,12.247471286254614,12.899587792758732,58.0,59.0,59.0,-0.19009081279692774,0.016824559097131653,0.9816223393451224,12.925207552695664,0.6369833657270934,-0.7587221500181976,0.1363557511025739,12.536342832710094,0.747072737206483,0.651197077145583,0.13350914590342655,11.843578197110356,63.81101406090076,67.433110432056,64.03926077018502,20.71190353620861,5.958882304368979,80707.0,275559.34822760086, 0.0, 7.105427357601002E-15,0.0,89.0359782876567, 153.07541596903312,153.07541596903312,0.0, 148.09130827984924, -8.248288142306674, -3.5321001974855277, -8.248288142306674, 150.00055290763126, -1.3048699168869238, -3.5321001974855277, -1.3048699168869238, 166.3993652230901, 5.790881633709432, 4.187437314637555, 25.0, 0.0
40, 0 ,1.0,1.0,1.0,111.02028943253201,171.41790134909485,170.43349943014658,12.690028145967606,10.381949991046742,13.22151204753014,59.0,49.0,61.0,-0.5281165102685317,0.1319684268126409,0.8388547466077694,13.531958301444094,0.8256321730809615,-0.15118357818779152,0.5435761588406409,12.459058687921363,-0.19855595270703277,-0.9796570114131441,0.029114835284950364,10.260996146765654,61.50381401999651,64.64660262845939,48.03706552102241,20.25667734112273,5.770364276427979,75458.0,190995.97898363892, 0.0, 0.0,0.0,NaN, 213.65003821453462,213.65003821453462,0.0, 161.03681434545, -11.657674560225088, -12.065051917988265, -11.657674560225088, 107.78488561659543, 4.511437209702903, -12.065051917988265, 4.511437209702903, 174.80838082298465, 5.883990251093233, 4.315209034835337, 22.0, 0.0
41, 0 ,1.0,1.0,1.0,221.2880292669752,191.76446468689002,233.16843242446936,12.08104847653292,12.64125220633371,12.404051934864174,58.0,62.0,62.0,-0.37730429278181343,-0.7976540911506038,0.47052037311801903,13.337230746439367,-0.6498444414168345,-0.13394405584531582,-0.7481718999423518,12.447686743099405,0.6598057840062159,-0.5880535186310946,-0.46781341004457255,11.259967353468783,68.09752126764629,67.59642167786848,53.031343793197294,20.640272646303867,5.795915727951417,81457.0,244111.16457262647, 0.0, 0.0,-2.8421709430404007E-14,61.93191961889342, 149.58931735185755,149.58931735185755,0.0, 145.9517322923384, 17.828377297423007, 4.6194708675386895, 17.828377297423007, 159.8012573441369, -16.354732625853106, 4.6194708675386895, -16.354732625853106, 153.8605044028077, 5.788004205708509, 4.258322573629008, 30.0, 0.0
42, 0 ,1.0,1.0,1.0,234.4671059979895,160.54784509581785,16.42475786248823,12.490113490040628,12.104817050147052,10.107522143857603,59.0,59.0,42.0,0.9325564057869428,0.2713466884150989,-0.23813761717103205,12.642121550109254,0.29515425488859964,-0.9528761988046937,0.070077925002621,12.100520435543954,0.20790025456187755,0.1356389488225137,0.9686999327528774,9.921980780138796,66.99252946760407,59.792426030235866,46.89429385882569,19.275801981784063,5.756300257912064,62671.0,187841.93418313106, 0.0, 0.0,0.0,NaN, 154.9555948474921,154.9555948474921,0.0, 156.0029349940949, 2.0380619850494277, -12.638179726930705, 2.0380619850494277, 146.52659581753076, -7.169769693329836, -12.638179726930705, -7.169769693329836, 102.16200388857177, 5.975217876057074, 4.378107100115439, 19.0, 0.0
43, 0 ,1.0,1.0,1.0,23.61513097845929,59.377099306316175,105.19095700985761,11.492276906751751,14.04194615264619,13.485243950532237,51.0,72.0,72.0,-0.3371084455155923,-0.9409127875256472,-0.03226487614693703,14.377243199278336,0.039624104138994864,-0.04842030314572027,0.9980407830416842,13.490639202595363,-0.9406316103200245,0.3351695101198687,0.05360571940347575,11.063363708874581,76.38148078066425,71.77968817072326,60.84240028168866,21.650485740189612,6.508221867349756,87648.0,333576.9088778029, 0.0, 0.0,0.0,NaN, 123.07904683499801,123.07904683499801,0.0, 132.0724285014596, 26.626993096247944, 3.2739315536410296, 26.626993096247944, 197.17625175381517, -0.3207319173261749, 3.2739315536410296, -0.3207319173261749, 181.8518044053663, 5.516968149779886, 4.047583751484227, 23.0, 0.0
44, 0 ,1.0,1.0,1.0,112.11425776154448,212.97528045917036,151.745303939473,11.395334232395538,13.057167324096802,11.683133902564679,56.0,61.0,55.0,-0.07245138211700267,0.9359709496332511,0.3445419839032191,13.26694685137063,-0.38250703584298157,-0.34511050217008393,0.8570805731216458,11.46960212336931,-0.9211075750203948,0.06969306087798459,-0.383019206444671,11.369926427080875,62.28912910850741,56.14629593343757,50.328134362106894,20.14157727726137,5.581733007487339,76660.0,176012.779394682, 1.4210854715202004E-14, 0.0,-2.8421709430404007E-14,70.01548448444798, 205.2373345874998,205.2373345874998,0.0, 129.8536422680056, -2.8688035682477495, -1.9130070076420507, -2.8688035682477495, 170.48961852946127, 14.398321823184167, -1.9130070076420507, 14.398321823184167, 136.49561778525617, 6.332821939932656, 4.3879984910779255, 17.0, 0.0
45, 0 ,1.0,1.0,1.0,180.86970401900615,9.77588596317561,142.50423183528014,12.966189863633298,6.37387033962697,12.327791472702312,65.0,26.0,58.0,0.8316822493734601,-0.006616881669067284,0.555212439480673,13.458830187000945,-0.5550172800919444,0.019156442466855186,0.8316182113875061,11.789770198846401,0.01613861445238646,0.9997946027004707,-0.012259589494171419,6.370553660119397,66.0442713944729,56.1593119382959,26.489688726797894,17.9638709451198,6.166205149659496,40408.0,98250.27771200387, 0.0, 1.7763568394002505E-15,0.0,89.62087784026528, 185.99745013802604,185.99745013802604,0.0, 168.12207957978688, -1.8198614235765218, 19.47871165642331, -1.8198614235765218, 40.62622310637643, 1.0514582137273336, 19.47871165642331, 1.0514582137273336, 151.97444259443185, 5.595376373493059, 4.181579604736483, 16.0, 0.0
46, 0 ,1.0,1.0,1.0,89.11726348364279,18.4558465959328,218.280117152962,12.783665024181413,10.77009929209636,12.489625637768718,61.0,43.0,58.0,-0.7575635182903346,0.010665218528261584,0.6526743206755684,13.620994179214309,-0.5938099710024677,0.40397483029396863,-0.6958405383613464,11.757004932226168,0.27108528933459086,0.9147079258444764,0.29970348063323776,10.566419988677474,67.05806368881386,62.30350565178125,54.18389362153191,20.034424958432428,5.833497695947194,72384.0,226377.7311084349, 0.0, 0.0,0.0,NaN, 122.3137121377617,122.3137121377617,1.9073486328125E-6, 163.42209145047917, -6.972566118289618, -25.54858303484694, -6.972566118289618, 115.99503876161452, -6.95682396080811, -25.54858303484694, -6.95682396080811, 155.99074857160966, 6.312481875372449, 4.600795727881223, 18.0, 0.0
47, 0 ,1.0,1.0,1.0,9.149710867397806,211.9533000997009,283.10464606181455,5.999793899430524,11.482118942531557,9.454403161064658,24.0,53.0,37.0,0.1965231771452769,0.9794513446489508,0.04531781448931516,11.652425276335434,-0.14453365637202553,0.07465239210784955,-0.9866798075000363,9.526788288576281,-0.969787947450606,0.18735550116806748,0.15623460935913946,5.5392789659034145,55.79562905173589,40.620891045729536,27.711091434173824,15.213246726020138,5.077346298144069,25075.0,62806.306651014995, 0.0, 0.0,0.0,NaN, 90.1187636232703,90.1187636232703,0.0, 35.99752683564373, 19.58106924928104, 9.50333633834294, 19.58106924928104, 131.839055410442, 0.23974239435232325, 9.50333633834294, 0.23974239435232325, 89.38573913194939, 7.313827721333337, 4.513125916241664, 9.0, 0.0
48, 0 ,1.0,1.0,1.0,20.82630340828273,259.734791290552,15.089802505607528,12.594949332606625,15.989051461660639,9.658583322945002,49.0,74.0,37.0,0.41593797128091703,-0.8980090842535701,0.1434408890267322,16.94146236022513,0.9085327093127533,0.4034833998740375,-0.10848715193475988,11.482929207747443,0.03954643037675127,0.17544466541947537,0.9836946930934949,9.41806440027711,79.45156679739145,56.0870445851983,43.61439572937912,21.307469837896626,7.318638961442917,73116.0,194354.6259233935, 0.0, 0.0,0.0,NaN, 47.77786187898634,47.77786187898634,0.0, 158.63274869092805, -58.2525049320252, 7.578060777685071, -58.2525049320252, 255.6497666436322, -27.434099781357986, 7.578060777685071, -27.434099781357986, 93.28823180627133, 7.545646481304404, 5.009038002452366, 10.0, 0.0
49, 0 ,1.0,1.0,1.0,14.043370219374879,142.6400504756358,238.61756940399923,8.084264420210296,11.158531106748601,13.576919430020354,34.0,53.0,65.0,-0.11522582390750721,0.13104259725789158,0.9846577309952647,13.689710440974977,0.18045607949935227,0.9775273563732371,-0.10897646954124618,11.188270504972154,-0.9768104283209516,0.16513057029471204,-0.13628382837880543,7.849542664082374,66.31899330940425,53.9744228417738,35.61491987109977,18.46142108123616,5.777267567519372,51510.0,127484.65230573958, 0.0, 0.0,0.0,NaN, 155.92050228460403,155.92050228460403,0.0, 65.35533121587811, 9.312990239515273, -15.522183072190474, 9.312990239515273, 124.51281646027616, 9.46020878119879, -15.522183072190474, 9.46020878119879, 184.3327412092642, 6.021790879168711, 4.276161231853857, 15.0, 0.0
