// Sample: .//bubblelabels.tif, Map: .//bubblelabels.tif, Thickness:(8.191250068658265):/gpfs/home/mader/Foam/NewValid/InSilicoTest/LatticeDataPhi_16.0/out_Step_05000.vtk/distmap.tif, Neighbors:(1.0):
//LACUNA_NUMBER, TRIANGLES, SCALE_X, SCALE_Y, SCALE_Z, POS_X, POS_Y, POS_Z , STD_X, STD_Y, STD_Z,PROJ_X, PROJ_Y, PROJ_Z, PCA1_X, PCA1_Y, PCA1_Z, PCA1_S, PCA2_X, PCA2_Y, PCA2_Z, PCA2_S, PCA3_X, PCA3_Y, PCA3_Z, PCA3_S,PROJ_PCA1, PROJ_PCA2, PROJ_PCA3,OBJ_RADIUS, OBJ_RADIUS_STD, VOLUME, VOLUME_BOX, Mask_Grad_X,Mask_Grad_Y,Mask_Grad_Z,Mask_Angle, Mask_Distance_Mean,Mask_Distance_COV, Mask_Distance_STD, SHAPET_XX, SHAPET_XY, SHAPET_XZ, SHAPET_YX, SHAPET_YY, SHAPET_YZ, SHAPET_ZX, SHAPET_ZY, SHAPET_ZZ, Thickness, Thickness_STD, Neighbors, Neighbors_STD
1, 0 ,1.0,1.0,1.0,129.74676628636175,15.1439437283344,180.4003186035293,21.479815085613698,9.467789410116875,11.415696276790163,86.0,38.0,47.0,-0.98444093861179,-0.04503559174854782,0.16984650087945988,21.737919693393767,0.14335951941972985,0.3530845890316029,0.9245427633052612,11.185589748488406,0.1016075124037699,-0.9345068584361711,0.34113464344577415,9.147952956398193,87.32372664094662,55.82867448952652,46.1660556608984,24.390213398805923,9.298231244224151,89139.0,225067.27308235175, 0.0, -1.7763568394002505E-15,-2.8421709430404007E-14,80.50870203561644, 74.49163301816652,74.49163301816652,0.0, 461.3824561121578, 19.336937163078964, -59.52603919903287, 19.336937163078964, 89.63903631432126, 10.550875733383814, -59.52603919903287, 10.550875733383814, 130.3181214839208, 11.063388533443325, 6.4615516360643355, 11.0, 0.0
2, 0 ,1.0,1.0,1.0,180.76537329548424,165.71312760140017,92.18960833144668,11.331812764295927,16.210827555995223,15.45491092726536,49.0,67.0,80.0,0.15292646269675103,0.8993246682315577,0.409668937213035,16.552028788208037,0.07477531796070516,0.40282645135583733,-0.9122168064182651,15.224206733997455,-0.9854045609956021,0.17013521445680102,-0.005644463730387374,11.149397053644613,81.55753750659221,84.31712046162383,54.85954769492834,23.97291556223105,7.4400606039925075,114842.0,377252.47139249084, 0.0, 0.0,0.0,NaN, 100.22217502950872,100.22217502950872,0.0, 128.4099805250601, 23.819980697129562, 2.045627875610277, 23.819980697129562, 262.79093005021406, 15.64824407864254, 2.045627875610277, 15.64824407864254, 238.85427176970623, 7.843816950289237, 5.532367799083797, 16.0, 0.0
3, 0 ,1.0,1.0,1.0,169.59566666666666,62.6898085106383,169.6320070921986,15.42440075559003,14.91105833509334,14.518515190859446,66.0,73.0,63.0,-0.8093776852051072,-0.5652141625934722,-0.1595014517043082,16.07184662010215,0.2320972080705195,-0.5573250943737738,0.7971948476922905,14.724760491025288,-0.5394799798860865,0.6082118788588597,0.5822711238908246,13.997008872993945,78.71569354563783,75.35976880372402,74.52724789097084,24.90746563952837,7.117389837908583,141000.0,442095.3711713598, 0.0, -7.105427357601002E-15,0.0,55.582835537152526, 76.00427994391646,76.00427994391646,0.0, 237.91213866904627, 25.836955127659678, 11.921584087470338, 25.836955127659678, 222.33966067255656, -3.6623964950959844, 11.921584087470338, -3.6623964950959844, 210.78728334721652, 8.005189694939777, 5.526924997782459, 16.0, 0.0
4, 0 ,1.0,1.0,1.0,16.015293016587346,44.42977757422489,15.885043509428701,10.044533601376475,11.950076954002112,10.454371331147046,44.0,57.0,41.0,0.16924095043483683,0.9212120027192534,-0.3503226323575101,12.154248879305905,0.617148294910452,-0.3761912778639482,-0.6910919653332774,10.821035042114184,-0.7684305321790874,-0.09923995417709525,-0.6321913861402203,9.389904642885924,56.10100915407286,61.2842574080611,47.73485924921538,17.993386820733818,5.406376339538476,50219.0,164117.63420256384, 0.0, 0.0,-1.7763568394002505E-15,69.49294998453801, 49.827997682012985,49.827997682012985,0.0, 100.89265526918106, 2.5698227926278956, -15.867454816209914, 2.5698227926278956, 142.8043392065724, -11.699952091121233, -15.867454816209914, -11.699952091121233, 109.29387992950926, 9.555833146960298, 5.8882129811124875, 7.0, 0.0
5, 0 ,1.0,1.0,1.0,29.97815344603381,108.49428550787458,173.26927467129028,16.45970195041985,14.438864757589853,14.079101960545508,74.0,71.0,64.0,-0.9975631867853842,0.014630890813119713,-0.06821748606188076,16.46966897945459,-0.05041828148217034,-0.8270208112527933,0.5599058623082598,14.748814397816126,-0.04822535912746496,0.5619808847183201,0.8257431803825216,13.74213205314315,75.87113737197859,77.99327843066253,72.48539257530638,24.955025778435672,7.407455986882476,138420.0,428927.8702472219, 0.0, 0.0,0.0,NaN, 99.93256298798326,99.93256298798326,0.0, 270.92178829665494, -0.006778504726106769, 4.798022587819245, -0.006778504726106769, 208.48081548797026, -13.36324594520293, 4.798022587819245, -13.36324594520293, 198.22111201543638, 7.50061891065514, 5.161566704707139, 18.0, 0.0
6, 0 ,1.0,1.0,1.0,48.714162942591955,12.90147817119285,24.193136243840954,19.862517839541905,8.319281088458002,13.970490469977248,85.0,35.0,61.0,-0.9823601329990468,-0.02597586802654287,0.18518591570192955,20.05082321118324,-0.18620052975323723,0.0444674324426307,-0.9815049720564706,13.715670874594265,-0.017260701425732175,0.9986730704951583,0.04851975323581131,8.291532894483538,87.13223174856329,68.1692975202543,35.67293117134733,24.111832666843572,8.804781778824355,87270.0,211888.04427296357, 0.0, 0.0,0.0,NaN, 55.90013999546168,55.90013999546168,1.1680077279964342E-6, 394.5196149261204, 7.516309991754539, -38.81544879566123, 7.516309991754539, 69.21043782877496, -6.813136410856572, -38.81544879566123, -6.813136410856572, 195.17460397172513, 7.640793164174991, 5.082292304998852, 10.0, 0.0
7, 0 ,1.0,1.0,1.0,161.49130235557666,175.9587604371733,138.54012796144187,15.362316651522143,14.136898787779417,14.715042796840317,73.0,59.0,79.0,0.8046547946142243,-0.4335239562338377,0.4056940237120856,16.66293754935545,-0.09998249226089001,0.5745899503423088,0.8123114490187396,14.727763031744534,0.5852641820115441,0.6941926017590396,-0.4190017528810275,12.562829022853693,89.48886079712055,83.15603567991388,73.75036120290584,24.33379562451267,7.762187530257705,117848.0,548816.18188374, 0.0, 0.0,0.0,NaN, 76.40822511341811,76.40822511341811,0.0, 236.00077290163452, -45.194956813453615, 34.31886948578185, -45.194956813453615, 199.85190733591915, 6.501179671208174, 34.31886948578185, 6.501179671208174, 216.5324845128421, 7.667391441387415, 5.038012118375227, 20.0, 0.0
8, 0 ,1.0,1.0,1.0,88.7305991281937,123.68168464369425,79.44955296064144,13.739528170379788,12.429340374264223,12.740405048585014,74.0,60.0,63.0,-0.9036555381013529,-0.34705170679574254,-0.2509218628755098,13.840689029703743,0.41156225182760325,-0.5417367447449257,-0.7328968633196369,13.410610209439621,0.11841951414081466,-0.7655562763137223,0.6323767915312202,11.583260261234622,71.20162852844567,71.71541198541864,57.911354043444625,21.646696396284405,6.082893424438212,94287.0,295710.09040788026, 0.0, 0.0,0.0,NaN, 141.45612728375718,141.45612728375718,0.0, 188.7746343446598, 7.8161620545193795, -0.7627022309200778, 7.8161620545193795, 154.48850213931468, 23.131624009754752, -0.7627022309200778, 23.131624009754752, 162.31792080201052, 7.335621783477077, 4.966611827890024, 22.0, 0.0
9, 0 ,1.0,1.0,1.0,171.70976537358843,38.5440875314493,16.24185828798783,15.281519710565156,13.908075909708705,10.950386393994755,69.0,69.0,50.0,0.8126811938636098,0.48806736592578814,0.31833869299643824,16.478980093516334,0.5254434490577067,-0.8499683409228718,-0.03824919961466303,13.138384835935486,-0.25190962463303973,-0.19835338602374286,0.9472050861720268,10.133925267770108,88.37348203920266,74.76540713748889,56.081861760277064,22.164810720637753,7.4559739853829825,85455.0,370548.5279492851, 0.0, 0.0,0.0,NaN, 50.4953663170842,50.4953663170842,NaN, 233.5248446643914, 35.749990743140174, 42.280247724049765, 35.749990743140174, 193.43457551021962, 28.50911940670545, 42.280247724049765, 28.50911940670545, 119.91096217778546, 7.662547370054355, 5.030653852069015, 11.0, 0.0
10, 0 ,1.0,1.0,1.0,76.1593446413473,54.710118544337654,43.13428122789157,12.743925659895105,14.418325490831224,16.525902855166205,64.0,69.0,80.0,-0.21311600208536863,0.553632360688016,0.805029675759946,18.317333725863858,0.701074275549342,-0.4872314291784808,0.5206730207948753,12.718014828128846,-0.6804971931008347,-0.6753493493146414,0.2843005919131646,12.088366323440985,89.26672672456817,65.22368164491037,62.64303685740426,24.182036651907968,7.657043798274039,115906.0,364726.83948328346, 0.0, 0.0,0.0,NaN, 103.21825935551244,103.21825935551244,0.0, 162.4076412249329, -27.681778159848196, -26.792168136230593, -27.681778159848196, 207.88810995955345, 80.44961188356122, -26.792168136230593, 80.44961188356122, 273.1054651783905, 7.545635754834024, 4.7923422654672505, 18.0, 0.0
11, 0 ,1.0,1.0,1.0,60.13718065232758,73.82146824194689,139.09830354438049,12.349602709115166,15.39406557600294,12.011822248315465,63.0,70.0,60.0,-0.009884985418113803,0.9749017109054002,0.22241614405659857,15.560938099244192,-0.8447939084139623,0.1108623965878288,-0.5234814049509925,12.706737928370721,-0.5350005040838236,-0.193070409686531,0.8224951535015441,11.409199465676155,69.39604658646547,65.66831081334584,54.20362120412801,22.20646686601405,6.375472146042787,99030.0,247012.468945937, -7.105427357601002E-15, 0.0,0.0,89.43362283100893, 113.0270158032135,113.0270158032135,0.0, 152.51268707298462, -4.0096904581122015, 13.591917058968372, -4.0096904581122015, 236.97725495827873, 22.46355656533021, 13.591917058968372, 22.46355656533021, 144.28387372512637, 8.015646408341647, 5.156096381806423, 21.0, 0.0
12, 0 ,1.0,1.0,1.0,41.1483304246655,55.019709133216985,176.8191390343223,13.408184287230885,12.226382470052064,12.437345251642222,70.0,60.0,50.0,0.8150417407500431,0.26091484397228654,0.5173300735797765,13.98618512869322,-0.5045442142063318,0.7585735170950337,0.4123122058258599,12.347099627216506,-0.28485451856352,-0.5970675534284112,0.7499121547867836,11.657064271693779,73.82550279690615,67.47132874384924,61.950238061586774,21.144936108298822,6.069849097699265,85950.0,308580.62624244165, 0.0, 0.0,2.8421709430404007E-14,58.84667208883021, 72.51003933905521,72.51003933905521,0.0, 179.7794058803452, 6.361672231071713, 21.737554350802178, 6.361672231071713, 149.48442830399642, 13.242412780405576, 21.737554350802178, 13.242412780405576, 154.68755690854732, 7.426032998651665, 4.904440912280366, 11.0, 0.0
13, 0 ,1.0,1.0,1.0,78.6587641382836,185.95627516135215,27.53885232283213,12.3488621273332,8.159374571470307,14.998215174426889,59.0,33.0,60.0,-0.22052669087881605,0.02017872738750265,0.9751721886780101,15.130136043534977,0.9753809374011652,0.004485804892256563,0.22048107517175608,12.189652204743592,-7.459533522998478E-5,-0.9997863254293338,0.020671185743602234,8.15521980619548,63.06584942507561,60.90911488907851,33.015261022286666,20.056589066352853,6.461383960053256,62596.0,126821.02918794083, 0.0, 0.0,0.0,NaN, 84.51518070953017,84.51518070953017,0.0, 152.49439583988428, -0.363600909858752, -17.275690369740982, -0.363600909858752, 66.57539339755627, 3.277107783366572, -17.275690369740982, 3.277107783366572, 224.946458418409, 7.260889940618939, 4.902697460008631, 10.0, 0.0
14, 0 ,1.0,1.0,1.0,183.65075095674777,19.196097191132935,176.92077045274027,9.519744426778932,11.480609939448911,12.412473011929906,37.0,45.0,53.0,0.10694513538977826,0.5371157260594053,0.8367015207564404,13.008954593090538,-0.1947847125367238,-0.8139025570062575,0.5473769665054072,10.895299428750812,-0.9749982839874377,0.22151596899174977,-0.01757901314631402,9.410577854607064,70.8681812513397,58.03347357258255,41.9493542491457,18.564480243152335,5.644421857592385,55396.0,172526.230266053, -2.8421709430404007E-14, 0.0,0.0,83.86075426123892, 34.18243595978514,34.18243595978514,0.0, 90.62553395118852, 9.413692186382645, 4.004335077427296, 9.413692186382645, 131.80440458177313, 22.82377194331516, 4.004335077427296, 22.82377194331516, 154.06948627188828, 7.962454123362922, 5.193954717033048, 3.0, 0.0
15, 0 ,1.0,1.0,1.0,184.77442232308644,14.468640396121312,97.20989787497422,8.444563504199502,8.634943634208325,13.567736370469879,35.0,31.0,68.0,-0.21787532457586192,-0.12022326785068828,0.9685436019138555,13.865463971695934,0.5266729458338221,-0.8499690354084362,0.012971005110503158,8.797707039045267,0.8216726544480397,0.512931773936997,0.24850562210573587,7.7656702393109365,71.23506603273952,40.99309357831248,42.651895045394525,17.232354268860306,5.744766393291495,38776.0,124549.74910524148, 0.0, 0.0,0.0,NaN, 99.45312471396221,99.45312471396221,0.0, 71.31065277645817, -4.1960955863195455, -27.726584054249773, -4.1960955863195455, 74.56225156595487, -15.552384572519891, -27.726584054249773, -15.552384572519891, 184.08347021857116, 7.888716498068191, 5.358741351035707, 8.0, 0.0
16, 0 ,1.0,1.0,1.0,101.12552330128352,85.08324515802549,13.839823802732667,14.451192354510143,17.20498794130665,9.426988261089331,74.0,83.0,38.0,-0.14521907509295498,0.9800042608507976,0.1360259862799317,17.39098154653524,0.9870514100806004,0.1340323936432191,0.08811828023836922,14.401598746475244,-0.06812440155366754,-0.1470610967202087,0.9867786477951396,9.157750411311126,86.49469564345841,72.66336159901167,42.57925309454019,22.98332891987169,8.092173376993642,86948.0,267610.40753266204, -1.4210854715202004E-14, 0.0,0.0,81.65003445533283, 131.17492699428647,131.17492699428647,0.0, 208.83696046705242, -14.763370493337352, 6.427544774083167, -14.763370493337352, 296.0116100605072, 30.59739563090426, 6.427544774083167, 30.59739563090426, 88.86810767471606, 7.670514930168008, 4.863602710324539, 15.0, 0.0
17, 0 ,1.0,1.0,1.0,77.26389676214612,123.56166149810485,126.40213633887981,11.069751760443996,13.737097802054087,14.03731480900658,57.0,62.0,65.0,0.04903590244047998,-0.666840060877945,0.7435857808485491,14.854035427361888,0.40951945213322777,-0.6656032453168683,-0.6239119634597127,13.275914010079436,-0.9109826006002248,-0.33510692775881507,-0.24044552058979946,10.554676964638096,69.98023364785784,62.222178004486466,56.040336652023626,21.637201304062348,6.334428690538195,89967.0,244017.70186431648, 0.0, 0.0,1.4210854715202004E-14,41.96222839658978, 131.2599515133337,131.2599515133337,0.0, 122.53940403785295, -21.248379597941383, -12.585909510794384, -21.248379597941383, 188.70785602319924, -27.23731314081829, -12.585909510794384, -27.23731314081829, 197.0462070471554, 7.262391863082712, 4.596787759395935, 18.0, 0.0
18, 0 ,1.0,1.0,1.0,182.9547776648631,150.05436842538933,35.60100524595567,10.551813518558912,15.158397089613132,11.459085132533705,43.0,76.0,52.0,-0.11317954951843015,-0.9772869294219976,0.1791665346869481,15.332532225112947,-0.30742208804333676,-0.1370315651138947,-0.9416549314613667,11.389596509786585,-0.9448185272071458,0.16165583114555632,0.2849304176509755,10.373955361462668,75.93507951639168,55.48321982368509,50.38932034103581,20.72130868793124,6.561689507361966,72818.0,212296.38982679526, 0.0, 0.0,0.0,NaN, 63.65954203702348,63.65954203702348,1.1680077279964342E-6, 111.3407685304426, 15.030212793880876, 3.813989813987327, 15.030212793880876, 229.77700232639185, -19.466991400048656, 3.813989813987327, -19.466991400048656, 131.310632074655, 7.799694049391191, 5.166669218675788, 13.0, 0.0
19, 0 ,1.0,1.0,1.0,187.12386036000936,56.17347853190992,94.67914751032494,8.208178920853115,13.225822884713695,13.504791885516024,34.0,60.0,70.0,-0.11551104205803635,0.6570893239314731,0.7449099405551967,14.896244276771187,-0.16211367992523434,-0.7523457566311124,0.6385099977762743,11.81206863305938,-0.9799879356113346,0.04700513646867897,-0.19342741067851704,7.953171512064233,85.47486078580066,57.78882209781155,38.48227388041792,19.417211913814622,6.902744203529333,51332.0,190082.86564832967, 0.0, -7.105427357601002E-15,-1.4210854715202004E-14,9.941870729590706, 110.83950394911263,110.83950394911263,0.0, 67.37420119673742, -2.7387784716330654, -21.545683391844207, -2.7387784716330654, 174.9223909778165, 41.01284172486011, -21.545683391844207, 41.01284172486011, 182.37940387109947, 7.977813123123366, 5.1142600300134475, 11.0, 0.0
20, 0 ,1.0,1.0,1.0,156.3001398874394,187.49848726373662,10.391717362308468,17.57272805552006,7.586937549623205,6.567673503585552,81.0,30.0,25.0,-0.9938241826563076,-0.1109407443446177,0.002375965442552232,17.662697350418682,-0.1079834802193141,0.961958065402232,-0.2509506891947504,7.429963047572274,0.025555077132480303,-0.24965742859337753,-0.9679969557704694,6.5054976261672355,81.15827536490096,37.40622686444323,30.59976775336162,18.343609697482794,8.544513515190069,30739.0,92895.53566281054, 0.0, 0.0,0.0,NaN, 46.62567301702383,46.62567301702383,0.0, 308.8007713132618, 28.392138862837026, -0.2876145738201649, 28.392138862837026, 57.561621381882574, -3.1810496484156956, -0.2876145738201649, -3.1810496484156956, 43.134335249699724, 7.403843724610124, 4.984093654242193, 4.0, 0.0
21, 0 ,1.0,1.0,1.0,19.16095895070547,84.98191762929099,25.448616950351717,11.415718255347922,11.233510087898363,13.872492990448999,45.0,51.0,58.0,-0.13848616345378334,-0.34667952781257905,0.9277040948101389,14.323495849887422,0.9548218817953289,-0.29543661132104443,0.03213071328129589,11.40162735700315,0.2629386935707233,0.8902418287672087,0.37193108197156094,10.66755802425043,66.35329474772095,51.496255504029406,51.594025293820934,20.326114476026255,5.983770070608999,73497.0,176294.0096952277, 0.0, 0.0,0.0,NaN, 90.75627127944352,90.75627127944352,0.0, 130.31862328548382, -0.1834372226691275, -11.241127372854193, -0.1834372226691275, 126.19174889491428, -29.538468074520253, -11.241127372854193, -29.538468074520253, 192.44606177005662, 8.02760408279886, 4.925652418124906, 10.0, 0.0
22, 0 ,1.0,1.0,1.0,66.44138823903513,188.8823676380403,74.57192177527426,14.368980855916845,6.757404850756157,11.231428201150061,70.0,26.0,51.0,0.99576154601696,0.005080981118406359,0.0918320592428869,14.392893187852996,0.09196034316296603,-0.07124671397879796,-0.9932105522156789,11.21920845373338,0.001496248396552073,0.9974457826759798,-0.0714119868274092,6.726744974134885,70.72870381621416,50.63302453381545,28.114444476501006,18.429096175109365,6.216391619007079,44027.0,100683.67897318075, 0.0, 0.0,0.0,NaN, 100.49393682070334,100.49393682070334,NaN, 206.4676108377048, 0.29093396529318266, 7.4415209789696295, 0.29093396529318266, 45.66252031702284, 5.7805660815896385, 7.4415209789696295, 5.7805660815896385, 126.14497943758889, 6.837300934249658, 4.693491152161645, 9.0, 0.0
23, 0 ,1.0,1.0,1.0,113.92683852509269,83.69094677838437,64.76517385338511,11.334761759394258,12.229611870077942,11.189227195842102,54.0,54.0,55.0,0.40614050293472986,-0.8990231969977842,0.16372899296033766,12.51161390657565,0.6109984459225853,0.13393041551728566,-0.7802201887156935,11.281755408737192,-0.6795077563619935,-0.41691718009605755,-0.6036963425304488,10.92797091071174,59.52407841980047,52.18931280296117,51.27957268744619,19.368946485994083,5.299334665577487,68506.0,159301.05650002105, 0.0, 0.0,0.0,NaN, 136.40854607834154,136.40854607834154,0.0, 128.47682414222643, -12.910606001616436, -1.277391011690015, -12.910606001616436, 149.5634064927513, -6.284978529999265, -1.277391011690015, -6.284978529999265, 125.19880524017252, 6.964035554776309, 4.510388414322213, 14.0, 0.0
24, 0 ,1.0,1.0,1.0,49.880736570937884,85.27232952144698,77.27889923262502,12.932821580929472,11.66249333618685,11.745755761724682,62.0,59.0,57.0,-0.8445659901155581,-0.08451614618859399,0.5287393586385974,13.648979349273345,0.1098252099477087,-0.9938127820909922,0.016570377560692472,11.650687118177586,0.5240674685573121,0.07206368840123566,0.8486224797953099,10.917932756354887,65.10499229134714,60.84186128690627,54.10714188982823,20.17245696317175,5.857165128604683,73367.0,214324.28183850413, 0.0, 0.0,0.0,NaN, 125.42522206270854,125.42522206270854,0.0, 167.2578740441551, 2.98411933584125, -29.930808561265565, 2.98411933584125, 136.01375081660268, -3.2705358903572255, -29.930808561265565, -3.2705358903572255, 137.96277841408858, 7.039765704009922, 4.447424259126001, 15.0, 0.0
25, 0 ,1.0,1.0,1.0,102.43209594977127,20.886166972994005,103.72197104871276,11.633825113260597,12.615153657777613,11.832057592581037,56.0,51.0,61.0,-0.07568305532159318,-0.9331740110135681,0.35136639040471435,12.76328583549938,-0.6721147447912258,-0.21255466357069627,-0.7092829370769986,11.933828482755947,-0.7365689682381511,0.2898392315805394,0.6111132258963053,11.36520338027135,64.10477438552299,60.86711940228258,58.26411535793578,20.048789688284042,5.703648611585417,74539.0,227339.1760658407, 0.0, 0.0,0.0,NaN, 138.65491960375343,138.65491960375343,0.0, 135.34588676593296, 4.2751356220744565, 5.418717134159232, 4.2751356220744565, 159.1421018093399, -9.063430897270846, 5.418717134159232, -9.063430897270846, 139.99758687415456, 7.311398576328891, 4.789751720401434, 13.0, 0.0
26, 0 ,1.0,1.0,1.0,143.1600447061046,72.81582344237005,113.28295501054686,12.691120429488022,9.989416946840818,11.559075900696936,59.0,47.0,58.0,-0.8530656218316727,0.2755967641380195,0.44308629909487657,13.117120959714843,0.5145636422768566,0.30334379300324765,0.8020017464402297,11.52711499529318,0.08662160755675624,0.9121562184423547,-0.40058423616166855,9.462134113674793,60.67477941350456,58.19087247245665,44.46830864417248,19.12502642239011,5.35710637513775,63526.0,157005.07337438993, 0.0, 0.0,0.0,NaN, 126.69952862226944,126.69952862226944,0.0, 161.0645377557682, -12.636943565446822, -13.307068028716493, -12.636943565446822, 99.78845093783053, 20.622053546947342, -13.307068028716493, 20.622053546947342, 133.61223567807266, 6.722043971294619, 4.557109635828762, 16.0, 0.0
27, 0 ,1.0,1.0,1.0,41.136227705944364,174.35427378929026,187.0429637916568,11.759224897834228,13.32914086837773,7.115300980434156,63.0,60.0,30.0,-0.1852215335424592,-0.9807223030021934,0.06226353592796651,13.412277257110729,0.9766893612057136,-0.17672417054247483,0.12184604734520034,11.742532774116539,-0.10849366442218773,0.0833806448772597,0.9905941615213052,6.98545756241194,63.31944705827203,62.92104351839844,33.26397290496644,18.237097455049145,5.829335377563333,46481.0,132527.8487997115, 0.0, 0.0,0.0,NaN, 50.17745798717095,50.17745798717095,0.0, 138.2793701978444, 8.435656254517193, 9.09044455306979, 8.435656254517193, 177.6659962890574, -9.923333937678173, 9.09044455306979, -9.923333937678173, 50.62750804216726, 7.428853320975032, 4.893595367860121, 9.0, 0.0
28, 0 ,1.0,1.0,1.0,137.127899967542,141.1627845870879,18.33493562497102,10.539434821631449,13.307610543618734,10.920343308422458,47.0,65.0,44.0,-0.15982779746100503,-0.9745475211490573,0.1572011583322196,13.450703412350261,-0.5298199520400115,-0.04967947823713134,-0.8466538654387674,11.0768951502741,-0.8329140973588355,0.21860713269313506,0.508394559330253,10.18857469210882,66.17783636379745,52.506825712549656,58.08717082218694,19.372772531771872,5.667606827055684,64699.0,201840.61109662228, 0.0, 0.0,0.0,NaN, 88.0391318926343,88.0391318926343,0.0, 111.07968635941754, 12.508538888419313, 6.536305162419516, 12.508538888419313, 177.0924983806325, -11.019359526456528, 6.536305162419516, -11.019359526456528, 119.25389797380716, 7.489209374175871, 4.689575851886044, 8.0, 0.0
29, 0 ,1.0,1.0,1.0,182.41024225274347,94.57407343501967,79.55671543929878,10.163515844455485,9.599832884290338,14.667934239369304,38.0,50.0,77.0,0.10420677347100574,-0.011362103432894035,0.9944907495639879,14.711926617106291,0.8099197538962724,0.5813009521427163,-0.0782252854681488,10.59825917774291,-0.577209615834113,0.8136093077414686,0.06977788865452951,9.04645003255585,76.82059687392177,55.561107220829314,49.07077683305354,19.291538343996066,6.199894265174731,57956.0,209445.72589160915, 0.0, 0.0,0.0,NaN, 124.83159021333192,124.83159021333192,NaN, 103.29705432049771, 14.193109082907755, 12.017815820885373, 14.193109082907755, 92.15679140630213, -2.907161974272139, 12.017815820885373, -2.907161974272139, 215.14829485046235, 7.322563780078944, 4.61135956401458, 12.0, 0.0
30, 0 ,1.0,1.0,1.0,59.856266651333065,10.779291970942825,109.14605255591972,11.906393146449314,7.066593253564658,15.376899130909916,59.0,29.0,72.0,0.1763743005887207,0.01054935509950172,0.9842666392796334,15.479718131868303,-0.9839475276714831,0.029512361969334405,0.17600080477136187,11.776589419867166,0.02719133834542973,0.9995087451333158,-0.015585234069745787,7.05961989381151,73.51281253696442,56.311839716273965,29.778281550677683,19.537047075531287,6.8155525395809216,52173.0,123271.41655805013, 7.105427357601002E-15, 0.0,-1.4210854715202004E-14,46.51111190229151, 109.33163110007104,109.33163110007104,0.0, 141.7621977578152, -2.2269581873747057, 17.55966204965867, -2.2269581873747057, 49.93674021132554, 2.432096969340717, 17.55966204965867, 2.432096969340717, 236.44902688217812, 6.757730900123994, 4.485253049025451, 13.0, 0.0
31, 0 ,1.0,1.0,1.0,56.59516534867002,147.93507368799425,20.940570333093696,11.440258429378497,12.135809852982746,12.268391188100914,54.0,62.0,49.0,-0.5115738101364555,0.40463737660933813,0.7579979091219071,13.9971295894549,-0.5097038926025025,-0.8531061316897666,0.11140857210816038,12.051714663930616,-0.6917327364295598,0.3293607771487604,-0.642672000189551,9.354536491895082,65.02410503528944,61.86855178192501,52.32133372488244,19.806542234697964,6.030895519582151,66768.0,210485.96350317277, 7.105427357601002E-15, 0.0,0.0,59.23128258404555, 79.70117175169467,79.70117175169467,0.0, 130.87951293096577, 2.6640912081611487, -45.31782266799282, 2.6640912081611487, 147.27788078775308, 27.764129109662633, -45.31782266799282, 27.764129109662633, 150.51342234427213, 7.248186114541659, 4.538456319780069, 11.0, 0.0
32, 0 ,1.0,1.0,1.0,12.507560483870968,103.44564327116936,109.76058467741936,8.676540693944713,14.331443926324205,13.462847019102625,35.0,72.0,65.0,-0.10172231686229741,0.8396115401638997,0.533577578123154,14.868608804083122,-0.10602275594593938,-0.5424547719696692,0.8333678633046524,12.968117592592073,-0.9891469787012417,-0.028200744510355147,-0.14419768560995538,8.524863143925522,70.08270133897098,63.526917152970995,40.64505234259306,20.39961472832306,6.765841575353613,63488.0,180957.38049450645, 0.0, 0.0,0.0,NaN, 132.74914293635638,132.74914293635638,0.0, 75.2823584136786, -7.182245601848475, -16.49267705149268, -7.182245601848475, 205.39028501337495, 23.31229173578741, -16.49267705149268, 23.31229173578741, 181.24824985976045, 7.110052572663276, 4.497016732333049, 16.0, 0.0
33, 0 ,1.0,1.0,1.0,22.459700414638096,177.89396222186252,99.98348918579023,12.837657896908512,13.04885826993727,11.85374366569777,52.0,59.0,60.0,-0.6794147161095659,-0.7337394846734281,0.004691712366552709,14.248226057145475,-0.17359153966439878,0.16694516008017213,0.9705644187186904,11.877019600289586,0.7129246951051015,-0.6586013074364324,0.24079596539875903,11.467949291737188,77.89583877348936,57.65385236592901,69.46442518116505,20.880002733026483,6.294035842593327,80311.0,311964.39926518215, 0.0, 0.0,0.0,NaN, 104.8323097080703,104.8323097080703,0.0, 164.80546027805747, 35.36599978497499, -1.8368646542837894, 35.36599978497499, 170.27270214891027, 1.30122142553565, -1.8368646542837894, 1.30122142553565, 140.51123889207, 7.104862619075119, 4.573624214089425, 9.0, 0.0
34, 0 ,1.0,1.0,1.0,31.752095945923774,39.975472100539776,104.10935013371396,10.119562325536275,11.719612570811009,11.602485917669348,45.0,55.0,54.0,0.2063719991775863,0.8430966811324512,-0.49658693520761565,11.924496198172017,-0.13412787887303534,-0.4783457606700203,-0.8678681036643989,11.495510895227396,-0.9692369731208498,0.24570982787114173,0.014365598597596197,10.001607851617134,58.15053636116929,57.999172467441895,47.761709886350815,18.659334236417067,5.118767995702013,60951.0,161085.10638692338, 3.552713678800501E-15, 0.0,0.0,78.0901736260585, 108.63356156547039,108.63356156547039,0.0, 102.40554166041315, 9.396193392055356, -0.5824632816456113, 9.396193392055356, 137.34931880991144, -4.319675174322112, -0.5824632816456113, -4.319675174322112, 134.61767946971554, 6.951502335992071, 4.4760446623959895, 11.0, 0.0
35, 0 ,1.0,1.0,1.0,90.65656367133211,74.80716802605534,100.47840186430446,11.734632564160336,12.746723226516664,10.574313727574355,56.0,56.0,53.0,0.1476318591928813,0.9790115379760603,0.14050353255702208,12.797415453779362,-0.9507737149456204,0.17961471052848474,-0.252523065739097,11.808831381667382,-0.2724594962921223,-0.09630661592807381,0.957335290589836,10.42949300499099,58.855926474445255,55.05271191365473,50.953574853300466,19.584316154375493,5.333969066642976,71233.0,165098.67083914322, 0.0, 0.0,0.0,NaN, 154.01062762113415,154.01062762113415,0.0, 137.7016014158522, 2.71094238048962, 8.505476720176599, 2.71094238048962, 162.4789530134194, 6.174151418697768, 8.505476720176599, 6.174151418697768, 111.81611080916745, 6.81825618132278, 4.448345977531893, 8.0, 0.0
36, 0 ,1.0,1.0,1.0,132.65649680839553,42.187046954452015,32.324813372281724,11.743486952890485,11.057293497948924,15.626407383300796,63.0,52.0,65.0,0.4702097440434321,0.06027184376696888,0.8804942370370971,16.97496357487956,0.3152618173663158,-0.943312360934327,-0.10378716789369284,11.195792884401605,0.8243256535602281,0.32638795099916856,-0.462556074789929,9.532191056754206,77.93297255869743,52.3989257605826,51.13873094448344,21.26463956819214,7.223083625171915,73944.0,208830.32845947804, 0.0, 0.0,0.0,NaN, 85.78920626983108,85.78920626983108,9.5367431640625E-7, 137.90948581270905, -4.663759160404125, 80.55175889397368, -4.663759160404125, 122.26373949978354, 13.845836122578735, 80.55175889397368, 13.845836122578735, 244.18460770887765, 6.517350899226288, 4.25108393647846, 11.0, 0.0
37, 0 ,1.0,1.0,1.0,18.240740440568622,131.43272332355372,16.51281344723064,11.042701933591792,13.748121483032927,9.870977361608455,51.0,56.0,42.0,-0.2781342127462461,0.9579044100235856,0.07113719812722719,13.982103611950276,0.9363956216498396,0.28689903873737616,-0.2021192255243912,10.80750822156607,-0.21402009124153779,0.010396289190665209,-0.9767739337820333,9.802389963944453,64.86282082315545,54.36099194824988,45.85160838901898,19.311351871393303,5.954829408052099,61693.0,161673.10500269764, 0.0, 0.0,0.0,NaN, 72.84826044997624,72.84826044997624,0.0, 121.94126599415189, -20.920830674491874, -5.887609701558838, -20.920830674491874, 189.01084431223148, 5.5729812492946476, -5.887609701558838, 5.5729812492946476, 97.4361940733866, 6.941250703563805, 4.42885092448549, 7.0, 0.0
38, 0 ,1.0,1.0,1.0,98.29297210300429,134.5263590844063,16.511105150214593,10.466327605981435,12.835944274869776,10.816443120021141,48.0,58.0,44.0,-0.06251827368398798,-0.9361886103707301,0.34589355482242784,13.180943105099672,-0.7138892298898418,-0.20024723250510953,-0.6710165521962431,11.432689198507754,0.6974622806309045,-0.28888047993273364,-0.655815854802986,9.319725173115001,65.64682233783749,62.29960553079856,47.02917606061875,18.866367553030067,5.9465196632905775,55920.0,192338.56680247217, 0.0, 0.0,0.0,NaN, 119.2515098976425,119.2515098976425,0.0, 109.5440135557291, 11.353409497856873, 19.126351293348517, 11.353409497856873, 164.7614654275622, -22.241646441193154, 19.126351293348517, -22.241646441193154, 116.99544176865267, 7.1162351847457055, 4.529029936353068, 7.0, 0.0
39, 0 ,1.0,1.0,1.0,145.81404979211874,103.43259180732471,82.94000430670354,9.510596752045432,12.857273308919783,11.112067271747755,45.0,62.0,49.0,-0.11896796384539751,0.9577889510258524,0.2617001124785335,13.035345531105945,0.0435637798661818,-0.25828296719729293,0.9650865795044157,10.957531879152857,-0.9919419441994833,-0.12621503138912954,0.01099750831734188,9.44728683666115,64.77736830633174,49.47561415341643,46.20695540723301,18.747966245134574,5.26808582346654,60371.0,148088.67509033796, 0.0, 0.0,0.0,NaN, 138.34892785770967,138.34892785770967,0.0, 90.45145058001712, -9.53866466301663, -1.215939965429494, -9.53866466301663, 165.30947694026108, 12.538534189033498, -1.215939965429494, 12.538534189033498, 123.47803905184757, 7.538308960718481, 4.497085827523766, 12.0, 0.0
40, 0 ,1.0,1.0,1.0,29.64379725215382,146.4432095044332,126.96729711400799,15.524888206923402,11.319053037379513,10.838529659798843,66.0,65.0,56.0,-0.9725174510930052,-0.2318121755307522,0.021746783561351807,15.743986294663754,0.2298294695956409,-0.9408410851995728,0.2489908980382161,11.027658919523029,-0.03725885431613205,0.247146045236801,0.9682616434099095,10.822868150121904,71.08267913102098,62.85917629563933,56.97489427121937,21.101876483930504,6.428658455987072,79626.0,254575.1461829306, 0.0, 0.0,-1.4210854715202004E-14,88.75390285287006, 95.29354760185194,95.29354760185194,0.0, 241.0221538374693, 28.50630134848223, -2.5089361760654714, 28.50630134848223, 128.12096166301038, -1.7073428584942203, -2.5089361760654714, -1.7073428584942203, 117.4737251863392, 7.234248864318891, 4.481935166548298, 11.0, 0.0
41, 0 ,1.0,1.0,1.0,124.5082770071952,73.93586367676903,166.2611072908106,10.292486959592123,9.89392166457583,13.530301869376418,48.0,45.0,64.0,-0.09386196367175867,0.015361876779362424,0.9954666968399781,13.557752727090346,0.8106908299138472,0.5815744832672685,0.0674647960495499,10.625133401474853,-0.5779016439406269,0.8133481008487239,-0.06704145565614976,9.49673225833631,64.69457386481429,51.695097388300326,47.30942450199361,18.875473262628162,5.532680318472719,59623.0,158221.27485329573, 0.0, 0.0,0.0,NaN, 110.92260842269415,110.92260842269415,0.0, 105.9352878133739, 10.570143254708919, -7.506127776998997, 10.570143254708919, 97.88968590476296, 2.3226015846244437, -7.506127776998997, 2.3226015846244437, 183.06906867645097, 7.254705192482508, 4.554707459119898, 14.0, 0.0
42, 0 ,1.0,1.0,1.0,179.3532064460508,83.16088600039791,20.576580011937132,11.487876477104164,10.88064338455108,11.204746488476529,50.0,53.0,45.0,0.8771272770226357,0.4764451863775262,-0.060396392943125876,11.733009650441064,-0.06798917124015302,-0.0013043077134759773,-0.9976852065533822,11.20332601186049,-0.4754210896636091,0.8792032092520322,0.031249069490047444,10.6173452944054,64.52469604419483,47.54480335784122,55.77936298900697,18.656139873799997,5.277735811426148,60316.0,171120.70986019506, 0.0, 0.0,0.0,NaN, 88.12161306636543,88.12161306636543,0.0, 131.97130595320317, 10.421753508978073, -0.45363519753150244, 10.421753508978073, 118.38840046177519, -0.700894164663432, -0.45363519753150244, -0.700894164663432, 125.5463438710271, 6.962158555952163, 4.407634021036896, 8.0, 0.0
43, 0 ,1.0,1.0,1.0,149.1745116714288,113.97092586094541,129.89660300432772,11.938384682410879,10.701375991400822,10.64887800475747,57.0,55.0,52.0,-0.9923462188000166,-0.08747649987317796,0.08715987610849292,11.958554726721069,-0.014898692583264614,0.7854805311499736,0.618707009935773,10.775314330235569,-0.12258470945684602,0.6126729936550926,-0.7807719205075752,10.55123924605055,57.52470947514719,49.90385327273043,54.037322452244894,18.555516211294066,5.112328024214218,59847.0,155125.1934426533, 0.0, 0.0,0.0,NaN, 122.06030530599827,122.06030530599827,0.0, 142.5250288252227, 2.693980488717656, -2.784001232763171, 2.693980488717656, 114.51944810932993, 2.0808576741946827, -2.784001232763171, 2.0808576741946827, 113.39860276020747, 6.52970629440389, 4.378449648466375, 15.0, 0.0
44, 0 ,1.0,1.0,1.0,10.125112492841364,167.51507404074286,161.71465679456762,6.704452148815324,15.892876668708373,11.564077726406804,27.0,69.0,66.0,0.0446134429832543,0.9818756738018044,0.18420043947133413,16.0418596273293,9.743020745807823E-4,-0.18442670268537448,0.9828457875333587,11.375140505562896,-0.9990038495624769,0.043668667633135545,0.009184553690809052,6.67278197311076,74.24105031680449,65.59578576719737,28.23707304831973,19.54222781939036,7.025840372522673,48892.0,137511.72293348968, 0.0, 0.0,0.0,NaN, 51.220658155951675,51.220658155951675,0.0, 44.949678615754415, 9.307090977926341, 1.8301448987079956, 9.307090977926341, 252.58352880677498, 23.10678225358738, 1.8301448987079956, 23.10678225358738, 133.72789366237797, 7.712352954312656, 4.776292848399118, 6.0, 0.0
45, 0 ,1.0,1.0,1.0,118.05065120853575,178.36434894048222,31.478556313891456,10.447682386298847,10.882565862247436,14.062690746861303,57.0,46.0,61.0,0.1253126620886466,0.13115792267679227,0.9834095464451039,14.164512766742446,-0.06809978943008443,-0.9877480683738145,0.14041428739047943,10.819420738629542,-0.9897773261697981,0.08456567118462777,0.11484551300446436,10.375465820593034,64.66875072539884,50.29124083149276,56.65327247196234,19.732944853609798,5.99620425247528,67106.0,184251.8357362167, 0.0, 0.0,0.0,NaN, 90.4140291753504,90.4140291753504,0.0, 109.15406724497919, 2.1611864505603053, 11.368676229980728, 2.1611864505603053, 118.43023974615326, 10.688094926315733, 11.368676229980728, 10.688094926315733, 197.75927104185854, 6.257705055595784, 4.179159200728374, 8.0, 0.0
46, 0 ,1.0,1.0,1.0,16.03272610300342,149.99632614363594,60.83985710899672,10.278736221891432,10.265030094110134,13.511848275571852,40.0,49.0,66.0,-0.10603300935930947,0.06078539447570785,0.9925029656099978,13.551750247322152,0.6933816773021657,-0.7109067159451886,0.11761586119933373,10.604991300834916,-0.7127263503672663,-0.7006545347333867,-0.033232099688372055,9.873070936527467,65.65374490671735,52.471286013380144,53.270692549385146,18.971640207137977,5.802600522625456,59066.0,183514.14924689665, 0.0, 0.0,0.0,NaN, 80.36730627855268,80.36730627855268,0.0, 105.65241831922296, -7.9435868085809505, -7.8462811734618265, -7.9435868085809505, 105.37084283298671, 3.9455227879430157, -7.8462811734618265, 3.9455227879430157, 182.570043822074, 6.96107960491439, 4.398699132502754, 10.0, 0.0
47, 0 ,1.0,1.0,1.0,120.72240917970353,152.84134149744736,110.45108918692647,12.270597301689712,12.369909141099084,9.29099007186222,66.0,56.0,45.0,-0.5812308626187705,-0.8135655013855037,0.01678866566447923,12.484977505378444,0.8109385221397468,-0.5773973709322292,0.09482082761900429,12.177425652230989,-0.06744922274751318,0.06872736715387066,0.9953527773381927,9.259608414468978,58.39790158359847,60.11202114613544,44.94111115858999,18.963182144537488,5.5047642790443625,60917.0,157761.99094482738, 0.0, 0.0,0.0,NaN, 128.5608140369317,128.5608140369317,0.0, 150.56755814023484, 3.876653228521345, 4.125283880541147, 3.876653228521345, 153.01465215904668, -4.382474892203473, 4.125283880541147, -4.382474892203473, 86.32249651544232, 6.628734029039765, 4.4180318923539454, 14.0, 0.0
48, 0 ,1.0,1.0,1.0,112.60355383315124,30.065778895508235,65.03147739687905,9.420785621912072,13.011410404572487,9.668254682505252,44.0,57.0,52.0,-0.2626084179413649,0.9648791187249507,0.0067160311863217826,13.257112978741803,0.14552438041618743,0.032724333687643145,0.9888133153882912,9.68147722591991,-0.9538655426897534,-0.26064804667072033,0.14900712142686273,9.057654511455876,58.70820777443291,54.4269530095778,42.72110903409728,17.95439338247045,5.400269375088691,48511.0,136507.13845412552, 0.0, -3.552713678800501E-15,0.0,15.22999161120051, 113.00965850585193,113.00965850585193,0.0, 88.75120173402523, -23.68905898211922, 1.5168595431299223, -23.68905898211922, 169.29680071621718, 0.9855198950044053, 1.5168595431299223, 0.9855198950044053, 93.47514860578474, 6.536092043972883, 4.197684675400255, 8.0, 0.0
49, 0 ,1.0,1.0,1.0,142.11267627901094,37.30868589135521,127.59642382849555,12.66036196188715,9.747001890217204,11.961273985923508,60.0,45.0,63.0,-0.9885918383309078,0.13809066840528345,-0.060142701010997134,12.720377998371449,0.03434360961825712,-0.1821195015714786,-0.9826764491050679,12.0262045556107,-0.14665160641433464,-0.9735314347501771,0.1752993208468217,9.587662581953074,57.64339159090868,62.558005627188464,44.513524881397146,19.201020309395624,5.448091895185654,63252.0,160518.24636489738, 0.0, 0.0,0.0,NaN, 99.92576310912635,99.92576310912635,0.0, 160.28476500599905, -9.869996274389681, 2.3763404694605472, -9.869996274389681, 95.00404584789774, 8.85216000677636, 2.3763404694605472, 8.85216000677636, 143.07207536633044, 6.835687091960549, 4.5512595560883335, 11.0, 0.0
