// Sample: .//bubblelabels.tif, Map: .//bubblelabels.tif, Thickness:(8.191250068658265):/afs/psi.ch/project/tipl/test/LabelValidation/SmallStep0500//distmap.tif, Neighbors:(1.0):
//LACUNA_NUMBER, TRIANGLES, SCALE_X, SCALE_Y, SCALE_Z, POS_X, POS_Y, POS_Z , STD_X, STD_Y, STD_Z,PROJ_X, PROJ_Y, PROJ_Z, PCA1_X, PCA1_Y, PCA1_Z, PCA1_S, PCA2_X, PCA2_Y, PCA2_Z, PCA2_S, PCA3_X, PCA3_Y, PCA3_Z, PCA3_S,PROJ_PCA1, PROJ_PCA2, PROJ_PCA3,OBJ_RADIUS, OBJ_RADIUS_STD, VOLUME, VOLUME_BOX, Mask_Grad_X,Mask_Grad_Y,Mask_Grad_Z,Mask_Angle, Mask_Distance_Mean,Mask_Distance_COV, Mask_Distance_STD, SHAPET_XX, SHAPET_XY, SHAPET_XZ, SHAPET_YX, SHAPET_YY, SHAPET_YZ, SHAPET_ZX, SHAPET_ZY, SHAPET_ZZ, Thickness, Thickness_STD, Neighbors, Neighbors_STD
1, 0 ,0.3333333432674408,0.3333333432674408,0.3333333432674408,161.31471839344348,14.884567735451844,152.82101241477298,15.830368662980757,9.621564848176817,18.92110361504584,85.0,39.0,86.0,-0.06921323485987983,-0.05956156691742931,0.9958222471237382,18.959416259345847,0.9974124708310729,0.01531981688144428,0.07024006151316643,15.815713051057303,-0.019439422596504864,0.998107069886322,0.05834711554185773,9.570109713912574,86.67421478538542,84.1606175128108,41.610056497234986,25.11035059065595,8.405565855983996,115427.0,303526.86392968346, 0.0, 0.0,0.0,NaN, 202.7728090192902,202.7728090192902,0.0, 250.60057200588315, 3.526959098601186, -7.355132837130407, 3.526959098601186, 92.57451012767177, -15.717638252623383, -7.355132837130407, -15.717638252623383, 358.00816201130084, 3.7534132184012488, 4.603798040207637, 27.0, 0.0
2, 0 ,0.3333333432674408,0.3333333432674408,0.3333333432674408,226.0549895546802,267.63555329563627,216.60254485973866,15.807383857842124,17.103835077198852,14.54735482983169,90.0,72.0,75.0,0.4888817748105369,0.8616511690041011,0.13620526132262792,17.755785351646562,0.8717764615336879,-0.4769072975636953,-0.11209473960135362,15.14467455885389,-0.03162928032538514,0.173541616001347,-0.9843184932437973,14.471040404023137,91.3214277067429,74.49196604758173,74.45395604506288,26.329156343373732,7.798436866991947,163231.0,506488.8717683325, 0.0, 0.0,0.0,NaN, 116.0623000983091,116.0623000983091,1.3486991523486091E-6, 249.87338442916774, 36.2973410296968, 5.09926764731465, 36.2973410296968, 292.5411743480179, 13.490028188034643, 5.09926764731465, 13.490028188034643, 211.6255325450274, 3.35384880131169, 3.9333713215564168, 28.0, 0.0
3, 0 ,0.3333333432674408,0.3333333432674408,0.3333333432674408,123.60048088595798,152.7001668220017,204.90621940617632,14.678447171070452,14.857305757056277,13.964571529542859,72.0,67.0,69.0,0.6653557458980583,0.5741213358649673,-0.47716498520434525,15.265698371478774,-0.5646009881684055,0.8051628009051554,0.18148991211035703,14.689877773840353,-0.4883927267678113,-0.14865246632057602,-0.8598691695235452,13.504501025100645,81.10776975059535,74.12891191581964,70.3207114836282,24.149951772724854,6.927151874419939,127681.0,422798.4059434048, 0.0, 0.0,0.0,NaN, 214.51607594101768,214.51607594101768,0.0, 215.45681135390618, 4.162657010495913, -19.511562737380782, 4.162657010495913, 220.7395343586576, -8.997307371287782, -19.511562737380782, -8.997307371287782, 195.00925800371897, 3.5533122279810745, 4.0589752756943875, 33.0, 0.0
4, 0 ,0.3333333432674408,0.3333333432674408,0.3333333432674408,118.46093260351816,30.057264028746918,268.60191646123207,14.430895949072868,14.926035303500004,15.813621577440875,72.0,64.0,65.0,-0.48515718087269044,-0.1059063205790142,0.8679898392890771,16.512582154329017,0.37715092571864756,-0.9209050378579069,0.09844333637933074,15.145370709623068,0.7889104442693289,0.37512366295575367,0.4867263588644315,13.381341182162059,79.39130963257125,71.54731129900445,69.09804347744506,25.087722357342404,7.191251774868451,143598.0,392493.1073525649, 0.0, -3.552713678800501E-15,0.0,83.92061393213004, 126.18348277051369,126.18348277051369,0.0, 208.2507578929677, -12.668290984545312, -37.54982136695864, -12.668290984545312, 222.78652988132845, -13.166740198754036, -37.54982136695864, -13.166740198754036, 250.07062739450365, 3.409718847946878, 4.0244902418258, 25.0, 0.0
5, 0 ,0.3333333432674408,0.3333333432674408,0.3333333432674408,197.7613570535687,125.08512454648007,67.53043537912741,14.690006276337606,14.294695812496316,14.997849747681878,72.0,79.0,78.0,-0.5283165580971838,0.18203346803121812,0.8293041848181362,15.380107056742528,-0.689486254131293,-0.6619727188793136,-0.2939401721839447,14.670954643660714,0.4954697970657179,-0.7270872959803776,0.4752407223919266,13.90271579913321,84.86040262484204,77.59225919851798,74.68331767962407,24.40382496496155,7.037289030898958,131196.0,491753.07869367313, 0.0, -1.4210854715202004E-14,0.0,79.51177397566428, 175.0982244251232,175.0982244251232,0.0, 215.79628439883822, 5.858503036874736, -14.505843156154992, 5.858503036874736, 204.33832837179972, 10.802220324443104, -14.505843156154992, 10.802220324443104, 224.93549705404135, 3.2207902358817218, 4.055499167491368, 34.0, 0.0
6, 0 ,0.3333333432674408,0.3333333432674408,0.3333333432674408,109.01232809322065,110.44892175075077,166.18903321022373,15.830130393788801,13.938693367482987,15.480409637255104,80.0,74.0,72.0,-0.8760372860084034,0.10668585762240222,-0.47029437728555,15.892958000764821,0.4760525793242409,0.34707781195656207,-0.8080290428977055,15.669198520725804,0.07702347201839203,-0.9317484211045479,-0.3548411821187249,13.653328799904468,81.28821223629996,75.10608958442414,76.3117570546143,25.071572233553,7.479274654143649,136193.0,465901.57259096106, 0.0, 0.0,0.0,NaN, 204.9098016821598,204.9098016821598,0.0, 250.59302828435597, 3.582094970963927, 4.525200364483015, 3.582094970963927, 194.2871727927142, -19.897582772044593, 4.525200364483015, -19.897582772044593, 239.64308253722066, 3.7682683879643966, 4.40239940951371, 34.0, 0.0
7, 0 ,0.3333333432674408,0.3333333432674408,0.3333333432674408,13.348223459095335,272.33552813787065,69.68049065942411,9.315287809340205,16.922483054333625,20.050761623251667,43.0,69.0,105.0,-0.12888035589524077,-0.3360194630244867,0.9329955918079421,20.53847263542033,-0.145941167032623,-0.9241707244198865,-0.35300091769056174,16.630114245453473,-0.9808623907712398,0.18165734940804992,-0.07006837929172856,8.762904960957204,114.16707742775897,85.2286082420903,44.62947607837382,26.258989438485614,9.254379235645441,111931.0,434258.24090237776, 0.0, 0.0,0.0,NaN, 76.1503043425473,76.1503043425473,0.0, 86.77458697084225, 41.88660978433325, -31.197572472615835, 41.88660978433325, 286.37043272420874, -42.99945955280773, -31.197572472615835, -42.99945955280773, 402.03304167246176, 4.748539186030885, 5.200028356703349, 16.0, 0.0
8, 0 ,0.3333333432674408,0.3333333432674408,0.3333333432674408,268.04618540998,103.92030432789076,104.19730798821857,16.31197699313758,15.732042872054869,13.076533561559282,70.0,79.0,69.0,-0.7459313430629627,-0.6658580982718623,-0.014812980863524478,18.423543273419924,0.5597878586170375,-0.6388459749759481,0.5277436627776609,13.274750280045081,-0.36086560487421876,0.3853684123313805,0.8492745150985958,12.997213339569182,91.5332440740909,65.73690268954672,70.6903366071115,24.966695762669737,7.82544561247429,128677.0,425351.66975307337, 0.0, 0.0,0.0,NaN, 150.59068666569814,150.59068666569814,0.0, 266.08059342464975, 82.07684070486042, 4.03799745584717, 82.07684070486042, 247.49717292817243, -0.7765926045898863, 4.03799745584717, -0.7765926045898863, 170.99572998658627, 2.772919669741215, 3.6123922933755517, 32.0, 0.0
9, 0 ,0.3333333432674408,0.3333333432674408,0.3333333432674408,23.698704708092908,84.72263829106755,218.59400194560308,14.37415462786126,18.662930862201577,13.765159157040408,59.0,102.0,69.0,-0.14983623207641367,-0.9876940406842497,-0.044828401197933646,18.767895258601552,0.8142766187546393,-0.09755694480823707,-0.5722204388775312,14.7052646542997,0.5608053955755552,-0.12224207343015095,0.8188737288354307,13.263567214772944,105.72008986528033,74.97003445051436,71.06962778404358,26.0636195245885,8.067753933357007,150082.0,563286.4119220095, 0.0, 0.0,0.0,NaN, 119.86029602446727,119.86029602446727,0.0, 206.6163212656653, 22.889620213508707, -17.603868725242325, 22.889620213508707, 348.30498836731607, 10.057478704905321, -17.603868725242325, 10.057478704905321, 189.4796066186534, 3.3507050047784523, 3.930090306152978, 30.0, 0.0
10, 0 ,0.3333333432674408,0.3333333432674408,0.3333333432674408,94.79731041848723,255.47445544874907,46.7392060717869,13.225982000597796,13.347960940417144,17.362078010633656,74.0,76.0,87.0,-0.06116046708563312,0.3472076722248304,0.9357917661606571,17.94028154460981,0.9778266838419706,0.2089719425506843,-0.013627310564051451,13.231724987604359,-0.20028572997715735,0.9142087067922776,-0.35228974835028787,12.554049782715794,92.28315274546074,72.40912156247212,65.05366331706381,24.442926290559583,7.555115376261821,123588.0,434697.8175515961, 0.0, 0.0,0.0,NaN, 114.68917806133855,114.68917806133855,1.3486991523486091E-6, 174.92659988013685, 0.08278399999323934, -9.63341819514644, 0.08278399999323934, 178.16806126690173, 53.317224759430644, -9.63341819514644, 53.317224759430644, 301.44175284732876, 3.726723437184334, 4.063962570626783, 25.0, 0.0
11, 0 ,0.3333333432674408,0.3333333432674408,0.3333333432674408,224.23133695196623,93.9580790579288,132.3581833236223,13.4878380897067,12.497872934715053,13.614193584054988,69.0,59.0,73.0,0.5622421227178472,0.40985054020337347,0.7182661972672341,14.805087477044315,-0.8224263331225012,0.36806601757324137,0.4337537703518564,12.84431046330327,-0.08659516169166881,-0.8345956754038322,0.5440140959284201,11.802455028081821,71.5068360668684,60.974882172368446,58.1910722812051,22.01151399898113,6.241644225936387,97827.0,253720.11066177697, 0.0, 0.0,0.0,NaN, 179.13039835011836,179.13039835011836,0.0, 181.9217763341429, 10.637060452022542, 23.103559888406195, 10.637060452022542, 156.19682789228307, 27.61849908317897, 23.103559888406195, 27.61849908317897, 185.346266944124, 3.597599584849367, 4.007689821860935, 24.0, 0.0
12, 0 ,0.3333333432674408,0.3333333432674408,0.3333333432674408,253.88403226567291,33.30580687768291,265.06171045804047,12.469837574729382,14.15545346613408,14.967628434611733,73.0,67.0,66.0,0.2500287198467594,0.5555134517225055,0.7930261308476148,16.247830158815557,-0.4556338463686737,0.7901909610061366,-0.40987320379293646,13.242202196483026,-0.8543321586450311,-0.25884947382512785,0.45068116513270867,11.855619302523236,79.12653245598017,69.57349159308453,63.714580071659384,23.060051904723498,6.938127923301009,105995.0,350755.71714300633, 0.0, 0.0,0.0,NaN, 66.7580955986973,66.7580955986973,0.0, 155.49684914013275, 4.615208058309132, 30.97387183310776, 4.615208058309132, 200.37686283188737, 43.10718163321938, 30.97387183310776, 43.10718163321938, 224.02990095659766, 3.350396557874098, 3.6799997192406333, 16.0, 0.0
13, 0 ,0.3333333432674408,0.3333333432674408,0.3333333432674408,49.76257753637737,64.60922722517515,279.4845878287701,14.84332229075647,14.078152750396448,11.38163318638726,76.0,67.0,50.0,-0.8407319619211917,-0.5198125416449105,0.15154104972845311,15.518748575799902,-0.48039907130032417,0.8452314187098625,0.23409523942083646,13.552674259304538,0.24977289784508108,-0.12401117036126587,0.9603305311858513,11.115468435586852,78.3059070050821,73.97323760717586,56.84407689753559,22.373171180560558,6.892124984762597,94633.0,329271.67246477824, 0.0, 0.0,0.0,NaN, 84.09249967894718,84.09249967894718,0.0, 220.32421662726793, 26.840976374998412, -21.703034677789642, 26.840976374998412, 198.19438486349506, 2.6575619277410163, -21.703034677789642, 2.6575619277410163, 129.5415739894718, 3.4975424676126745, 3.849015594356045, 18.0, 0.0
14, 0 ,0.3333333432674408,0.3333333432674408,0.3333333432674408,87.74973889821658,282.66783887045386,171.97624304279424,11.449553360079365,10.562571916211793,15.323479036424677,56.0,43.0,71.0,0.08167652008803214,0.0789068276398155,0.9935304014564076,15.380860037153042,0.8431933155596576,-0.5369484112626219,-0.026672762100267804,11.978016472446827,0.5313699075614093,0.8399167317028321,-0.11038978731663897,9.870434302172242,73.98627624843314,64.01003717817943,51.24498890668224,20.87240664361922,6.466208186684977,75641.0,242689.31317562037, 0.0, 0.0,0.0,NaN, 156.17459086408206,156.17459086408206,0.0, 131.0922721453047, -19.951254084191095, 10.25576447693977, -19.951254084191095, 111.56792548514608, 11.567973803231013, 10.25576447693977, 11.567973803231013, 234.80900977974656, 3.4126602544673563, 3.9608488792506806, 16.0, 0.0
15, 0 ,0.3333333432674408,0.3333333432674408,0.3333333432674408,173.12744524123127,271.8127103761159,282.65065369042395,14.530658403058789,15.251085997213927,9.33832438628786,74.0,61.0,39.0,-0.34040982971687245,0.9402093568060492,0.01129217456849028,15.357535264710087,-0.9402754717603589,-0.34040746188414084,-0.0021902281688805573,14.418783051279215,-0.0017846674660907413,0.011363329967597254,-0.9999338426586446,9.337278296038171,69.77187012773365,76.72198473522832,39.27888181219282,21.956227617592752,6.990281029316274,81996.0,210261.28232002954, 0.0, 0.0,0.0,NaN, 131.11890887559693,131.11890887559693,0.0, 211.14003362638297, -8.943958527616111, -0.32287344583781413, -8.943958527616111, 232.59562409441475, 1.6684239319459808, -0.32287344583781413, 1.6684239319459808, 87.20430234353854, 2.9293318838408107, 3.8173020710169148, 16.0, 0.0
16, 0 ,0.3333333432674408,0.3333333432674408,0.3333333432674408,199.9151164326804,188.97006016789365,13.159210731742467,16.31903281256776,16.14187356366587,8.156815364764984,90.0,87.0,35.0,0.959252026899342,-0.27992307243614734,-0.0384528595479164,16.346976700777216,-0.2794664097352943,-0.9600069463346901,0.01688753442062906,16.12450953604446,0.04164222279332564,0.005453119020409107,0.9991177051648023,8.135176454396236,92.39920700889232,88.47665961630207,36.47171009097826,22.982725122806574,8.074583389090945,83267.0,298162.5464322761, 0.0, 0.0,0.0,NaN, 150.05930922434462,150.05930922434462,0.0, 266.3108319376631, -1.9837344294057444, -8.330379364550936, -1.9837344294057444, 260.5600821453752, -0.9782277210154693, -8.330379364550936, -0.9782277210154693, 66.53363689486613, 3.602548233045074, 4.06303317359009, 29.0, 0.0
17, 0 ,0.3333333432674408,0.3333333432674408,0.3333333432674408,71.16469532588303,27.276653886940206,26.804209152459418,13.95903157004531,15.721848153700412,13.85319491249527,71.0,62.0,63.0,0.09471157951907526,0.9559768344048499,0.2777373017552433,15.92121310279435,0.8145611558094482,0.08596633439953225,-0.5736723043657277,14.22350418540605,-0.5722934912711994,0.2805674276019741,-0.7705595878434274,13.347246272106675,73.4558286650018,71.61022958277121,73.2222399748107,24.13201703199054,7.182467193998312,122590.0,385162.8033236115, 0.0, -3.552713678800501E-15,0.0,17.064145015904455, 80.78920309287918,80.78920309287918,0.0, 194.85456237352162, 8.512817995127442, -9.307618751840623, 8.512817995127442, 247.17650936801306, 18.811063272651964, -9.307618751840623, 18.811063272651964, 191.91100928358483, 3.108024004901814, 3.467958835228287, 18.0, 0.0
18, 0 ,0.3333333432674408,0.3333333432674408,0.3333333432674408,77.75905083800829,8.55538520505941,268.19572110526497,15.911666022071351,5.6515011563234285,15.975353236361427,66.0,24.0,67.0,0.6885345792372322,0.02418094719383689,0.724800258683326,16.6596682985911,-0.7251396045429402,0.03622433183365821,0.6876484215836701,15.207050998416813,0.009627414913425635,0.9990510895725069,-0.04247626756285034,5.615473627117959,81.67118746619272,74.6260757962562,24.95756870187598,21.88873505806083,7.824050709347866,57398.0,152111.3953701535, 0.0, 0.0,0.0,NaN, 84.44629511854855,84.44629511854855,0.0, 253.18111559793996, -1.1502669537967878, 23.182773317646458, -1.1502669537967878, 31.939465319925045, 9.28664417935029, 23.182773317646458, 9.28664417935029, 255.21191102652352, 3.6530478774479422, 3.962552394349076, 13.0, 0.0
19, 0 ,0.3333333432674408,0.3333333432674408,0.3333333432674408,261.9250020110294,270.7242655273813,50.712002717124136,14.059691515794587,15.739217732073337,12.947574232931634,70.0,70.0,78.0,0.12894946419049164,0.9894797576184047,0.0655884513341163,15.762471394226493,-0.8476763062762643,0.14430908784670943,-0.5105093211124353,14.620913159817833,-0.5146036489015736,0.010232127260415993,0.8573671256287547,12.280511910073225,74.57278544987588,77.96660139290705,81.3774608488739,23.669465555135307,7.265946544564869,111883.0,473143.7454961334, 0.0, 0.0,0.0,NaN, 69.84612602251464,69.84612602251464,0.0, 197.6749255193063, 4.756998936748761, 28.071623167053122, 4.756998936748761, 247.72297481761177, 1.6986341430180396, 28.071623167053122, 1.6986341430180396, 167.6396785172752, 2.9538432457570583, 3.513394665482578, 27.0, 0.0
20, 0 ,0.3333333432674408,0.3333333432674408,0.3333333432674408,162.5039615747773,99.78424812184409,208.64071800977052,14.85073020697789,12.025586315039563,13.598016296648433,70.0,55.0,67.0,0.917243133268168,0.08494255273028617,0.3891655138987219,15.126763856755908,-0.3942740333187551,0.05457908304964962,0.9173707594773342,13.317040224098468,-0.056683517206988394,0.9948898865850038,-0.08355293201272514,11.995933310773077,75.07935980896264,66.55218294427863,59.263193654413016,22.47296359177396,6.7105043407859615,97436.0,296120.12056456984, 0.0, 0.0,0.0,NaN, 192.89524400990902,192.89524400990902,0.0, 220.54418768044553, 5.89647851127894, 18.21625664896156, 5.89647851127894, 144.61472622046682, 4.481435752713565, 18.21625664896156, 4.481435752713565, 184.9060472039164, 2.9595852524606148, 3.613035166224704, 28.0, 0.0
21, 0 ,0.3333333432674408,0.3333333432674408,0.3333333432674408,143.05639323789921,281.5772877593025,22.79337896903402,14.178374986944728,11.513050556516665,13.272421630217613,76.0,47.0,56.0,-0.8601338480710299,0.04774186374935775,0.50782918176121,14.61184138040431,0.4955796590945172,0.3138336438886811,0.8098822417211744,12.951320687271378,0.120708594947851,-0.9482769418314937,0.2935988363335682,11.335396342737981,83.81984643645652,61.53704853732941,53.76550626463202,21.594883859318035,6.587474282310505,86482.0,277323.8769876472, 0.0, 0.0,0.0,NaN, 146.02762100837637,146.02762100837637,0.0, 201.02631727041995, 2.6127583496899156, -21.382892500543566, 2.6127583496899156, 132.55033311690872, 12.036117977971935, -21.382892500543566, 12.036117977971935, 176.15717593026835, 3.275538004921176, 3.7912986791544236, 14.0, 0.0
22, 0 ,0.3333333432674408,0.3333333432674408,0.3333333432674408,181.33612231080932,280.7798930891968,117.99821141661867,13.110898579401736,11.940910265730768,16.330345184363456,65.0,46.0,86.0,-0.3353711776998908,0.026005188028094157,0.9417270853935399,16.734049430113924,-0.7594707447903544,0.5840110693734617,-0.28659249581391616,13.266666742911426,0.5574319339397166,0.811329033774146,0.1761103006054406,11.186076907347251,83.74951432952787,71.05297106224344,58.66403479183856,22.943075261608804,7.401112815932601,98961.0,349089.24529306503, 0.0, 0.0,0.0,NaN, 168.44615245062425,168.44615245062425,0.0, 171.89566155935847, -23.916508360121323, -37.848177629076325, -23.916508360121323, 142.58533797423445, -4.721829396663679, -37.848177629076325, -4.721829396663679, 266.6801738404627, 3.2959127496827882, 3.769513369737035, 25.0, 0.0
23, 0 ,0.3333333432674408,0.3333333432674408,0.3333333432674408,101.96160022127124,31.943291563265902,160.13499850180935,13.336828227742489,13.421133313483708,17.675102152083227,64.0,72.0,83.0,-0.16129758630860574,-0.15188998193185702,0.9751474360524967,17.883391892690533,0.6285065410374419,-0.7776149425427505,-0.017161847435088133,13.480949115000998,0.7608959301535055,0.6101183774670088,0.22089126047188173,12.994435272546193,87.29506460093397,70.76351959414505,70.1421866523649,24.779981834383044,7.507299312593322,130157.0,433289.7514680399, 0.0, 0.0,0.0,NaN, 176.00784198343842,176.00784198343842,0.0, 177.87098717630883, -2.596782568488825, -23.883327654201768, -2.596782568488825, 180.12681941830215, -22.187616309980122, -23.883327654201768, -22.187616309980122, 312.40923608657715, 3.0279026734635424, 3.4870382556641717, 27.0, 0.0
24, 0 ,0.3333333432674408,0.3333333432674408,0.3333333432674408,255.81290230973116,8.923158841347973,20.739894926164332,16.08348392807329,5.828007673046739,11.899101108201641,81.0,24.0,43.0,0.9924570902799233,-0.07596140167472885,-0.09622260341894096,16.160776143854115,-0.09348503150913473,0.03881573994627732,-0.9948637530919292,11.85659299907348,0.07930619671150785,0.9963549587310907,0.031421702295104485,5.69940810676394,82.42487678091362,47.259442470763354,27.179031984891804,19.432335646424054,7.524431354568303,42256.0,105871.943413233, 0.0, 0.0,0.0,NaN, 49.62122134274433,49.62122134274433,0.0, 258.67845526459183, -17.63263219898485, -11.785507163804983, -17.63263219898485, 33.96567343709166, -2.5027347873613097, -11.785507163804983, -2.5027347873613097, 141.58860718320554, 5.149466286574528, 4.135946042219086, 12.0, 0.0
25, 0 ,0.3333333432674408,0.3333333432674408,0.3333333432674408,150.12510572956654,93.96250992231317,157.5043788306635,11.54937205057168,12.201135645927591,13.026979352932079,52.0,60.0,61.0,0.1426999216559639,0.2925729300625073,-0.9455357280156157,13.064476939821521,-0.5579506051992206,-0.7652769789434983,-0.3210019745374409,12.753866108612328,0.8175132136652014,-0.5733691883017008,-0.05403627845293506,10.891108228597831,66.5043171047262,66.78578938808573,51.533584675419455,20.416672992400276,5.925990279778972,76847.0,228888.648541682, 0.0, 0.0,0.0,NaN, 227.14849604588946,227.14849604588946,3.814697265625E-6, 133.3879947625263, 20.980265067040765, 0.8636498747121772, 20.980265067040765, 148.86771105032489, -3.583118203558157, 0.8636498747121772, -3.583118203558157, 169.7021910617187, 3.0304572525007445, 3.458088959936549, 19.0, 0.0
26, 0 ,0.3333333432674408,0.3333333432674408,0.3333333432674408,53.35522550583707,126.30766795816557,282.8579731064347,14.996374564378236,14.09128799578263,10.563302081326785,79.0,65.0,48.0,-0.8175800783393029,-0.5608355970533809,0.1304846679900639,15.557732009438356,0.5723660136606427,-0.7667768192523428,0.29060360607446906,13.834201675355025,-0.06292822823602123,0.3122767082813536,0.9479046869575221,10.080220089099361,77.32599370870985,71.80802614229461,55.37588091408736,21.985597530997726,7.188358611090892,78978.0,307481.6102782362, 0.0, -1.4210854715202004E-14,0.0,55.88639543752395, 138.18196756389253,138.18196756389253,0.0, 224.89125007513053, 24.99221777499646, -0.049234413393835254, 24.99221777499646, 198.56439738008763, -30.28112751036004, -0.049234413393835254, -30.28112751036004, 111.5833508613628, 3.5170205539802453, 3.748506164306226, 18.0, 0.0
27, 0 ,0.3333333432674408,0.3333333432674408,0.3333333432674408,78.67792622000178,209.77253769292534,62.03833972700509,13.04618024635129,12.175686418598021,13.743946585980028,65.0,57.0,72.0,0.313097174768817,-0.3467317865591256,0.8841647060029603,14.206337064263646,0.9228342115015551,0.3310242619763814,-0.19697704451355447,12.981768282894294,-0.2243817667148731,0.8776103954332513,0.4236187160565541,11.704695895595055,67.90350149471541,66.26577538129173,56.470506902084026,21.62393674596918,6.304885894972738,89672.0,254099.10758825522, 0.0, 0.0,0.0,NaN, 134.8331065604361,134.8331065604361,0.0, 170.2028190202866, 2.593782463972981, 12.213336266121257, 2.593782463972981, 148.24733976403232, -21.927424219247005, 12.213336266121257, -21.927424219247005, 188.8960677582721, 3.3031393570622893, 3.6143542714093915, 19.0, 0.0
28, 0 ,0.3333333432674408,0.3333333432674408,0.3333333432674408,185.9590223543175,12.918677079710374,9.702817213140671,15.206707907261935,8.164648591564672,6.159692757998322,64.0,32.0,23.0,-0.9956331840939062,0.09152965209679226,0.018354441371782076,15.25525893608021,-0.08895446046517831,-0.989848727502392,0.11084493955631872,8.098954753332388,0.028313719190155323,0.10872819068178756,0.9936682111533438,6.126277301108579,63.70241189540033,34.46956579217627,25.66994123666141,17.161669229486908,6.428403855633982,31627.0,56365.915216731664, 0.0, 0.0,0.0,NaN, 115.1797788752197,115.1797788752197,0.0, 231.24396537678263, -15.316925238078028, -3.843682577916658, -15.316925238078028, 66.66148662373898, -2.7510150860910674, -3.843682577916658, -2.7510150860910674, 37.94181487293697, 5.034372384829296, 4.237720343128093, 9.0, 0.0
29, 0 ,0.3333333432674408,0.3333333432674408,0.3333333432674408,22.99176169135437,126.86766642506406,58.213634553936934,13.37157917889215,12.876861681626437,13.545592717318065,54.0,65.0,64.0,0.6193394615957559,-0.5403544569237339,0.5695925668343437,14.569542536859956,0.5564168392069335,-0.20974761782268447,-0.8039939289973997,13.06779511491396,-0.5539123868963806,-0.814876062785235,-0.17075734227958914,12.04395863783336,74.28338400027401,68.85386302215852,58.17214425574622,22.089581970300493,6.336098716557354,97957.0,297532.9467844963, -3.552713678800501E-15, 0.0,0.0,51.732085510533345, 141.46679164310146,141.46679164310146,0.0, 178.79912973738206, -25.494817044161987, 12.209718581469694, -25.494817044161987, 165.81356676773925, -16.351763072341292, 12.209718581469694, -16.351763072341292, 183.48308206346022, 3.6800545353687304, 3.6778811052818425, 21.0, 0.0
30, 0 ,0.3333333432674408,0.3333333432674408,0.3333333432674408,234.5861929926907,32.869101952575406,88.92990974915068,13.703379781559804,12.3928262166226,16.575564880536152,67.0,66.0,80.0,-0.005109190344677841,-0.08208690415689238,0.9966120791661912,16.60085559481601,0.9622075723665154,-0.27175735382126825,-0.01745073994416847,13.814110892569524,0.27226913863778035,0.9588585301336158,0.08037310082012507,12.235033467456955,79.30286438283476,72.59318096859167,58.91279590653515,23.764896142272196,7.165460315216045,116564.0,339151.96330275293, 0.0, 0.0,0.0,NaN, 115.18625290524207,115.18625290524207,0.0, 187.78261743766203, -10.703106167577563, -1.3317130782229467, -10.703106167577563, 153.58214163540845, -10.104032437523033, -1.3317130782229467, -10.104032437523033, 274.7493511088635, 3.823110986560934, 3.8943914526715577, 24.0, 0.0
31, 0 ,0.3333333432674408,0.3333333432674408,0.3333333432674408,139.7346917056086,273.81704544355114,79.98654205245793,13.918410822052657,14.451894281451228,13.208515709105901,72.0,69.0,66.0,-0.57890480646434,0.7667746773468981,-0.2773550418363537,14.691410182390921,0.6050251336674245,0.6319698695237059,0.48431257638523545,14.145537291452529,0.5466386490938964,0.11256410704016657,-0.8297683466625185,12.692932559508806,84.63193138996701,67.94118486553754,66.75910232465583,22.977870201869205,7.004411207044169,103359.0,383864.4175236144, 0.0, 0.0,0.0,NaN, 163.1231991007906,163.1231991007906,0.0, 193.7221598114325, -9.38626515201331, 20.21072142883063, -9.38626515201331, 208.85724832224273, 0.2936610281832891, 20.21072142883063, 0.2936610281832891, 174.46488723769738, 3.0276820946698066, 3.5600809786184056, 16.0, 0.0
32, 0 ,0.3333333432674408,0.3333333432674408,0.3333333432674408,8.971058454959099,169.16213729829184,90.76384295979513,5.646168530658038,11.835861307332445,15.149924138689887,23.0,58.0,72.0,0.09053137724846418,0.2015747538839848,0.9752803126948206,15.324700188841035,-0.08116808452283189,-0.9745502261862643,0.20895836593732145,11.711269372923354,-0.9925803805175634,0.09807892351016123,0.07186593751352047,5.430171928035401,74.33018034926842,60.042892684758044,26.61378864594183,18.83324861492474,6.840744110074416,40219.0,118777.31322949377, 0.0, 0.0,0.0,NaN, 159.49012945942354,159.49012945942354,0.0, 31.879219076593145, 12.264296173827827, 16.30580355566274, 12.264296173827827, 140.0876128864093, 18.44667893431427, 16.30580355566274, 18.44667893431427, 229.5202014080585, 4.353506192474192, 4.164592253791492, 12.0, 0.0
33, 0 ,0.3333333432674408,0.3333333432674408,0.3333333432674408,195.08140191505032,164.54984041247238,182.93136508715935,12.25955247382995,12.55665708776799,12.456617210452663,57.0,57.0,60.0,0.5139093418285118,0.7504189514351125,0.4156544065788448,13.380178386575022,-0.5531733786017242,-0.080446238812729,0.8291728504161473,12.423005312308554,-0.6556648546229539,0.656048626237348,-0.3737697130912956,11.39181029336048,62.95304294010248,65.38726412710508,59.56542744275153,20.7123473172774,5.842280805851874,81460.0,245190.79192185917, 0.0, 0.0,0.0,NaN, 207.50836907641553,207.50836907641553,0.0, 150.29662685859006, 20.088215175851765, -0.7425715921060163, 20.088215175851765, 157.6696372197941, 13.725535940904782, -0.7425715921060163, 13.725535940904782, 155.1673123277455, 3.3144134971874077, 3.5701417746525568, 24.0, 0.0
34, 0 ,0.3333333432674408,0.3333333432674408,0.3333333432674408,72.66255604127768,241.52539606229666,184.41512471629977,13.622717321690768,13.12894371935498,11.445420291252638,69.0,63.0,58.0,0.8847941439455353,0.3221728039980548,0.3366660172986257,13.80588713155565,-0.41669381310724485,0.8704231880868173,0.26216357443192934,13.405110076154944,0.20857993421667392,0.37224744190499476,-0.9043927537510213,10.89246255045283,66.13922115471539,59.144235819775815,51.0497938062511,21.29478625530112,5.956283606171067,89443.0,199694.21944393724, 0.0, 0.0,2.8421709430404007E-14,70.32612051830746, 148.52269102891864,148.52269102891864,0.0, 185.5784272266937, -1.6315250611871395, 14.76513862669367, -1.6315250611871395, 172.36916318599057, 21.736245924297233, 14.76513862669367, 21.736245924297233, 130.99764564341763, 2.853238323040696, 3.4127054214988046, 26.0, 0.0
35, 0 ,0.3333333432674408,0.3333333432674408,0.3333333432674408,26.652679863313118,173.30281480569323,227.03147287298998,13.144911788003643,14.190298177449298,12.956117407731666,60.0,77.0,62.0,-0.43799840031349274,0.7403118882899293,0.5099957934918885,15.082716721198905,-0.6870038754962958,-0.6415419883643294,0.3412470545200543,13.129572318343188,0.5798129667193479,-0.20090342262426106,0.7895915009686757,11.922257907280358,71.07571967035938,68.9251480578399,59.535735069127725,22.31725079563112,6.629823790057813,97449.0,291659.88053603884, 0.0, 0.0,0.0,NaN, 148.61678246800366,148.61678246800366,0.0, 172.78870591439716, -14.344158791639805, -26.155514875890596, -14.344158791639805, 201.36456236492086, 25.602225440904824, -26.155514875890596, 25.602225440904824, 167.8609782829275, 2.8778704254083767, 3.469387581661587, 25.0, 0.0
36, 0 ,0.3333333432674408,0.3333333432674408,0.3333333432674408,231.0785484472864,82.41117913443404,280.44380679583253,13.983481286502839,15.353493109669495,11.523856274154035,68.0,73.0,49.0,-0.4798991415689124,0.8717652026423782,0.09860144716643271,15.984104146685238,0.8734294762973985,0.46416446591623156,0.1472151436352652,13.342383830470531,-0.08256975146064914,-0.1567698314172506,0.9841775531382201,11.42610919492376,73.24540822658396,69.39725175003574,52.15271744017443,22.710450815903755,6.9499774621546315,99149.0,265093.829115346, -2.8421709430404007E-14, 0.0,0.0,61.32118500088859, 109.1980477073631,109.1980477073631,NaN, 195.53774888997506, -33.02568117781289, 0.19112278161205729, -33.02568117781289, 235.7297506686687, 13.982388975658194, 0.19112278161205729, 13.982388975658194, 132.79926342735934, 2.9269095015525335, 3.6401900419611746, 16.0, 0.0
37, 0 ,0.3333333432674408,0.3333333432674408,0.3333333432674408,161.49266360608516,145.91890744955828,43.322184072116556,11.790635183338393,12.166228312668663,12.336409692675156,60.0,59.0,59.0,-0.37455769818119905,0.499102000413388,0.7814113666415126,12.938284007271955,-0.6016760544549045,-0.7720583577360096,0.20472375960194317,12.065235639686419,0.7054732143949765,-0.3934756478275748,0.5894781237144344,11.236284501297517,62.803242142933726,56.39138119496022,52.18937998216157,20.207984304462652,5.555228513640972,77763.0,184831.9024005661, 0.0, 0.0,0.0,NaN, 205.79946894729392,205.79946894729392,0.0, 139.01907802657718, 1.2809914316573503, -14.421771202073154, 1.2809914316573503, 148.01711135598057, 12.993720570950375, -14.421771202073154, 12.993720570950375, 152.18700410552952, 2.94559052849232, 3.3742755836429636, 19.0, 0.0
38, 0 ,0.3333333432674408,0.3333333432674408,0.3333333432674408,130.78271171796248,169.42504614659563,131.62242266354224,11.771488556330834,13.890762116458664,11.36947113077252,57.0,62.0,55.0,0.258411659276482,0.9643807089107116,0.05650896062437509,14.052158686921944,-0.8988870027483051,0.21861022131857155,0.37975219212693634,11.633626493679577,0.3538722518651948,-0.1489275643254693,0.923360714966767,11.312897933087761,68.17830926519753,62.900345582052,55.92617694350071,20.59880566831486,6.039477944355137,76387.0,239836.01029254528, 0.0, 0.0,0.0,NaN, 226.88851536810438,226.88851536810438,NaN, 138.56794283182776, 15.869086571552742, -1.4976243160555236, 15.869086571552742, 192.95327217604319, 4.397452196841254, -1.4976243160555236, 4.397452196841254, 129.26487379346977, 2.8676148433060407, 3.429249916165572, 28.0, 0.0
39, 0 ,0.3333333432674408,0.3333333432674408,0.3333333432674408,248.2856165408711,49.017554362932714,8.214650730184523,12.433062438219062,16.415347441754786,5.574709222016832,59.0,65.0,24.0,0.04333936239222738,0.9987803323791027,-0.02365475259064034,16.42615888526161,0.998908938061159,-0.04290836286435265,0.01843382374410618,12.425845196117386,-0.017396353898530482,0.02442785395793626,0.9995502222610161,5.558932593087102,66.08311020779739,59.603727327693946,25.09476067743099,20.081500063536815,7.201070152025255,46769.0,98843.23537089913, 2.8421709430404007E-14, 0.0,0.0,87.51605943618024, 71.72571769525774,71.72571769525774,0.0, 154.58104159265372, 5.048483158073589, 2.0291581078533785, 5.048483158073589, 269.4636316335254, -5.742312819377817, 2.0291581078533785, -5.742312819377817, 31.07738291003951, 3.627722335954212, 3.5480587919699427, 11.0, 0.0
40, 0 ,0.3333333432674408,0.3333333432674408,0.3333333432674408,121.97283527126895,206.61893712008475,101.8123943804071,14.362029196951795,12.10052907081932,11.268740079254147,73.0,56.0,57.0,0.9640341587609569,0.16949664893667343,0.2047169429756419,14.536919081322312,-0.22447216981550921,0.9316622232985686,0.2856881983153765,12.136407890961788,-0.14230384998436085,-0.32136643831863765,0.9362014882502707,11.002762223592576,69.59084611168626,60.54738005358715,57.03327368188336,20.99150248332506,6.2475605570635455,79294.0,240312.17434612504, 0.0, -2.8421709430404007E-14,0.0,80.24144553919615, 184.29096314840385,184.29096314840385,0.0, 206.26788265409584, 9.262859618087832, 16.13121922838289, 9.262859618087832, 146.4228037937435, 10.113896494039603, 16.13121922838289, 10.113896494039603, 126.98450297378878, 3.264082473086271, 3.5785530598217883, 21.0, 0.0
41, 0 ,0.3333333432674408,0.3333333432674408,0.3333333432674408,69.67551447056842,43.50768361917784,90.92160825927137,14.467356122543602,14.00017702974787,12.058305283828401,71.0,63.0,59.0,-0.8041282452701135,0.5854637581012472,0.10300462663770422,14.794025160464226,-0.5787611707431182,-0.731501927088199,-0.36047252032063015,13.957981536702873,-0.13569551355466322,-0.3494812135383192,0.9270650511074832,11.705710031065902,73.13185752548144,72.96421429669061,63.80264149126559,22.54790531509943,6.5041557684342095,100929.0,340451.438876903, 0.0, 0.0,0.0,NaN, 122.53299432845533,122.53299432845533,0.0, 209.30439317649984, -14.057895763080134, 5.28032250880456, -14.057895763080134, 196.0049568642799, 20.17686485346048, 5.28032250880456, 20.17686485346048, 145.40272631800394, 2.9853918858642503, 3.402012703094688, 26.0, 0.0
42, 0 ,0.3333333432674408,0.3333333432674408,0.3333333432674408,280.727952597957,226.16299595724763,277.14267932641366,11.688509799043242,16.451497849008614,13.144419595602253,49.0,81.0,57.0,0.1460082379516847,0.9426726737534189,0.3000830295248721,16.916753160676794,-0.34830347932405875,-0.23492760271492094,0.9074655408187001,12.844562701436491,-0.925940754444365,0.23701740788642814,-0.2940348068134099,11.352950313161585,84.95454279126972,72.00072027293112,60.57371556075276,22.887617954721577,7.497049663850311,97211.0,370516.5928988869, 0.0, 0.0,0.0,NaN, 79.6603545400796,79.6603545400796,NaN, 136.6212613223299, 24.602047001731833, -4.516666864179065, 24.602047001731833, 270.6517814759351, 36.79868786529388, -4.516666864179065, 36.79868786529388, 172.7757665052525, 3.000183564573387, 3.6511524392795103, 14.0, 0.0
43, 0 ,0.3333333432674408,0.3333333432674408,0.3333333432674408,154.74687467109496,278.58510600975313,182.43027212873199,13.302909790634342,13.165037825334393,12.259597849998478,62.0,54.0,61.0,-0.762928011808385,-0.5252171296384464,0.3769453747328062,14.676738262959772,-0.21945656946216135,0.7588526347548067,0.6131732975640636,12.941393287171886,-0.6080951100921663,0.3850839459910517,-0.6942122813822561,10.8488277261298,71.46408591191965,66.32473871167915,61.64260021142712,21.440146313028986,6.395584051502309,85511.0,292175.8664941181, -2.8421709430404007E-14, 0.0,0.0,40.27699064891503, 188.09494680653205,188.09494680653205,0.0, 176.967408897755, 30.861954831320737, -34.79852603493926, 30.861954831320737, 173.3182209424853, 3.8198850976263587, -34.79852603493926, 3.8198850976263587, 150.2977394436873, 3.1126403726064136, 3.391775081489698, 18.0, 0.0
44, 0 ,0.3333333432674408,0.3333333432674408,0.3333333432674408,102.23015994543202,82.95029024040537,257.69366760861396,12.587157083923048,12.40582071136085,10.640339379114781,58.0,58.0,51.0,0.9611750467753075,-0.22446883872324888,-0.16048760045162644,12.653502452912019,-0.21889891947767426,-0.9743707945267972,0.05181522773012214,12.392922130320807,0.16800533476051172,0.014672941608747653,0.9856768802587156,10.576487594020954,60.24209960884685,61.122021400142586,51.402230843474285,19.85545413436714,5.596308979905515,71837.0,189269.1257670699, 0.0, 0.0,0.0,NaN, 138.2808085521868,138.2808085521868,0.0, 158.43652345535418, -1.5109915340961892, -7.91596392166702, -1.5109915340961892, 153.90438752242983, -0.36830481464561365, -7.91596392166702, -0.36830481464561365, 113.21682210274072, 2.8847493554887604, 3.2800727852737968, 24.0, 0.0
45, 0 ,0.3333333432674408,0.3333333432674408,0.3333333432674408,125.36589761539493,155.2681898747375,14.248380226098096,12.701456554372466,14.400828446620539,8.563677397460449,64.0,67.0,37.0,-0.05341903809654445,0.9985574356861499,0.005427154386961961,14.405776143821042,0.9911419349164361,0.05235899585299637,0.12204999141076624,12.749014493625197,0.12158976609461086,0.011898873441038295,-0.992509116125334,8.48431919807552,66.0649250445882,65.31582970492772,39.20222811229373,20.12134450496174,6.097452290261514,67139.0,169160.96192711475, 0.0, 0.0,0.0,NaN, 192.00760788603193,192.00760788603193,0.0, 161.3269986026113, -2.530814466447238, 10.914882428479231, -2.530814466447238, 207.3838599489953, 1.3132257800812996, 10.914882428479231, 1.3132257800812996, 73.33657056777497, 3.8952611900689473, 3.963087181690589, 18.0, 0.0
46, 0 ,0.3333333432674408,0.3333333432674408,0.3333333432674408,41.26875968312432,19.290907850760522,162.41686885517456,14.878018138282389,11.461357720012163,15.429903533330382,73.0,50.0,70.0,0.6714830591857504,0.16683710018106163,0.7219943789460697,16.833503313993308,0.625624435941026,0.39451261818025424,-0.6730184687287819,13.892490979010372,0.3971203424404489,-0.9036178263512374,-0.16053117304824385,10.697286017159465,82.05076367651341,67.25855017995339,59.62092445774563,23.21146909776631,7.213027788692684,102627.0,329024.95223487844, 0.0, -3.552713678800501E-15,0.0,80.3960279880712, 144.92883642361943,144.92883642361943,1.9073486328125E-6, 221.35542372305974, 38.317725156736216, 48.818653212474274, 38.317725156736216, 131.3627207860824, -0.5121617086266818, 48.818653212474274, -0.5121617086266818, 238.08192304788142, 3.4811478060797034, 3.661183689554639, 20.0, 0.0
