// Sample: .//bubblelabels.tif, Map: .//bubblelabels.tif, Thickness:(8.191250068658265):/gpfs/home/mader/Foam/NewValid/InSilicoTest/LatticeData_Phi_6.65/out_Step_03000.vtk/distmap.tif, Neighbors:(1.0):
//LACUNA_NUMBER, TRIANGLES, SCALE_X, SCALE_Y, SCALE_Z, POS_X, POS_Y, POS_Z , STD_X, STD_Y, STD_Z,PROJ_X, PROJ_Y, PROJ_Z, PCA1_X, PCA1_Y, PCA1_Z, PCA1_S, PCA2_X, PCA2_Y, PCA2_Z, PCA2_S, PCA3_X, PCA3_Y, PCA3_Z, PCA3_S,PROJ_PCA1, PROJ_PCA2, PROJ_PCA3,OBJ_RADIUS, OBJ_RADIUS_STD, VOLUME, VOLUME_BOX, Mask_Grad_X,Mask_Grad_Y,Mask_Grad_Z,Mask_Angle, Mask_Distance_Mean,Mask_Distance_COV, Mask_Distance_STD, SHAPET_XX, SHAPET_XY, SHAPET_XZ, SHAPET_YX, SHAPET_YY, SHAPET_YZ, SHAPET_ZX, SHAPET_ZY, SHAPET_ZZ, Thickness, Thickness_STD, Neighbors, Neighbors_STD
1, 0 ,1.0,1.0,1.0,156.0264848632983,182.0922867418555,183.55429658856804,15.753078499697624,11.558620159622588,9.360197684984996,73.0,53.0,41.0,-0.9537366729096426,-0.3003746250389981,0.012706037144862133,16.142645485550315,-0.2715825551257999,0.8426493478509497,-0.46495697899667043,11.576339279062882,0.12895454431150216,-0.4468972602277279,-0.8852420936118904,8.647418605453053,79.34196486110278,66.52197706600968,46.350701391332734,20.410067243075122,7.266611180410347,57278.0,244638.27733656263, 0.0, 0.0,0.0,NaN, 50.24756101852549,50.24756101852549,6.743495761743046E-7, 248.15948221763557, 39.67413319271988, 5.228047977847381, 39.67413319271988, 133.60169999443372, -23.916687240601416, 5.228047977847381, -23.916687240601416, 87.61330070199848, 9.713699078666227, 6.414423233407728, 12.0, 0.0
2, 0 ,1.0,1.0,1.0,185.21603470221746,35.61286594761171,16.24338447109265,8.755205333153205,16.4005967533441,10.259243591313124,37.0,72.0,47.0,0.033302881091851755,0.9975890220912408,0.06088563963713658,16.424347946645938,-0.33496962837594896,0.06853693710889673,-0.9397329601101628,10.42973114422818,0.9416401999578502,-0.010900974945959492,-0.3364445014687667,8.505690809334595,72.9561335416064,56.08156681532549,41.18240122824591,20.073920722931792,6.922642571071308,59708.0,168497.5589714898, 0.0, 0.0,0.0,NaN, 41.84124030193577,41.84124030193577,0.0, 76.6536204256743, 5.722141792418907, 11.868586851131756, 5.722141792418907, 268.979573865801, 9.644115228266028, 11.868586851131756, 9.644115228266028, 105.25207906589941, 8.505651692566525, 5.890849255499743, 12.0, 0.0
3, 0 ,1.0,1.0,1.0,170.794015668837,186.89501614525435,79.02044624424329,16.29407768248052,7.643423490126477,15.598846397311714,65.0,33.0,64.0,-0.8678828257262691,-0.021684777113941803,0.4962954475419912,16.631409371266034,0.4954184181907145,0.035836224837353985,0.867914947392207,15.249392817570389,0.03660589743192819,-0.9991223826093202,0.020358606098597416,7.62201680133602,73.8229031934198,76.99044158606677,33.94745984792928,22.675909204990628,7.283271299769205,75564.0,192945.7488936869, 0.0, 2.8421709430404007E-14,0.0,88.75745639859049, 85.25820222843446,85.25820222843446,0.0, 265.4969675227098, 7.209450615384018, -19.107720001698606, 7.209450615384018, 58.421922649417205, 3.074244349896524, -19.107720001698606, 3.074244349896524, 243.32400892692465, 8.364667697960444, 5.583480004324022, 13.0, 0.0
4, 0 ,1.0,1.0,1.0,55.699581980154285,80.23284768862021,28.767888549855616,13.206825523631407,14.238932617164213,15.790362160680365,67.0,69.0,66.0,0.06863212703854563,0.4117442968427044,0.9087113211332145,16.184049446327016,0.10430179087079752,-0.9088288144482488,0.4039199455953319,13.811536455362337,-0.9921747666410942,-0.06705833315926164,0.10532052219103435,13.184118624855842,76.49888492436543,79.04327814140895,66.97695399879527,24.023581712365964,7.026414545303987,122243.0,404991.0640079314, -7.105427357601002E-15, 0.0,0.0,86.06457509785838, 101.82015857680723,101.82015857680723,0.0, 174.420240411642, 0.8841250502433464, 6.208240464524615, 0.8841250502433464, 202.7472020761429, 26.74645435989736, 6.208240464524615, 26.74645435989736, 249.3355371654463, 8.147911458637541, 5.2379992891566785, 24.0, 0.0
5, 0 ,1.0,1.0,1.0,14.01654328330177,107.3705883273598,138.61812718138137,8.157546246375615,14.814998743712206,12.60671889730388,33.0,73.0,64.0,-0.03946111065443695,0.9976538422964194,-0.05594311125697049,14.829607466355165,0.006970795527517315,-0.05571049856066304,-0.9984226301320676,12.599205926761137,-0.9991967918061148,-0.039788833877280994,-0.004756042793574171,8.142595550712313,73.00654471256269,63.74580255816588,33.81381568381826,20.111986367212438,6.361376758114332,63893.0,157364.79079202705, 0.0, 0.0,0.0,NaN, 112.00181116014686,112.00181116014686,0.0, 66.54556076175687, -6.083510116319963, -0.304233021312554, -6.083510116319963, 219.48418777619423, -3.4319098399000523, -0.304233021312554, -3.4319098399000523, 158.92936135563878, 9.067209752949468, 5.475691481077691, 18.0, 0.0
6, 0 ,1.0,1.0,1.0,51.70670797540252,185.21793487615201,121.48880439374736,14.441714632852404,8.666481247538522,12.284638694828304,65.0,34.0,55.0,-0.9568826426543523,0.014380987686326592,0.29011858847717636,14.644035956009331,-0.289617363374861,0.029450465778538854,-0.956689318899935,12.046464839815847,0.02230226487640521,0.9994627843289579,0.02401565578512956,8.66130835355372,65.56480006088987,58.35135887543659,35.081342843637344,19.940439401126255,6.079658140319946,63909.0,134214.03228717152, 7.105427357601002E-15, 0.0,0.0,16.88638361059658, 95.16354834968325,95.16354834968325,0.0, 208.56312153674327, -2.5165787084981353, -19.284339458348413, -2.5165787084981353, 75.10789721393687, -1.3933102942639841, -19.284339458348413, -1.3933102942639841, 150.91234786247287, 9.214163802496644, 5.474390466111869, 11.0, 0.0
7, 0 ,1.0,1.0,1.0,56.39560517606284,148.90260081532932,11.608883396542662,13.214075650244864,17.923386467732303,8.364287282697084,63.0,90.0,34.0,0.272612240150896,-0.9612139485054569,0.04183672690900914,18.278735855924655,0.9461200738034767,0.275722214639572,0.16980596662177003,12.847283846057266,-0.17475517865292037,-0.006708617800901369,0.984589062493174,8.164312144800814,99.13309186625035,59.761844560114255,35.84964639136202,22.11558753928554,8.759090552209695,70401.0,212386.79999276737, 7.105427357601002E-15, 0.0,0.0,74.18023032906648, 76.98165145231994,76.98165145231994,0.0, 174.6117952903942, -44.41548181570884, 18.858496165152197, -44.41548181570884, 321.2477824716895, -6.148632640870623, 18.858496165152197, -6.148632640870623, 69.96130174748816, 8.167739023986325, 5.269813564799562, 16.0, 0.0
8, 0 ,1.0,1.0,1.0,25.191624106230847,50.11601731601731,48.743470013132935,14.158253587247868,13.367730708896318,14.30390218871922,63.0,66.0,81.0,0.6423131807597838,0.22648921130040722,0.7322133671183341,16.584789314468036,-0.491534357910577,0.8547355792445029,0.16679647648256976,13.775979411289796,-0.5880712140682334,-0.4670436026090956,0.6603351576633114,10.905097038782353,88.99567056564132,67.42479883214999,60.543744219700194,23.04578257000697,7.25574892803154,102795.0,363293.65653620893, 0.0, 0.0,0.0,NaN, 74.3112305486201,74.3112305486201,0.0, 200.45614464081712, -7.055141875489178, 67.62222022161511, -7.055141875489178, 178.69622430556964, 35.9948185867361, 67.62222022161511, 35.9948185867361, 204.60161782444652, 8.04390942407777, 5.136580444740885, 20.0, 0.0
9, 0 ,1.0,1.0,1.0,88.74623306461824,178.39884142995822,81.56702401553201,12.894887733953041,12.153753555871939,15.300395779111875,62.0,56.0,73.0,0.4027754324730533,0.2880674160027209,0.8687860005971895,15.902645780265411,-0.6682182273197942,-0.5561165813195237,0.49418493366256777,13.285019117011572,-0.6255048774180233,0.7795841916169158,0.03149819847647523,10.895324245456425,76.69722705450326,75.53150835342103,59.13973369337332,22.371356741665654,6.9004611224708725,94772.0,342599.862796035, 0.0, 0.0,0.0,NaN, 122.45686318650336,122.45686318650336,1.3486991523486091E-6, 166.2781296712526, 37.04195475869012, 27.87363279843802, 37.04195475869012, 147.71372549686978, 17.702243903651837, 27.87363279843802, 17.702243903651837, 234.1021109974645, 8.412714559707968, 5.029525160555667, 21.0, 0.0
10, 0 ,1.0,1.0,1.0,186.1899655837826,20.501521873197127,110.87172498856108,8.494231504916161,11.07942723571472,13.34504163824506,34.0,45.0,65.0,0.026330516170769102,-0.37305059862897727,0.9274373050404768,13.738277297507894,0.10861965148472781,-0.9211982828404418,-0.3736248051229422,10.614589769689655,-0.9937346100592033,-0.11057565082052188,-0.01626499972643362,8.460853028807481,74.05852059390702,56.90688684927906,36.01160714748141,18.400870848868358,5.865472279400036,50267.0,151768.7522847587, 0.0, 0.0,0.0,NaN, 92.49258811498885,92.49258811498885,0.0, 72.15196885911028, -5.26158378990507, 1.1936041157067925, -5.26158378990507, 122.75370787149713, -26.392925516972117, 1.1936041157067925, -26.392925516972117, 178.0901363264944, 8.668137830137853, 5.402689006475994, 9.0, 0.0
11, 0 ,1.0,1.0,1.0,77.37922508638837,101.0470667672876,159.63897604956904,11.722184951510037,15.01810246838261,13.940639212279716,58.0,80.0,76.0,0.1752845358264162,0.9053046992100008,0.38690920522573213,15.345483144666591,0.014240312598585374,-0.3952838595955364,0.9184486288521263,13.693827910104499,-0.9844148236374805,0.15548013355906867,0.08217896976259659,11.588341885722725,77.49799385180246,75.11811248532655,60.50546618723978,22.61122942793795,6.784301525744613,100708.0,352232.7541081058, 0.0, 0.0,0.0,NaN, 131.94028848177823,131.94028848177823,0.0, 137.40962003740836, 15.758454870422797, 7.559120086695296, 15.758454870422797, 225.54340175083985, 16.119863898846624, 7.559120086695296, 16.119863898846624, 194.34142164695083, 7.456303766941967, 4.8182325727267745, 31.0, 0.0
12, 0 ,1.0,1.0,1.0,20.14312375237713,176.9895229208254,48.41007075276692,12.518714576116915,12.435235991399113,13.888129906421964,52.0,51.0,81.0,0.26889947161562,-0.494375250603717,0.8266112664096418,14.678498604922243,0.9040623447383291,-0.1664624382859752,-0.3936515381223875,12.432227110091068,-0.33221130473100097,-0.8531608102992067,-0.40218438654244937,11.585114107600946,90.63734158918336,63.06440243789025,59.23811115411584,21.44804049967478,6.649437556823396,84661.0,338604.4382917969, 0.0, 0.0,0.0,NaN, 57.26047886808753,57.26047886808753,NaN, 156.71821463828212, -13.86210946281811, 10.817781182465538, -13.86210946281811, 154.6350941617879, -31.86743916611284, 10.817781182465538, -31.86743916611284, 192.88015229765216, 7.756320993637003, 4.848044198782549, 11.0, 0.0
13, 0 ,1.0,1.0,1.0,167.49833756783036,187.25342680593457,25.37437658793639,15.347393628829979,7.388536739148267,14.38681013183328,74.0,31.0,52.0,0.7799353861817528,0.030490580640252257,0.6251168833696141,16.94490376592802,-0.6252961366270049,-0.004427684206759101,0.7803749977619137,12.474430133821565,-0.02656190695077055,0.9995252473573567,-0.01561233468617438,7.373744049887963,88.14769710815472,61.91594517621381,32.35068011498919,21.044851716047752,7.363931583261695,63762.0,176561.85909961103, 0.0, 0.0,0.0,NaN, 43.15891769116539,43.15891769116539,0.0, 235.54249119825104, 5.815428676036317, 64.079893728527, 5.815428676036317, 54.59047514574371, 4.08659466007242, 64.079893728527, 4.08659466007242, 206.98030576942074, 8.525575540574465, 5.037430589865506, 12.0, 0.0
14, 0 ,1.0,1.0,1.0,176.1281171472111,61.37401729758096,108.45102887303334,13.461257264895616,12.993104813267971,13.984580621778116,55.0,65.0,66.0,-0.6319043268226051,-0.3434455759288149,0.6947964148711443,15.509726142306299,-0.12986110810218549,-0.8368674233719668,-0.5317790972774672,12.80341471222065,-0.7640896638126593,0.42626054482404296,-0.4842199227427216,11.879212166841567,76.68812184094139,66.16966810807352,67.9154942192624,22.396255762146605,6.6334337144347195,99089.0,344632.2562995653, 0.0, 0.0,1.4210854715202004E-14,45.9890036735588, 112.77344946656203,112.77344946656203,0.0, 181.205447151705, 24.05915742824324, -42.08151067770543, 24.05915742824324, 168.8207726885673, -13.575993107847298, -42.08151067770543, -13.575993107847298, 195.56849516701203, 7.010710795002697, 4.509184131826657, 18.0, 0.0
15, 0 ,1.0,1.0,1.0,189.664514137841,24.46242966691199,175.83834666793285,6.334832854372993,13.138659102980398,12.830254271389373,27.0,56.0,54.0,-0.02268916207560766,0.7964964178794173,0.6042173931868925,13.552385456114871,0.012219424270572477,-0.6041068913616663,0.7968096067943959,12.396109925121452,-0.9996678886484265,-0.025462130990969205,-0.003973951509036565,6.327653764142759,76.11386049526818,61.96900219779809,27.691906600061856,18.403578260007276,6.219180188213255,42121.0,130614.41553690888, 0.0, -3.552713678800501E-15,0.0,37.203174577683924, 35.90289995187709,35.90289995187709,0.0, 40.13010729284349, -3.4343773029336138, -0.8627127379554513, -3.4343773029336138, 172.62436302432968, 14.427950039220407, -0.8627127379554513, 14.427950039220407, 164.61542466850526, 7.881404785352035, 4.935091029300818, 10.0, 0.0
17, 0 ,1.0,1.0,1.0,19.17540058570034,11.641937096735791,19.308730744506082,12.467809386399312,7.698257113874398,11.961916354865624,56.0,33.0,47.0,-0.8474682051060203,0.15664551714762334,0.5072078699033908,13.07375220970824,-0.46554320481162237,0.23981073361436425,-0.8519156862607152,11.634565434415755,0.2550826646169931,0.9580986347975318,0.13030671590904463,7.177100158082888,71.61028040569175,57.57833816559687,33.529875323885754,17.89983056199182,6.114976878097233,42001.0,138250.41349819486, 0.0, 0.0,0.0,NaN, 29.598273090676496,29.598273090676496,0.0, 155.4462708955868, -25.21368897387443, -18.072317787547163, -25.21368897387443, 59.26316259131777, -7.643389403427844, -18.072317787547163, -7.643389403427844, 143.0874428808017, 7.974417116289431, 4.601464118305634, 3.0, 0.0
18, 0 ,1.0,1.0,1.0,27.70892738909733,40.884539836680645,141.1514897373648,13.758914919703141,13.008812752467506,13.01325502408389,59.0,67.0,68.0,-0.7824292843800021,-0.44000031681064466,0.44068598361092615,15.342653522112098,9.133808872524712E-4,0.7068454864262399,0.7073673897305466,13.264032380162785,-0.6227387740296509,0.5538674746953323,-0.5526547202319578,10.795841015717574,69.98560031839664,59.40581315475825,55.78063884758173,22.02982011598009,6.524475532623118,90620.0,231910.87849073327, 0.0, 0.0,0.0,NaN, 76.82758238317065,76.82758238317065,0.0, 189.30773976762967, 40.95363614292773, -40.94068809531564, 40.95363614292773, 169.2292092287612, 6.647517514037188, -40.94068809531564, 6.647517514037188, 169.34480632184457, 8.110934042330085, 4.771818628851672, 21.0, 0.0
19, 0 ,1.0,1.0,1.0,121.87127307909377,78.9657018463275,179.45676046117876,11.477069372877068,11.19332223945284,11.68021306734823,55.0,55.0,48.0,-0.2987228099838313,0.6541025147752421,-0.6949205587403988,12.563434324981051,-0.8636088087091552,0.12460458637414745,0.4885217728765846,11.645508921247202,-0.4061336089457726,-0.746072112613273,-0.527666461380151,9.999160033310526,60.37239493302398,60.89535903445832,50.69633635594457,19.05976536501553,5.492386154966932,62015.0,186379.9433103668, 0.0, 0.0,0.0,NaN, 112.9677154284091,112.9677154284091,0.0, 131.7231213898328, -15.139559818766067, -3.0235859266050205, -15.139559818766067, 125.29046275622956, -24.12955688944734, -3.0235859266050205, -24.12955688944734, 136.42737729865237, 7.7230208261204485, 4.818274969796866, 17.0, 0.0
20, 0 ,1.0,1.0,1.0,15.862108942718123,101.99278048094996,22.608600186196842,9.746012655972555,11.554293386860664,12.459867828349116,41.0,51.0,54.0,-0.09536680420607184,-0.5107327695859848,0.8544338539211507,12.882964410473003,-0.32434648547977324,-0.7955612973864401,-0.51174366577196,11.28506479456893,-0.9411187650942042,0.32593597557163506,0.08978424035278387,9.508485959437786,58.886009866197384,59.093671354729366,45.80271205166361,18.76986092908248,5.605986564634432,56929.0,159383.84293229206, 1.7763568394002505E-15, 0.0,0.0,84.52756799999946, 101.82421313393598,101.82421313393598,1.3486991523486091E-6, 94.98476269037722, 13.212533625664559, -0.025320812562224907, 13.212533625664559, 133.50169566965207, -17.9334937434955, -0.025320812562224907, -17.9334937434955, 155.2483062999293, 7.90610432370396, 4.872826833312047, 9.0, 0.0
21, 0 ,1.0,1.0,1.0,80.59855759910043,23.197218596114823,41.90469297281928,11.926645033593847,11.66123194957394,13.421770361385025,62.0,49.0,64.0,-0.45346557021680184,-0.03055599295321046,0.8907498570993959,13.938870113877332,-0.5771851353101048,0.7716039137211588,-0.2673662654622803,12.34149280366143,-0.6791364341610651,-0.6353689728219607,-0.3675322736443148,10.572065422541463,63.1781250838613,61.19436657217183,60.33451919588875,20.565274482464773,5.953368578690096,77371.0,233262.0205757007, 0.0, 3.552713678800501E-15,0.0,88.24899801687519, 93.75628901997825,93.75628901997825,0.0, 142.24486175734876, -16.913099099206082, -27.076543359453375, -16.913099099206082, 135.98433058176403, -10.61034121404985, -27.076543359453375, -10.61034121404985, 180.1439196337535, 6.86028980106665, 4.519732702224843, 19.0, 0.0
22, 0 ,1.0,1.0,1.0,172.01014785489212,92.66453906439364,11.572448897147936,13.595763558397552,15.28273190028233,7.920041990214345,59.0,68.0,33.0,0.4246629478094146,0.9017922894177071,0.08020004678671061,15.757446404321712,0.9031127336557878,-0.42817335771521775,0.03248024094194331,13.093040276842391,-0.06362995416145723,-0.05863652862890262,0.9962494599465354,7.836384709955753,76.9757273625712,71.95494759498138,35.942881099059775,20.79670072115394,6.973591995036981,61885.0,199079.87014543943, 0.0, 1.4210854715202004E-14,0.0,25.605335018731708, 97.48882088013289,97.48882088013289,0.0, 184.84478673585087, 29.02725489969392, 9.59225179110588, 29.02725489969392, 233.56189433590717, 11.98641090902148, 9.59225179110588, 11.98641090902148, 62.72706512675839, 7.110875333943255, 4.775164382754361, 12.0, 0.0
23, 0 ,1.0,1.0,1.0,159.61881173903055,81.08288823799678,69.80369859866758,15.250077124333817,9.9723590581362,11.052987632162099,69.0,49.0,58.0,-0.9888555109062752,0.14707036505437432,-0.023131931892145605,15.34822209965862,0.06880288363301143,0.31365404448386675,-0.9470413420662768,11.198844242211555,0.13202629190457513,0.9380785937764948,0.32027739561861407,9.653978407759404,72.09284483402952,59.183986379262734,51.8136461558974,20.316053522097537,6.437336589498995,69648.0,221075.45746481302, 0.0, 0.0,0.0,NaN, 114.35747228947027,114.35747228947027,0.0, 232.5648522981296, -20.009654263861325, 1.1574689021369693, -20.009654263861325, 99.44794518439113, -10.05353710099523, 1.1574689021369693, -10.05353710099523, 122.1685355967283, 6.7634385565024955, 4.334830419013447, 16.0, 0.0
24, 0 ,1.0,1.0,1.0,136.1170429576792,116.99707034359774,122.14259784097061,10.115231554003612,11.953743190286788,12.60940208279193,49.0,60.0,64.0,0.193466282618426,0.5002825394288539,0.8439716690934735,12.743711783890227,-0.38320206066890655,-0.7533635085271377,0.5344151988096747,12.288567597740055,-0.9031760504956444,0.4268030046312905,-0.045958862570690186,9.528684216662137,59.13808325663496,61.58379098839612,47.09589062847421,19.323612989938,5.550215090522199,62806.0,171520.75448145453, 0.0, 0.0,0.0,NaN, 130.50782966155518,130.50782966155518,0.0, 102.31790939111035, 24.31356137796091, -0.6390828380884012, 24.31356137796091, 142.89197625932775, 5.99162879347104, -0.6390828380884012, 5.99162879347104, 158.9970208855175, 7.321353553641383, 4.619107792534514, 23.0, 0.0
25, 0 ,1.0,1.0,1.0,116.1447944773452,58.470809825840135,15.563198654378526,12.988117558597178,11.100926788066502,9.34756619502842,65.0,55.0,39.0,0.995845310441325,-0.08115772643234119,-0.04129819744679114,13.005493045476506,-0.07982191559173882,-0.996261768992887,0.03302952367850838,11.08862911374787,0.043824416291448634,0.029595795030664555,0.9986007758124448,9.337998825347768,64.79959355742855,55.482513504648395,40.41155737810942,18.6724265974668,5.535273435214946,57074.0,145289.42231374426, 0.0, -7.105427357601002E-15,0.0,85.34488501959842, 103.4057263757278,103.4057263757278,0.0, 168.69119771594032, -3.779089820246403, -3.4643843725651635, -3.779089820246403, 123.23057555401247, -0.9020519157899922, -3.4643843725651635, -0.9020519157899922, 87.3769937704381, 7.309141958149814, 4.795310426754138, 16.0, 0.0
26, 0 ,1.0,1.0,1.0,151.1082930504112,151.7662125682717,54.45131521124992,10.210857483695085,14.26357532286071,10.680639303542558,47.0,63.0,51.0,-0.04676690166090117,0.9907931919973045,-0.12705002007411278,14.32929749801613,-0.5917147208289673,0.07499469110299056,0.8026515342666857,11.057884854681884,0.8047897527077099,0.11271489253048998,0.582759647658023,9.704723758540307,64.9469418034422,57.159727590797246,51.71882367603831,19.660163692928098,5.938451906251087,63716.0,191998.34928363835, 0.0, 0.0,7.105427357601002E-15,82.70084269073075, 87.64612362613944,87.64612362613944,0.0, 104.26161055233193, -6.396884090669056, -12.683126294143316, -6.396884090669056, 203.449580990921, -12.300053496973135, -12.683126294143316, -12.300053496973135, 114.07605593237804, 6.702385990663458, 4.548093170543941, 19.0, 0.0
27, 0 ,1.0,1.0,1.0,11.765935349863689,84.47277034921458,104.63751135921069,7.462937821245421,10.613759648823553,10.12269331962597,29.0,49.0,44.0,0.15489076502667887,-0.7545486005048161,0.6377031130437376,11.822327090101881,-0.018415321787503235,-0.6475861809780119,-0.7617696594967387,8.799331272394863,-0.9877599540540773,-0.10624757730196939,0.11420037427499594,7.322609246932938,58.093995398929366,43.89560709561417,31.917644395789498,15.688229997060706,4.969476271126948,30812.0,81392.2656384867, 0.0, 0.0,0.0,NaN, 127.93783804994122,127.93783804994122,0.0, 55.69544092377535, -9.784284702111687, 8.843071917519994, -9.784284702111687, 112.65189388299505, -29.707374658237807, 8.843071917519994, -29.707374658237807, 102.46892004320026, 8.560859375272644, 4.749365160492786, 10.0, 0.0
28, 0 ,1.0,1.0,1.0,52.26378032209022,67.9582520483808,97.0559285320274,12.437947921931684,10.53675859371366,13.555586745613912,60.0,51.0,63.0,-0.5427414334073524,0.012976180140857406,0.8397995922908538,14.297750069524367,-0.812103875355054,0.2469961819103502,-0.5286588519593828,11.646790655854172,0.21428726536179332,0.9689295665169174,0.12351705563647107,10.459750119236634,66.90418083071746,56.53505836105784,53.17860435370022,20.353393851624833,5.9345699852134715,74327.0,201144.44247807353, 0.0, 0.0,0.0,NaN, 129.49779927952815,129.49779927952815,0.0, 154.7025485086847, -5.9328573689312485, -32.04312746107012, -5.9328573689312485, 111.02328166219868, -2.391048391097614, -32.04312746107012, -2.391048391097614, 183.75393201786355, 7.52996918650173, 4.552656324879583, 17.0, 0.0
29, 0 ,1.0,1.0,1.0,97.26814948628204,186.9627864965564,139.00420006774303,10.951932632233182,7.805815730723008,12.489102142354044,53.0,32.0,59.0,0.06758907606000249,-0.11871432306314128,0.9906253713170359,12.548738402528901,0.9956523735837822,-0.05575916743043052,-0.07461411545039949,10.955499336156876,0.06409421014674828,0.991361601408449,0.11442948692771088,7.704508986657866,58.14361294535138,53.38131528841626,34.91853840236266,17.541252697471844,5.399788304050531,44285.0,108379.54962852958, 0.0, 0.0,0.0,NaN, 115.54890501340117,115.54890501340117,NaN, 119.94482838097406, -4.155065815662378, 2.062416714362627, -4.155065815662378, 60.93075922200277, -11.285651536374907, 2.062416714362627, -11.285651536374907, 155.9776723221524, 7.2669512500669535, 4.749498528190395, 11.0, 0.0
30, 0 ,1.0,1.0,1.0,49.734685301413876,122.4490504141306,143.16356464097385,12.861187686881701,10.54104204683901,13.54578033185155,58.0,53.0,61.0,-0.5761634671514204,-0.014101188958916197,0.8172128337159175,14.138888619912597,-0.6929438793598682,-0.5217945757098753,-0.49755321405599207,13.102710480243783,-0.43343331572198146,0.8529546161606115,-0.29086763930102805,9.403333856341462,68.4129657747727,64.70054345782407,50.82716706612139,20.54378576867357,6.16155396308935,73769.0,224979.1392195169, 0.0, 0.0,0.0,NaN, 108.25003042965618,108.25003042965618,0.0, 165.41014871719747, 31.00985257635831, -23.78722380467214, 31.00985257635831, 111.11356743322796, 20.3308538505751, -23.78722380467214, 20.3308538505751, 183.48816479877627, 7.016507315409687, 4.340115515277656, 17.0, 0.0
31, 0 ,1.0,1.0,1.0,17.453420444412092,140.1285555697101,23.034431927787583,10.158757303632532,10.261784710053735,12.56613642207863,39.0,46.0,52.0,0.16785467090682504,-0.27036432360242485,0.9480126275413027,12.800735256810826,0.7098403909447639,-0.6341604405307166,-0.30654062544672955,10.282985145134864,-0.6840697543658439,-0.7243919299584246,-0.08546872511605143,9.839398018063251,59.87925751858096,55.69022500685256,50.3662902953906,18.373435001724552,5.3692873088795094,54949.0,167955.93056034183, 0.0, 0.0,-3.552713678800501E-15,18.55608032514244, 66.48155231050636,66.48155231050636,0.0, 103.20034995410732, -7.060710149762999, 8.726512375460402, -7.060710149762999, 105.30422543549261, -15.44905689162479, 8.726512375460402, -15.44905689162479, 157.9077845782911, 7.525504275327423, 4.629194030367425, 7.0, 0.0
32, 0 ,1.0,1.0,1.0,113.15910593665322,71.03036392630719,68.21407734892585,9.499267589569227,11.733216436312402,15.872135602349957,46.0,59.0,75.0,-0.001115431733041592,-0.20862347777611162,0.9779953989322493,16.042774870854522,-0.06134642426547139,-0.9761397075482389,-0.20829759378706128,11.50573116977147,-0.9981159111255015,0.06022886241860298,0.011709487173710245,9.490872770773237,75.00302669786501,61.30451133023838,46.68958141701469,20.915561316029322,6.509104093066438,77131.0,214679.81123649652, 0.0, 0.0,0.0,NaN, 131.3004715520485,131.3004715520485,0.0, 90.23608473824036, 2.5722779932369404, 0.3580900386872031, 2.5722779932369404, 137.6683679413515, -25.531645760474742, 0.3580900386872031, -25.531645760474742, 251.92468857938502, 7.351780752998839, 4.455642466529647, 23.0, 0.0
33, 0 ,1.0,1.0,1.0,178.9988007127193,154.92850534539474,88.34518914473684,12.568432414322086,8.758067878284484,13.037237339550947,51.0,41.0,56.0,-0.4049938138222723,-0.07239901390301881,0.9114485139334862,13.170139190834256,-0.9139355324703494,0.0031712260686146305,-0.40584699803418545,12.44962142066845,-0.026492513165589798,0.9973707064632948,0.0674523582618046,8.7288695681564,63.0617620251082,59.94581871967455,41.46319464564641,19.254372208240436,5.823053720199859,58368.0,156742.85673723696, 0.0, 0.0,0.0,NaN, 101.37732708512056,101.37732708512056,0.0, 157.9654933533821, 2.623372316580678, -6.673157153917448, 2.623372316580678, 76.70375296063848, -6.519368929876302, -6.673157153917448, -6.519368929876302, 169.96955744778143, 7.728023008224371, 4.631609411205244, 13.0, 0.0
34, 0 ,1.0,1.0,1.0,122.15045857651785,151.91988175547638,163.30034108997197,11.692734664820915,11.46663242362796,11.483534422541778,63.0,53.0,60.0,0.1600197356171584,0.7228314987925883,-0.6722412577090722,12.200401854711844,-0.929319247796636,-0.11928818386300756,-0.3494797059420759,11.814212029002915,0.3328053783936031,-0.6806503901004726,-0.652652761097634,10.566449480857289,58.47814090150533,67.09583796589564,49.8863050050532,19.249385269483145,5.434743109036503,65965.0,195735.89510891895, 0.0, 0.0,0.0,NaN, 98.58556605490601,98.58556605490601,0.0, 136.72004394190466, 7.3985776332433675, 5.068007499159067, 7.3985776332433675, 131.48365913859604, -16.911903241711627, 5.068007499159067, -16.911903241711627, 131.87156283370192, 7.334148359122056, 4.432656451153716, 18.0, 0.0
35, 0 ,1.0,1.0,1.0,145.33437150156442,42.85716336079456,83.0332979303614,12.650552239207885,10.258791101777721,12.842133108073835,64.0,48.0,57.0,0.655865955445484,-0.085230163081674,-0.7500504434960714,13.11418848156421,0.7102632603841746,-0.26684731239375675,0.6513974307722366,12.551583078863791,0.25566765426237265,0.959962671758282,0.1144802139877262,10.033716772797412,63.608374382149506,62.7620720351747,47.277598088713845,19.91465491802398,5.7970828084791775,69674.0,188741.31387628257, 0.0, -7.105427357601002E-15,0.0,85.11073972758273, 108.257082704343,108.257082704343,0.0, 160.0364719569276, -14.764063134260006, -8.767786288768281, -14.764063134260006, 105.24279486991374, -5.326386011956314, -8.767786288768281, -5.326386011956314, 164.92038276548612, 7.331982132648496, 4.515171607410034, 17.0, 0.0
36, 0 ,1.0,1.0,1.0,85.09213067139049,35.32720511961188,108.47650053462282,12.200307328790279,11.536524674463589,10.74420486698446,62.0,62.0,55.0,0.816248105372963,0.28613008648819954,-0.5018651253885889,12.85171682844096,0.41028954003013857,-0.8986988423918111,0.1549286417208764,11.606369082252323,0.4066958615684525,0.332370221725524,0.850957408977218,9.874330863065026,65.00248148966932,58.21450817742585,53.52857788323573,19.11732036531871,5.648442329963904,62661.0,202556.82193793266, 0.0, 0.0,0.0,NaN, 129.86621222684914,129.86621222684914,0.0, 148.8474989169338, 2.084566873246196, -25.353422983775836, 2.084566873246196, 133.09140156450724, -14.896757001346497, -25.353422983775836, -14.896757001346497, 115.43793822373256, 6.489452990953709, 4.195889020327655, 15.0, 0.0
37, 0 ,1.0,1.0,1.0,16.24758179505954,72.44857219931404,170.9725808316313,10.292751160603775,11.209662904532319,11.017709305927749,40.0,59.0,56.0,-0.11053711167772591,-0.7417902946169816,0.6614595269205797,11.72344152346153,0.5522593956910767,-0.5991754823036806,-0.5796536045579971,10.657677005637439,-0.8263117491678748,-0.3012240033898412,-0.4758917870366375,10.097624816102554,54.063810964525615,55.63064567783026,53.70303921290453,18.036310634175237,5.261053691494262,51898.0,161517.5137726023, 0.0, 0.0,0.0,NaN, 79.72057821844086,79.72057821844086,0.0, 105.94072645411036, -0.9374485373036682, -6.315015821527433, -0.9374485373036682, 125.65654243324794, -13.370123738108886, -6.315015821527433, -13.370123738108886, 121.38991834992693, 7.530092904638145, 4.537136967713644, 12.0, 0.0
38, 0 ,1.0,1.0,1.0,185.18897965055868,111.421823297153,58.45150822449926,8.869775668962872,12.854092545620192,13.817380191898016,38.0,65.0,66.0,0.14883968454482976,-0.38578435516028564,0.9105038053836777,14.0405608813425,0.15117597408111713,-0.9010590629517414,-0.40649525204257286,12.798261057892358,-0.9772372143779731,-0.19814892476642912,0.07579202100938529,8.595799845732827,68.65714038008629,63.09931309760219,41.6192581030154,19.86684065749672,6.3347654452331055,62557.0,180303.71563290924, 0.0, -1.4210854715202004E-14,0.0,67.30755737749932, 107.15427441549431,107.15427441549431,0.0, 78.67292041772575, -19.324085154642056, 11.1776343138252, -19.324085154642056, 165.2276951713686, -10.361356827023123, 11.1776343138252, -10.361356827023123, 190.91999536745564, 7.554946663349866, 4.491097204611493, 11.0, 0.0
39, 0 ,1.0,1.0,1.0,48.23097778808792,152.58604941135533,187.86482920605462,17.31098254737332,15.044736154505802,6.822163344511334,87.0,77.0,29.0,-0.9129848894847604,0.3910748021009247,0.11627162480254047,17.8499702550341,0.39951228198188354,0.9147390375333955,0.06035254558098923,14.551546872000147,0.08275583434494752,-0.10155290431198766,0.9913821057027769,6.495164427459286,81.6753819691245,70.42545503625288,31.725385508335336,22.579657857896088,7.919290778453769,68972.0,182485.2404142568, 0.0, 0.0,0.0,NaN, 68.71369804497276,68.71369804497276,0.0, 299.67011675546365, -36.73383914011919, -25.256301021888035, -36.73383914011919, 226.34408595869405, 21.93060573366092, -25.256301021888035, 21.93060573366092, 46.54191269919407, 8.481672116089316, 5.242975450058408, 12.0, 0.0
40, 0 ,1.0,1.0,1.0,80.81642386137095,106.55224658794664,74.45111179266983,12.662621913067458,11.32927350773543,10.684782911557958,63.0,59.0,52.0,0.9035534899362274,-0.3517584638905433,0.24465705365966725,13.007861330346634,0.38853881062838735,0.9133542655828635,-0.12174390406532146,11.099325904616572,-0.18063411488293765,0.20506089003745515,0.9619362494040365,10.509972686314322,63.8666532561231,56.31482893278559,50.776853255283946,19.30010323947611,5.510447598795111,65210.0,182626.04385363276, 0.0, 0.0,0.0,NaN, 144.245433309569,144.245433309569,0.0, 160.34199371329615, -14.151557369969243, 12.38377947048088, -14.151557369969243, 128.35243821307583, -6.471728843392576, 12.38377947048088, -6.471728843392576, 114.16458586712096, 6.235898462742718, 3.980945568726022, 21.0, 0.0
41, 0 ,1.0,1.0,1.0,48.57042108160176,184.33947984037428,166.81204417228568,11.591964280908007,9.904004658466166,13.082585330137162,54.0,42.0,57.0,-0.4262920430145844,0.2603372476619938,0.8663138066210357,13.803542040713667,0.9038793449898532,0.08475352842237668,0.4193077260445734,11.043036022178471,-0.03573826748970005,-0.9617907032716295,0.27144321567705376,9.546233059600302,69.38651885932921,56.8085157090066,47.088538051106255,19.176514118291866,5.9898488591958445,58136.0,185611.01632407255, 0.0, 0.0,0.0,NaN, 60.87510252752323,60.87510252752323,0.0, 134.3736358898471, -8.671302299203466, -25.031185648158296, -8.671302299203466, 98.0893082749195, 23.514887440068364, -25.031185648158296, 23.514887440068364, 171.15403892032006, 7.339737902162052, 4.5011361831800825, 9.0, 0.0
42, 0 ,1.0,1.0,1.0,172.59150869335804,103.46619821628508,123.98778682933735,12.025327867485041,11.727159070137086,14.12854507276624,52.0,58.0,66.0,-0.34699447997065136,-0.008824860396896339,0.9378256515519673,14.430867325223007,-0.6405796964787583,-0.7281395855926805,-0.24386552924122132,12.226769204274154,0.6850200605304039,-0.6853720637229782,0.24700739045426645,11.13583131684483,71.76074264624083,68.20246958072369,62.27577661313096,21.012541745964068,6.3422113985661825,77703.0,304793.8341900836, 0.0, 0.0,-1.4210854715202004E-14,20.31044850457599, 125.88827123138235,125.88827123138235,1.3486991523486091E-6, 144.60851032051232, 12.145973740822154, -23.43296472787386, 12.145973740822154, 137.52625985629854, 3.82849339288386, -23.43296472787386, 3.82849339288386, 199.6157858731872, 7.558847791820386, 4.672087666825862, 16.0, 0.0
43, 0 ,1.0,1.0,1.0,114.79513620182634,152.64175437238816,63.05289428880978,9.625035248631596,12.295661014707846,10.671342992883869,45.0,55.0,49.0,0.03603374805103873,-0.8849453529626194,0.4642987090992812,12.844030099872526,-0.5542582040150356,-0.4042933705223587,-0.7275607973452789,10.309795392222336,-0.8315644366394113,0.23112462616851448,0.5050564274366213,9.297373519540788,61.12695328159046,51.981042609053475,47.51662956750667,18.12013141636502,5.418762040486925,51688.0,150981.37074579622, 0.0, 0.0,7.105427357601002E-15,62.335154854561914, 116.09625197217333,116.09625197217333,0.0, 92.64130353740067, 1.94411733959948, 9.318741247953332, 1.94411733959948, 151.18327978860637, -26.426434693818738, 9.318741247953332, -26.426434693818738, 113.87756127177163, 6.345254325331978, 3.973715763267383, 15.0, 0.0
44, 0 ,1.0,1.0,1.0,98.66752777602755,159.0843257093651,16.21189591078067,11.66359564072809,10.81212040374937,10.62190781313946,51.0,55.0,45.0,-0.7806937752516417,0.01842652337483712,0.6246420515140303,13.285290984708654,-0.15101781401965894,-0.9755016334031615,-0.15996931917241933,10.92008795140878,0.6063916631452511,-0.21921912887355496,0.7643507862257073,8.36773918520012,62.40370370251551,54.35281210277833,50.25071989903455,18.18390835445241,5.925522208488438,47613.0,170441.2350541056, 0.0, 0.0,0.0,NaN, 108.03795170731664,108.03795170731664,NaN, 136.0394632704113, 5.720598911626155, -50.73607392376768, 5.720598911626155, 116.90194762517345, 8.907824289967333, -50.73607392376768, 8.907824289967333, 112.82492559083309, 7.279995580373439, 4.3378102536067225, 13.0, 0.0
45, 0 ,1.0,1.0,1.0,117.64839128277546,113.01436968054655,54.60778214571963,10.286846795927554,10.688425371532482,11.039372640710925,49.0,47.0,53.0,0.07163837095065259,0.6383261050204937,0.7664252915039423,11.6991085026376,-0.8490104678112905,-0.36426672631865353,0.38274139787060474,10.464110388269724,0.5234970576368032,-0.6781220655209926,0.5158500701746126,9.775615389928111,58.43695106514477,51.47571625708487,49.69500952613356,17.807063071451452,4.983764339887638,52402.0,149486.75866018905, 0.0, 0.0,0.0,NaN, 131.64458671461523,131.64458671461523,0.0, 105.819217002885, 6.198499319950852, -2.2602307920521167, 6.198499319950852, 114.24243692281925, 18.2655307057799, -2.2602307920521167, 18.2655307057799, 121.8677483004769, 6.5818887183599895, 4.02342715269443, 12.0, 0.0
46, 0 ,1.0,1.0,1.0,108.76246754238582,53.198907896746604,129.45454024744157,10.79763721146301,10.931961652872406,11.10037393597258,51.0,52.0,49.0,-0.4456851478889957,-0.5032123317210563,0.740366191931413,12.294162301407233,0.7117810911327541,-0.7007714557301686,-0.04782306075197574,10.907809648926316,0.5428926480042171,0.5056646280269942,0.6705004524273576,9.443956714116714,56.57193507039493,51.97384135516584,47.233357259388896,18.19531786748768,5.314646192340199,52376.0,138878.3877868223, 0.0, 0.0,0.0,NaN, 127.00816124194763,127.00816124194763,0.0, 116.5889693503707, -0.9645140304065569, -21.458436397998703, -0.9645140304065569, 119.50778557987277, -22.08477929390968, -21.458436397998703, -22.08477929390968, 123.21830151841941, 7.102767003571257, 4.158947759777625, 17.0, 0.0
47, 0 ,1.0,1.0,1.0,17.802805536589908,49.47851364492169,93.658597645501,9.649159236191991,10.671058726763306,11.009491130506166,39.0,57.0,47.0,0.372733960245222,-0.49281351973652227,0.7862596451839642,11.634242020982215,-0.14782437956030114,-0.8680330500723531,-0.47399005980051856,10.348092513904145,-0.9160880676482611,-0.0604438478836953,0.396395249171187,9.260024686198577,57.78724855246686,59.12373761223035,46.05319318213224,17.41790177070353,4.980297297776443,48333.0,157345.25328055394, 0.0, 0.0,0.0,NaN, 107.4104096929445,107.4104096929445,0.0, 93.10627396538922, -6.374698165854508, 16.03314700430956, -6.374698165854508, 113.87149435003131, -10.443859192376593, 16.03314700430956, -10.443859192376593, 121.20889495269394, 7.21901613761353, 4.17965071010578, 9.0, 0.0
48, 0 ,1.0,1.0,1.0,126.4267638708773,9.38333742245277,49.63856857453296,11.161254946005053,6.235206286462511,10.482367213641666,53.0,26.0,53.0,-0.9933886310842985,0.11478064911710985,0.00210480895063335,11.212824324312894,0.020137351867580464,0.1561732433559162,0.9875243820379603,10.571760080779137,0.11301997474882487,0.9810378793135097,-0.157452102748189,5.986809774214923,52.35962637374064,52.31372932455959,27.57413860712698,15.702819337516171,5.172320239448972,28531.0,75529.07642977149, 0.0, 0.0,0.0,NaN, 89.24716009948922,89.24716009948922,0.0, 124.57361196972225, -10.01014743457238, 1.3218179887310268, -10.01014743457238, 38.87779743474162, 11.730502803979673, 1.3218179887310268, 11.730502803979673, 109.88002240162974, 6.622254304395381, 4.208129264783897, 12.0, 0.0
49, 0 ,1.0,1.0,1.0,149.0881077765793,52.233635767612036,159.35522280735148,10.519421415189987,9.108918748755158,11.058092290631333,49.0,44.0,51.0,0.4996798850932931,-0.08423126589840144,0.862105043645092,11.28996557319036,-0.8227855080308263,0.2650152060737648,0.5027832021101488,10.377895907362776,0.2708210113850257,0.9605581889687022,-0.06311850281461837,8.985988353098419,50.90450654814862,48.195516877375724,42.29879837013745,17.140963615698066,4.700999799535561,47283.0,103774.56084786584, 0.0, 0.0,0.0,NaN, 83.50072687296084,83.50072687296084,0.0, 110.6582269103577, -7.843248664591335, 8.973989420818725, -7.843248664591335, 82.97240077142322, 0.19903249893596597, 8.973989420818725, 0.19903249893596597, 122.28140510812013, 6.58867722615709, 4.052944121731247, 14.0, 0.0
50, 0 ,1.0,1.0,1.0,134.45839874411303,116.8997002997003,184.95807050092765,9.995283768933426,10.238190169340195,8.01635869480373,50.0,47.0,33.0,-0.3404890596644713,0.9333650759845271,0.11356423372348537,10.302820114471078,-0.9397125472882109,-0.3418811580904851,-0.007589612098849043,9.956277206709158,-0.03174159286970836,0.10930191523988536,-0.993501667138504,7.982022560782908,48.87446050940542,53.21722688087027,34.7847310827583,15.75859761533186,4.544760003220157,35035.0,90473.8073329308, 0.0, 0.0,0.0,NaN, 106.90005120915694,106.90005120915694,0.0, 99.90569762150399, -2.10829704047913, -1.3882863492192854, -2.10829704047913, 104.8205379435742, 4.589914649357889, -1.3882863492192854, 4.589914649357889, 64.26200672375536, 6.990375221987772, 4.323717884989621, 13.0, 0.0
