// Sample: .//bubblelabels.tif, Map: .//bubblelabels.tif, Thickness:(8.191250068658265):/gpfs/home/mader/Foam/NewValid/InSilicoTest/LatticeDataPhi_16.0/out_Step_02000.vtk/distmap.tif, Neighbors:(1.0):
//LACUNA_NUMBER, TRIANGLES, SCALE_X, SCALE_Y, SCALE_Z, POS_X, POS_Y, POS_Z , STD_X, STD_Y, STD_Z,PROJ_X, PROJ_Y, PROJ_Z, PCA1_X, PCA1_Y, PCA1_Z, PCA1_S, PCA2_X, PCA2_Y, PCA2_Z, PCA2_S, PCA3_X, PCA3_Y, PCA3_Z, PCA3_S,PROJ_PCA1, PROJ_PCA2, PROJ_PCA3,OBJ_RADIUS, OBJ_RADIUS_STD, VOLUME, VOLUME_BOX, Mask_Grad_X,Mask_Grad_Y,Mask_Grad_Z,Mask_Angle, Mask_Distance_Mean,Mask_Distance_COV, Mask_Distance_STD, SHAPET_XX, SHAPET_XY, SHAPET_XZ, SHAPET_YX, SHAPET_YY, SHAPET_YZ, SHAPET_ZX, SHAPET_ZY, SHAPET_ZZ, Thickness, Thickness_STD, Neighbors, Neighbors_STD
1, 0 ,1.0,1.0,1.0,169.42817021075734,64.63945859196149,165.29016308324088,12.486010331191423,13.24221916777533,13.482202116171873,59.0,62.0,64.0,-0.12877140165716774,-0.6768180871214677,0.7248001124865295,15.002975377382013,0.9909663445406441,-0.06021124070225448,0.11983451289528137,12.440443430720807,-0.03746505175496973,0.7336837761858527,0.6784574315744989,11.540047376507129,78.32919415337223,60.145873445450405,63.78676191865918,21.6096859081955,6.785872923102199,84742.0,300510.7765978658, 0.0, 0.0,0.0,NaN, 79.48376666032091,79.48376666032091,0.0, 155.90045399061896, 6.7226391216783306, -6.014812929979341, 6.7226391216783306, 175.35636848739637, -45.24619016919212, -6.014812929979341, -45.24619016919212, 181.76977390130932, 5.929951773652784, 4.084799594232686, 36.0, 0.0
2, 0 ,1.0,1.0,1.0,41.615945100948544,8.883471994064967,26.239335488315405,14.155717913384546,5.874528225070315,12.113921780732273,74.0,22.0,55.0,0.86432967737082,-0.020912299507646954,0.5024906810532477,15.105767007628042,-0.4979374819306196,0.10478780909371116,0.8608587451806096,10.953643062400971,0.07065743347057106,0.9942747059010617,-0.08015819546814576,5.785761764273986,80.06101021865226,54.05503352860801,25.14088750739363,18.316517100521192,6.793138724219354,37742.0,108802.23374169793, 0.0, 0.0,0.0,NaN, 49.993056399692826,49.993056399692826,0.0, 200.38434964331614, -8.033148043188715, 47.48394806589811, -8.033148043188715, 34.51008186714779, 5.757553851878552, 47.48394806589811, 5.757553851878552, 146.74710090969975, 6.2357627645401035, 4.24431050101941, 17.0, 0.0
3, 0 ,1.0,1.0,1.0,169.6549001482851,40.18298765574749,11.960521501338418,14.940174320431598,11.437125970661224,8.199973683789743,65.0,62.0,31.0,0.9381104037489905,0.3385738631041161,0.07291508486357179,15.420732292587179,0.3425732491977707,-0.9380708996678542,-0.05163870767578565,10.828953892518985,-0.05091600251383399,-0.07342156644405237,0.9960004188096072,8.135785196436691,73.6813305082552,65.82445151874883,34.668865803655045,19.366956873206014,6.795381452129557,51927.0,168145.14904042287, 0.0, 0.0,0.0,NaN, 51.7547259343191,51.7547259343191,0.0, 223.2088087248838, 38.092632711133575, 10.834874830126669, 38.092632711133575, 130.80785046877344, 6.710634635050788, 10.834874830126669, 6.710634635050788, 67.23956841484431, 6.094764373790619, 4.065213977657899, 15.0, 0.0
4, 0 ,1.0,1.0,1.0,9.401370064820272,29.799167648791986,135.11096788450206,6.164754152622795,10.666051430028658,10.733404667549193,24.0,53.0,57.0,0.03165557355480124,-0.6958138784652953,0.7175241955488323,11.806135081219887,-0.024985891100804812,-0.7182105281457272,-0.6953771225073011,9.47205881903272,-0.9991864840503077,-0.0040845802376802765,0.04012089599531224,6.153868604417604,67.27285577257302,47.54796169378844,25.254990173870297,15.446486714200413,5.327369971730839,27152.0,80782.81303010945, 0.0, 0.0,0.0,NaN, 72.02057095401724,72.02057095401724,0.0, 38.004193762279996, -1.305551305116935, 3.206639363387494, -1.305551305116935, 113.76465310801636, -24.78737817198767, 3.206639363387494, -24.78737817198767, 115.20597575736682, 6.144981069296036, 4.117133701348033, 13.0, 0.0
5, 0 ,1.0,1.0,1.0,59.08069601775079,74.27880415742146,142.6339600607264,9.945546233419421,9.83324102707991,10.697238440055784,52.0,56.0,57.0,-0.6033688624736555,0.3221801679821748,0.7294833481007119,11.620090762569319,0.24313510095469368,-0.7968828043186431,0.5530489299013298,9.94413450964357,-0.7594941332762205,-0.5110555112120723,-0.40248096349861,8.724970415130636,55.0371595803135,52.87278188568415,48.81871543378071,16.8925123905074,4.967942668519637,42815.0,142060.88673238986, -7.105427357601002E-15, 0.0,0.0,52.88844241233197, 110.8996480035567,110.8996480035567,0.0, 98.91388988108322, -15.859938534716576, -22.86477477542465, -15.859938534716576, 96.6926290966476, 3.8123185508608537, -22.86477477542465, 3.8123185508608537, 114.4309102434071, 5.929071467505094, 3.864844377725975, 21.0, 0.0
6, 0 ,1.0,1.0,1.0,29.032202847544394,106.8532074868021,174.055703087506,12.604258012254611,12.342164310493246,10.051893860280991,60.0,59.0,51.0,-0.7946525585519495,0.607061135076041,-0.0020222430688453777,12.96188133000889,0.6058608259961169,0.7928628647314083,-0.06558305614415648,11.973683449422834,-0.03820956307187935,-0.05334094121866563,-0.9978450647669523,10.042780846201756,66.81243398868855,58.01959812358202,51.91304746386717,19.425294200722806,5.907186750086655,62510.0,201237.32415429055, 0.0, 0.0,2.8421709430404007E-14,89.88413392803375, 100.95692299174608,100.95692299174608,0.0, 158.86732003948455, -11.973660321083234, -1.5812530845490211, -11.973660321083234, 152.32901986721322, -2.2929750195016907, -1.5812530845490211, -2.2929750195016907, 101.04057017835468, 5.901857789702996, 3.742948968261224, 24.0, 0.0
7, 0 ,1.0,1.0,1.0,136.89339942507556,16.38986142846613,180.4100574924449,13.775810230752521,10.038665117169172,9.514442620925957,70.0,42.0,39.0,-0.9781118887939783,-0.20798306100099037,0.006338717262533225,13.928119942373057,-0.2074298648622436,0.9770105625508674,0.04922612951745419,9.827211333380886,-0.016431194816789688,0.046833823255166905,-0.9987675449453672,9.513451293574146,70.01840894537676,46.59751105204339,39.93131215238708,18.599223942185272,5.928004047209318,54268.0,130283.2366742739, 0.0, 0.0,0.0,NaN, 68.0796330866779,68.0796330866779,0.0, 189.77294751370584, 19.82257220394491, -0.7035788568991664, 19.82257220394491, 100.77479733466916, 0.15542149392546817, -0.7035788568991664, 0.15542149392546817, 90.5246183868924, 6.134086380223035, 3.956103926574186, 13.0, 0.0
8, 0 ,1.0,1.0,1.0,185.29087560950305,155.70720510426392,91.46384479717813,8.271060243184593,10.769103373454627,10.444594183680719,32.0,57.0,53.0,0.16622956722227392,0.7847560650309456,0.5970976883042183,11.493752989356024,-0.2540948170338592,-0.5509854637209209,0.7948904595758909,9.844972147983363,-0.9527872558644062,0.28385372494541544,-0.10781237358015691,8.027685737584587,55.65257650326831,47.81163233882485,38.18188834317729,16.411703157670512,4.912186085730172,38556.0,101595.91588115922, 0.0, 0.0,0.0,NaN, 102.68322611358266,102.68322611358266,0.0, 68.41043754638878, 13.373811981421378, 0.15569510840460174, 13.373811981421378, 115.9735874681518, 17.479830478144525, 0.15569510840460174, 17.479830478144525, 109.0895476617771, 6.1591561067826595, 4.074593868905379, 19.0, 0.0
9, 0 ,1.0,1.0,1.0,79.37042524005487,146.5738545953361,44.81846364883402,9.58649386911469,8.813117924796083,10.459017642215217,45.0,40.0,50.0,-0.5743793981720328,-0.07696744062424868,0.8149627721799853,11.2714299410272,0.16868294051550065,-0.9853318919561032,0.025828826400947972,8.800353792469483,0.8010208315234865,0.15230586258565046,0.5789374333099072,8.629693071656044,55.547760552413635,41.03473744848742,41.690972246027,16.045944218966778,4.6357994370889415,36450.0,95029.89226199545, 0.0, 0.0,0.0,NaN, 105.65373679822824,105.65373679822824,0.0, 91.90086470257356, 1.8297891701995077, -24.59659523145555, 1.8297891701995077, 77.67104755636201, -3.373410264544904, -24.59659523145555, -3.373410264544904, 109.39105004016918, 6.025185327266633, 3.9398930345139767, 14.0, 0.0
10, 0 ,1.0,1.0,1.0,152.83414634146342,10.601330376940133,87.1614996976416,9.670223902187175,6.7841918653721,9.623128241179929,48.0,26.0,47.0,-0.7536414098765309,-0.0542166829657879,0.6550459347309179,9.885609645254473,0.6510485586214521,0.07539321515490562,0.7552824884938985,9.422899869871937,0.09033493032179911,-0.9956788711210022,0.02152175566635528,6.754758819885946,50.99927443041355,52.29246483878103,27.44939634532384,14.49988798989261,4.679351986266044,24805.0,73204.18477480164, 0.0, 0.0,0.0,NaN, 99.67012083187969,99.67012083187969,1.9073486328125E-6, 93.51323031843215, 4.247444997812209, -4.49448055810931, 4.247444997812209, 46.025259266180974, 0.6076625885901239, -4.49448055810931, 0.6076625885901239, 92.60459714619472, 6.329707389089567, 4.050723669066722, 15.0, 0.0
11, 0 ,1.0,1.0,1.0,98.98748023194517,88.48900896151818,13.245888244596731,11.304475736127197,9.91761585711624,8.468807083974815,58.0,50.0,33.0,-0.9950670173075091,0.03932799834386867,-0.09107655907533088,11.330511705931366,-0.009890973705964111,-0.9528200100039277,-0.3033746811704344,10.065794404862705,-0.0987106868879226,-0.3009773032678371,0.9485087575830464,8.256528136231411,59.55403768127299,55.080248427582234,40.13736813756749,16.494704969745484,5.0789445108841615,37940.0,131660.6496107763, 0.0, 0.0,0.0,NaN, 133.43267780064122,133.43267780064122,0.0, 127.7911716686885, -2.043851363818627, 5.556162280342122, -2.043851363818627, 98.35910428932351, 9.366711528676818, 5.556162280342122, 9.366711528676818, 71.720693425582, 6.289301060521106, 3.9657717676350632, 12.0, 0.0
12, 0 ,1.0,1.0,1.0,154.96353830377151,9.770367275627635,39.9202020585666,10.273725325432222,6.221894962824729,9.832999835924033,47.0,24.0,49.0,0.9423969394150494,-0.01920359360161867,-0.33394495141255215,10.337219114543595,-0.33375504980861587,0.012459076235428697,-0.9425774971569223,9.767966474166663,0.02226152080151805,0.9997379623742134,0.005332098973194123,6.219166077666994,56.54694466059637,51.32606521749992,24.64276104938086,14.802468047266167,4.672925686741364,26329.0,71521.47813892279, 0.0, 0.0,0.0,NaN, 60.970201666168826,60.970201666168826,0.0, 105.54943206242743, -1.469803160598472, -3.6085535350289017, -1.469803160598472, 38.71197692842374, -0.22904243814448969, -3.6085535350289017, -0.22904243814448969, 96.68788577328206, 5.823035218740434, 3.881306068474556, 15.0, 0.0
13, 0 ,1.0,1.0,1.0,189.00121150539314,58.99374706893857,93.1714084727216,6.718586146958524,9.48698745878306,9.919182970875314,27.0,47.0,57.0,-0.11039634903993098,0.31695717605445417,-0.9419929907734127,9.992077024637837,0.07728801346081897,-0.9421784132903405,-0.326077292225289,9.46046585093356,0.9908779990967272,0.10880250951739125,-0.07951606648208914,6.6475938717657455,54.48948532581933,48.48753974681072,29.013528887605418,14.579228266785218,4.580242876953722,25588.0,76655.51562752144, 0.0, -7.105427357601002E-15,0.0,71.52099276718556, 110.82484783826114,110.82484783826114,0.0, 45.13939981410298, -5.246709635732959, 4.645407469804117, -5.246709635732959, 90.00293104310708, -2.6955828765188548, 4.645407469804117, -2.6955828765188548, 98.39019080970282, 6.204361775335305, 3.9469858231977892, 13.0, 0.0
14, 0 ,1.0,1.0,1.0,72.93562975804628,186.81892414763448,25.499836687520414,10.250164868830508,7.277508934129946,13.629349142005863,51.0,28.0,56.0,-0.2118787904420245,0.06392420007650262,0.9752030941323987,13.80367940058712,0.9681169888505192,0.15016988704677067,0.20049563816543226,10.099361250201536,0.1336296152049704,-0.986591456312561,0.09370391812102702,7.158806569741822,59.14485826098586,52.70014743555109,32.90864213906221,17.576902156700264,5.902515119250529,39801.0,102574.35354114509, 0.0, 0.0,0.0,NaN, 78.3810469432428,78.3810469432428,0.0, 105.06587983820715, 5.491321415699055, -18.93094189609774, 5.491321415699055, 52.96213628634118, 10.211359589130254, -18.93094189609774, 10.211359589130254, 185.75915803469593, 5.3147362055007195, 3.6438054820404666, 15.0, 0.0
15, 0 ,1.0,1.0,1.0,185.46919344262295,149.60857704918033,34.02195409836066,8.49693494238023,11.45340701869374,9.277586775568901,37.0,56.0,51.0,0.18583879938371617,-0.9819192903907386,0.036033981214520616,11.55100443867683,-0.02632275989502631,-0.04163481633806204,-0.998786090401746,9.275244493905962,-0.9822275973292176,-0.18466469404584446,0.033584189998076996,8.366372461530245,58.27418446400496,51.437708406545795,42.10061080660029,16.299165057958977,4.87742458091729,38125.0,126196.18127752295, 0.0, 0.0,0.0,NaN, 62.51346420481965,62.51346420481965,0.0, 72.19790341504213, -11.556963311626035, 0.8463025596989329, -11.556963311626035, 131.18053233586303, -1.5775312522010434, 0.8463025596989329, -1.5775312522010434, 86.07361637821096, 5.945607042898898, 3.913734903270203, 16.0, 0.0
16, 0 ,1.0,1.0,1.0,152.7371103622578,109.91272114574558,9.981128896377422,10.420324547744233,9.740921849380381,5.665885235988777,55.0,52.0,22.0,0.8839889629200686,0.46528336634524964,0.045551097000344334,10.681868761774457,0.46455745919306357,-0.8851598236721532,0.026047143121042178,9.464465902061242,-0.05243930342393295,0.0018642851486639048,0.9986223730206014,5.64734828113159,50.698509514644684,42.85455004596365,22.963763363542085,14.644774421231494,4.593643413968683,23740.0,49892.49174850264, 0.0, 0.0,0.0,NaN, 102.22094444055824,102.22094444055824,0.0, 108.58316368032105, 10.093399017295647, 4.008307727139494, 10.093399017295647, 94.88555847573612, 0.41242203341590195, 4.008307727139494, 0.41242203341590195, 32.102255507395604, 6.036806181418414, 3.9381547174222886, 17.0, 0.0
17, 0 ,1.0,1.0,1.0,11.28844509066028,46.87016763599042,14.462538487854944,7.003461334073556,9.172851266003645,8.793257726532476,27.0,45.0,38.0,-0.1786130051543871,-0.824386923231063,0.5371066888387632,9.50299467722375,0.021933295305526866,-0.5490852168897273,-0.8354785186647239,8.51631671330985,-0.983674908161614,0.13744680934376774,-0.11615528250776429,6.904816743011177,49.46709544983163,41.37984281678537,29.536165380054967,13.895724840230772,4.17371340845465,23384.0,60458.777098340106, 0.0, 0.0,1.7763568394002505E-15,57.51310502789902, 50.332957655033354,50.332957655033354,9.5367431640625E-7, 49.04847065786335, 5.977878861411381, -4.545108711109383, 5.977878861411381, 84.14120034822469, -7.475612946924046, -4.545108711109383, -7.475612946924046, 77.32138144522307, 7.339340275560713, 4.129245190119363, 10.0, 0.0
18, 0 ,1.0,1.0,1.0,62.08732212160414,12.060963777490297,104.79155886157827,10.6522528328116,7.353748864152719,12.108653917052273,52.0,29.0,58.0,0.32954935516737954,0.13906603791320132,0.9338403822966153,12.434651492458487,-0.9335788838208531,0.19551322090573944,0.30034155246131605,10.478188983057878,-0.1408108312331632,-0.9707910267149094,0.1942603723285789,7.053694801346312,60.92062180131509,51.87001457636624,35.850367334727025,16.843142196409836,5.52052292863764,37104.0,113285.49519962432, 0.0, 0.0,0.0,NaN, 114.30201082869051,114.30201082869051,0.0, 113.47049041414277, -6.152612188418159, 15.437967585394755, -6.152612188418159, 54.0776223570274, 17.143933103037597, 15.437967585394755, 17.143933103037597, 146.61949968294533, 5.554589271824927, 3.6984351326740756, 19.0, 0.0
19, 0 ,1.0,1.0,1.0,191.8529236760967,135.39373613890842,118.70087088224157,4.728211634283658,9.949227397086297,9.813784708925306,18.0,49.0,47.0,0.033096968052900425,0.7259901587494714,0.6869082035502436,11.017029227232271,0.01915270085578844,-0.6876192361341628,0.7258188204698189,8.605241354534462,-0.999268614915746,0.010866254975298598,0.03666278422566715,4.714697191460325,50.54748447496769,44.38991768997839,19.279572968433087,13.999188542889442,4.655770775206972,18487.0,43259.4802865203, 0.0, 0.0,0.0,NaN, 104.16281763672893,104.16281763672893,0.0, 22.35598525857535, 1.6998197956235126, 2.9744505830483288, 1.6998197956235126, 98.98712579893258, 23.579670084284263, 2.9744505830483288, 23.579670084284263, 96.31037031313616, 6.138452967171311, 3.8270417388117712, 7.0, 0.0
20, 0 ,1.0,1.0,1.0,11.458969115410833,153.41335011273662,188.03340149965916,7.307509708888094,10.435980204083897,6.07855745582655,29.0,58.0,24.0,0.034618100526800415,0.9991645612156796,0.021720191679512835,10.440774013854446,0.9990384620678723,-0.03518240846846177,0.026160073459740068,7.303758473605075,-0.026902386975453045,-0.02079369483850224,0.9994217747427692,6.07483266108401,58.254285172418406,30.129507153161832,24.80306467680063,13.374081125042034,4.515771890843695,19071.0,43533.667002430055, 0.0, 0.0,0.0,NaN, 49.44515548134878,49.44515548134878,0.0, 53.399698145493744, 1.9162050476227217, 0.4839094265368012, 1.9162050476227217, 108.90968282003098, 1.5497192584650425, 0.4839094265368012, 1.5497192584650425, 36.948860743784536, 6.0807348397811865, 4.078013690147191, 9.0, 0.0
21, 0 ,1.0,1.0,1.0,8.389162321524292,19.241216314994396,55.09419618926953,5.269863463871102,10.397091266774854,9.512770799433195,21.0,42.0,45.0,0.009564971357468123,0.9508423537438161,0.3095275910962565,10.496228195304045,-0.05457813402323802,0.30957675939205775,-0.9493068299189962,9.413333917560044,-0.9984636891792672,-0.007813345713117509,0.054856294254123895,5.251867691465241,44.735308947472305,42.54167439721611,22.07267670356021,14.298400579561513,4.681828370031824,20521.0,42006.84096151526, 0.0, 0.0,0.0,NaN, 58.95738209485739,58.95738209485739,0.0, 27.77146092784354, -0.28002307351227057, 3.4064981839332242, -0.28002307351227057, 108.09950680964596, 6.371508643005532, 3.4064981839332242, 6.371508643005532, 90.49280828254886, 5.55949972121114, 3.77569635837627, 11.0, 0.0
22, 0 ,1.0,1.0,1.0,122.98353627165152,10.540216086434574,146.3628880123478,8.9454838093557,6.484997386588153,9.8559347256732,42.0,26.0,49.0,-0.5583669348370721,-0.090215553131578,0.8246741902435264,10.563124852081424,-0.8175374085137038,-0.10902291049283748,-0.565461396267126,8.151985955846207,-0.14092179306746655,0.9899369469621963,0.012879801155918524,6.417307795271861,51.75680512493737,43.50657224139752,27.785060135407214,14.131725594274416,4.4170864528963625,23324.0,62565.319828884494, -1.4210854715202004E-14, 0.0,0.0,56.05706452333119, 94.4434837495139,94.4434837495139,NaN, 80.02168058344496, 5.798767062990486, -20.732749571396695, 5.798767062990486, 42.05519110405518, -3.6794455906183834, -20.732749571396695, -3.6794455906183834, 97.13944931673085, 5.7486541910393125, 3.782548009491098, 9.0, 0.0
23, 0 ,1.0,1.0,1.0,57.2210404405682,151.95445413505402,19.832494268358978,8.430277532856369,11.21363523533088,11.66546613780361,41.0,50.0,46.0,0.19900174988751315,0.544166647069854,-0.8150343328709905,12.361766391406604,0.21392098070821017,-0.8357331859853031,-0.5057547388366146,10.711662969823244,0.9563661001700892,0.07370686575623575,0.2827210292600234,8.083644152824109,60.047577521572066,55.85682222582665,41.781749521544796,17.407876636918967,5.464807926918179,42309.0,140138.78153642974, 0.0, 0.0,0.0,NaN, 77.30426751134934,77.30426751134934,0.0, 71.06957928098286, 0.6411388813012168, -19.5307732727711, 0.6411388813012168, 125.74561519105426, -17.915473860050348, -19.5307732727711, -17.915473860050348, 136.08310021224267, 5.431782231574818, 3.5974095651590146, 12.0, 0.0
24, 0 ,1.0,1.0,1.0,139.86119882711176,36.55021427765873,36.243120559377466,8.745518244874605,9.034742985592263,10.503962008219524,40.0,44.0,52.0,0.26919883168442627,0.45858101493278186,0.8468975391173121,11.157344321537373,-0.7467768510504316,-0.4558963232212752,0.48423432056032967,8.70096509812991,-0.608158140416571,0.7627987907807288,-0.21973092870262095,8.261401945738095,54.101227010173986,42.515231704665965,40.357070088633776,15.735408777685766,4.565172357793357,35468.0,92826.3543405326, 0.0, 0.0,0.0,NaN, 79.1590636512113,79.1590636512113,0.0, 76.48408937143458, 9.480678495796596, 10.124587868326785, 9.480678495796596, 81.62658081570862, 20.19427377590265, 10.124587868326785, 20.19427377590265, 110.33321787011914, 5.5334670288509065, 3.5453457944871327, 15.0, 0.0
25, 0 ,1.0,1.0,1.0,70.93259360351273,63.78303566130659,46.83566724025396,9.055494652725455,9.264077267967116,9.42646003134742,42.0,40.0,49.0,0.5117639539096813,0.6352850165828985,0.5783689161633748,9.882508070428136,-0.373262678399408,-0.4419340979429285,0.8157016770789862,9.188778585514713,-0.7738039986927113,0.6333302462228038,-0.01096224550596352,8.636297939470582,52.948341017507914,47.535509293687284,44.794462357471474,15.409335435712357,4.385845549572068,33706.0,112744.36293380054, 0.0, -7.105427357601002E-15,0.0,50.55887317942388, 106.26988378337676,106.26988378337676,0.0, 82.00198340553932, 9.127634754123564, 3.8324819311059395, 9.127634754123564, 85.82312762686504, 4.929574394113133, 3.8324819311059395, 4.929574394113133, 88.8581487225904, 5.679581733649827, 3.611358518024288, 23.0, 0.0
26, 0 ,1.0,1.0,1.0,92.07456273073898,126.720692368214,77.13505416691883,9.03149062762313,8.080564779821156,10.248141192799627,44.0,38.0,47.0,-0.0712994833476246,-0.10528961806814274,0.9918822914042906,10.274335852457574,0.9870118469794545,0.13607185229561664,0.08539358837199582,9.04462614598386,-0.14395831895575772,0.9850880911572857,0.09422024763036702,8.032465916241245,46.40788845986537,45.2483400544009,38.02128909129206,15.289855943015176,4.255355833195493,33046.0,79840.14142835219, 0.0, 0.0,0.0,NaN, 140.70322885557468,140.70322885557468,0.0, 81.56782295684444, 2.6295229076051636, -1.4456446609964124, 2.6295229076051636, 65.29552716088614, -4.085318950533828, -1.4456446609964124, -4.085318950533828, 105.02439790755658, 5.8032521248767415, 3.6252404406162344, 18.0, 0.0
27, 0 ,1.0,1.0,1.0,67.61988071570576,190.96655621824607,72.65076209410205,10.191407508143131,5.241285205096119,10.240333277763272,50.0,21.0,47.0,-0.684852551887788,0.043494004970457634,0.7273824672786756,10.68163055847183,0.7285994495029436,0.025877836040621223,0.6844510061252458,9.738660408258086,-0.010946431235386292,-0.9987184834243753,0.049412210127906975,5.22125897679943,46.222397025819156,48.39019340786919,21.725217735065854,14.612805940137555,4.760901783669105,22635.0,48593.02765990199, 0.0, 0.0,0.0,NaN, 99.66034621361798,99.66034621361798,0.0, 103.86478699703619, -1.3123812811226392, -9.555681154952305, -1.3123812811226392, 27.47107060115947, 3.944184974828144, -9.555681154952305, 3.944184974828144, 104.86442563966588, 5.5416527952030314, 3.6855057667039186, 14.0, 0.0
28, 0 ,1.0,1.0,1.0,101.0518272759262,19.62728095309908,102.25363193082994,10.03300381439038,9.768459999864367,10.595209900436993,46.0,42.0,53.0,-0.5776681571410757,0.33614878244673996,0.7438437310919597,12.231878226370403,-0.5029672620676171,-0.8643054627765968,-1.7399362167761537E-5,9.63025422813709,0.6429023514604987,-0.3741390958909624,0.6683535766437214,8.122918668774997,60.64036045024099,49.37815224399678,43.90733711819003,16.755110810911543,5.254399190859321,39786.0,131472.13252310758, 0.0, 0.0,0.0,NaN, 140.464669984159,140.464669984159,0.0, 100.66116553957193, -4.607813133395916, -35.938168929808946, -4.607813133395916, 95.42281076895014, 20.91318825471973, -35.938168929808946, 20.91318825471973, 112.25847283431807, 5.362226705342188, 3.411753672641596, 19.0, 0.0
29, 0 ,1.0,1.0,1.0,126.1457627118644,74.98587570621469,165.5502824858757,8.97471498737216,8.966449326707167,9.408457599801677,43.0,42.0,45.0,-0.47971714275815297,-0.3589010774374859,0.8006631498690108,9.839386030500945,0.540469558189932,-0.839718645246167,-0.05258567766912683,8.887294338590332,0.6912048318797646,0.4075078078272293,0.5968025359747666,8.582789693466742,49.668656217562955,41.34395441797031,42.49610576155342,15.239812204563583,4.148484182189358,33630.0,87265.69617965576, -1.4210854715202004E-14, 0.0,0.0,61.33307020659122, 110.74345559735382,110.74345559735382,0.0, 80.54550910456246, 1.5713124379463532, -9.042625178286121, 1.5713124379463532, 80.39721352840742, -6.417235082343471, -9.042625178286121, -6.417235082343471, 88.51907440726595, 5.64956681610678, 3.633560672239535, 17.0, 0.0
30, 0 ,1.0,1.0,1.0,44.49581536900837,56.32724659734551,171.53771803759122,9.104081462779842,11.216612737781006,7.959794962984795,44.0,53.0,40.0,0.25969767809428174,-0.9627712406116582,0.07502435766820387,11.37511145003632,0.9404959816769644,0.2697881863860281,0.20659536039325962,8.970012584485143,-0.21914475682051263,0.016907771515659975,0.9755458486511294,7.886745220715025,50.66728471544366,45.42402915217721,37.75703244678601,15.830429678800499,4.631687881063252,35487.0,86898.27149079336, 0.0, 0.0,0.0,NaN, 77.21876578331664,77.21876578331664,0.0, 82.88429928093156, -12.166790765077149, 4.8571829438550145, -12.166790765077149, 125.81240130935112, -3.835616410813731, 4.8571829438550145, -3.835616410813731, 63.3583358527581, 5.5143905905755535, 3.5380562134714477, 19.0, 0.0
31, 0 ,1.0,1.0,1.0,188.75766310071504,179.92882877889252,188.28025054043567,6.470385535603178,11.467753659279532,6.993702193094675,26.0,49.0,27.0,-0.04709678013521667,-0.9693636716130337,0.24107253152898636,11.707036736427064,0.6275554352605788,-0.2164791106632253,-0.747870958335303,6.869049773814641,-0.7771461052953946,-0.1160640633588112,-0.618524909943683,6.168353053430351,53.331657445869524,38.955873099311006,32.29580716797676,13.903544862387536,5.383175047732987,18041.0,67097.164382962, 0.0, 0.0,0.0,NaN, 25.818492995118742,25.818492995118742,0.0, 41.86588897934283, 3.2789667657734567, -5.4115483973846, 3.2789667657734567, 131.5093739899191, -21.65745570124045, -5.4115483973846, -21.65745570124045, 48.91187036569727, 6.149304320893368, 3.880095454879999, 8.0, 0.0
32, 0 ,1.0,1.0,1.0,87.72856972301815,76.00880491881567,97.42463586437441,10.52642785057567,8.560693340359196,9.14883060980529,48.0,44.0,44.0,0.8812138099013663,0.2450659322702422,0.40423373199132745,10.98034797891119,-0.4572582223855625,0.22499504515538815,0.8604023173587586,8.795679494530699,-0.11990470924828114,0.9430376018463116,-0.310327153507461,8.35824358220486,50.254667698736256,46.21308128515753,43.6671069647316,15.70757494324337,4.589590906643789,33504.0,101413.49545002413, 0.0, 0.0,0.0,NaN, 151.5427333927265,151.5427333927265,0.0, 110.80568329337514, 10.178637533778334, 15.110781952919671, 10.178637533778334, 73.28547046767028, 6.4759351844558894, 15.110781952919671, 6.4759351844558894, 83.70110152691022, 5.891798234566043, 3.5878880853824917, 22.0, 0.0
33, 0 ,1.0,1.0,1.0,143.62158597394242,71.36988901399388,116.01360784944507,9.202414722881738,9.528135349250471,8.333689809525621,43.0,43.0,40.0,-0.47774134962895337,-0.8574050894837533,0.19136278473638138,9.876544245405677,0.8003092046994903,-0.3349321881032594,0.49731841534939336,9.19726111674627,-0.3623097842012758,0.3907389690058048,0.8462001408486681,7.923663769107653,46.91802694329321,46.011326348879976,41.67364881424467,15.051193626871715,4.287395038171909,31085.0,89963.43317433124, 0.0, 0.0,0.0,NaN, 123.7978218404111,123.7978218404111,0.0, 84.68443673191057, 8.394145229905433, 5.500661706064726, 8.394145229905433, 90.7853632336364, -9.335578673087129, 5.500661706064726, -9.335578673087129, 69.4503858413912, 5.637301728956297, 3.575108521872795, 18.0, 0.0
34, 0 ,1.0,1.0,1.0,146.72639947002318,107.08766699790218,84.7072706194104,9.362785659987292,9.676211012402874,9.984763435027563,44.0,49.0,46.0,0.3071664916543266,0.6679200955569432,0.6778875219060874,10.706794697567842,-0.7310711867676413,-0.29041435811452265,0.6174094431405159,9.616259999360368,-0.6092484438083737,0.6852315276985824,-0.39909157741668966,8.595254891724187,52.30516211663135,50.015284176014376,41.90118260502883,16.058985291541763,4.80575770622164,36228.0,109615.90498780175, 0.0, 0.0,0.0,NaN, 136.55072256531741,136.55072256531741,0.0, 87.66175531486368, 12.309593554245522, 0.09380772826536711, 12.309593554245522, 93.62905955654664, 15.119761193351966, 0.09380772826536711, 15.119761193351966, 99.69550085346343, 5.246292570710965, 3.4147396086066997, 24.0, 0.0
35, 0 ,1.0,1.0,1.0,8.943382983701161,98.4929033767449,112.6992903376745,6.015251976423573,10.10478942951816,10.867795591285455,25.0,50.0,60.0,0.025895422843615623,0.006784468729453989,0.9996416348171028,10.87044188921205,-0.07589403796391347,0.9971043291145102,-0.004801235532145236,10.123683196784938,-0.9967795754715699,-0.07574251015884112,0.026335338948938025,5.978590003766059,60.04510032424649,50.36339427436259,27.251189668273454,15.160502336345226,5.153462494130398,25646.0,82409.64308221551, 0.0, 1.4210854715202004E-14,0.0,89.6112755934246, 131.91758799462497,131.91758799462497,0.0, 36.183256339867704, -5.0364308000064115, 2.157933774089663, -5.0364308000064115, 102.10676941490193, 0.23946310697411283, 2.157933774089663, 0.23946310697411283, 118.10898101396357, 5.474621198207412, 3.532313515616555, 15.0, 0.0
36, 0 ,1.0,1.0,1.0,116.76397423338379,37.950841570932404,158.3391219164663,9.236081559545179,8.56548933183235,9.932045463766103,45.0,41.0,48.0,-0.5667672332796486,-0.22935796569352082,0.7913089326258502,10.465133099103035,-0.5806430347488107,-0.5701932652008092,-0.5811482655203674,9.055155664704778,-0.5844900080225702,0.7888438146379606,-0.1899917541084521,8.111934557714589,51.54342535458858,46.20636592589463,40.629886724300285,15.4156487160473,4.435776349868794,33687.0,96765.53479402127, 0.0, 0.0,0.0,NaN, 100.51930722032394,100.51930722032394,0.0, 85.3052025745705, 11.043641206711309, -14.141943231578182, 11.043641206711309, 73.36760749373379, -2.5684511564203363, -14.141943231578182, -2.5684511564203363, 98.64552709431685, 5.221606493566837, 3.401867044147713, 13.0, 0.0
37, 0 ,1.0,1.0,1.0,180.60935695999197,160.30103910446263,7.820189749510567,10.375617179182234,9.341239506017784,5.250494105618097,44.0,48.0,20.0,-0.9994862955578275,0.0138803356343073,-0.028887389545784174,10.379160311757117,-0.012272668197872256,-0.9984051475365944,-0.05510483633708134,9.350661241128432,-0.029606192044837974,-0.054722003390871694,0.998062611130932,5.226666364649995,44.50223660578547,47.3904412090225,21.3903411643269,14.109731372309868,4.836874643001351,19921.0,45111.815131961666, 0.0, -2.8421709430404007E-14,0.0,89.20468981063203, 44.86825048303942,44.86825048303942,4.76837158203125E-7, 107.6534318489415, -0.3789123883877314, 2.3622667853366215, -0.3789123883877314, 87.25875550878739, 3.2752031560757615, 2.3622667853366215, 3.2752031560757615, 27.567688353130382, 5.872774703892759, 3.604991380274462, 11.0, 0.0
38, 0 ,1.0,1.0,1.0,55.78606204710145,82.50345335144928,72.05683876811594,10.50031952713217,8.7715533888445,9.281120942463518,52.0,43.0,48.0,0.8766991788002261,-0.12312855002175234,0.4650138815783351,11.037084604230078,-0.24159004378606655,0.7232282152973266,0.6469738784072281,9.145094735389888,0.41597211521261335,0.6795441919164532,-0.6043069506452493,8.239300376468206,53.546921868799885,40.692477691582326,43.55372086310599,15.850647767068892,4.7003223653470485,35328.0,94901.6816231648, 0.0, 0.0,0.0,NaN, 122.92718392158864,122.92718392158864,NaN, 110.25671017187315, -8.573027048509603, 19.52526572150727, -8.573027048509603, 76.94014885334943, 4.280119612496891, 19.52526572150727, 4.280119612496891, 86.13920594863491, 5.173631571317632, 3.3504051233682763, 22.0, 0.0
39, 0 ,1.0,1.0,1.0,154.3948018004937,179.56863656163787,137.0020618556701,9.31921308511052,11.010907811025097,8.689237953382102,46.0,48.0,44.0,0.021462772811334352,0.9647731811217051,0.26220613717370356,11.177273846462208,0.9907634065474512,0.014598731630511268,-0.13481375775962257,9.333233308365042,-0.13389257496119394,0.262677722738504,-0.955548634213442,8.458722417239018,52.31373821258802,46.27063456778143,38.86194504061653,16.053762515606245,5.085999277585627,34435.0,94068.83024934209, 0.0, 0.0,0.0,NaN, 80.41153477706735,80.41153477706735,0.0, 86.84773252569516, 1.330401798882915, -1.7778141695320113, 1.330401798882915, 121.2400908228935, 13.473257639149741, -1.7778141695320113, 13.473257639149741, 75.50285621049599, 5.347945605512453, 3.4837113147364707, 16.0, 0.0
40, 0 ,1.0,1.0,1.0,134.06018365196448,137.4998645190426,18.237663706156855,9.59085113516548,8.43696687425872,9.589634945104219,50.0,40.0,38.0,-0.9551725047734356,-0.2750848341780058,-0.10942495204522719,9.701220526235815,-0.06619562518942239,-0.1618100220712519,0.9845992362190225,9.611549186660318,-0.28855437153268493,0.9477055717692922,0.13634707150070086,8.284465972430462,48.34233747455599,41.45365406164328,41.18694757206937,15.353935383611084,4.402794811310453,33215.0,82537.26458033701, 0.0, 0.0,0.0,NaN, 92.66573634634084,92.66573634634084,0.0, 91.98442549690496, 6.949684504785005, 1.115396966773811, 6.949684504785005, 71.18241003733895, -3.0167072260521266, 1.115396966773811, -3.0167072260521266, 91.961098380364, 5.2798929731789865, 3.3873737283310983, 15.0, 0.0
41, 0 ,1.0,1.0,1.0,15.834334872540957,152.78287684230503,56.705104687203495,9.504366505458059,8.141236288439359,9.71360135924994,37.0,40.0,50.0,-0.4122682747266969,0.19975188087297538,-0.8888948507790908,9.796212352018715,-0.8904529882229738,0.11800542256975152,0.43950903973514727,9.504054639973516,-0.19268716983403358,-0.9727147096306518,-0.12921976725527395,8.042010401339395,54.706532595672904,48.76969626556834,37.08538483485734,15.203257938900178,4.452831726437618,31618.0,98944.58473267456, 0.0, 0.0,0.0,NaN, 75.46954205327742,75.46954205327742,0.0, 90.33298267007304, -5.27251221139884, 1.427646857852171, -5.27251221139884, 66.27972830420185, -4.225645402060444, 1.427646857852171, -4.225645402060444, 94.3540513664223, 5.6442436698235765, 3.6495063798724185, 18.0, 0.0
42, 0 ,1.0,1.0,1.0,117.91395793499044,89.28648820905035,63.31176970469514,8.36275858206945,8.854829766520425,8.666596941570303,41.0,42.0,39.0,-0.37160634014856886,-0.7624151185991492,0.5297470291496041,9.300607993865581,-0.48644082764931496,-0.32611268788222925,-0.8105713022295309,8.433572655678667,-0.7907490430959976,0.5589040183552745,0.24968429888379312,8.11339553143447,49.848643786669165,43.31612490557757,40.69128333836731,14.40891062483,3.979565108064563,28242.0,87862.65682959282, 0.0, 0.0,0.0,NaN, 136.815845068266,136.815845068266,0.0, 69.93573110197623, 6.697796414842873, -1.9808936908714314, 6.697796414842873, 78.40801019405616, -6.949561953143826, -1.9808936908714314, -6.949561953143826, 75.10990254763573, 5.25838281083703, 3.3873045062259224, 16.0, 0.0
43, 0 ,1.0,1.0,1.0,186.85880922652296,22.598278241440493,176.4313596635342,7.829591343073894,11.11433194160179,9.40245506303354,31.0,49.0,52.0,0.11716456570315859,0.9883179024757478,-0.09746890883521674,11.162982971366866,-0.20396525420081335,0.11999972347271158,0.9715957191369619,9.459565381713196,0.9719416852992709,-0.09395631970447928,0.21564222769486063,7.690349165680274,52.078365039473006,56.42607262170671,36.49930827682638,15.698219747008533,5.1771549227975635,30434.0,107256.05000017378, 0.0, 0.0,0.0,NaN, 35.19735617531753,35.19735617531753,0.0, 61.30250059953767, 6.8385950451294155, -6.760578547867276, 6.8385950451294155, 123.52837450810983, -2.7692119587839166, -6.760578547867276, -2.7692119587839166, 88.40616121236506, 5.55285848757946, 3.435396492964124, 7.0, 0.0
44, 0 ,1.0,1.0,1.0,182.2956059462475,94.22656121812753,80.21596167098743,9.291325157675335,8.562084111286367,9.46242139070366,38.0,45.0,44.0,0.6461841084216104,-0.24012956408218292,0.7244196922206554,10.508477618088795,0.5131829956744293,0.8392873831274874,-0.17955473113686796,8.528528602732392,-0.564879908453104,0.4877852816319027,0.6655645784214315,8.124747633750939,54.15099829200247,52.726682708503915,49.32171910006487,15.130876686644987,4.497999197774479,30473.0,140823.49593977167, 0.0, 0.0,0.0,NaN, 125.00676347544322,125.00676347544322,0.0, 86.32872318565057, -3.9958278952808377, 20.172172653422507, -3.9958278952808377, 73.30928432874246, -8.739802427607795, 20.172172653422507, -8.739802427607795, 89.53741857524619, 5.513293439838949, 3.3766232358769015, 14.0, 0.0
45, 0 ,1.0,1.0,1.0,28.633845524854348,151.98517938060033,129.39296787162277,10.19413269053551,8.406138525014219,8.235390630596116,56.0,40.0,40.0,-0.9582413038805491,0.2789133767574056,-0.06309462578609,10.33406279248571,-0.24164937308732273,-0.6718232753315836,0.7001850235539511,8.764617914938045,0.15290253112296454,0.6861929866943588,0.7111680539701332,7.66771048348807,54.192804897212504,44.73827377483077,38.48254823390255,14.922617533303725,4.440793961354191,29351.0,93300.65119477305, -3.552713678800501E-15, 0.0,0.0,16.616291324755935, 90.05927545029463,90.05927545029463,9.5367431640625E-7, 103.92034131224473, -9.90229556732951, -0.14775558869101524, -9.90229556732951, 70.66316490172824, -9.32353442730707, -0.14775558869101524, -9.32353442730707, 67.8216588385103, 5.355368128666979, 3.435085132702656, 20.0, 0.0
46, 0 ,1.0,1.0,1.0,17.379237797547486,134.652380379899,12.105013224332772,9.879021117056721,10.838448753006183,8.001474609741503,43.0,53.0,32.0,-0.42451036782729745,0.8851708983477622,-0.19042958889140002,11.326085536526024,-0.881476360551855,-0.3559875017307886,0.31027781809167093,9.62548654476205,-0.20685834137251724,-0.29957533164412353,-0.9313776072436593,7.6262979701184355,55.813628272984104,49.34204550562409,36.97040674615744,15.92160048818566,5.058978496470047,33272.0,101814.9690894343, 0.0, 0.0,0.0,NaN, 68.69410922050291,68.69410922050291,0.0, 97.59505823125264, -15.525869669198443, -3.764548475133006, -15.525869669198443, 117.4719713715413, -15.62913011082552, -3.764548475133006, -15.62913011082552, 64.02359593033795, 5.634083437331847, 3.4979768463738314, 11.0, 0.0
47, 0 ,1.0,1.0,1.0,181.05548743102392,84.25974025974025,18.209547962766848,10.60861358759201,9.885354216777827,8.767458569715815,46.0,47.0,41.0,-0.8387669883277602,-0.5328032834421285,0.11220784484547547,11.114079360183958,0.5190005683313085,-0.8446549536562133,-0.13113511862121113,9.355995168720824,0.1646461337637728,-0.051755873263883895,0.9849938985695978,8.722031551886166,54.444639321064415,49.113758416164934,44.021206601531915,16.204958048337907,4.952835012931476,35882.0,117711.86400413825, 0.0, 0.0,0.0,NaN, 88.26203046680544,88.26203046680544,NaN, 112.54268225084182, 16.180671566324328, -5.245727941415409, 16.180671566324328, 97.72022799116716, -1.567275709631264, -5.245727941415409, -1.567275709631264, 76.86832977168328, 4.701763603807851, 3.2158943151662602, 16.0, 0.0
48, 0 ,1.0,1.0,1.0,150.48768673273185,112.69985948824139,35.43532761425825,9.585228467826605,8.7617243687018,7.559774833492731,45.0,42.0,36.0,-0.9854205311612363,0.16963194661611544,0.013091197543945051,9.609459543324988,-0.16992407815966845,-0.9851156985227126,-0.025939702883738442,8.736226470358835,0.008496141918190033,-0.027786025468519188,0.9995777870486964,7.558521586292422,45.61608346727968,41.01176375299674,36.625482262305354,14.452466491789279,4.113493227216181,27044.0,68518.807124365, 0.0, -1.4210854715202004E-14,0.0,80.2335796482081, 106.43517342297474,106.43517342297474,0.0, 91.87660478043355, -2.6733636588676064, -0.36963969473644065, -2.6733636588676064, 76.76781391310296, 0.5685754416851811, -0.36963969473644065, 0.5685754416851811, 57.15019553311004, 5.676965262273054, 3.614925802072776, 11.0, 0.0
49, 0 ,1.0,1.0,1.0,32.53620599836273,180.87980948128302,43.853352682890524,9.814828084198771,7.9910173779227,8.28028002213896,43.0,37.0,40.0,0.898938359844151,0.07798864656306989,0.43107725085878534,10.193143247354795,0.33969341518914437,-0.7454498315841118,-0.573509313148753,8.512454289761877,0.27661924892863643,0.6619836248718542,-0.6966056786473084,7.237969259764306,45.5928610458686,41.54912748598235,33.86585750502384,14.533528026717596,4.186503242360672,26874.0,64153.57028923044, 0.0, 0.0,0.0,NaN, 57.85588066713626,57.85588066713626,NaN, 96.33085032237692, -1.4717963319672587, 16.05079957726976, -1.4717963319672587, 63.85635873426257, 10.313735549815318, 16.05079957726976, 10.313735549815318, 68.56303724503357, 5.248599995476305, 3.427977658405882, 12.0, 0.0
