// Sample: .//bubblelabels.tif, Map: .//bubblelabels.tif, Thickness:(8.191250068658265):/afs/psi.ch/project/tipl/test/LabelValidation/Step4900//distmap.tif, Neighbors:(1.0):
//LACUNA_NUMBER, TRIANGLES, SCALE_X, SCALE_Y, SCALE_Z, POS_X, POS_Y, POS_Z , STD_X, STD_Y, STD_Z,PROJ_X, PROJ_Y, PROJ_Z, PCA1_X, PCA1_Y, PCA1_Z, PCA1_S, PCA2_X, PCA2_Y, PCA2_Z, PCA2_S, PCA3_X, PCA3_Y, PCA3_Z, PCA3_S,PROJ_PCA1, PROJ_PCA2, PROJ_PCA3,OBJ_RADIUS, OBJ_RADIUS_STD, VOLUME, VOLUME_BOX, Mask_Grad_X,Mask_Grad_Y,Mask_Grad_Z,Mask_Angle, Mask_Distance_Mean,Mask_Distance_COV, Mask_Distance_STD, SHAPET_XX, SHAPET_XY, SHAPET_XZ, SHAPET_YX, SHAPET_YY, SHAPET_YZ, SHAPET_ZX, SHAPET_ZY, SHAPET_ZZ, Thickness, Thickness_STD, Neighbors, Neighbors_STD
1, 0 ,1.0,1.0,1.0,94.5622962016392,279.3368401339561,16.881620692694103,17.348773660059184,12.697989353842884,10.663843930507111,82.0,54.0,48.0,-0.9591922093108739,0.27724162313497763,0.055564269083716075,17.707690968518204,-0.2737777494966308,-0.8615068515405143,-0.4276116095586154,12.639435970607702,-0.07068273818892869,-0.4253739850416721,0.9022532479142884,10.13009315953466,87.60510348306856,71.72188094547457,53.18381218990993,22.771583828833652,7.5757124047092175,90776.0,334164.67778484285, 0.0, 0.0,0.0,NaN, 98.25468515947843,98.25468515947843,0.0, 300.9799475079633, -42.61948456593767, -4.553610701255908, -42.61948456593767, 161.23893363030723, 24.298081916800484, -4.553610701255908, 24.298081916800484, 113.71756737421337, 8.448422012890532, 6.496683880686169, 17.0, 0.0
2, 0 ,1.0,1.0,1.0,29.592547050853298,167.78511289855186,17.327926629647322,16.791035827335435,16.870042793710592,10.78554673432937,66.0,81.0,48.0,-0.663385839971181,0.748271545115776,-0.0029869877434681546,17.16309586911857,0.747329122819785,0.6623388574332761,-0.05297565591281775,16.50473328079813,-0.03766177785422995,-0.03737556292594838,-0.9985913367263044,10.765090147883175,84.80002861154757,86.04157637171954,49.88163773357756,24.97086516211853,7.7020217754918665,127681.0,363952.79697023577, 0.0, 0.0,0.0,NaN, 136.58972235672817,136.58972235672817,0.0, 281.93888415486214, -11.2231834538086, -5.842560326275847, -11.2231834538086, 284.59834386162663, -5.891289048976148, -5.842560326275847, -5.891289048976148, 116.32801835840297, 8.098369104166729, 5.827935869325209, 18.0, 0.0
3, 0 ,1.0,1.0,1.0,70.17109130520895,251.04216280451575,206.03153891859773,15.401465081481437,13.29149454983374,14.109797622107004,73.0,75.0,73.0,0.9031953270078612,0.009677349239020217,0.42912067088741884,15.758704205098773,0.4268210745753759,0.08551575199863591,-0.9002837477475801,13.712963697901627,0.04540893711026398,-0.9962898198174132,-0.07310693098949132,13.28808531570305,73.50040246605543,73.41982243116469,73.5515348106303,23.846655226559086,6.655251871036685,126225.0,396912.5093355, 0.0, 0.0,0.0,NaN, 127.08628390125554,127.08628390125554,0.0, 237.205126656092, 1.0459849639460501, 23.40580618351324, 1.0459849639460501, 176.66382736826, -0.5852077649022001, 23.40580618351324, -0.5852077649022001, 199.0863889368165, 7.017405469551207, 5.185602705183815, 34.0, 0.0
4, 0 ,1.0,1.0,1.0,130.19185429056924,190.42028462192013,18.728802039082414,14.869545704805718,13.524793799820406,11.185181763754953,72.0,64.0,45.0,-0.9924024486908329,0.011798135654597948,-0.1224670724215873,14.9172612988192,-0.05106407225736351,-0.9451075572313838,0.322744737817088,13.818205045003022,-0.11193676945907167,0.3265463355470427,0.9385295149242056,10.754731635899,70.86611972982622,72.10569422422373,52.18675086940258,22.060571868960647,6.5163560904568865,94160.0,266666.5085969614, 0.0, 0.0,0.0,NaN, 171.19696542806167,171.19696542806167,0.0, 221.1033894673062, 2.3818453515825344, 11.746815963933509, 2.3818453515825344, 182.92004732766048, -23.116499701515256, 11.746815963933509, -23.116499701515256, 125.10829108823637, 7.457894075878706, 5.32531194153604, 21.0, 0.0
5, 0 ,1.0,1.0,1.0,138.109032547268,208.10044346252982,191.9569745289211,13.684028811242714,14.531206467899684,14.843907576080348,71.0,79.0,71.0,-0.12660871810874297,0.6444019590148835,0.7541328448732634,15.33783625848117,0.5580420416232688,-0.5822668650429279,0.5912312387332178,14.357419179299688,-0.8200971358807412,-0.49569286165009674,0.28588332345441797,13.317863622396931,73.94510239121195,71.92439583095553,66.9339888382487,23.928298646043924,6.79608136741801,124926.0,355985.5290347604, 0.0, 0.0,0.0,NaN, 197.97204023768157,197.97204023768157,0.0, 187.2526445069207, -14.070771019668339, 3.965411923391662, -14.070771019668339, 211.1559614127296, 18.225252418320323, 3.965411923391662, 18.225252418320323, 220.34159212721553, 7.027693984678865, 5.097932890973992, 36.0, 0.0
6, 0 ,1.0,1.0,1.0,208.25390664021805,52.44377292252366,100.37904042926662,15.255104094036259,16.40139162347798,13.577658771978784,79.0,81.0,73.0,-0.054042668641977716,0.9969590528825124,-0.056143003496937835,16.412502233466,0.9977107548552122,0.056201492705432385,0.0376117250857241,15.254229630047284,-0.04065267042023513,0.053981840402907696,0.9977140478586131,13.56520971696084,80.08518091216278,78.57791484435191,73.56753420313186,25.130793741264316,7.38375729347536,140146.0,462955.08744006907, 0.0, 0.0,0.0,NaN, 145.75200418049624,145.75200418049624,0.0, 232.71820091988184, -1.869366344205884, 2.0855980574899213, -1.869366344205884, 269.00564718669364, -4.674636888797156, 2.0855980574899213, -4.674636888797156, 184.35281772829245, 6.098211900765196, 4.838146846527606, 38.0, 0.0
7, 0 ,1.0,1.0,1.0,149.29403423385511,60.70476730675986,174.1859990668484,14.815666769004311,12.486467757521494,13.659101257757902,70.0,63.0,70.0,0.9304813176890884,0.12619369028685695,0.34391811520093407,15.006750669093506,-0.36346032592357136,0.2005398930893463,0.909769389878141,13.53530310965853,-0.045837854564860094,0.9715240109289622,-0.23246502377216308,12.392736183943224,72.81521231134326,78.42310190631596,64.87396190019534,22.811264254581488,6.452373915628969,109307.0,370455.9356907926, 0.0, 0.0,0.0,NaN, 204.4576735228943,204.4576735228943,0.0, 219.50398181017866, 6.25071384962299, 13.124127365964661, 6.25071384962299, 155.91187705962386, 8.513291700314376, 13.124127365964661, 8.513291700314376, 186.57104716968348, 6.867059428984284, 5.007864851557, 31.0, 0.0
8, 0 ,1.0,1.0,1.0,139.04038938101561,104.36896726406441,285.263639973165,13.771742996114272,15.37117612635214,8.697604035025927,71.0,72.0,36.0,0.4025465397924665,0.9027018624137737,0.1519395633000704,15.878600230746125,-0.9136863852423226,0.40636976554617,0.0063877282949040175,13.34087446346294,0.05597743048703402,0.14139646828918637,-0.9883691446172396,8.454194217708217,70.90442328844816,68.83964885140911,38.85703801590063,21.303842545136376,6.908586644203939,73039.0,189662.58591234378, 0.0, 0.0,0.0,NaN, 174.47713751042653,174.47713751042653,NaN, 189.66090515102252, 26.10196671053846, 10.427843509346795, 26.10196671053846, 236.27305550733794, 25.054616935653385, 10.427843509346795, 25.054616935653385, 75.6483159500993, 6.923821718961444, 5.119949022881409, 15.0, 0.0
9, 0 ,1.0,1.0,1.0,285.1129936870663,76.51085198518287,29.5690770595294,8.698444577427928,14.348031897966754,15.61771233204902,36.0,78.0,65.0,0.09605216117187568,0.10887169148162487,0.9894043345003809,15.669460630206181,-0.14653041145699092,-0.981624168556793,0.12224086969352498,14.450371615321972,-0.9845317774721426,0.15671932394926394,0.07833410909960464,8.431883516499054,67.31475994573863,79.22852209541918,39.943175280748534,21.817853938568273,7.030159700432792,76668.0,213026.89745431358, 0.0, 0.0,0.0,NaN, 83.36584280514579,83.36584280514579,0.0, 75.66293806658533, 21.63298232968599, 14.110581799881432, 21.63298232968599, 205.86601934507144, 2.2646022836968362, 14.110581799881432, 2.2646022836968362, 243.91293848663602, 6.562655469294898, 4.985597126541651, 19.0, 0.0
10, 0 ,1.0,1.0,1.0,57.048459160877684,10.946583223674144,180.50336628209445,13.125690068865259,7.299241040039433,16.987343720318314,67.0,31.0,70.0,-0.21481930517359152,0.06913216483072483,0.9742039878334274,17.198680744624884,0.9765177689469671,0.03185230365518032,0.21306918520212065,12.897292084601768,0.01630070721081664,-0.9970988790173598,0.07435127710235752,7.2109461061416775,73.99528091076337,62.42631147045621,31.939838491404704,21.465901196268927,7.303943595672704,65354.0,147538.17731515112, 0.0, 0.0,0.0,NaN, 132.86760269837956,132.86760269837956,0.0, 172.2837397839081, -0.06406385331235201, -27.230531582081873, -0.06406385331235201, 53.278919760595954, 17.195447129338365, -27.230531582081873, 17.195447129338365, 288.5698466722381, 8.37782112441545, 5.26227512477467, 16.0, 0.0
11, 0 ,1.0,1.0,1.0,159.42016057903015,113.25375305745747,156.006410431272,14.346779591731838,14.548491224851503,12.508549493804814,66.0,71.0,60.0,-0.636774544602447,-0.766327940113244,0.08520368271465027,15.17277996679589,0.750671161749349,-0.5909100913440408,0.2954963127784504,13.828176216130272,-0.17609936474680604,0.25212447748992955,0.9515367894023862,12.349930470538103,76.18955164102428,73.27557029191993,60.042783433392515,23.02254611259908,6.626828993231989,109977.0,335208.8235641461, 0.0, -1.4210854715202004E-14,0.0,39.97472345043615, 230.9182921946906,230.9182921946906,3.814697265625E-6, 205.83008465373317, 20.746743216501326, 4.368693333984372, 20.746743216501326, 211.65859691958119, -11.829918036548646, 4.368693333984372, -11.829918036548646, 156.46381043896469, 6.349148757680084, 4.622116310193036, 36.0, 0.0
12, 0 ,1.0,1.0,1.0,261.0468514810972,76.25565184351663,285.7245904514168,16.57687778815444,13.379150762211948,8.034817727988525,74.0,66.0,34.0,0.9285005831009633,0.37075725539442445,0.020633098496496444,17.118215833574954,-0.3710773276773503,0.9284862170467542,0.014661570108429983,12.683819906367118,0.013721664075790629,0.02126975144663634,-0.9996796054778703,8.027468312076504,86.8116729966213,70.38218193402238,34.86594201901545,21.429621612761878,7.6892240035820825,68429.0,213030.73011103226, 0.0, 0.0,0.0,NaN, 86.8104805619408,86.8104805619408,0.0, 274.792877203408, 45.46565608425767, 3.8546663404807715, 45.46565608425767, 179.00167511799654, 3.061538450699497, 3.8546663404807715, 3.061538450699497, 64.55829592199868, 6.1401766704945775, 4.874257782672785, 20.0, 0.0
13, 0 ,1.0,1.0,1.0,26.58582066749893,196.85936777043483,140.68505504290815,13.39634518785372,15.02287114666115,13.543546118164866,59.0,87.0,73.0,0.2736564913830128,-0.89562089583558,0.35067839349839014,15.342468463775015,-0.6206637126767847,-0.4429607699371025,-0.6469639186716659,13.656837192084414,-0.7347711755983681,0.040607477629148465,0.6770984804815248,12.910299093481266,74.79874362972757,74.04500127640605,69.46614004522527,23.297081443187565,6.769221488891039,114547.0,384736.3457462161, 3.552713678800501E-15, 0.0,0.0,74.11803418418333, 176.4570219336848,176.4570219336848,0.0, 179.46206439213154, -11.388871073596578, 14.558347808328234, -11.388871073596578, 225.68665748918406, -15.89797592529408, 14.558347808328234, -15.89797592529408, 183.42764145485862, 6.173445803898044, 4.708081952626535, 29.0, 0.0
14, 0 ,1.0,1.0,1.0,287.4599908724424,137.71106209274612,134.18651910448517,8.197013018676392,17.51855461149074,14.642888981288527,38.0,82.0,76.0,-0.07485881059807355,0.9822985952329335,-0.17171379757971356,17.642596026462137,0.017939260822516095,-0.17084251707202963,-0.9851350248984325,14.542192144643378,-0.9970327684670063,-0.07682645484400741,-0.004832643077881545,8.109773665017403,80.53048047019519,72.84533498150022,41.48359065018093,22.879386642069548,8.06465391105811,78882.0,243353.93610830087, 0.0, 0.0,0.0,NaN, 192.68526243854188,192.68526243854188,0.0, 67.19102242835025, -18.49855338398239, 0.5806160378001222, -18.49855338398239, 306.89975567578347, -16.885396624966187, 0.5806160378001222, -16.885396624966187, 214.41419771834094, 6.4379065131426145, 4.717726665650739, 24.0, 0.0
15, 0 ,1.0,1.0,1.0,23.177124030555717,141.54292767313936,90.81396388516337,14.193013366405882,12.096682864144942,15.46124129797168,58.0,65.0,77.0,-0.3648130085493636,-0.1995046578652749,0.9094555295797709,15.7589707860648,-0.8957607238796937,-0.1912781381057379,-0.4012797022493537,14.093042870805403,-0.2540161300935231,0.9610465989601453,0.10892768371469433,11.826340499680201,83.9566095128576,67.85142573868679,65.33497328448877,23.07036608889354,7.387797759360532,102894.0,372185.6182738892, 0.0, 0.0,0.0,NaN, 169.7608773809416,169.7608773809416,0.0, 201.44162841897602, 17.96203999413996, -14.874292882063873, 17.96203999413996, 146.3297363156979, -15.173657146974294, -14.874292882063873, -15.173657146974294, 239.04998247410504, 6.35259414325338, 4.520630600853919, 28.0, 0.0
16, 0 ,1.0,1.0,1.0,284.68769191971637,161.46360386287105,63.13058699618757,8.67259285602911,14.286189095965891,13.219857956332584,35.0,71.0,63.0,0.06205683407485544,-0.859540287102222,0.5072863532491635,14.82833106381094,-0.04710985397565256,-0.510222043704672,-0.8587514936093098,12.638420499950177,-0.9969601852646867,-0.029393212925037937,0.07215558211909064,8.629289382458463,68.52135874162711,62.457779442307015,38.196644550752126,20.322074527037824,6.409913964718691,67411.0,163469.87072539542, 0.0, 0.0,7.105427357601002E-15,59.516756454095216, 153.01068867204094,153.01068867204094,0.0, 75.21386684644716, -5.707002534823333, 8.027195087311204, -5.707002534823333, 204.0951988856947, -26.046433145997664, 8.027195087311204, -26.046433145997664, 174.76464438560993, 6.786188503707395, 4.82128095438588, 20.0, 0.0
17, 0 ,1.0,1.0,1.0,119.2902916811402,110.34458584646477,90.63467752971022,13.821657794465244,12.82403794761745,12.524405756511868,65.0,65.0,64.0,0.8044943827865995,0.5196395031499066,0.2876865913297418,14.415546121013692,-0.5546349741189178,0.483920149514085,0.6769057056772181,12.768191803208126,-0.21252960628796078,0.704127883030052,-0.6775212843820491,11.896227180597952,68.13540352228799,60.50363999921386,57.81710374300868,21.77965878780091,6.16452561921209,95001.0,238347.5368708723, 0.0, 0.0,0.0,NaN, 186.06650984503872,186.06650984503872,0.0, 191.0382241873018, 21.939074446860264, 7.267479953744197, 21.939074446860264, 164.45594928193236, 16.954423599619016, 7.267479953744197, 16.954423599619016, 156.86073955374764, 5.894433153191235, 4.588648811543105, 29.0, 0.0
18, 0 ,1.0,1.0,1.0,131.2254018286035,17.365180971297185,163.54702663025293,14.847430340716278,10.901962823250699,13.75400948421589,73.0,46.0,67.0,-0.9973401333823894,-0.06958694469877733,-0.021686757993922234,14.866713855985564,0.0031875325803131845,0.2556104829630103,-0.9667745966022618,13.944298404989965,0.07281825307467275,-0.9642722323736725,-0.25470878251887413,10.630574731909107,74.18493521433007,66.9619918323583,52.235844143360104,22.03237996271488,6.5609443826624085,92639.0,259485.2658802972, 0.0, 0.0,0.0,NaN, 190.1080470066674,190.1080470066674,0.0, 220.44618772242225, 7.562448387162474, 2.0852074928883755, 7.562448387162474, 118.85279339954036, -19.960868650368152, 2.0852074928883755, -19.960868650368152, 189.17277689190067, 6.550800761244512, 4.943962787020452, 22.0, 0.0
19, 0 ,1.0,1.0,1.0,233.10943767626893,53.80587880141263,25.82188257284404,15.138718182250468,12.973134440674798,15.267181071838106,77.0,64.0,63.0,-0.4754378637721761,0.2664670884580622,-0.8384235972707542,15.915655336852662,-0.8542984388288537,-0.36741575947467536,0.3676681072709875,15.048153954973369,0.2100785926893372,-0.8910673097237555,-0.40232578146986386,12.280667776780225,76.75283240263916,77.52234160469806,59.70289036718173,24.063569605330105,7.177356139077679,120909.0,355235.73762704694, 2.8421709430404007E-14, 0.0,0.0,61.61213687843359, 89.64479650923975,89.64479650923975,0.0, 229.18078820160093, 10.754895100445015, 17.099776276340858, 10.754895100445015, 168.30221721582262, -33.115182444091865, 17.099776276340858, -33.115182444091865, 233.08681788029176, 6.48037647825887, 4.5996618547692, 22.0, 0.0
20, 0 ,1.0,1.0,1.0,288.24357526122566,209.8329850324767,281.00674950578934,6.806018739797119,11.995558663987662,10.54769748570172,28.0,52.0,41.0,0.03480616695166159,0.9820207483322004,-0.18553646700096066,12.047555940034389,0.08826230915820138,-0.18794403452419128,-0.9782059111806836,10.518083439050885,-0.9954889730801618,0.017671721247097635,-0.09321703033228279,6.759848936065291,50.38296014966036,47.93157531117731,28.94723531954412,16.551626464419975,5.245274290237848,35410.0,69905.68156052477, 0.0, 0.0,0.0,NaN, 92.89266749925889,92.89266749925889,0.0, 46.321891086469556, 2.322013671134931, -6.248579906451116, 2.322013671134931, 143.89342766116945, -6.1814200345314925, -6.248579906451116, -6.1814200345314925, 111.2539222498784, 7.351870655769415, 5.176856897967233, 11.0, 0.0
21, 0 ,1.0,1.0,1.0,193.13295163096484,64.34606075931077,285.0945526135173,13.469881649329492,12.33894216852888,8.414901661456444,64.0,66.0,36.0,-0.9345087701302025,-0.3545909629533859,0.030961387913442332,13.642546904394681,0.3549763920558368,-0.9220494274399749,0.15432632452253753,12.23134389047121,-0.026174790023166822,0.15520986550282606,0.9875346971209862,8.292943750662353,65.65600933248533,66.16429453984563,38.7266152779369,19.144778405396362,6.1624049903821,55366.0,168231.65198048798, 0.0, 0.0,0.0,NaN, 125.63102293678031,125.63102293678031,0.0, 181.43771164694343, 12.427747114668046, 1.0329443740183732, 12.427747114668046, 152.24949383830014, -12.790532602589941, 1.0329443740183732, -12.790532602589941, 70.81056997198242, 5.951610369969731, 4.525599277235348, 19.0, 0.0
22, 0 ,1.0,1.0,1.0,129.2417576419214,139.4134961790393,14.828684497816594,13.31154704321183,14.299371327588268,9.37869672762453,67.0,68.0,38.0,0.0017058313665963456,0.9790959842863582,0.20339160182681326,14.482015412333856,0.999590542584093,0.004139970344799939,-0.028312679526732026,13.314443581482994,0.02856286602895427,-0.20335661828392113,0.9786880240834359,9.089888837003521,71.50802238836316,66.8882954274409,40.91725571553896,20.708457124884315,6.386631417521359,73280.0,195709.26877754295, 0.0, 0.0,0.0,NaN, 190.68152694787173,190.68152694787173,0.0, 177.19728468364158, 0.6039642698163227, -2.63455205463043, 0.6039642698163227, 204.47202036425347, 25.300123240060678, -2.63455205463043, 25.300123240060678, 87.95995230875505, 6.960830575579118, 4.650577568449452, 16.0, 0.0
23, 0 ,1.0,1.0,1.0,72.5417576350724,217.5534768752039,129.42594544405128,12.859602971094716,11.668728867167891,12.444961986593954,60.0,54.0,63.0,-0.7553608565834895,-0.3795018923279707,-0.5342361744218993,13.152242131131311,-0.6446640967311995,0.2839920052626958,0.7097582287882401,12.4975372848819,-0.11763578846253915,0.8805264644894912,-0.4591676889834849,11.279884287283945,65.39339778997152,62.38055062883703,60.052018387664134,20.556787613622543,5.815856240134841,79698.0,244968.76706650454, 0.0, 0.0,0.0,NaN, 169.73747709401027,169.73747709401027,0.0, 165.36938857418804, 7.812862668565267, 5.212815297274904, 7.812862668565267, 136.15923337547724, 15.11050616724961, 5.212815297274904, 15.11050616724961, 154.87707884776856, 6.231789871560049, 4.495732600496798, 25.0, 0.0
24, 0 ,1.0,1.0,1.0,273.61254102289905,9.831760020649728,177.91688484088647,14.79027677680252,6.340864888889513,14.67263841378618,61.0,26.0,63.0,0.7165745755294683,-0.0028301599107658547,0.6975047439979469,16.76780650351641,0.697489395569291,0.010683719798638148,-0.716515457753459,12.36503394132352,0.005424091919117011,-0.999938922297829,-0.009629688505309424,6.3396982093660945,79.1884418935353,65.16174417063152,26.438627098050695,20.522982330303144,7.283705716553857,54238.0,136424.82261452387, 0.0, 0.0,0.0,NaN, 125.2886607132713,125.2886607132713,NaN, 218.75228713442394, 0.35114563283972977, 64.1146859200416, 0.35114563283972977, 40.20656753915181, -1.338423721872304, 64.1146859200416, -1.338423721872304, 215.28631802171384, 5.911962299477985, 4.409453056900585, 11.0, 0.0
25, 0 ,1.0,1.0,1.0,122.01754721263303,231.03728036121694,239.42617389538563,13.420181979560377,12.473264957042907,11.775749947269096,61.0,63.0,54.0,0.8460404172437757,0.4432987373418241,0.29614496764443354,13.755700291518155,-0.5324638737858509,0.7301604255064871,0.4281915180583936,12.538337212436426,0.026416576291100002,0.5199538272725099,-0.8537857939798049,11.310292627110897,69.1975524645274,62.610868927636716,54.37560661068234,20.94792671909993,5.9612310846781424,83717.0,235583.34265840845, 0.0, -2.8421709430404007E-14,0.0,63.685456251592974, 152.68702281699183,152.68702281699183,0.0, 180.10128436451708, 11.602807496080478, 8.680518300317438, 11.602807496080478, 155.5823386885946, 17.203649333737456, 8.680518300317438, 17.203649333737456, 138.66828682060813, 5.981257965111355, 4.398322353190735, 23.0, 0.0
26, 0 ,1.0,1.0,1.0,86.28848399080134,164.96617725101717,13.875411286042809,12.016357301312846,12.630762591622062,8.782258543679994,51.0,57.0,37.0,-0.3146366789228601,0.9488958522777148,0.024503506005105105,12.713188979748717,-0.9413275793340726,-0.30859882389630955,-0.13663511362336536,11.98421156483685,-0.12209073945819407,-0.06605624436768676,0.9903183447349585,8.706926593304923,61.01861657561034,54.03795574574991,38.78747357092302,18.71827033746932,5.539262328161321,56530.0,127894.7628631371, 0.0, 0.0,0.0,NaN, 160.84888185496146,160.84888185496146,NaN, 144.39284279281455, -5.922066488759657, 8.060106010033865, -5.922066488759657, 159.53616364591926, 4.8545690143094475, 8.060106010033865, 4.8545690143094475, 77.12806512804025, 7.0486326938353026, 4.81341614289649, 11.0, 0.0
27, 0 ,1.0,1.0,1.0,273.5990024252963,219.79838008511416,197.01443737701916,13.940778670724356,11.375847458438862,13.35572078793966,60.0,59.0,66.0,-0.782104041916317,-0.0014908202254320933,0.6231460864622481,14.90395056109269,0.616598487517251,0.14275053600456042,0.7742277375952438,12.289957734489814,0.09010867222192778,-0.989757577351882,0.11072653369872586,11.35604198945018,73.37303274388834,67.27430209401791,59.60300211675235,21.476010118513894,6.396208447095366,87412.0,294207.5452011039, 0.0, 0.0,0.0,NaN, 133.17409139424691,133.17409139424691,0.0, 194.34530994612314, 2.052404918585775, -34.864525935349114, 2.052404918585775, 129.40990539766992, 2.3541326629359953, -34.864525935349114, 2.3541326629359953, 178.37527776540358, 5.789035688223994, 4.247239573178417, 26.0, 0.0
28, 0 ,1.0,1.0,1.0,26.345107756705794,272.1640192313388,232.7680293801151,13.98570214305802,13.169277190973501,12.962665122559434,61.0,58.0,68.0,-0.8315954160607325,0.5547016677595905,0.02747951548893007,14.593428661255315,-0.24667766850486675,-0.3245776293474056,-0.913126218213135,13.074508398948744,-0.4975934001248215,-0.7661301601633677,0.40674978283985885,12.375357905180845,72.278890795922,67.57150045033592,67.53379928602116,22.288131526519837,6.348197090758548,101293.0,329834.6098625123, 0.0, 0.0,0.0,NaN, 77.38891652878196,77.38891652878196,0.0, 195.5998644343377, -26.16896153011488, 2.6409327096572746, -26.16896153011488, 173.42986173269492, 6.185392474097557, 2.6409327096572746, 6.185392474097557, 168.0306870796188, 6.498826218265343, 4.599217504661096, 19.0, 0.0
29, 0 ,1.0,1.0,1.0,87.36774582504371,216.01188882860072,276.68752637607764,12.901480373080888,12.90095566195855,11.825651737594816,62.0,64.0,52.0,0.7390812042293049,0.6504618966873853,0.17509510133869885,13.218542889314428,0.6118337067235965,-0.7569647194138053,0.2294862280827395,12.66912135774259,-0.2818128614379126,0.062479872924232197,0.9574329097161572,11.725714465815575,62.64868573375412,66.23096905939978,57.08436606600037,20.89701834862524,6.00362523521845,82935.0,236859.19918480128, 0.0, -2.8421709430404007E-14,0.0,49.42356403823856, 123.41230593078976,123.41230593078976,0.0, 166.4481958169914, 7.242966209881303, 8.050257829095198, 7.242966209881303, 166.4346569918204, 0.2432037016119168, 8.050257829095198, 0.2432037016119168, 139.84603901887928, 5.652136653311366, 4.250507222889037, 18.0, 0.0
30, 0 ,1.0,1.0,1.0,260.8275824574121,255.99172405460916,221.08080222302766,11.619646923496209,13.022634049817633,12.742452866183744,56.0,64.0,62.0,-0.021984025930932113,-0.7464063130786691,0.6651272948843513,14.132776702780687,-0.7458844398212489,-0.4307524925414005,-0.5080439868770349,12.069592239297197,0.665712479255429,-0.5072769519361955,-0.5472631807438835,11.025645700617035,68.30680757811191,59.17464212279805,57.966882589462486,20.791525231788945,5.889632909183573,82770.0,234303.9301966766, 0.0, 0.0,0.0,NaN, 98.48576762952801,98.48576762952801,0.0, 135.0161946267149, 9.029103467238519, 7.99334455146589, 9.029103467238519, 169.58899759546958, -33.531855146516875, 7.99334455146589, -33.531855146516875, 162.3701050469143, 5.810931351603381, 4.330235918603286, 23.0, 0.0
31, 0 ,1.0,1.0,1.0,124.09218787418136,277.75566152660787,230.95508261924346,15.208568666368402,12.716010307534214,11.987758883548189,69.0,48.0,61.0,-0.980097252939994,-0.18769556591201536,-0.06465098078487116,15.319867396280566,0.1289673974061163,-0.8495933702917194,0.5114279182471863,12.929743358026725,-0.15091979719629336,0.4929112290193094,0.856890736979286,11.611513326306396,72.92598793349418,62.99727541159771,60.886972608532176,22.209888848689026,6.589740465290737,96043.0,279723.18784110656, 0.0, 0.0,0.0,NaN, 143.73893801484502,143.73893801484502,0.0, 231.30056087964277, 14.827581113078704, 8.46205031589182, 14.827581113078704, 161.69691814131636, -12.84479947704793, 8.46205031589182, -12.84479947704793, 143.70636305008853, 5.972863797915617, 4.293885433446579, 17.0, 0.0
32, 0 ,1.0,1.0,1.0,190.95623574282163,222.2443122156108,25.552870746985626,14.066449645238986,10.920527562775925,13.24458071975862,71.0,53.0,59.0,0.9227891641843383,0.10670456283808752,0.37023545850377787,14.257141077001114,-0.3699181237671827,-0.023487255662446138,0.928767425424694,13.077263118462916,-0.10779953697737939,0.9940133223910931,-0.017798166660730242,10.87478569694922,69.9076383313955,66.082719858372,54.749705992971855,21.276898830169145,6.311530914478607,82853.0,252926.49844940586, 0.0, -2.8421709430404007E-14,3.552713678800501E-15,86.05895701128917, 136.34309190278273,136.34309190278273,0.0, 197.865005622044, 8.828441650801059, 10.917404431083574, 8.828441650801059, 119.25792224934868, 2.207413012679497, 10.917404431083574, 2.207413012679497, 175.41891844220174, 5.987474242096674, 4.341625847045985, 22.0, 0.0
33, 0 ,1.0,1.0,1.0,57.10166799046863,237.97536358905535,58.89336090493276,11.832557250783665,11.54882572506197,12.532418918269677,63.0,57.0,62.0,-0.5737740264041072,0.23497912530159717,0.7845815300505837,13.267518656526534,0.2091414872381305,-0.884162822420404,0.4177510523809704,11.524694950593073,0.7918605969107453,0.4037832514135296,0.45816577888148385,11.027269184091992,63.22415502286108,63.095080517829416,55.591196927813314,19.962216680905538,5.652982915993626,73022.0,221760.68661515877, 0.0, 2.8421709430404007E-14,0.0,76.40960771443571, 102.8400893031616,102.8400893031616,0.0, 140.0094110930731, -9.41239762380033, -23.521162271071915, -9.41239762380033, 133.37537562785315, 5.890610449836613, -23.521162271071915, 5.890610449836613, 157.0615239430037, 5.755588294335861, 4.291919003532508, 23.0, 0.0
34, 0 ,1.0,1.0,1.0,10.595766334215346,113.21945179455865,174.52316982156185,7.108294902650696,14.005613674835615,16.78567020715172,30.0,70.0,75.0,0.07267157230158666,0.04442487086023794,0.9963660338591767,16.828019929990052,0.018639144814516503,-0.998893505388506,0.043178086725171684,14.00071984070847,0.9971817411383938,0.015433591342074351,-0.07341920319975648,7.017220554671416,75.22023575629728,70.50155989591106,31.871090868671313,21.466127100500117,8.224912305929875,58956.0,169016.98292907784, 0.0, 0.0,0.0,NaN, 169.3379740061227,169.3379740061227,NaN, 50.527856423049876, -1.9775429953197827, 17.057198303607137, -1.9775429953197827, 196.1572144087424, 4.024411914794601, 17.057198303607137, 4.024411914794601, 281.7587243032609, 7.323139542133067, 4.647191383369517, 19.0, 0.0
35, 0 ,1.0,1.0,1.0,129.1055587526909,62.94450838715178,247.27122365027603,12.642531989812896,13.217904690351732,13.297483359192112,60.0,60.0,60.0,0.6306808611273718,0.7677012843947691,-0.1134741792050448,14.340308158836914,-0.06252248982195692,-0.09548111992481163,-0.9934657991115581,13.283608118124478,-0.7735196116932651,0.6336545538986729,-0.012219519195710854,11.369740563370339,69.11471399665066,61.428983263304616,55.74104473760705,21.749868007432617,6.189743521659755,93834.0,236656.7775917554, 0.0, 0.0,0.0,NaN, 153.00516426671342,153.00516426671342,0.0, 159.83361511344245, 37.25974214490765, -2.5350029867209973, 37.25974214490765, 174.71300440322233, -2.1775447966944754, -2.5350029867209973, -2.1775447966944754, 176.82306368799112, 6.1964883644542805, 4.400132296557719, 29.0, 0.0
36, 0 ,1.0,1.0,1.0,201.5747128062928,184.2953709467489,86.49241695433196,12.312071234926572,12.512519476291915,11.20676725338903,64.0,58.0,56.0,-0.7887917415687359,0.2822989227013714,0.5459989987853504,13.089379436374545,0.3126649671360462,0.9490626554563564,-0.03899608113572678,12.504192193552235,0.5291958113579275,-0.1399549722581299,0.8368777682442344,10.298310422950259,57.49722227828818,57.166489626031165,52.24910205944306,20.000555982377527,5.806860976973902,70684.0,171738.3239031757, 0.0, -2.8421709430404007E-14,0.0,73.60254036838641, 174.80285047480257,174.80285047480257,1.9073486328125E-6, 151.58709809390632, 0.39035914818378475, -28.72660650127086, 0.39035914818378475, 156.5631436445845, 8.19983757041833, -28.72660650127086, 8.19983757041833, 125.5916322716327, 5.659011709956816, 4.209557426114148, 23.0, 0.0
37, 0 ,1.0,1.0,1.0,71.31434335398079,260.5276041370688,136.91806842075354,11.707149577849558,11.776507574989745,12.063941249699791,64.0,56.0,60.0,0.1885155280699421,-0.6456384241337919,0.7400087303258961,12.69811504216788,-0.9236860330758886,0.13936992057080674,0.356903540947152,11.747751545562844,-0.33356559771211286,-0.7508175880479366,-0.5700938006160384,11.046735643516492,68.31612685484048,61.37043699422481,56.40627978101861,19.737096538147522,5.63286611077786,70388.0,236488.43606887353, 0.0, 0.0,0.0,NaN, 159.343537877253,159.343537877253,0.0, 137.05735123814307, -6.829655184644844, 0.2023188344947866, -6.829655184644844, 138.68613066379083, -17.93968157841572, 0.2023188344947866, -17.93968157841572, 145.53867847620816, 5.87156319265363, 4.384084981277836, 23.0, 0.0
38, 0 ,1.0,1.0,1.0,190.97594538062,245.43213706550094,86.74019365907542,12.19849317747918,12.779013530576247,12.672836195597563,60.0,61.0,63.0,0.43037556269903793,0.4534855343324078,-0.7804663639022097,13.18543590961349,-0.46428579273832427,0.8527065400996047,0.23943738039977522,12.760986278787854,-0.7740901612169162,-0.2593114471491979,-0.5775309478154022,11.662277175670614,66.04349808879745,62.4741437330256,62.35958064153351,20.939549805655833,5.851705203833869,85098.0,257296.31519790352, 2.8421709430404007E-14, 0.0,1.4210854715202004E-14,86.06764251675888, 149.6253900476177,149.6253900476177,0.0, 148.80323580100614, -3.2370257283005754, -15.695642947893957, -3.2370257283005754, 163.3031868146508, -7.916494883767476, -15.695642947893957, -7.916494883767476, 160.6007772404477, 6.217503841574941, 4.411688989740616, 30.0, 0.0
39, 0 ,1.0,1.0,1.0,68.13558975099937,43.952981264749795,170.51277512883496,12.28987632585012,12.452953120360384,13.011768319123654,59.0,59.0,60.0,0.31665790886093215,-0.1740208145711278,-0.9324400918299378,13.066388820719348,-0.5544197077137131,0.7636669465381761,-0.3308044474666264,12.782636757158057,-0.7696405371694389,-0.62171500774958,-0.14534060920636507,11.886837133294406,66.77922540085503,66.6844184513977,63.46438858189043,20.945616346542145,6.058413338212861,83052.0,282615.414556144, 0.0, 0.0,-2.8421709430404007E-14,21.181567276062072, 152.7784819849039,152.7784819849039,0.0, 151.04106010469124, -10.978441482713638, -4.637665086040196, -10.978441482713638, 155.0760414178934, -0.8067067996182244, -4.637665086040196, -0.8067067996182244, 169.30611479055, 5.699499788104824, 4.160334278480683, 25.0, 0.0
40, 0 ,1.0,1.0,1.0,111.1466645472368,171.60979971387698,170.86749589360463,12.70401890152746,10.527493802607406,13.066040778538646,58.0,50.0,60.0,-0.5920693714668308,0.1292991763824138,0.7954467815999392,13.421094516154668,0.7771403821843013,-0.1696714750018162,0.606023445874123,12.430578341140178,-0.21332296113946567,-0.9769817365527043,2.6327789769037048E-5,10.406564646124046,62.746723091743604,65.49047685439913,48.99469105992077,20.243353939323814,5.757452989649517,75492.0,201334.51190462336, 0.0, 0.0,0.0,NaN, 213.3373576902906,213.3373576902906,0.0, 161.392096250367, -11.593674858687711, -12.059369397207526, -11.593674858687711, 110.82812576393734, 2.6348331815015293, -12.059369397207526, 2.6348331815015293, 170.7214216264348, 5.88493999046398, 4.312637463957316, 22.0, 0.0
41, 0 ,1.0,1.0,1.0,221.49804331445517,191.76939063221604,233.4048759145378,12.12803195288746,12.84444120079397,12.347101371364618,59.0,63.0,62.0,-0.4099386882306803,-0.8331194372494252,0.3712980947552931,13.51529662332964,-0.6242855345711156,-0.04050760636104461,-0.7801453102801781,12.536889908789439,0.6649946189383531,-0.5516077746951183,-0.503498778229833,11.166149277346014,67.7815996741875,68.15764247478148,53.27842488876989,20.74240247874845,5.85427027862419,82282.0,246137.4807368645, 0.0, 2.8421709430404007E-14,0.0,33.57947404898486, 149.36978462707611,149.36978462707611,0.0, 147.0891590502592, 20.62354308222691, 6.998908449262754, 20.62354308222691, 164.97966976065365, -16.90862496684154, 6.998908449262754, -16.90862496684154, 152.45091227475402, 5.750255908867127, 4.255267099961157, 29.0, 0.0
42, 0 ,1.0,1.0,1.0,234.82455703685267,160.62557752438437,16.355630571068556,12.704300065148457,12.290046292071036,10.11365413033412,62.0,60.0,42.0,0.9774639334429283,0.06734990397682927,-0.20007061066681006,12.79882953289828,0.09579060300020556,-0.9860592518582872,0.1360562832122501,12.33824668147673,0.18811809906315607,0.1521549941966642,0.9702888428431388,9.934188909490489,64.53306642999945,62.16230538968303,46.70828693443053,19.499168502476195,5.874768556003599,64283.0,187371.4225911794, 0.0, 0.0,0.0,NaN, 154.7274205085548,154.7274205085548,0.0, 161.39924014533108, -0.7704173215316837, -12.037524670900401, -0.7704173215316837, 151.045237861249, -8.060969895383634, -12.037524670900401, -8.060969895383634, 102.28599986802443, 5.8843683807641405, 4.366877563226835, 19.0, 0.0
43, 0 ,1.0,1.0,1.0,23.809678221177748,59.64825778460704,105.50518597188955,11.590717244213375,14.165935177496571,13.39845360465851,52.0,72.0,70.0,-0.32066767666491675,-0.947071074925203,0.015120191213931228,14.466625753817057,0.026135025571514398,0.007110328239056107,0.9996331345402221,13.399214109321152,0.9468311367824265,-0.32094520135430354,-0.022471674324468616,11.212261379226437,77.0437071503485,69.94818439224404,60.85031962360276,21.721162436380727,6.536674008772634,88508.0,327926.47583293886, 0.0, 0.0,-1.4210854715202004E-14,89.13364384478868, 123.51582773352555,123.51582773352555,0.0, 134.34472623530527, 25.38933093485003, 1.0009926526017903, 25.38933093485003, 200.6737194530348, -0.8141247155413456, 1.0009926526017903, -0.8141247155413456, 179.5185589961866, 5.482053041994186, 4.047575048022523, 23.0, 0.0
44, 0 ,1.0,1.0,1.0,112.11959932257683,212.90713001010883,151.43901222249937,11.279222678975199,13.044989795914779,11.752344291506331,54.0,62.0,56.0,-0.05186052677009245,0.9255889168787812,0.37496085490927333,13.289668844677381,0.07160062623409778,-0.37105361696711275,0.9258469439699568,11.481801924427533,-0.9960842514998486,-0.07486234224753888,0.047029710047998434,11.27222896904397,62.60666389807935,56.59362316465064,54.65042950141168,20.107890415020005,5.584170701287444,76171.0,193634.0104356747, 0.0, 0.0,0.0,NaN, 205.4904855334133,205.4904855334133,0.0, 127.22086424190847, -2.505270436151418, -0.6474563987209551, -2.505270436151418, 170.1717587755207, 15.559341120137233, -0.6474563987209551, 15.559341120137233, 138.11759634610146, 6.359658443797555, 4.38740997071084, 16.0, 0.0
45, 0 ,1.0,1.0,1.0,181.2642789408418,9.687844968025871,142.51581685997033,13.199828755667609,6.3725653140154535,12.491126484131692,65.0,26.0,59.0,0.8330984555122486,-0.01521636783703815,0.5529153873541173,13.737943367318305,-0.552197022846623,0.034991122210585694,0.8329790329448694,11.90339951727698,0.03202204525685064,0.9992717766034882,-0.020748616852127727,6.360133699173602,67.66461309805516,56.02318440118009,26.89891606439545,18.18325286005458,6.343707443618163,41127.0,101968.06394091852, 2.8421709430404007E-14, 0.0,0.0,33.58164751777592, 185.74924993341787,185.74924993341787,0.0, 174.2354791789495, -3.835854474128276, 21.735516486711536, -3.835854474128276, 40.60958868139287, 1.703286328890937, 21.735516486711536, 1.703286328890937, 156.0282408425762, 5.5489178518586115, 4.169209753935506, 16.0, 0.0
46, 0 ,1.0,1.0,1.0,89.12699021151344,18.4823191183517,218.27298240810458,12.837477242146132,10.764160722977467,12.517962577864834,61.0,43.0,58.0,-0.7631847614169451,3.091996455421211E-4,0.6461802568452086,13.613685719965193,-0.5996471679567661,0.3722727864746096,-0.7084040135486669,11.834694995068947,0.24077436305053426,0.9281233090737504,0.2839275070358636,10.58182028789191,66.41424393206032,61.42777340970261,52.79604017928516,20.083535963962262,5.832576471664913,73045.0,215390.90313066603, 0.0, 0.0,0.0,NaN, 122.32956269284128,122.32956269284128,1.3486991523486091E-6, 164.80082194261988, -6.286809393412679, -24.246289065885225, -6.286809393412679, 115.86715607009079, -7.391928855088427, -24.246289065885225, -7.391928855088427, 156.6993871008244, 6.26840350583468, 4.602915105674468, 18.0, 0.0
47, 0 ,1.0,1.0,1.0,9.39256619144603,212.2569161575017,284.1932705363204,6.061393786635014,11.434703072051942,8.809114763429276,24.0,53.0,35.0,-0.20037874926797486,-0.979385492314699,-0.025542401713573665,11.610684906341572,0.16508089503943296,-0.059450397239536795,0.9844866420429691,8.888308628293286,-0.9657104405228217,0.19305363946726542,0.1735904299022885,5.593156321056882,54.84137190775078,38.54477583308574,27.653053787059775,14.843706980330884,4.975720548824487,23568.0,58454.36313132002, 0.0, 0.0,0.0,NaN, 89.64888040678666,89.64888040678666,9.5367431640625E-7, 36.74049463665755, 19.848184475169745, 8.285084054563999, 19.848184475169745, 130.75243434599412, -0.2031251314248433, 8.285084054563999, -0.2031251314248433, 77.60050291526764, 7.581277003730549, 4.505172395595675, 9.0, 0.0
48, 0 ,1.0,1.0,1.0,20.996840872572783,259.6860344780631,15.002246793213322,12.608645073743476,16.039736724271567,9.666691682928606,50.0,74.0,37.0,0.4153762659834393,-0.8984071150969549,0.14257353611670345,17.000800916217614,0.9074835017841002,0.39845544802121163,-0.13306746383651713,11.492067462647219,0.0627395540892842,0.1846561980692269,0.9807985709957455,9.41281926488988,79.8292446913641,57.42603434059248,43.698585898327934,21.35014267395166,7.339442804075362,73438.0,200326.41995150776, 0.0, 0.0,0.0,NaN, 47.86596443796509,47.86596443796509,0.0, 158.97793059563566, -59.077287507844986, 6.620707552711538, -59.077287507844986, 257.27315418394596, -27.9770445231203, 6.620707552711538, -27.9770445231203, 93.44492809280108, 7.533582185619199, 5.010951630628961, 10.0, 0.0
49, 0 ,1.0,1.0,1.0,13.76475734139213,142.3827862496769,239.2605324373223,7.983474253854943,11.400328828248433,13.161279464875397,33.0,55.0,63.0,-0.1243215976471827,0.1879969396514865,0.9742696192739091,13.316322974797052,0.18623463119477765,0.9688582168019941,-0.16318828965034585,11.407677599841751,-0.9746080250553026,0.16115491434311055,-0.15546154212816593,7.711230116892427,64.9418406085502,56.03462870894245,34.65117253952721,18.292397049839526,5.684263002159353,50297.0,126095.33710385133, 0.0, 0.0,0.0,NaN, 155.40788038155006,155.40788038155006,0.0, 63.735861161964735, 9.997040119811826, -16.42351194309004, 9.997040119811826, 129.9674973921923, 10.413761635569392, -16.42351194309004, 10.413761635569392, 173.21927715255083, 6.102690907632162, 4.284705569624095, 13.0, 0.0
