// Sample: .//bubblelabels.tif, Map: .//bubblelabels.tif, Thickness:(8.191250068658265):/gpfs/home/mader/Foam/NewValid/InSilicoTest/LatticeData_Phi_6.65/out_Step_03000.vtk/distmap.tif, Neighbors:(1.0):
//LACUNA_NUMBER, TRIANGLES, SCALE_X, SCALE_Y, SCALE_Z, POS_X, POS_Y, POS_Z , STD_X, STD_Y, STD_Z,PROJ_X, PROJ_Y, PROJ_Z, PCA1_X, PCA1_Y, PCA1_Z, PCA1_S, PCA2_X, PCA2_Y, PCA2_Z, PCA2_S, PCA3_X, PCA3_Y, PCA3_Z, PCA3_S,PROJ_PCA1, PROJ_PCA2, PROJ_PCA3,OBJ_RADIUS, OBJ_RADIUS_STD, VOLUME, VOLUME_BOX, Mask_Grad_X,Mask_Grad_Y,Mask_Grad_Z,Mask_Angle, Mask_Distance_Mean,Mask_Distance_COV, Mask_Distance_STD, SHAPET_XX, SHAPET_XY, SHAPET_XZ, SHAPET_YX, SHAPET_YY, SHAPET_YZ, SHAPET_ZX, SHAPET_ZY, SHAPET_ZZ, Thickness, Thickness_STD, Neighbors, Neighbors_STD
1, 0 ,1.0,1.0,1.0,156.06087093059773,182.1009456017307,183.55085662444608,15.779515265542901,11.547787956642917,9.35575688566107,73.0,53.0,41.0,-0.9543197294896242,-0.29845397863595907,0.014109448721218278,16.16557954051395,-0.2704753793534591,0.8428639063251412,-0.46521339681690743,11.569921997402123,0.12695244412949494,-0.4477785815006001,-0.885086108171887,8.6420853214968,79.3327726127967,66.51523823467346,45.842842281681015,20.421320054701404,7.2694142015777725,57318.0,241905.26456476192, 0.0, 0.0,0.0,NaN, 50.21551084594604,50.21551084594604,6.743495761743046E-7, 248.99310201550148, 39.66807635987938, 4.933128532700123, 39.66807635987938, 133.35140669158721, -23.990112293329304, 4.933128532700123, -23.990112293329304, 87.53018690359451, 9.710783901178495, 6.413834171899953, 12.0, 0.0
2, 0 ,1.0,1.0,1.0,185.07452857409575,35.24079637456082,16.069844017855626,8.722618876364674,16.186061105991545,10.210962440272782,37.0,72.0,47.0,0.01139139120854104,0.9994260615490667,0.031902722499111906,16.19154864021559,-0.307057601506111,0.033859556115792944,-0.9510884079921046,10.361952544469666,0.9516227538072263,-0.0010382466772538724,-0.30726707679181775,8.53229747744173,72.36652919948975,55.82526953854447,40.76472894669695,19.902043304804963,6.800373551472238,58917.0,164684.6538656999, 0.0, 0.0,0.0,NaN, 41.508111413998996,41.508111413998996,0.0, 76.08408006231333, 1.796487654145751, 10.164592815615068, 1.796487654145751, 261.9885741268923, 4.924556968594581, 10.164592815615068, 4.924556968594581, 104.26375395666149, 8.571141196523994, 5.898872257675657, 13.0, 0.0
3, 0 ,1.0,1.0,1.0,170.81145925641806,186.90277355271337,79.03781395902496,16.302097214339078,7.646899087027418,15.611516766056738,65.0,33.0,64.0,-0.8704326027902026,-0.022014599317533516,0.4917951213836527,16.626389446065083,0.49085916765165033,0.03723575191044492,0.8704428621753372,15.27710080583986,0.037474811970205954,-0.9990639900409543,0.021605144555069736,7.624057969729517,73.67962403214419,77.93020103253903,33.977869645416405,22.687518872295886,7.295846927462223,75607.0,195096.43946323125, 0.0, 0.0,0.0,NaN, 85.26713485729826,85.26713485729826,0.0, 265.75837358576194, 7.386697488247458, -18.569232505113046, 7.386697488247458, 58.475065647180756, 3.3169940668561524, -18.569232505113046, 3.3169940668561524, 243.71945573687063, 8.365096825285097, 5.58138023894226, 12.0, 0.0
4, 0 ,1.0,1.0,1.0,55.49288005804348,79.13089504095387,30.364074232715893,13.487226917291403,13.927412942111381,15.03466559467423,67.0,69.0,66.0,0.0870671837803793,0.5936020550701913,0.8000349403151086,16.38568599780955,0.9599334105902357,-0.26471577725113565,0.09194239776580115,13.552412830579778,0.2663590673154404,0.7599751032045543,-0.5928665024843923,12.237675088553674,79.30530125635758,66.03914818900138,71.83069463319495,23.549502350145108,6.880423663023445,114397.0,376195.6317113657, 0.0, 0.0,0.0,NaN, 101.30713346615202,101.30713346615202,0.0, 181.9052899185098, -2.4797886831747697, 11.262953036028696, -2.4797886831747697, 193.9728312600916, 55.55991286868762, 11.262953036028696, 55.55991286868762, 226.041169543681, 8.266970111938832, 5.322804051565769, 23.0, 0.0
5, 0 ,1.0,1.0,1.0,13.76009216446375,107.00814223218595,138.54714866190275,8.101156864956126,15.304239374644832,12.420409958459178,33.0,76.0,62.0,0.008303155168034516,0.9985039651698316,-0.05404525098823515,15.312318402208323,-0.009887583278482921,-0.05396249093439445,-0.9984940086295294,12.41126578720648,-0.9999166431814039,0.00882502760795656,0.009424732174030179,8.099904668078358,75.92766764395535,62.019916525636106,33.53754556365305,20.265040049679207,6.591147146597735,64233.0,157929.22800620337, -1.7763568394002505E-15, 0.0,0.0,89.52425878566689, 112.30885399231076,112.30885399231076,0.0, 65.62874255062577, 1.4471451091804075, 0.7972780483540097, 1.4471451091804075, 234.21974283642925, -4.347580819052221, 0.7972780483540097, -4.347580819052221, 154.26658353619192, 9.035491703822158, 5.479102238403123, 16.0, 0.0
6, 0 ,1.0,1.0,1.0,51.68989552495967,185.21184781416915,121.50603825008223,14.434511761627867,8.663970715082797,12.273748454355166,65.0,34.0,55.0,-0.9583959209144575,0.01640036954719679,0.2849706768305203,14.62910079737533,-0.28445823688460975,0.027948229714940775,-0.9582809650224199,12.044982395171822,0.023680587894493565,0.9994748242624807,0.022120249149927825,8.658650497011918,65.5106532720767,58.338721354495405,35.04832149362858,19.92956571237632,6.072629577477848,63843.0,133947.94660336841, 0.0, -2.8421709430404007E-14,0.0,89.06028591313135, 95.14114134090516,95.14114134090516,0.0, 208.3551297965732, -2.7427883554199997, -18.862247305497426, -2.7427883554199997, 75.06438855181231, -1.2278741182644233, -18.862247305497426, -1.2278741182644233, 150.64490112078585, 9.219700397365667, 5.474106235213464, 11.0, 0.0
7, 0 ,1.0,1.0,1.0,56.62974730749724,149.61796294638862,11.951594617977863,12.949592665645184,17.052897595509208,8.270877196318255,60.0,88.0,32.0,-0.2439167416887197,0.9674082533416855,-0.06801392864955708,17.31425430143408,0.9593007518005822,0.25097287325696316,0.12943988753078484,12.704156631939888,-0.14229086660357418,0.03367325727536774,0.9892519502258615,8.106890801166722,93.98236153483771,58.581392719214044,36.73460104420468,21.400378178036213,8.302077453426124,67038.0,202246.66713086056, 0.0, 0.0,0.0,NaN, 76.7340768609028,76.7340768609028,0.0, 167.69195020613154, -32.196553323602515, 15.76302291256945, -32.196553323602515, 290.8013164029237, -12.292561088322449, 15.76302291256945, -12.292561088322449, 68.40740959657731, 8.349047694902612, 5.312194261326048, 18.0, 0.0
8, 0 ,1.0,1.0,1.0,26.317506316712215,50.903614706337336,50.411839323467234,13.753127528516593,13.287761574973512,12.899749750820684,63.0,66.0,63.0,0.8198177699535629,-0.23772743382633807,0.5209457661548952,14.848928494152846,-0.07162001000181185,0.860038500988112,0.5051775440233485,13.701035636838366,0.5681279769873222,0.45146366855425485,-0.6880488047659313,11.131379661856954,75.48044426585338,67.4673582939167,61.40453241087417,22.158643276400507,6.411801328180149,96965.0,312700.5044456352, 0.0, 0.0,0.0,NaN, 76.32262228773659,76.32262228773659,9.5367431640625E-7, 189.14851681564093, -22.753865683123053, 38.940026842146004, -22.753865683123053, 176.56460767334255, 15.762853094593126, 38.940026842146004, 15.762853094593126, 166.4035436337983, 7.938103113804263, 5.144489761861833, 21.0, 0.0
9, 0 ,1.0,1.0,1.0,88.4925514194242,180.68207969567734,85.08397226127329,14.593490673462075,12.208269723532291,12.482781328954875,69.0,56.0,60.0,-0.962161260027241,-0.018932160923390572,-0.27182215322810477,14.770273991978874,0.183970682376466,0.6907435019600721,-0.6993055144397716,12.955957915108751,0.2009987505650966,-0.7228519819317831,-0.6611236756375947,11.48101955791591,70.650392489213,66.86242880012446,63.2063562054708,21.696081062842435,6.863797483899548,84647.0,298577.77793535974, 0.0, 0.0,0.0,NaN, 124.27146107357362,124.27146107357362,NaN, 212.96997003642457, 6.153107035666696, 17.94596317070537, 6.153107035666696, 149.04184964251522, -16.965896280751092, 17.94596317070537, -16.965896280751092, 155.81982970650444, 8.339701499612815, 5.113942394036417, 18.0, 0.0
10, 0 ,1.0,1.0,1.0,186.17044344793223,20.459990034877926,110.90937717987045,8.490257457917242,11.045620333416588,13.327996643527177,34.0,44.0,65.0,0.030884039471989096,-0.36486897243263,0.9305465109610853,13.700970402893741,0.11602993434437525,-0.9233876729118774,-0.3659129129320627,10.610835848845845,-0.9927654458339759,-0.11927211941750653,-0.013817781577499138,8.450992094982368,74.03767844338918,56.65369386442999,36.04927695320529,18.374275083434675,5.840523087861161,50175.0,151208.97945564153, 0.0, 0.0,0.0,NaN, 92.45002380276996,92.45002380276996,0.0, 72.08447170171934, -5.7215512661340675, 1.594300076885887, -5.7215512661340675, 122.00572854998597, -25.575454415773116, 1.594300076885887, -25.575454415773116, 177.63549452987172, 8.677513263581343, 5.402821986883427, 10.0, 0.0
11, 0 ,1.0,1.0,1.0,77.24909942546917,100.39305868786546,160.19915708264875,11.856503218420487,14.650724041634277,13.710341346691335,58.0,80.0,76.0,0.16445483194822824,0.8264259810794768,0.5384929953543541,15.377414113398698,0.04464731898375961,-0.5516031356471143,0.8329109181970386,12.995434302035761,-0.9853736474842638,0.11293395654583245,0.12761150536868374,11.740854561821676,73.5295022675422,68.68528345634184,60.6469195262592,22.334152730007062,6.661791439849281,97993.0,306290.8812893929, 0.0, 0.0,0.0,NaN, 132.1857526987561,132.1857526987561,0.0, 140.57666856841539, 12.638754170493998, 9.887375380002243, 12.638754170493998, 214.64371494412057, 29.629096635960035, 9.887375380002243, 29.629096635960035, 187.97345984279394, 7.534899411727446, 4.842422633488322, 30.0, 0.0
12, 0 ,1.0,1.0,1.0,22.541753541259162,178.24698536207896,48.594598370698364,14.243679110224779,12.669237821273372,13.77329287265509,58.0,51.0,81.0,-0.7324353970826276,0.14260496149028934,-0.6657343419553834,14.678763514045098,-0.5989514468078714,-0.5998905405569541,0.5304606523739943,14.297432813029289,0.3237214133590356,-0.7872707058621192,-0.5247945142855338,11.541789063166107,76.03002123543013,78.09646743238713,65.86828641327884,22.427173312855835,7.07936969779595,93046.0,391104.5484886379, 0.0, 0.0,0.0,NaN, 57.816600465281226,57.816600465281226,NaN, 202.88239459505377, 16.992605398063645, 17.484421526232637, 16.992605398063645, 160.50958697198365, -30.467193271683062, 17.484421526232637, -30.467193271683062, 189.70359655593145, 7.521229178919952, 4.76769925190329, 11.0, 0.0
13, 0 ,1.0,1.0,1.0,175.5756704881465,61.53384862789853,109.06627587280178,13.226985274982368,13.101031117007349,13.646980055446775,55.0,65.0,66.0,-0.6073339958841929,-0.4835315637994751,0.6303512070687046,15.138300722273542,-0.18159415751898367,-0.6879468083803564,-0.7026754235023815,12.704033165647063,-0.7734138474311859,0.5412267691540351,-0.33000697712741683,11.927682633072914,77.05491452652748,67.46309750483272,68.65217747043033,22.137496070045312,6.539226879064189,96385.0,356878.95378115226, 0.0, 0.0,-1.4210854715202004E-14,50.92396128797618, 112.48068537622856,112.48068537622856,0.0, 174.95313946460038, 27.908034186153817, -30.827580879579887, 27.908034186153817, 171.6370163287948, -17.242166571925317, -30.827580879579887, -17.242166571925317, 186.24006463376207, 7.115576895128835, 4.518149722674107, 19.0, 0.0
14, 0 ,1.0,1.0,1.0,167.4834094225067,187.2656531902543,25.380320358952638,15.367149606998787,7.372593542381217,14.386315375869879,74.0,31.0,52.0,0.7811020250380443,0.029992500132530357,0.6236826728531641,16.964026148325093,-0.6237996925043052,-0.006430127448199811,0.7815578015044918,12.472030127738684,-0.02745123153888303,0.9995294409855072,-0.013686726789066182,7.358041452095479,88.15821315162256,61.93218164811007,32.35735202380886,21.050092975726947,7.373200010324431,63741.0,176665.65653008144, 0.0, 0.0,0.0,NaN, 43.170046478759694,43.170046478759694,0.0, 236.14928704388296, 5.880240790836211, 64.377405261599, 5.880240790836211, 54.35513554116122, 3.8607338347665547, 64.377405261599, 3.8607338347665547, 206.9660700939901, 8.525281617906028, 5.037848985943998, 12.0, 0.0
15, 0 ,1.0,1.0,1.0,189.664514137841,24.46242966691199,175.83834666793285,6.334832854372993,13.138659102980398,12.830254271389373,27.0,56.0,54.0,-0.02268916207560766,0.7964964178794173,0.6042173931868925,13.552385456114871,0.012219424270572477,-0.6041068913616663,0.7968096067943959,12.396109925121452,-0.9996678886484265,-0.025462130990969205,-0.003973951509036565,6.327653764142759,76.11386049526818,61.96900219779809,27.691906600061856,18.403578260007276,6.219180188213255,42121.0,130614.41553690888, 0.0, -3.552713678800501E-15,0.0,37.203174577683924, 35.90289995187709,35.90289995187709,0.0, 40.13010729284349, -3.4343773029336138, -0.8627127379554513, -3.4343773029336138, 172.62436302432968, 14.427950039220407, -0.8627127379554513, 14.427950039220407, 164.61542466850526, 7.881404785352035, 4.935091029300818, 10.0, 0.0
16, 0 ,1.0,1.0,1.0,189.3639560687554,174.73594237785383,138.28890059051417,6.738931472680694,14.945549651144388,14.36508347419282,28.0,64.0,68.0,-0.04315975771912259,0.7674229699373725,0.6396868144069636,16.260441898139884,0.06589291576006288,-0.636702749107341,0.7682888343141472,12.894245339239161,-0.9968928522997161,-0.07530998932184677,0.023087800719848423,6.66893855104111,85.06701095593914,74.8390832315992,31.24148351225216,20.46649121678581,7.5007341148774955,53174.0,198893.8159553172, 0.0, 0.0,0.0,NaN, 67.52523845474319,67.52523845474319,0.0, 45.41319739348638, -12.39385212394409, 0.0935213990254693, -12.39385212394409, 223.36945437482214, 48.38989831856522, 0.0935213990254693, 48.38989831856522, 206.3556232205277, 7.417069160043083, 4.74363753872552, 12.0, 0.0
17, 0 ,1.0,1.0,1.0,21.2219483145445,9.766196714954436,20.421876298368556,12.1325424122491,6.398165978748025,12.122297570508271,56.0,25.0,47.0,-0.7064737550936792,0.044764802320067756,0.7063221261132077,13.57576179766152,0.7077197557590144,0.0372779562909042,0.7055091078669183,10.499155440454098,-0.0052517304041233516,-0.9983017912675597,0.05801683272761201,6.368016827468336,72.84919981720694,56.007824570732815,27.794622258373348,17.28330137709148,6.030978790644154,36103.0,113405.53879760606, 0.0, 0.0,0.0,NaN, 31.029062507369645,31.029062507369645,NaN, 147.1985853850232, -2.707767617010497, -36.93907694038794, -2.707767617010497, 40.93652789160868, 6.377726444742201, -36.93907694038794, 6.377726444742201, 146.95009838795076, 7.963248038540071, 4.680364468655006, 4.0, 0.0
18, 0 ,1.0,1.0,1.0,22.279259669852774,39.37562696878338,144.91139291846363,14.083533142372088,13.20266343978985,11.25636430102011,59.0,64.0,59.0,0.8572720477414214,0.33460556446007095,0.3913103019262176,14.551896761149571,-0.44154814914836354,0.8686915452139768,0.22452222887145953,13.441180646261861,0.2648015637130657,0.3652589704663127,-0.8924494475033332,10.341128006234946,73.40017965816847,63.890206412280364,50.059564936166794,21.33040909817715,6.661502282392425,73967.0,234756.964355943, 0.0, 0.0,0.0,NaN, 71.28506183489924,71.28506183489924,0.0, 198.345905772293, 1.7878790451527085, 27.853397702708417, 1.7878790451527085, 174.31032190436358, 28.104044494888466, 27.853397702708417, 28.104044494888466, 126.70573727727995, 7.6669954115127945, 4.789545677420452, 18.0, 0.0
19, 0 ,1.0,1.0,1.0,121.86825729485733,78.95966467838143,179.46055134612286,11.477454365288688,11.198700064632357,11.681361872857748,55.0,55.0,48.0,-0.29476612630136745,0.6547385559450443,-0.6960103118088723,12.56727135089261,-0.8654152105815416,0.12592930345204464,0.48497249801013265,11.646626851551163,-0.40517828678174705,-0.7452913751621444,-0.5295010123026468,10.00084150575825,60.367793177555356,60.86117046561556,50.7469759209481,19.063002915961242,5.495359576551058,62030.0,186447.15784261632, 0.0, 0.0,0.0,NaN, 112.96489195883076,112.96489195883076,0.0, 131.73195870728438, -15.060835406227088, -3.070004423657675, -15.060835406227088, 125.41088313759676, -24.21835725507044, -3.070004423657675, -24.21835725507044, 136.45421520465467, 7.721826348555255, 4.818354695258514, 17.0, 0.0
20, 0 ,1.0,1.0,1.0,170.743831666545,91.25364990145266,9.905084312723556,13.436515589410082,15.52191836184317,6.714745315225639,59.0,69.0,26.0,0.2926097709165408,0.9554397924334604,-0.03891432896602947,15.72887714715713,0.9555349942195743,-0.29370774019291357,-0.02624191632809226,13.20865840840925,0.036502010711304836,0.029505361978439483,0.9988979111143202,6.685168075981859,75.81604498319189,68.97975557092207,27.722520622570002,20.418939735470396,7.044473404289482,54796.0,144982.46908785912, 0.0, 0.0,0.0,NaN, 96.33931025876461,96.33931025876461,0.0, 180.53995118446014, 20.249041602793767, -5.562328117057818, 20.249041602793767, 240.92994963172418, -6.536421761853775, -5.562328117057818, -6.536421761853775, 45.087804648344665, 7.360649758671003, 4.920311737326754, 13.0, 0.0
21, 0 ,1.0,1.0,1.0,15.869552202010953,101.95314233390269,22.65679973234253,9.722258645591804,11.53579253258421,12.433818904732426,39.0,51.0,54.0,-0.10065308609439809,-0.507243286988839,0.8559049036338274,12.838193997676251,-0.3254474278778566,-0.7961613009123993,-0.5101089634746314,11.29723454801946,-0.940187708889752,0.32989609081381005,0.08494493109306345,9.473644574679625,59.07629589288708,59.09101271239777,45.66346780069919,18.73748996530322,5.577019354675009,56789.0,159405.6020721145, 0.0, 1.4210854715202004E-14,0.0,59.519619697222986, 101.87423403098437,101.87423403098437,0.0, 94.52231317178457, 13.647112617048275, -0.17898585259128605, 13.647112617048275, 133.07450935482564, -17.208301887905165, -0.17898585259128605, -17.208301887905165, 154.59985255568148, 7.9182020251392915, 4.872424832428999, 11.0, 0.0
22, 0 ,1.0,1.0,1.0,80.59929687600977,23.197146143804368,41.90462588375189,11.926056937546607,11.661263126641158,13.422002593008338,62.0,49.0,64.0,-0.45331328273554206,-0.030563250753192855,0.8908271186930289,13.938783013172968,-0.5771646421796112,0.7716680061908442,-0.2672254928690909,12.341187600898465,-0.6792555067963807,-0.6352907806074669,-0.3674473847531743,10.572202329893125,63.174598867142834,61.193804610333686,60.33194856670823,20.56510295436651,5.953367607443383,77369.0,233236.9215567965, 0.0, -3.552713678800501E-15,0.0,88.24858198125642, 93.75687663623071,93.75687663623071,0.0, 142.23083407760353, -16.909499609013537, -27.07121441859033, -16.909499609013537, 135.9850577087607, -10.605064801210599, -27.07121441859033, -10.605064801210599, 180.15015360672257, 6.8604513614424905, 4.519685423704005, 19.0, 0.0
23, 0 ,1.0,1.0,1.0,159.24330747696257,80.99304502507873,69.90662545200047,14.990465557303258,9.983374201477039,11.015329517989814,69.0,49.0,58.0,-0.9857245435793954,0.16520847847186027,-0.032454319068582864,15.111165724672999,0.07856335196848155,0.280846588485118,-0.9565317524597641,11.124723898418717,0.1489124706418806,0.9454265452044829,0.28981670709268526,9.675354830016818,72.40484002132342,55.60622397781686,51.59754618458366,20.142629329413534,6.324064054001652,68584.0,207739.96371440496, 0.0, 0.0,0.0,NaN, 114.48981443752159,114.48981443752159,0.0, 224.71405762469527, -21.27640473482865, 2.0448084259079553, -21.27640473482865, 99.66776044671732, -8.821059425804899, 2.0448084259079553, -8.821059425804899, 121.3374843898977, 6.7664871789027465, 4.339814890645175, 17.0, 0.0
24, 0 ,1.0,1.0,1.0,136.8644055015986,117.86101224588285,123.26217047716716,10.379356485294027,12.269391205788704,13.213845966563392,49.0,60.0,67.0,0.33816938928801965,0.5827647958432632,0.7389361656288908,14.099661334350266,-0.34050156039277363,-0.6562292724332881,0.6733660441184748,12.065418062663804,-0.8773255675737794,0.4793207013341248,0.023484329965079216,9.40744195131376,69.52346829198365,63.40426072564392,48.7190255984927,19.92884145022819,5.976286914905557,66308.0,214757.5626020232, 0.0, 0.0,0.0,NaN, 128.92482725143725,128.92482725143725,0.0, 107.73104104881519, 34.49036859960686, 14.476370494664426, 34.49036859960686, 150.53796056068518, 22.27809861732497, 14.476370494664426, 22.27809861732497, 174.60572522806362, 7.204319379635867, 4.570943729363283, 22.0, 0.0
25, 0 ,1.0,1.0,1.0,116.14826172285694,58.46963271886171,15.563205298941613,12.986292894412301,11.100803574817721,9.348061768227023,65.0,55.0,39.0,0.995890507414522,-0.08055490380402802,-0.041388461130733495,13.003503601334652,-0.07920927557609211,-0.9963054593481417,0.033186176878325334,11.088741225208283,0.043908859064625064,0.02977144850712882,0.9985918450244977,9.338448163328858,64.79566173808847,55.48619764535319,40.415694852606215,18.671503194074965,5.534696960302031,57068.0,145305.12886053332, 0.0, 0.0,1.7763568394002505E-15,87.62793830220703, 103.4022500797448,103.4022500797448,0.0, 168.64380313946342, -3.7475391188457294, -3.4691294601938925, -3.7475391188457294, 123.2278400066859, -0.9091341069765346, -3.4691294601938925, -0.9091341069765346, 87.38625882258772, 7.309664413476551, 4.795259896377759, 16.0, 0.0
26, 0 ,1.0,1.0,1.0,150.94497045180148,152.05263074283536,54.6035140115651,10.140846908997538,14.109420793808857,10.642381608969771,47.0,64.0,50.0,0.007011470104791352,-0.9842116692756392,0.17685652192845236,14.21171625460366,0.5821343013628034,-0.13978508784522023,-0.8009867566901127,10.876330252964163,-0.8130624173234249,-0.1085703425331413,-0.5719632735223703,9.7419391707462,65.2169971483542,55.64473161876466,51.771535915719795,19.5223324352621,5.835353782465617,62948.0,187877.98765290633, 0.0, 0.0,0.0,NaN, 87.67491023701542,87.67491023701542,0.0, 102.83677603172492, -2.642112332509683, -10.773184651838436, -2.642112332509683, 199.07575513676574, -16.01783125627978, -10.773184651838436, -16.01783125627978, 113.26028631093803, 6.750929045551344, 4.550944183534204, 20.0, 0.0
27, 0 ,1.0,1.0,1.0,10.84206102117061,83.4628891656289,105.51282689912827,7.098676879241135,11.364182228824626,10.748466708859207,28.0,54.0,47.0,-0.0456238232558079,-0.756092291228503,0.6528728160188287,12.997916270443628,0.04358628148394241,-0.6544376578330005,-0.7548586543694512,8.719231705533396,-0.9980073661140606,0.005983239497857991,-0.0628131994662422,7.077750973933648,62.87781617251386,43.827269919858196,29.729911229250106,16.272076325028344,5.503173614353623,32120.0,81928.5899940015, 0.0, 0.0,0.0,NaN, 126.53627952352218,126.53627952352218,0.0, 50.39121343587266, 3.3602190765017297, -4.393319711728568, 3.3602190765017297, 129.14463772993346, -45.85895735791523, -4.393319711728568, -45.85895735791523, 115.52953659145467, 8.506776458568694, 4.70084598167478, 10.0, 0.0
28, 0 ,1.0,1.0,1.0,57.67420103603476,70.01065757069664,93.90538398392165,14.905055873761388,10.253507460709365,11.051347673013321,70.0,47.0,52.0,-0.9797203930511087,-0.09447642676511403,-0.17669792365921277,15.031119592873752,0.19910528312885817,-0.5579418185410874,-0.8056413677023051,11.508980963833496,-0.022473043184182348,-0.824484767541984,0.5654377334607955,9.541288812075308,71.6052933795464,58.95828949041663,52.88207658872811,20.27051624135899,6.207540780808113,70654.0,223253.61736812154, 0.0, 0.0,0.0,NaN, 130.56043343905557,130.56043343905557,0.0, 222.16069059994882, 7.884894367196112, 16.70872185475531, 7.884894367196112, 105.13441524682261, 20.87049913465773, 16.70872185475531, 20.87049913465773, 122.13228538981696, 7.545359616604967, 4.543160530639289, 18.0, 0.0
29, 0 ,1.0,1.0,1.0,97.26711663920179,186.96135352942505,138.9970879703831,10.951093965233886,7.805144968568601,12.494926056005363,53.0,32.0,59.0,0.06821819898456552,-0.11825331632948227,0.9906373859815619,12.554337627352156,0.9956132733503014,-0.055662910996705346,-0.07520538722771901,10.954455108671665,0.06403504709142102,0.9914221066309005,0.11393734781689097,7.7044431447926645,58.13836681369459,53.37386647313705,34.90824908943415,17.544096919642648,5.401350519543486,44299.0,108322.72050931187, 0.0, 0.0,0.0,NaN, 115.55195176708138,115.55195176708138,0.0, 119.92645903538205, -4.153292316162579, 2.099312807206859, -4.153292316162579, 60.92028798037174, -11.256100259479755, 2.099312807206859, -11.256100259479755, 156.12317714504175, 7.265313293413749, 4.7497711731018, 11.0, 0.0
30, 0 ,1.0,1.0,1.0,46.81100467325995,121.65394587712898,144.79524600599296,10.89951361194339,10.723952099060217,13.40484436377459,51.0,54.0,61.0,0.17187645628729645,0.3766201685916565,0.9102833253356418,13.885374151708337,-0.821799569405002,-0.4547341921725359,0.34331076620890466,11.232698668835345,-0.5432347112435608,0.8070774826986465,-0.23134819087458044,9.721896075309154,63.229501890555156,55.55549466399503,50.684502146095795,19.495186902642647,5.781875616780454,64409.0,178041.7950945507, 0.0, 0.0,0.0,NaN, 106.66273584848007,106.66273584848007,0.0, 118.79939697693925, 18.19311716005985, 6.44600179526075, 18.19311716005985, 115.00314862293804, 28.75396665415676, 6.44600179526075, 28.75396665415676, 179.68985241701938, 7.060547786407202, 4.446153224405423, 14.0, 0.0
31, 0 ,1.0,1.0,1.0,17.963940698230513,140.0700143472023,24.028522238163557,10.006942619380876,10.22102347375593,12.061110515393274,39.0,44.0,52.0,0.04548972693030095,-0.3201961390889086,0.946258483320685,12.269342585697846,0.7158267153793391,-0.6502669950207719,-0.25445028735665187,10.466645961976182,-0.6967946600635179,-0.6889319761044721,-0.1996244824858771,9.486367224844836,58.90053670862667,54.9583818691708,51.51430692836,17.982686326882106,5.167359168099234,52275.0,166755.8393654305, 0.0, 0.0,0.0,NaN, 67.01996886528673,67.01996886528673,0.0, 100.13890058758138, -9.986418420956921, -0.956427270799822, -9.986418420956921, 104.46932085106971, -15.108281040491095, -0.956427270799822, -15.108281040491095, 145.4703868645302, 7.651808464971813, 4.682578733338629, 9.0, 0.0
32, 0 ,1.0,1.0,1.0,112.41933218334155,71.16625184820109,69.53597831444061,9.858357308378896,11.512250403891292,16.56879297749075,48.0,59.0,75.0,-0.09539045156157622,-0.14179907017571308,0.9852886305282231,16.710879885157194,0.0557374514028486,-0.9890102096316864,-0.1369384597379522,11.383424006371929,-0.9938782612885717,-0.041854855651295805,-0.10224564927866374,9.767710594991716,74.28808717089811,61.232120360304826,46.83508485100923,21.420439912524227,6.738603183630695,81160.0,213044.2346153555, 0.0, 0.0,0.0,NaN, 132.55286137039747,132.55286137039747,0.0, 97.18720881966757, 0.6028949094402761, -17.53993284839029, 0.6028949094402761, 132.53190936189523, -21.05725672001965, -17.53993284839029, -21.05725672001965, 274.5249007309468, 7.29838967706114, 4.41595356424082, 23.0, 0.0
33, 0 ,1.0,1.0,1.0,188.47298907132128,10.245247837571865,47.222872533278085,7.193068346474078,6.755110638117813,10.441082830546529,31.0,29.0,49.0,-0.08923678341558912,0.03641206824668765,0.9953446427100705,10.468989657674884,0.8576850057823004,0.5108703082005224,0.05820617712337992,7.372897056679034,-0.5063726170932373,0.8588863076595772,-0.07681850801105106,6.513724524701923,48.973947255351376,40.60399528840753,30.7902206156392,13.61503717961064,4.58461833116012,19307.0,61227.52137054798, 0.0, 0.0,7.105427357601002E-15,5.530733930382813, 49.67732656350761,49.67732656350761,0.0, 51.74023223704732, 5.0094989769147995, -5.3706050641682515, 5.0094989769147995, 45.63151973321244, 2.789231809961652, -5.3706050641682515, 2.789231809961652, 109.01621067433354, 8.296476348176443, 4.691866132576637, 7.0, 0.0
34, 0 ,1.0,1.0,1.0,172.55779884594224,103.57848744226513,124.10254737138398,12.028844840584105,11.781304836610248,14.18190702314234,52.0,58.0,66.0,-0.34827688214340086,0.022473161350646705,0.9371222814464395,14.507169804757188,0.6246292050473516,0.7509902375185284,0.2141308463388161,12.25438031679988,-0.698957487667444,0.6599307692256606,-0.27558993135244036,11.13512128233033,72.23689400349912,68.24104818644892,61.27928285013594,21.071294394913913,6.373326540187818,78159.0,302077.53401295596, 0.0, 0.0,-1.4210854715202004E-14,20.426235515722524, 125.74023144409352,125.74023144409352,0.0, 144.69310819884686, 11.603509294893373, -24.719453393086333, 11.603509294893373, 138.799143653136, 6.030839994757563, -24.719453393086333, 6.030839994757563, 201.12648681305402, 7.529782960054219, 4.675218957656675, 16.0, 0.0
35, 0 ,1.0,1.0,1.0,124.11451437190983,151.3456660800581,162.65093997039023,13.114180595194561,11.314857836135767,11.403539079407777,69.0,53.0,60.0,-0.9776189792511312,0.08880382501758385,0.1907223428710509,13.209214030150536,0.07470736302277653,-0.7009301006657236,0.7093065655208064,11.870642347578595,0.19667216711614127,0.7076799238659985,0.6786082699458175,10.707612200321261,67.62020252552733,57.47129589309908,53.445151802338216,19.91666461632179,5.7771026156604055,71598.0,207699.6535223898, 0.0, 0.0,2.8421709430404007E-14,79.00505770453869, 97.57460439735169,97.57460439735169,0.0, 171.98173268337757, -6.569305234648993, -9.764114316283104, -6.569305234648993, 128.02600785196296, -12.042055830151504, -9.764114316283104, -12.042055830151504, 130.04070353558038, 7.256286455761997, 4.3656832832619274, 23.0, 0.0
36, 0 ,1.0,1.0,1.0,145.32783496274604,42.855276569476146,83.03848859411114,12.644522106980945,10.260371368781163,12.841682988285946,64.0,48.0,57.0,0.6522944394449179,-0.08461998969093479,-0.7532273372720524,13.107977088099666,0.7131661295262663,-0.2680624287692818,0.6477164549236326,12.552742850151796,0.256721709182852,0.9596780666593453,0.11450752118186541,10.033821082054617,63.20035500493853,62.722192565231296,47.27271538758781,19.912037445685865,5.794717134812811,69657.0,187392.10880849854, 0.0, 0.0,0.0,NaN, 108.2636178395187,108.2636178395187,0.0, 159.88393931392983, -14.803366434680758, -8.67275256664973, -14.803366434680758, 105.27522062530423, -5.343956766481079, -8.67275256664973, -5.343956766481079, 164.90882197163265, 7.332986356049803, 4.51518010798487, 17.0, 0.0
37, 0 ,1.0,1.0,1.0,85.78256835234454,35.747692258467055,108.22563872846241,11.565926157081819,12.066012255286532,10.715899049861672,58.0,70.0,55.0,0.5202154092193177,0.7011785855344878,-0.4875700146631583,12.763484893413,-0.7190850333278082,0.6676190300847454,0.19287702173314544,11.539292891205374,-0.4607522575687746,-0.2502667014537856,-0.8515127334859527,9.905956037113013,59.951991394076444,57.30650577687322,53.844686623223424,19.058660298916386,5.563924844310583,62507.0,184990.9129062243, 0.0, 0.0,0.0,NaN, 130.6104127615001,130.6104127615001,0.0, 133.7706478710694, 6.81315509438665, -21.288645176403783, 6.81315509438665, 145.58865174472479, -17.635680029651414, -21.288645176403783, -17.635680029651414, 114.83049244682631, 6.537614382774476, 4.194043195431717, 15.0, 0.0
38, 0 ,1.0,1.0,1.0,16.26615925510953,72.41801568597148,170.96321910134066,10.300800732301878,11.14805855259874,11.05363912984185,40.0,56.0,56.0,-0.11548045495173392,-0.7134878760971217,0.691085606264925,11.716616977797532,0.5680659141543534,-0.6181736547042737,-0.5432885511452824,10.644732150316017,-0.8148407094028376,-0.3298429676254745,-0.476695117457585,10.098475492624955,54.57879278927594,55.656742514753134,54.22560200151108,18.023402525995007,5.265510860067166,51766.0,164719.9083155647, 0.0, 0.0,0.0,NaN, 79.7000098981358,79.7000098981358,0.0, 106.10649572659091, -1.0705756697699989, -6.31422618665288, -1.0705756697699989, 124.27920949216991, -13.600202799789672, -6.31422618665288, -13.600202799789672, 122.18293801277089, 7.5446317363211595, 4.5336042175285, 11.0, 0.0
39, 0 ,1.0,1.0,1.0,186.76784952752902,111.24943325926425,65.70271362197832,8.852616347095022,14.765273823129236,9.550031093480339,38.0,70.0,53.0,0.15489555896248303,-0.9765869957877378,0.14928230126837122,15.006058439776712,0.4885069438178885,-0.055627644127326785,-0.8707850085127493,9.685477576462924,-0.8587015381699314,-0.2078061713884463,-0.4684530536536929,8.282207155409772,67.91324280133652,50.39670138422905,46.41226384485444,18.61619216924882,6.404889559150053,44553.0,158850.77284901345, 0.0, 0.0,0.0,NaN, 111.21420538860853,111.21420538860853,NaN, 78.36881618885403, -24.37189665790047, -7.1046581152308415, -24.37189665790047, 218.01331107198544, -21.607013141226084, -7.1046581152308415, -21.607013141226084, 91.20309388644128, 7.288692043676758, 4.65171480716429, 11.0, 0.0
40, 0 ,1.0,1.0,1.0,50.4971411084446,150.9666274743505,187.28730652149403,15.82507176794358,13.931110609108988,6.854038077926391,72.0,63.0,29.0,-0.9134321208847883,0.3963415449460666,0.09249400134971475,16.274000979754096,0.4011244342136277,0.9151566098905162,0.03984429257113131,13.482016677356375,0.06885454823548857,-0.07349666062796138,0.994915721085874,6.69915633941365,69.47056441609175,60.861180388309265,31.185103464363635,21.03833659545076,6.991063619650085,62087.0,131852.50578659447, 0.0, 0.0,0.0,NaN, 71.52513863561349,71.52513863561349,1.3486991523486091E-6, 250.43289646056493, -29.38421768845804, -16.396347111189115, -29.38421768845804, 194.075842803229, 13.055104919106771, -16.396347111189115, 13.055104919106771, 46.97783797366489, 8.827631864907046, 5.33330922664049, 14.0, 0.0
41, 0 ,1.0,1.0,1.0,81.45357127907464,104.81757803234314,76.3872246019897,12.231103522452141,12.024147600152741,11.897101550742327,63.0,63.0,62.0,0.5404034345897055,-0.6074257594993864,0.5822354116508568,13.988406896032284,-0.8413757313507744,-0.39598619799208085,0.3678067559109352,11.427824559404336,0.0071418889377715495,-0.6886427794556258,-0.7250655940851358,10.461851774250434,65.71258402689807,52.111572251661684,52.11081196998509,20.026264817572482,5.888103400272205,71669.0,178447.53862522283, 0.0, 0.0,0.0,NaN, 146.72895354407459,146.72895354407459,0.0, 149.5998933769412, -21.2589544865616, 20.5865086698997, -21.2589544865616, 144.58012551025894, -33.57448025720469, 20.5865086698997, -33.57448025720469, 141.54102530867547, 6.347232385057049, 3.9580817700176434, 21.0, 0.0
42, 0 ,1.0,1.0,1.0,49.264944439938354,182.98432557385027,163.10708492172927,11.753243923247565,9.955009592566462,10.346823969358477,54.0,42.0,44.0,-0.9496314956613915,0.05364692127476896,0.308742660294375,11.925446120303155,-0.21636371893967915,0.600459959175286,-0.7698276291182369,10.416007477190053,0.22668648741047762,0.7978532730176353,0.5586084417197313,9.67410192354848,55.834731150159975,51.054818125442836,52.95431074532161,17.781284030576696,5.303174821209507,49316.0,150953.25507613338, 0.0, 0.0,0.0,NaN, 63.856519712707765,63.856519712707765,0.0, 138.1387427193558, -4.413764253952666, -11.774721623556484, -4.413764253952666, 99.1022159880903, -6.084399046060092, -11.774721623556484, -6.084399046060092, 107.05676625289111, 7.302040487717601, 4.489328740878075, 10.0, 0.0
43, 0 ,1.0,1.0,1.0,178.94735936989457,154.97085074549864,88.38850195188223,12.559383692968831,8.727144827317694,13.019606791573484,51.0,40.0,56.0,0.399947477709913,0.08354444631491033,-0.9127224882533648,13.152804827750433,-0.9159610492278564,0.0011024941919930537,-0.4012656735928969,12.447197153614491,0.03251724728329724,-0.9965034420394604,-0.07696439847504305,8.688057594970926,62.85697003106741,59.8577859558321,40.556089732295874,19.226111866537224,5.811020485830204,58149.0,152591.43829017668, 0.0, 0.0,0.0,NaN, 101.40692894167744,101.40692894167744,NaN, 157.7381187472114, 3.1780387303645705, -6.395102160403006, 3.1780387303645705, 76.163056836978, -7.470867756824131, -6.395102160403006, -7.470867756824131, 169.51016100718638, 7.746700170102699, 4.629048001107792, 10.0, 0.0
44, 0 ,1.0,1.0,1.0,115.24013216469145,152.4179411590131,63.27083869180698,9.260713144465429,12.320666098421052,10.662437931145703,45.0,54.0,49.0,-0.044200609581696006,-0.9000170423776107,0.4336076908248554,12.802148813862939,-0.3695235511931323,-0.388520362618188,-0.8440996818768783,10.23639120353,-0.9281695164280188,0.197537974224928,0.3154046567710893,9.08672023143623,60.54373048128603,52.79483722091783,47.16677033898695,17.96268074223072,5.346896692575927,50543.0,150763.6946992263, -1.4210854715202004E-14, 0.0,7.105427357601002E-15,77.86848347580427, 115.98054383288074,115.98054383288074,NaN, 85.76080794407476, 6.424657186021002, 5.3705722018387965, 6.424657186021002, 151.79881310878184, -24.45254924570565, 5.3705722018387965, -24.45254924570565, 113.68758263553467, 6.40237855354455, 3.990237480535384, 15.0, 0.0
45, 0 ,1.0,1.0,1.0,99.48071854165282,158.58854408930827,15.080448313287704,11.310056597360015,10.835039125493461,9.643387553678966,49.0,55.0,41.0,0.8110134486461714,0.33602592586193947,-0.4788984895190943,12.458089025526531,-0.21372939045633285,0.9321896467172452,0.29213389089310093,10.652755559047147,-0.5445887749212319,0.13456983206426343,-0.8278369564884063,8.344171224762645,63.658212157026696,50.42307673510055,49.114438504072034,17.576165966513432,5.421140702330215,45147.0,157649.63252590084, 0.0, 0.0,0.0,NaN, 108.80598312379908,108.80598312379908,1.9073486328125E-6, 127.91738023548682, 14.584353946657478, -35.97647617213264, 14.584353946657478, 117.39807285097409, -1.8284845534003695, -35.97647617213264, -1.8284845534003695, 92.9949235104504, 7.494719587259019, 4.331565203392922, 12.0, 0.0
46, 0 ,1.0,1.0,1.0,95.94619086087597,8.439534965403393,133.20533174106987,11.275314463534341,5.6593114261322075,10.806271928868853,56.0,23.0,54.0,-0.8202194771853115,0.005968255510226384,0.5720178224251573,11.69840866197065,0.5708183693086899,0.07409276273299686,0.8177265140438826,10.367049198777822,0.03750198002269183,-0.9972334944418765,0.06417911699003905,5.622060188031285,66.90246279694014,51.41107700471542,24.64832678612555,15.768016359968057,5.22548515852588,28471.0,84778.60191772104, 0.0, 0.0,0.0,NaN, 117.21102763377017,117.21102763377017,0.0, 127.13271625158671, 2.6935256073547786, -13.96573466940667, 2.6935256073547786, 32.02780581795056, 4.955971992281774, -13.96573466940667, 4.955971992281774, 116.77551300065896, 6.580372744797823, 4.16402112530705, 9.0, 0.0
47, 0 ,1.0,1.0,1.0,117.61688992206703,113.01314761532745,54.6352203654656,10.296301186364797,10.679398832531685,11.055033518703452,49.0,47.0,53.0,0.06139544920415666,0.6325384962690859,0.7720917364890417,11.706099964419284,-0.8512099734991878,-0.3707719172462911,0.37144281712939464,10.479728746064884,0.5212218144250405,-0.6800170851670957,0.5156593682348023,9.768298351104828,58.200150710293045,51.18119237044047,49.70594020877368,17.816095747521874,4.986369015566735,52481.0,148061.7239571148, 0.0, 0.0,0.0,NaN, 131.6764846823024,131.6764846823024,0.0, 106.01381812033713, 6.162351059503029, -2.581948883061445, 6.162351059503029, 114.04955942427912, 18.339050283871046, -2.581948883061445, 18.339050283871046, 122.21376609965684, 6.5816905308961395, 4.022287079142626, 12.0, 0.0
48, 0 ,1.0,1.0,1.0,108.57617837251897,53.56161925765335,129.0521436848204,10.771002877608764,11.116464077328986,11.336270013244393,51.0,53.0,49.0,-0.26231958977537273,-0.6029120313038551,0.7534490794533755,12.547917164995026,-0.8250344771266909,0.5450989693874708,0.14894705477116457,11.037912645098666,-0.5005062880447834,-0.5825497370025802,-0.6404133505368673,9.424200424692815,58.876431815333476,53.31045734972504,48.005283271965595,18.40062084043653,5.433088170810847,53506.0,150675.59910698878, 0.0, 0.0,0.0,NaN, 127.51768714258685,127.51768714258685,0.0, 116.01450298945626, -3.9949568290321547, -17.62296822149529, -3.9949568290321547, 123.5757735825458, -28.49730717543575, -17.62296822149529, -28.49730717543575, 128.51101781318403, 7.165372928455001, 4.1571069180399896, 15.0, 0.0
49, 0 ,1.0,1.0,1.0,16.206284418529318,49.49471979267898,93.12808551992225,9.468706317949733,10.617119456225852,10.997473303649455,38.0,56.0,49.0,0.21046557927755238,0.47923485368633556,-0.8520787492665222,11.436431055857314,-0.44775257369528565,0.8220615342605342,0.3517562602690464,10.532700942038893,-0.869035023856123,-0.30748786789311505,-0.38759429615247715,9.032956300017652,54.361131896244,52.00811013003666,44.25062764981016,17.26078524601609,5.03878324982887,46305.0,125106.24775348842, 0.0, 0.0,0.0,NaN, 106.70150539995221,106.70150539995221,NaN, 89.6563993355812, -5.838560921275456, -13.44436827310865, -5.838560921275456, 112.72322554776953, -11.604539101401237, -13.44436827310865, -11.604539101401237, 120.94441906448245, 7.274822841522413, 4.216000091271762, 9.0, 0.0
