// Sample: .//bubblelabels.tif, Map: .//bubblelabels.tif, Thickness:(8.191250068658265):/gpfs/home/mader/Foam/NewValid/InSilicoTest/LatticeDataPhi_16.0/out_Step_05000.vtk/distmap.tif, Neighbors:(1.0):
//LACUNA_NUMBER, TRIANGLES, SCALE_X, SCALE_Y, SCALE_Z, POS_X, POS_Y, POS_Z , STD_X, STD_Y, STD_Z,PROJ_X, PROJ_Y, PROJ_Z, PCA1_X, PCA1_Y, PCA1_Z, PCA1_S, PCA2_X, PCA2_Y, PCA2_Z, PCA2_S, PCA3_X, PCA3_Y, PCA3_Z, PCA3_S,PROJ_PCA1, PROJ_PCA2, PROJ_PCA3,OBJ_RADIUS, OBJ_RADIUS_STD, VOLUME, VOLUME_BOX, Mask_Grad_X,Mask_Grad_Y,Mask_Grad_Z,Mask_Angle, Mask_Distance_Mean,Mask_Distance_COV, Mask_Distance_STD, SHAPET_XX, SHAPET_XY, SHAPET_XZ, SHAPET_YX, SHAPET_YY, SHAPET_YZ, SHAPET_ZX, SHAPET_ZY, SHAPET_ZZ, Thickness, Thickness_STD, Neighbors, Neighbors_STD
1, 0 ,1.0,1.0,1.0,130.82319969489293,15.153466548013915,180.72462930645926,21.196571419138238,9.361013201898464,11.356678379789765,88.0,38.0,47.0,-0.9789421702576336,-0.028482780530545267,0.2021409372307445,21.540832023067974,0.18036168242534023,0.3431140133199102,0.9218147522014422,10.898004478001761,0.0956132355062614,-0.9388618136215543,0.3307515746285584,9.117203851299616,89.77388201097094,55.487448196383355,45.586542285512905,24.085823496266904,9.261234173770488,86527.0,227081.320181576, 0.0, 1.7763568394002505E-15,0.0,88.36783614878958, 73.3934408802847,73.3934408802847,0.0, 449.29463992662795, 12.825947175465627, -69.444943438116, 12.825947175465627, 87.62856816611733, 9.080514145174652, -69.444943438116, 9.080514145174652, 128.97414382198428, 11.268785772404604, 6.428430629249118, 12.0, 0.0
2, 0 ,1.0,1.0,1.0,180.8344345971647,165.68388483926793,92.12113028125928,11.277638970858844,16.22531505803125,15.472392717962029,49.0,67.0,79.0,0.1569575603983011,0.9095403506009211,0.3848385049115637,16.534544004942358,0.06827384525089833,0.3787431660792533,-0.9229801169055158,15.280238483219675,-0.9852426129073335,0.17114311197654763,-0.0026512137810469063,11.0889175464881,80.95080574566299,85.10592833621425,54.79012778114753,23.96293943397776,7.457778462237792,114414.0,377470.7486955741, 0.0, 0.0,0.0,NaN, 100.15596488093821,100.15596488093821,0.0, 127.1851407570341, 24.332746259288694, 2.1217296040510942, 24.332746259288694, 263.2608487323756, 14.018101281421654, 2.1217296040510942, 14.018101281421654, 239.39493641884442, 7.864214318947885, 5.531815633514789, 16.0, 0.0
3, 0 ,1.0,1.0,1.0,169.73871449523014,63.9722958517781,167.81224687504204,14.864483439437972,15.5080483018105,15.634334310022329,63.0,78.0,67.0,0.2202454807642338,0.7204334988380583,-0.6576226136279717,16.871201795121923,0.7777502835228447,0.2771974286014318,0.5641507618153935,15.385488365246527,-0.5887244046946465,0.6357178299597297,0.4992658770517229,13.584334253885741,89.81257576304453,76.79013130132489,73.55825006032939,25.4943596113752,7.478132612900539,148642.0,507310.61649964366, 0.0, -7.105427357601002E-15,0.0,43.90971749058525, 77.74478431497421,77.74478431497421,0.0, 220.95286792132575, 27.132930304297368, 8.395743088312082, 27.132930304297368, 240.49956213128755, -39.266453407305114, 8.395743088312082, -39.266453407305114, 244.43240931754139, 7.918146924012449, 5.433942066021171, 19.0, 0.0
4, 0 ,1.0,1.0,1.0,16.101382396420153,44.425546366215194,15.74465619880938,10.054631707277515,11.98552889357924,10.367703523447084,45.0,57.0,41.0,0.158459530730959,0.9305948944267511,-0.32997533178616323,12.178228685744642,0.6435036223201762,-0.3508064898781805,-0.6803219052185241,10.761893658258343,-0.7488615794533304,-0.10453683143377877,-0.6544298172397476,9.386702772750148,56.62131128383141,61.33555857572599,47.92678773653788,17.973734663369143,5.402097761861869,50058.0,166444.92938259302, 0.0, 0.0,-1.7763568394002505E-15,70.73272176130745, 49.80740792122384,49.80740792122384,0.0, 101.09561876899035, 2.6220654479095846, -15.278020100862362, 2.6220654479095846, 143.65290285882278, -11.872661040134437, -15.278020100862362, -11.872661040134437, 107.48927635009709, 9.576448693754212, 5.8856026699504085, 7.0, 0.0
5, 0 ,1.0,1.0,1.0,30.481982488071964,108.60858818506618,173.9553663048933,16.055764204819297,14.516107168054823,13.645132021124521,75.0,69.0,64.0,-0.9869364179185228,0.07794525730074513,0.1410001554980542,16.1232148298062,-0.00756220072068952,-0.8966255434573779,0.44272502520189905,14.781470721496497,0.1609326570538586,0.43587517901812534,0.8855018397550074,13.275715658697507,78.70301719353186,76.06923224840023,71.51863234245667,24.552734201258893,7.201236187724147,133509.0,428173.33325132495, 0.0, 0.0,0.0,NaN, 99.79912000735396,99.79912000735396,0.0, 257.7875642007566, -6.153368245742384, -11.790852050076035, -6.153368245742384, 210.71736731445264, -15.850372806366327, -11.790852050076035, -15.850372806366327, 186.18962787391774, 7.633493243499496, 5.181829206815338, 19.0, 0.0
6, 0 ,1.0,1.0,1.0,48.84171912555797,12.80583724390523,24.255751402083096,19.958785545488578,8.273765353288008,13.996133409923724,84.0,35.0,61.0,-0.9837378734623569,-0.02401014964011454,0.1779980590625075,20.13329300465131,-0.17895770424096802,0.04663542792306903,-0.9827508722739627,13.760588582013321,-0.015294979848394926,0.9986233772432388,0.05017383795112391,8.246015926850927,86.01289654267583,68.07332035193501,35.710978979643194,24.177237536534328,8.84088508591639,87370.0,209094.33348870542, 0.0, 0.0,0.0,NaN, 56.016466067906684,56.016466067906684,6.743495761743046E-7, 398.3531204508037, 6.955349928418954, -37.728456150401975, 6.955349928418954, 68.45519312126902, -7.003678988383351, -37.728456150401975, -7.003678988383351, 195.89175042838306, 7.657992772274491, 5.080600245879259, 10.0, 0.0
7, 0 ,1.0,1.0,1.0,161.50237534702006,176.0415664633066,138.57929777485253,15.416211984175607,14.116637617519082,14.814374037640894,74.0,59.0,79.0,-0.8064825035649588,0.43029120193337017,-0.40550641546383925,16.707214354265382,-0.11830784273161478,0.5545264315316307,0.8237133549245074,14.80614541718853,0.5793006350693809,0.7122849979267647,-0.3963090409474417,12.571864384339305,89.8811496180728,83.11942687249501,73.39441448765487,24.40295679069266,7.803872600447703,118509.0,548320.1031538873, 0.0, 0.0,0.0,NaN, 76.34511315915458,76.34511315915458,0.0, 237.65959194103962, -46.030256781842986, 33.63586670781477, -46.030256781842986, 199.27945762435482, 6.814135459424947, 33.63586670781477, 6.814135459424947, 219.46567812712857, 7.647175407480132, 5.040134081488049, 20.0, 0.0
8, 0 ,1.0,1.0,1.0,88.9031236673774,123.69170575692964,79.4648933901919,13.63568576481669,12.433673390329265,12.717021983271117,72.0,61.0,64.0,-0.8370739608274169,-0.41191673306174414,-0.360044148860164,13.79962403365962,-0.5372071254361445,0.4943450683314396,0.6833969986742836,13.300598914349079,-0.10351660970749928,0.7654721147371235,-0.6350879884508451,11.61530255423712,68.73934771568099,70.77617643716772,57.96022423499946,21.58281454292574,6.035969249659759,93800.0,281982.76232130086, 0.0, 0.0,0.0,NaN, 141.56761794145783,141.56761794145783,0.0, 185.93192627682453, 7.990336142998053, 1.3152610472969737, 7.990336142998053, 154.59623397738204, 22.419112868427998, 1.3152610472969737, 22.419112868427998, 161.72264812300085, 7.352293863225339, 4.968715383904448, 22.0, 0.0
9, 0 ,1.0,1.0,1.0,172.17296709598796,39.598915147315346,16.69940739324715,15.253462811349893,13.130696937091887,10.992880327312218,70.0,69.0,51.0,0.9142921974930256,0.2575088041077098,0.3126643462411287,15.85232646996646,0.28846903352035064,-0.9558312604292023,-0.05632244922016423,12.966825213992633,-0.2843508296158288,-0.14168915764214385,0.9481923793742757,10.319493061239108,85.18890256512626,75.84552185806909,55.310305215868524,21.79065557409128,7.148012124563715,83698.0,357370.76549522154, 0.0, 0.0,0.0,NaN, 51.19851607586773,51.19851607586773,9.5367431640625E-7, 232.66812773723416, 17.094799223545774, 40.39312384009111, 17.094799223545774, 172.41520205375426, 14.977479822591897, 40.39312384009111, 14.977479822591897, 120.84341789060795, 7.69068014430632, 5.067209607876784, 11.0, 0.0
10, 0 ,1.0,1.0,1.0,75.98141248019188,54.51347809328023,43.63573600582466,12.773461337177645,14.347350298766525,16.66861763630685,63.0,68.0,81.0,-0.2325046725857714,0.524295658541625,0.819179857943411,18.320055412066107,0.4876138974044513,-0.6659232112429101,0.564605139709135,12.65912784936187,-0.841530905126974,-0.5307168163553275,0.1008235912564169,12.287092447997038,88.57246395539374,62.935017176141216,64.33014045313075,24.242116559225916,7.692228140282117,116745.0,358596.11566096207, 0.0, 0.0,0.0,NaN, 103.19385540370911,103.19385540370911,0.0, 163.16131453237213, -25.5228982186618, -32.6142486005172, -25.5228982186618, 205.84646059551588, 75.81708997725723, -32.6142486005172, 75.81708997725723, 277.8428139053997, 7.510242558455099, 4.791705774467161, 18.0, 0.0
11, 0 ,1.0,1.0,1.0,60.67134610079994,73.10447452417543,138.80478385940023,12.517232782661056,15.847348751849939,12.04307184366764,63.0,78.0,61.0,-0.13707743128351624,0.9613243506790796,0.2388833828966741,16.155202107481106,-0.8829629036822572,-0.009272718207771593,-0.46935117707110935,12.680200247789474,-0.44898361724422586,-0.27526261912669026,0.8500848204489975,11.448891866561697,79.9373244092535,63.24307681149064,53.835438355396505,22.547585566587287,6.667948976055512,101508.0,272164.10828744643, 0.0, 0.0,0.0,NaN, 113.0050039229838,113.0050039229838,1.9073486328125E-6, 156.68111653532466, -16.876203111074805, 8.05847218281763, -16.876203111074805, 251.13846246275983, 29.963197651131733, 8.05847218281763, 29.963197651131733, 145.0355794317403, 7.939396675087595, 5.132672128990861, 22.0, 0.0
12, 0 ,1.0,1.0,1.0,42.428801366894895,55.25837285029777,175.75252268872188,12.932457594113291,12.376804493855595,12.12250941361382,68.0,61.0,51.0,0.7384273277312431,0.2803417149996616,0.6132973214442929,14.247367077361176,0.3662483730114705,-0.9303848555547788,-0.015689162525896555,12.298111651013638,0.5662042130946633,0.2362044525096042,-0.7896962996548053,10.637573246184758,70.00636969304598,52.96644430699002,56.53536245097935,20.77437531863296,5.984506120507604,80767.0,209632.47276460036, 0.0, 0.0,0.0,NaN, 73.76741225944485,73.76741225944485,0.0, 167.24845942353852, 5.618046641272256, 40.46273703024125, 5.618046641272256, 153.18528947912404, 16.00057395386419, 40.46273703024125, 16.00057395386419, 146.95523448315566, 7.557602463174578, 4.969453952543044, 12.0, 0.0
13, 0 ,1.0,1.0,1.0,77.59915177596906,185.98963108491597,26.762887080175883,12.766977402932868,7.986165518563878,15.277807687535708,59.0,32.0,60.0,0.01802351298895504,0.025792809912987893,0.9995048193662343,15.282157538032381,0.9993012422379324,0.0322738810590912,-0.01885268848489794,12.770259290131998,-0.03274416346865404,0.9991461992912621,-0.02519309827238317,7.9725841531952355,61.38980592882246,59.9301781133738,33.43113224587174,20.386532953290054,6.6764686458239755,64134.0,122996.54563040183, 0.0, 0.0,3.552713678800501E-15,1.803172929095106, 83.27166936211187,83.27166936211187,0.0, 162.9957120069985, 3.288590075950649, 1.1873000445498265, 3.288590075950649, 63.77883968989865, 4.321597279263969, 1.1873000445498265, 4.321597279263969, 233.41140773732516, 7.2501278581559445, 4.86966308587584, 9.0, 0.0
14, 0 ,1.0,1.0,1.0,187.52486285613165,55.8314359307104,94.21425902986688,7.951866284744612,13.337659225868393,13.986099097229857,33.0,60.0,75.0,-0.09598031031816981,0.6320333993297759,0.7689743572856486,15.468646890043702,-0.13758923429802755,-0.7735491540568296,0.618620165257524,11.71910084913868,-0.9858280695113679,0.046427237583255704,-0.16120647931729556,7.753704770768774,89.67620716619905,57.06482368366132,37.344018202378294,19.597901042464827,7.256622749125701,50859.0,191102.6711097287, 0.0, 0.0,0.0,NaN, 110.22297804627762,110.22297804627762,0.0, 63.23217741045807, -2.6498820412195485, -19.795482226219654, -2.6498820412195485, 177.89315362539224, 50.12337723240843, -19.795482226219654, 50.12337723240843, 195.61096795753383, 8.077654335671626, 5.1005860948415185, 12.0, 0.0
15, 0 ,1.0,1.0,1.0,183.9453242357881,19.39263026442003,176.92735236095777,9.351229491149834,11.64534392183019,12.482967885090488,36.0,46.0,53.0,0.1001969056775488,0.5664267383350159,0.8179983680862695,13.181138425209278,-0.17506693133115322,-0.7992727115822948,0.5749040807597208,10.937430550621384,-0.9794448170504236,0.20080807408827392,-0.019077938411175426,9.24738979603778,71.71407230256662,58.26999876051349,40.86258210833387,18.60786599101551,5.712384662682909,55253.0,170755.6960847076, -2.8421709430404007E-14, 0.0,0.0,84.24949070966287, 34.14928683796887,34.14928683796887,0.0, 87.44549299615036, 9.780647856746471, 3.7978848475639784, 9.780647856746471, 135.61403505770735, 25.204134035823884, 3.7978848475639784, 25.204134035823884, 155.8244872202005, 7.985295513412039, 5.184910775362758, 2.0, 0.0
16, 0 ,1.0,1.0,1.0,185.62138135925014,14.36415559291587,94.01515395776238,8.474357363396566,8.56922463131777,16.053707294550275,35.0,32.0,74.0,-0.23694961439998585,-0.0659502038273353,0.9692808936788299,16.45143986919002,0.4152975332838387,-0.9088195136903402,0.03968690443977675,8.711239547540641,0.878284030985453,0.4119437609077065,0.2427333902971677,7.5121430483865534,78.85223356002581,40.06111569854039,41.313391078731485,18.829019665476554,6.959589056885403,43421.0,130505.22024850118, 0.0, 0.0,0.0,NaN, 96.18691602091928,96.18691602091928,0.0, 71.8147327225536, -3.99475558030591, -48.87888047107066, -3.99475558030591, 73.43161078198315, -14.39535281039363, -48.87888047107066, -14.39535281039363, 257.7215178990967, 7.882121386802778, 5.195511219436118, 6.0, 0.0
17, 0 ,1.0,1.0,1.0,101.27745604725209,84.90562272160952,13.710511743805085,14.445818435020575,17.349057969128065,9.36829041380153,73.0,84.0,38.0,-0.12307789901453568,0.9828587523316837,0.13726071447859473,17.521556683843446,0.9906171158036418,0.11339623150259653,0.07628253114497265,14.408907473580367,-0.05941010563062407,-0.14536150675476686,0.9875932724066835,9.100262894209871,86.96714136961859,72.32532510581447,42.38072140781231,23.038804890708146,8.163933926666148,86684.0,266571.63424548536, 0.0, 0.0,0.0,NaN, 130.93159888477476,130.93159888477476,0.0, 208.6816702575803, -13.100608325382213, 5.643457639815343, -13.100608325382213, 300.98981241616605, 31.324577737253207, 5.643457639815343, 31.324577737253207, 87.76486527732563, 7.679559939769252, 4.862722500999919, 15.0, 0.0
18, 0 ,1.0,1.0,1.0,77.1679501524825,123.77025603896531,126.33345400293994,11.088297231596526,13.856314415407224,14.126447438799314,57.0,62.0,68.0,0.0565105922397881,-0.6757456374293553,0.7349655682138473,15.01376381218788,0.39799985049740016,-0.6598752474088955,-0.6373074429669692,13.292222176392242,-0.9156433104483181,-0.3285308073107364,-0.2316567216357002,10.602265216512793,70.53826962070482,62.564882538204245,58.12810054642152,21.763064422944662,6.3932252297881815,91158.0,256532.0117976707, 0.0, -1.4210854715202004E-14,-1.4210854715202004E-14,87.29986079702802, 131.12065586412345,131.12065586412345,0.0, 122.95033549623116, -21.19589745229774, -11.609800355262378, -21.19589745229774, 191.99744917862205, -29.093458312121978, -11.609800355262378, -29.093458312121978, 199.5565172411597, 7.244957385873187, 4.5979762656663254, 19.0, 0.0
19, 0 ,1.0,1.0,1.0,182.33529505790722,148.60326663469783,36.21948065158318,10.542469454694668,13.882407997456212,11.32977963838827,44.0,67.0,52.0,-0.03173383704865876,0.9994926443508402,-0.0027235041277804545,13.885314842903007,0.45556564255232357,0.016889447776439474,0.8900419607410065,11.598099873818208,0.8896363914049702,0.027003711640657634,-0.4558704757335911,10.242603755678504,67.53626802589746,57.01290412361557,49.96047380870607,19.9404073992912,5.882939181711978,68817.0,192369.7455118249, 0.0, 0.0,0.0,NaN, 65.31092389474804,65.31092389474804,0.0, 111.1436622031701, -2.5599165079706623, 12.011606193896302, -2.5599165079706623, 192.72125180783618, 0.2057814311801586, 12.011606193896302, 0.2057814311801586, 128.36390665443744, 7.861296029082792, 5.22113564286571, 14.0, 0.0
20, 0 ,1.0,1.0,1.0,151.70531958455868,186.93213714030452,10.302386181736962,13.380268275241303,7.703634751582145,6.635580171297898,66.0,29.0,25.0,0.9980862691941209,0.05555337713429197,0.027159188779037786,13.39823567465308,-0.049392455951800085,0.9804683663794886,-0.19037375823412583,7.717043923191489,-0.037204630642028245,0.18866797507290695,0.9813359315956381,6.583540506970514,66.26256740675201,34.2095599621866,29.17225215797773,15.750384969731282,5.859510646647255,26863.0,66128.04839353988, 0.0, 0.0,0.0,NaN, 51.08115461877368,51.08115461877368,6.743495761743046E-7, 179.03157911742886, 6.765208562061232, 3.8436023159970585, 6.765208562061232, 59.3459883857841, -2.8201894796074694, 3.8436023159970585, -2.8201894796074694, 44.03092420972184, 7.737147804136514, 5.078896311153673, 5.0, 0.0
21, 0 ,1.0,1.0,1.0,19.03882356150929,84.86949226529889,25.56191853327149,11.35756537137401,11.25684035412101,13.78821627625918,44.0,52.0,58.0,-0.12424296389558753,-0.3518407715922211,0.9277778599254405,14.223710492453353,0.9565022832613022,-0.29118969985379695,0.017661846306971228,11.351145465363235,0.2639451989302991,0.8896160015110146,0.3727147727380802,10.708090887508188,66.73854556699692,50.363044983552406,51.14529551117171,20.2654746142663,5.927578988306753,73306.0,171907.33593217836, 0.0, 0.0,3.552713678800501E-15,21.908968328611024, 90.65715194664742,90.65715194664742,0.0, 128.99429116503404, -0.11939779809348028, -9.863847708860812, -0.11939779809348028, 126.71645475816725, -28.68478876752656, -9.863847708860812, -28.68478876752656, 190.11490808089857, 8.03734884797255, 4.9261236317374255, 10.0, 0.0
22, 0 ,1.0,1.0,1.0,67.72771478722899,188.6860145168177,74.54618340528488,13.419840396886261,6.7619530510733625,11.498234333242356,64.0,26.0,51.0,-0.9900216720362782,-0.06044046829406046,-0.12729508510106294,13.464854580808055,0.13125256569434152,-0.0667696364209151,-0.9890978615136483,11.48415390733441,0.05128209138817154,-0.9959361251830429,0.0740363536260516,6.69607484092899,65.35320933234823,50.51304728076447,29.403255715157343,17.970434113244732,5.923598222911383,42158.0,97065.7264703813, 0.0, 0.0,0.0,NaN, 101.35177886010818,101.35177886010818,NaN, 180.09211627790043, 7.4028360130592334, 5.8972114262836035, 7.4028360130592334, 45.72400906492035, 6.798753018069004, 5.8972114262836035, 6.798753018069004, 132.2093927821533, 6.937157939192557, 4.740808872138449, 10.0, 0.0
23, 0 ,1.0,1.0,1.0,113.76966185548956,83.65197530684024,64.70133243823062,11.300310657589264,12.25963252135078,11.19975406666585,54.0,54.0,56.0,0.3931744546813156,-0.9070737527389714,0.15043621664376894,12.524861458694234,0.5728352436135405,0.11367048895996663,-0.8117504564912904,11.28612307414303,-0.7192173745539424,-0.40533470987770526,-0.56429614663587,10.917022170271414,59.980665921943704,51.655045128640865,50.88413594205599,19.372154591371576,5.305631739800275,68521.0,157654.52218247202, 0.0, 0.0,0.0,NaN, 136.45360606644024,136.45360606644024,0.0, 127.6970209580255, -12.90834742242729, -1.5814402902381552, -12.90834742242729, 150.29858955856167, -5.899349474548208, -1.5814402902381552, -5.899349474548208, 125.43449115379823, 6.9701829016568775, 4.505524675307947, 14.0, 0.0
24, 0 ,1.0,1.0,1.0,50.07694065154284,85.07621492312654,77.2523384582303,12.924401877478585,11.933055653925855,11.694500592915084,63.0,66.0,56.0,-0.848343826643214,-0.06607093266872763,0.5253069423228982,13.630872552505755,0.09838672341228755,-0.9945742187674023,0.033796094736020986,11.93169357232376,0.5202238022741197,0.08035393717483016,0.850241401207893,10.864314391689351,64.53724258142887,67.33626258821036,55.02693964396421,20.27950771286399,5.911082148966922,74408.0,239130.39074724648, 0.0, 0.0,0.0,NaN, 125.3538436902879,125.3538436902879,1.3486991523486091E-6, 167.04016389057196, 1.417464110916988, -30.11900115140009, 1.417464110916988, 142.39781723969182, -3.169901239068886, -30.11900115140009, -3.169901239068886, 136.76134411769127, 6.972413623432948, 4.450685142671628, 14.0, 0.0
25, 0 ,1.0,1.0,1.0,101.59039113412636,22.05775075987842,105.17411535142031,11.76376109097603,12.589944012644523,12.559404077098733,56.0,51.0,60.0,-0.33793059618088567,0.6624263212852115,0.6685763090578167,13.324899405866857,-0.13411902147943,-0.7370104213879441,0.6624407345891146,11.9984157589893,-0.9315658861520378,-0.13419019201904003,-0.3379023411041447,11.537611152959515,69.31961574644994,62.9389274092133,57.697037495491955,20.52179270744439,5.786831610781096,79947.0,251726.53548634768, 1.4210854715202004E-14, 0.0,1.4210854715202004E-14,79.28160989675793, 138.4302852886784,138.4302852886784,0.0, 138.3860750055616, -8.875240295023694, -11.003217689056875, -8.875240295023694, 158.50669024152367, 14.385081484264033, -11.003217689056875, 14.385081484264033, 157.73863077184427, 7.245066849358532, 4.7000346485366045, 16.0, 0.0
26, 0 ,1.0,1.0,1.0,143.75984921620005,73.00412203680719,113.6500865780965,13.0003897764775,9.959988212525525,11.774765485516342,60.0,47.0,59.0,-0.9169519104356053,0.2242328844204569,0.3300284949712311,13.180359686503646,0.39273572737800777,0.3612628017915146,0.8457232623515873,12.081216041229782,0.07041194777423151,0.9051015421411159,-0.4193248812369857,9.336966277780844,59.824683035992976,63.43498294706731,44.262967297468066,19.395234520820594,5.539086536180334,65259.0,167976.97596328065, 0.0, 0.0,0.0,NaN, 126.28881162842502,126.28881162842502,0.0, 169.0101343403407, -9.454855260411016, -6.667169940515422, -9.454855260411016, 99.20136519364739, 24.36245003310627, -6.667169940515422, 24.36245003310627, 138.6451022389069, 6.640375053976766, 4.533109906575744, 15.0, 0.0
27, 0 ,1.0,1.0,1.0,41.02465546942291,174.3097760551249,187.02995262704565,11.819275750826145,13.292968261600981,7.1249360966895665,65.0,60.0,30.0,-0.19147397633679755,-0.9794093446617493,0.06399259312621836,13.379440115891807,0.9744918416610383,-0.1819266044398841,0.13140913641391555,11.810635281811242,-0.1170613810009635,0.08752168980439105,0.9892606263730153,6.975849431087826,63.89330193309411,64.10996266105501,33.684153285063815,18.24653297808917,5.850387434983684,46440.0,137976.9344118172, 0.0, 0.0,0.0,NaN, 50.11219503852694,50.11219503852694,6.743495761743046E-7, 139.69527927406696, 8.341500999502214, 10.034123691688775, 8.341500999502214, 176.703005203931, -10.340910820255695, 10.034123691688775, -10.340910820255695, 50.76471438190996, 7.4400307576939735, 4.887864465113278, 9.0, 0.0
28, 0 ,1.0,1.0,1.0,137.10698730423502,141.04899144348687,18.26434065424891,10.497169069505462,13.471738213864377,10.879904822307168,47.0,66.0,44.0,-0.1413343357103103,-0.9813273534618203,0.13046543947324057,13.582172264276677,0.5322030802965575,0.0358054104366424,0.845859240007651,11.06934109376586,-0.8347361780060708,0.18898306255081193,0.5172049063927511,10.151103499251619,66.85505236005199,52.675146255017935,56.702025107206985,19.419991569607298,5.737119953028722,64746.0,199681.8323928671, 0.0, 0.0,0.0,NaN, 88.11548442421564,88.11548442421564,0.0, 110.19055847378218, 11.665332781499497, 7.270208387979636, 11.665332781499497, 181.48773050289375, -9.835348725100024, 7.270208387979636, -9.835348725100024, 118.37232894246279, 7.486350395304848, 4.690693028763943, 8.0, 0.0
29, 0 ,1.0,1.0,1.0,182.48192208600625,94.50282710563174,79.76100150433143,10.117161043619685,9.651182755497878,14.599520507378509,37.0,50.0,75.0,0.10608301289180411,-0.021970916711665664,0.994114517143094,14.647584049276698,0.7893930882781504,0.6097963538952922,-0.07075986824954081,10.607873707052104,-0.6046527487363987,0.7922535488054674,0.0820327242669732,9.031587465253743,75.5398812507764,55.91307202400267,48.95997648356735,19.252860158890694,6.1624387145155834,57833.0,206790.62823348554, 0.0, 0.0,0.0,NaN, 124.89789728306734,124.89789728306734,0.0, 102.35694758253575, 14.59199256028455, 12.294920323565652, 14.59199256028455, 93.14532858001962, -4.240328596924837, 12.294920323565652, -4.240328596924837, 213.14599904536564, 7.347871011034073, 4.600961819005038, 12.0, 0.0
30, 0 ,1.0,1.0,1.0,59.1418747376207,11.381384563100973,107.33722487655679,11.772519266630969,7.266778386243156,14.101729398763569,57.0,29.0,69.0,-0.07719002259949348,0.12691834183182632,0.9889051698306313,14.206626952636432,0.9937675779592149,0.08980058247658568,0.06604435164298021,11.781055738311418,-0.08042202066701244,0.9878398604498231,-0.133059042151629,7.0452484947902585,71.00958871025055,58.99573350458668,31.721522239909582,18.80011265336402,6.067356446987351,50023.0,132889.79218512127, -7.105427357601002E-15, 0.0,1.4210854715202004E-14,32.19618376757536, 110.51555164605303,110.51555164605303,0.0, 138.59220988319737, 6.46551213952926, -5.765753452390281, 6.46551213952926, 52.80606811477069, 19.63051843761979, -5.765753452390281, 19.63051843761979, 198.8587720359527, 6.7953773503744594, 4.513421069347888, 12.0, 0.0
31, 0 ,1.0,1.0,1.0,54.384587959661815,151.20302791076705,19.055286747478863,12.105064861867117,13.570168828003403,12.434015484687219,57.0,69.0,50.0,-0.4876945034170322,0.872187224672734,-0.037993637026327784,14.228661439163124,-0.4141314095051985,-0.19281638979587812,0.8895600123023302,12.800218901702785,0.7685370823831811,0.4495678869133761,0.4552356181783119,10.908089114145062,73.07925818378273,63.679340116031625,53.84691667335426,21.028468369592186,6.564322998832275,78536.0,250584.10808533698, 0.0, 0.0,0.0,NaN, 75.51113722920756,75.51113722920756,0.0, 146.53259531000998, -31.922128132535637, -14.979281869726627, -31.922128132535637, 184.14948202051528, -10.460267230168926, -14.979281869726627, -10.460267230168926, 154.60474107344155, 7.462548087596259, 4.562807361100169, 12.0, 0.0
32, 0 ,1.0,1.0,1.0,90.70728486125746,74.72930101861608,100.51418335089568,11.673066380286349,12.755192165925692,10.642249955498327,56.0,56.0,53.0,0.13953669673574642,0.9828434119830086,0.12061649052129429,12.794373566742243,-0.9391822096499708,0.1699598641551894,-0.29841317272089035,11.77264233336002,-0.31379338320154965,-0.07164127370410704,0.9467846854279903,10.484359186378281,58.50500730188419,54.545836727286044,50.16414020040889,19.585682068211547,5.349200682960108,71175.0,160084.03375951588, 0.0, 0.0,0.0,NaN, 153.9795690082663,153.9795690082663,0.0, 136.26047871857145, 2.7978118359233903, 8.941152032772429, 2.7978118359233903, 162.69492718969212, 4.920516622714575, 8.941152032772429, 4.920516622714575, 113.25748411530414, 6.826174201245554, 4.444242729395031, 7.0, 0.0
33, 0 ,1.0,1.0,1.0,12.910045864772895,103.46954677713666,108.0938008581151,8.696607031570116,14.84505482639943,12.234528749150227,35.0,73.0,61.0,-0.05865192428776001,0.944533176169561,0.3231362419976822,15.170702361728146,-0.043373249924760396,-0.3257989300377476,0.9444436554804223,11.85606790351725,-0.9973358075233772,-0.04137796879137966,-0.06007620768983731,8.658739174567355,68.81361372886086,54.32385296558592,38.20540013641805,20.029525679465625,6.6714632150513085,60831.0,142820.21512924906, 0.0, 0.0,0.0,NaN, 133.90872684164296,133.90872684164296,0.0, 75.63097386155476, -7.669685522768138, -5.627898961128271, -7.669685522768138, 220.375652798805, 27.179098914857185, -5.627898961128271, 27.179098914857185, 149.6836937137834, 7.203480124030684, 4.543226108779668, 17.0, 0.0
34, 0 ,1.0,1.0,1.0,31.833878726398115,39.98897215223011,103.98062763833894,10.113251802276524,11.736024073601953,11.67997816085642,44.0,56.0,53.0,-0.20924555597619052,-0.7902374007654493,0.5759697455037736,11.98679053680473,-0.11790071847087918,-0.5643236740811222,-0.817091311577619,11.525962396333524,-0.9707294771913879,0.23887997258675794,-0.024912663620824393,9.995151643450491,58.65626187630645,58.98867774911972,47.295135292743225,18.7020736832565,5.163957092825059,61118.0,163643.7849427678, -3.552713678800501E-15, 0.0,0.0,77.9218564284497, 108.77607088549475,108.77607088549475,0.0, 102.27786201624936, 9.431150140082991, -2.10258332386436, 9.431150140082991, 137.73426105616457, -4.735676183313609, -2.10258332386436, -4.735676183313609, 136.4218898380829, 6.934585287950497, 4.4800313408426815, 10.0, 0.0
35, 0 ,1.0,1.0,1.0,22.170875399029352,177.45288209493654,100.78134489112662,12.936845332344989,12.763866208589832,11.329416720842001,51.0,58.0,59.0,0.7001508678090237,0.6879397129108353,0.19112224806764008,14.131382453523607,-0.6613243786979026,0.5239327423069857,0.5367909720538482,11.78854210833445,0.26914462366189795,-0.5022284668742295,0.8217832674221695,10.953001227543192,75.87586913451602,60.85577560103546,65.30419023904469,20.524371682127466,6.114253677445885,77062.0,301541.11008798366, 0.0, 0.0,0.0,NaN, 104.13578522005625,104.13578522005625,0.0, 167.36196715301634, 31.817970576598114, 3.923324731691922, 31.817970576598114, 162.91628059078138, 15.826672851725656, 3.923324731691922, 15.826672851725656, 128.3556832344943, 7.1923711155699435, 4.614600771423851, 10.0, 0.0
36, 0 ,1.0,1.0,1.0,132.75275696834717,42.370047917932105,32.341216170614835,11.783068927980425,11.032798591035728,15.489411395420598,64.0,51.0,65.0,0.4764522936082204,0.0395602382055511,0.878309853906118,16.81960230749447,0.2953772634795915,-0.9481242896038419,-0.11752703383697624,11.163576033669381,0.8280975088326096,0.31542878596654694,-0.46342118731117155,9.64161666146775,77.92910552980032,51.159171544067306,52.209004841685456,21.19839875403861,7.149343588975775,74085.0,208146.25895458192, 0.0, 0.0,0.0,NaN, 85.81006304228241,85.81006304228241,0.0, 138.84071336153778, -5.287761791013522, 78.38474801372938, -5.287761791013522, 121.72264475035995, 10.128022658872933, 78.38474801372938, 10.128022658872933, 239.92186537658546, 6.512243662318889, 4.250022517940795, 12.0, 0.0
37, 0 ,1.0,1.0,1.0,18.883692387196795,131.71871063596137,16.50802622654307,10.962344526707792,14.27017431913945,9.780520370172292,52.0,67.0,41.0,0.08652342942147176,-0.9941938074864018,-0.06397162899941003,14.303488804729344,0.92147743922596,0.10427138168697483,-0.37417483608422464,11.155800252365026,0.37867271509671074,-0.026573522852265167,0.9251490813509494,9.509352242636567,68.91351457874626,59.84150021383701,46.81995604741413,19.497755250237404,6.269528812764447,61922.0,193080.25946473653, 0.0, 0.0,0.0,NaN, 72.74230712100135,72.74230712100135,0.0, 120.17299752224027, -6.551174800552468, -12.36318586474024, -6.551174800552468, 203.63787509862706, 5.93325152310867, -12.36318586474024, 5.93325152310867, 95.65857871135516, 6.937876670762383, 4.419964506520045, 8.0, 0.0
38, 0 ,1.0,1.0,1.0,98.35726426831619,134.6434191389069,16.388525767956963,10.659963269220864,12.93977724333418,10.796185361281921,50.0,59.0,44.0,-0.04703830777578933,-0.9364156245726768,0.3477257190053021,13.289289297364144,-0.7523658294146359,-0.19577144119669318,-0.6289826718924755,11.518191484354695,0.6570639666964075,-0.2912032294943412,-0.695318360753726,9.399804533292542,66.45136390893441,63.37373577953251,46.468340640691636,19.010243830015856,6.020041518689228,57067.0,195690.78365539145, 0.0, 0.0,0.0,NaN, 119.22339482268983,119.22339482268983,NaN, 113.63481690113795, 10.413986552578109, 19.526306563213193, 10.413986552578109, 167.43783510710912, -23.278740588217776, 19.526306563213193, -23.278740588217776, 116.55761835515806, 7.082076202308715, 4.516473774764413, 7.0, 0.0
39, 0 ,1.0,1.0,1.0,145.82462662017238,103.29622014606224,82.85548391341536,9.573492371387538,12.886483520343111,11.093071055254178,46.0,62.0,50.0,-0.10413733561563257,0.9601711786363238,0.2592811660090439,13.054955136684407,0.07021271707773687,-0.2529506315879715,0.9649280555252854,10.940489937388575,-0.9920814430738225,-0.11868987191575503,0.041074622495926534,9.520675682485189,64.79531422709286,49.77759455888329,47.146708084948784,18.78564507310495,5.2791077209438875,60796.0,152064.8650407073, 0.0, 0.0,0.0,NaN, 138.38939024870666,138.38939024870666,0.0, 91.65175618501539, -8.493991394214893, -0.18614432717869528, -8.493991394214893, 166.06145752007458, 12.772955296455253, -0.18614432717869528, 12.772955296455253, 123.05622543691804, 7.505142029466261, 4.503849752865702, 12.0, 0.0
40, 0 ,1.0,1.0,1.0,29.388247507786215,146.5129520069044,126.95894882987905,15.433435511444785,11.296966701556515,10.982379361696806,66.0,65.0,57.0,-0.9716727713207604,-0.23494536685484027,0.025547995367108618,15.656172432423801,-0.18899879939454184,0.7076135534268222,-0.680854252269961,11.061689368375959,0.14188544428959224,-0.6663960786199981,-0.7319732147412463,10.906343927732923,71.1226545135303,50.738543330414316,64.01758696354568,21.103985886888943,6.406779571066019,79949.0,231017.69818966172, 0.0, 0.0,0.0,NaN, 95.18155572709892,95.18155572709892,0.0, 238.19093168592494, 28.346357924497756, -2.6928763546691457, 28.346357924497756, 127.6214566560767, -2.4014495680163517, -2.6928763546691457, -2.4014495680163517, 120.61265644422394, 7.1906269982036495, 4.470049242038499, 12.0, 0.0
41, 0 ,1.0,1.0,1.0,124.93313680825405,73.6919469382286,166.18953503952835,10.45412562095137,9.843593179309403,13.377662933474092,49.0,45.0,64.0,-0.07390937893810827,-0.003598546383608753,0.997258469088585,13.391864767958603,0.8613056919956908,0.5038277206336145,0.06565160208982022,10.72867751350056,0.5026827116987479,-0.8637966649536574,0.03413814544072044,9.523674269316526,64.40861996040707,52.90149082945331,48.143389429410334,18.845792545672467,5.475676950433858,59704.0,164039.5493984233, 0.0, 0.0,0.0,NaN, 110.49291621564835,110.49291621564835,0.0, 109.28874249863186, 10.61374869652631, -5.153530351772146, 10.61374869652631, 96.8963266797466, 0.4891117587936502, -5.153530351772146, 0.4891117587936502, 178.96186556164665, 7.267991280422547, 4.551208680121989, 14.0, 0.0
42, 0 ,1.0,1.0,1.0,179.47689813112234,83.24358931496774,20.476613954732372,11.450483095669803,10.890395879774548,11.149506887905053,50.0,53.0,45.0,0.8807594824647992,0.4716100638010357,0.042973035381764696,11.669074334021243,0.03647262590403219,0.022920493368338096,-0.9990717684648169,11.148527493178102,-0.4721572636399906,0.8815092731817036,0.0029865844473433894,10.656867659252004,63.39347434883791,45.866862274241065,56.38449192334978,18.60719699063835,5.272381770837548,59822.0,163946.91808688434, 0.0, 0.0,0.0,NaN, 88.14751608190943,88.14751608190943,9.5367431640625E-7, 131.1135631242199, 9.395801551825182, 0.46467320526629674, 9.395801551825182, 118.60072241821044, 0.21249342134395147, 0.46467320526629674, 0.21249342134395147, 124.31150384344221, 6.995586415531762, 4.407909790787486, 8.0, 0.0
43, 0 ,1.0,1.0,1.0,149.9154781945812,112.92686529238001,130.2676523838262,12.183717495083505,11.31934469460191,10.51639269728271,60.0,56.0,52.0,0.8979146927708085,-0.42624730613305395,0.1098291332963125,12.426843418354416,0.4400678031303266,0.8639496740517741,-0.24480867908201523,11.115329315564134,0.009462196063962147,0.2681495752749712,0.9633308217458317,10.449309476752012,63.49782636775933,61.30992997266824,49.10666864349602,18.94837225482951,5.303229258769143,62966.0,191174.583186454, 0.0, 0.0,0.0,NaN, 122.28160293499472,122.28160293499472,0.0, 148.44297200000386, -11.853686480226672, 2.913976526803711, -11.853686480226672, 128.1275643152124, -5.155503935020078, 2.913976526803711, -5.155503935020078, 110.59451536346111, 6.42576416201779, 4.326049565739734, 16.0, 0.0
44, 0 ,1.0,1.0,1.0,9.90816822785613,167.92074937094284,161.73588057429217,6.53975895771655,15.62803263862467,11.54117756614704,27.0,67.0,66.0,0.043626144333546724,0.9853504184065556,0.16486756041324202,15.742636037940214,0.004627434495075862,0.16482360677553426,-0.9863122048821551,11.401600806399603,-0.9990372097077178,0.04379191244430285,0.002630973942893277,6.509649807842293,71.62397508728947,65.63735068749958,28.05658224808637,19.311483120576337,6.875263680455685,47293.0,131899.82808792914, 0.0, 0.0,0.0,NaN, 50.90572614135067,50.90572614135067,0.0, 42.76844722503385, 8.898733734759979, 1.0778324346975048, 8.898733734759979, 244.235404153918, 19.132325722463083, 1.0778324346975048, 19.132325722463083, 133.1987796133357, 7.829142407392908, 4.793354321056778, 6.0, 0.0
45, 0 ,1.0,1.0,1.0,117.93726292081556,178.46420104314842,31.4670015410147,10.667881886093646,10.813996979284783,13.930541576930988,58.0,46.0,61.0,0.14755043470944504,0.1379633613801354,0.9793850009744628,14.051279226693923,-0.2632537678864296,-0.9490248287607043,0.17334742019803806,10.756993528714206,-0.9533762756176869,0.283404278923963,0.10370965132010071,10.566686592631996,64.78586265576159,52.35890704781946,57.969466157380865,19.73030226301865,5.959982872467564,67488.0,196639.20936131055, 0.0, 0.0,-3.552713678800501E-15,11.654085692197338, 90.48898076351344,90.48898076351344,0.0, 113.80370393564493, 2.760097013049516, 12.211286221619444, 2.760097013049516, 116.9425306679804, 10.92342010021183, 12.211286221619444, 10.92342010021183, 194.05998862660292, 6.228436975503202, 4.178415956695785, 9.0, 0.0
46, 0 ,1.0,1.0,1.0,16.00086661002549,150.05556499575192,60.6896686491079,10.280409193350437,10.257359752821152,13.466933239768654,40.0,49.0,66.0,-0.10185693467794193,0.06986444930124111,0.9923427450139634,13.506482793898666,0.7019368693091043,-0.7018065707735727,0.121458506180391,10.63178647174365,-0.7049182905575276,-0.708933350846801,-0.02244343321731637,9.838626536426373,65.39535932888114,53.05818740938474,52.54497518471189,18.94313844535694,5.780660775880912,58850.0,182318.41268855013, 0.0, 0.0,7.105427357601002E-15,7.0949885684889455, 80.21041204796232,80.21041204796232,0.0, 105.68681318272418, -8.607728696937604, -7.270623162295738, -8.607728696937604, 105.2134290987952, 4.552451716523665, -7.270623162295738, 4.552451716523665, 181.35829088438584, 6.978254629996943, 4.396445670833885, 10.0, 0.0
47, 0 ,1.0,1.0,1.0,121.0307238987568,152.84300352596466,110.45423695144763,12.119741286938297,12.343243482861691,9.293920559226779,65.0,56.0,44.0,-0.4817865030965375,-0.8759576178341052,0.02408354609292412,12.450770943985733,0.8718604034397444,-0.4764112761694019,0.11354176699579731,12.042794562061289,-0.08798410281349901,0.07570038108914351,0.9932412848623753,9.25041350087282,58.5098646187941,61.7834525151246,44.045416614495,18.8717752508011,5.429258400923807,60409.0,159221.60186494072, 0.0, 0.0,0.0,NaN, 128.36811350313616,128.36811350313616,0.0, 146.88812886231676, 4.613226265222228, 5.08011945601009, 4.613226265222228, 152.3556596772076, -4.681438473612775, 5.08011945601009, -4.681438473612775, 86.3769593612182, 6.656897892287867, 4.419931380342539, 14.0, 0.0
48, 0 ,1.0,1.0,1.0,112.55036481348269,30.035967526461825,65.03896824581236,9.423150901467318,12.989661000811932,9.715316923538593,44.0,56.0,52.0,-0.2509741771768075,0.9679935952951515,6.015463336181658E-4,13.209558235930302,0.1038216085026715,0.026300232321038515,0.9942481437688369,9.722172070254182,-0.9624100144940012,-0.2495930632998974,0.10709933125015805,9.105020054924077,58.22563435669188,53.856236342996056,43.203403125643334,17.96480517906284,5.401872233859943,48655.0,135477.81585324643, 0.0, 0.0,0.0,NaN, 113.04718231776245,113.04718231776245,0.0, 88.79577291182434, -22.219528073653176, 1.1855617781037817, -22.219528073653176, 168.73129291601444, 0.35716381810360953, 1.1855617781037817, 0.35716381810360953, 94.3873829247954, 6.524671554525615, 4.197664705838883, 8.0, 0.0
49, 0 ,1.0,1.0,1.0,142.07327993945893,37.322160560005045,127.574620041622,12.63704679405012,9.77024401344158,11.999709524967283,59.0,45.0,63.0,-0.9881986589348334,0.13596183102780202,-0.0705534618779549,12.69606949621243,0.046457087825125504,-0.1728791532526694,-0.9838468058399377,12.055759590054135,-0.14596283592135773,-0.9755138025031764,0.1645225566771541,9.623623459745076,57.49116695475742,62.98611579765479,44.71821896590371,19.217716279992533,5.461229662125569,63428.0,161931.16839495077, 0.0, 0.0,0.0,NaN, 99.96941646300887,99.96941646300887,0.0, 159.6949516750124, -9.637169740223639, 2.3711951511403733, -9.637169740223639, 95.45766808219102, 8.310371035969709, 2.3711951511403733, 8.310371035969709, 143.99302868359052, 6.827904008791258, 4.550077064829043, 11.0, 0.0
