// Sample: .//bubblelabels.tif, Map: .//bubblelabels.tif, Thickness:(8.191250068658265):/afs/psi.ch/project/tipl/test/LabelValidation/SmallStep0500//distmap.tif, Neighbors:(1.0):
//LACUNA_NUMBER, TRIANGLES, SCALE_X, SCALE_Y, SCALE_Z, POS_X, POS_Y, POS_Z , STD_X, STD_Y, STD_Z,PROJ_X, PROJ_Y, PROJ_Z, PCA1_X, PCA1_Y, PCA1_Z, PCA1_S, PCA2_X, PCA2_Y, PCA2_Z, PCA2_S, PCA3_X, PCA3_Y, PCA3_Z, PCA3_S,PROJ_PCA1, PROJ_PCA2, PROJ_PCA3,OBJ_RADIUS, OBJ_RADIUS_STD, VOLUME, VOLUME_BOX, Mask_Grad_X,Mask_Grad_Y,Mask_Grad_Z,Mask_Angle, Mask_Distance_Mean,Mask_Distance_COV, Mask_Distance_STD, SHAPET_XX, SHAPET_XY, SHAPET_XZ, SHAPET_YX, SHAPET_YY, SHAPET_YZ, SHAPET_ZX, SHAPET_ZY, SHAPET_ZZ, Thickness, Thickness_STD, Neighbors, Neighbors_STD
1, 0 ,0.3333333432674408,0.3333333432674408,0.3333333432674408,163.46488141881628,15.443460043818266,155.33883193935807,16.121784198977142,10.205806143668987,19.478986068247732,91.0,43.0,91.0,-0.12820652439290114,-0.07240560254102069,0.9891008623106969,19.567790193426955,0.9914574622836567,0.014760723297472626,0.1295925211182601,16.06074218441026,-0.023983068718237084,0.9972660376090263,0.06989465391894509,10.131902609059107,91.39585867812175,86.7448996980352,46.36140745336021,25.839104822138548,8.70872924358507,125062.0,367559.0146364613, 0.0, 1.7763568394002505E-15,0.0,85.84783115084439, 199.51739926325274,199.51739926325274,NaN, 259.91192575838903, 4.87409985856977, -15.584616831030475, 4.87409985856977, 104.15847904215164, -19.772949571866715, -15.584616831030475, -19.772949571866715, 379.4308982469892, 3.5251788737504386, 4.526504589546982, 27.0, 0.0
2, 0 ,0.3333333432674408,0.3333333432674408,0.3333333432674408,228.67226600737933,269.6407281443739,217.55570894304861,16.00569580707889,16.517287327677444,15.038256064227996,91.0,72.0,74.0,0.6133510662181664,0.7613847564835446,0.20998505223832364,17.84649461431694,-0.5650289531605726,0.23723174236082267,0.7902299554602545,15.164012403608986,-0.5518539223918826,0.6033360199846693,-0.5757107740261188,14.377328757159159,96.34205411491735,84.52365157456033,80.88964578936957,26.286901804649244,8.009433057322,159364.0,658699.1248876792, 0.0, 0.0,0.0,NaN, 113.16533105156005,113.16533105156005,0.0, 256.1822982687427, 49.090287582216995, 4.021329298878109, 49.090287582216995, 272.82078066505386, 22.229575785838215, 4.021329298878109, 22.229575785838215, 226.1491454532901, 3.428929064051916, 3.9994456937056277, 28.0, 0.0
3, 0 ,0.3333333432674408,0.3333333432674408,0.3333333432674408,124.31720644273913,154.05014693834602,206.84566588249442,15.097107826574492,15.11929115882549,14.355902717780772,76.0,72.0,74.0,0.6505837805105241,0.5045521431486385,-0.5675983433562418,16.175461633022955,0.5701924953921984,-0.8181935533174366,-0.07375518631394544,14.886686149381015,0.5016186427307623,0.2756563878343887,0.8199953006640008,13.392109212643492,81.9012895953678,76.60147684663556,74.87476637262375,24.68961750749876,7.282194727439128,133049.0,469746.29470932897, 0.0, 0.0,0.0,NaN, 213.1521930248921,213.1521930248921,0.0, 227.92266472721678, 7.296541865132777, -32.16725779904325, 7.296541865132777, 228.5929651453386, -21.01793536793198, -32.16725779904325, -21.01793536793198, 206.09194284238538, 3.354301501507967, 4.050547015310826, 37.0, 0.0
4, 0 ,0.3333333432674408,0.3333333432674408,0.3333333432674408,119.8366930947307,31.122718428611137,269.94305171341216,15.98123888458111,15.133203706773882,15.162583949720963,79.0,66.0,64.0,0.8021335250753223,-0.018738289215236775,-0.5968506383237959,16.992405930003834,-0.2815835530159933,0.8695357924476389,-0.40573169499479067,15.633104815149947,-0.5265857106123619,-0.4935143181000351,-0.6922074163205206,13.46038548101814,88.3043280678966,80.30200364990513,77.5276811481668,25.65450449808815,7.494277930965958,151102.0,549749.9092201558, 0.0, -3.552713678800501E-15,0.0,88.9263122735904, 127.40830724316959,127.40830724316959,1.9073486328125E-6, 255.3999962860473, -17.093955077070962, -44.27291006022328, -17.093955077070962, 229.0138544307148, -21.09813243982106, -44.27291006022328, -21.09813243982106, 229.90395203233575, 3.3252117284452622, 3.98760854071678, 27.0, 0.0
5, 0 ,0.3333333432674408,0.3333333432674408,0.3333333432674408,198.14567570531196,127.21542365712675,69.34316305590802,15.206856127419625,13.466750194737918,14.969715813484774,75.0,71.0,81.0,-0.7932463851388307,-0.13859357672905007,0.5929182008958965,15.898385717328278,0.45259314054334265,0.517200043181779,0.7264045460112978,14.778257408641034,-0.4073323232905683,0.8445684909006579,-0.347540562496658,12.866183007054119,80.59608630907226,80.15543092025925,69.07135553054002,24.22326209224485,7.065960602384372,127674.0,446215.7399721286, 0.0, 0.0,0.0,NaN, 177.10601812583323,177.10601812583323,0.0, 231.2484732800398, 21.961983923125388, -23.644230537751213, 21.961983923125388, 181.35336080747376, 12.691375247194504, -23.644230537751213, 12.691375247194504, 224.09239153649608, 3.2150917366073046, 4.108662894174152, 34.0, 0.0
6, 0 ,0.3333333432674408,0.3333333432674408,0.3333333432674408,112.68404158816551,111.34779305158204,168.07046883601205,13.911532277057434,14.661024784633653,16.01537992613709,71.0,81.0,75.0,0.24084599873250645,-0.3669047332952039,0.8985399944243536,16.42904093718321,-0.09408420369844157,-0.930258110205935,-0.35463785896392,14.366448929767044,-0.9659924262171893,-8.746894639057116E-4,0.25856888329683075,13.735375176620456,90.47531263469438,80.32935150838793,70.77329076053027,24.671464918885917,7.502505645845071,128979.0,514367.7639255824, 0.0, 1.4210854715202004E-14,0.0,68.47514965308801, 206.1587384498921,206.1587384498921,0.0, 193.5307302956108, -5.6279606568660805, 18.17563127334811, -5.6279606568660805, 214.94564773564224, -20.936688073607936, 18.17563127334811, -20.936688073607936, 256.49239417851487, 3.9127032309134004, 4.4708594666331285, 37.0, 0.0
7, 0 ,0.3333333432674408,0.3333333432674408,0.3333333432674408,14.269224433941943,280.97968906402446,73.42536396234304,10.168436580051061,11.382235881430589,19.16562284735894,46.0,48.0,95.0,-0.13974507397645344,-0.15020569891373567,0.9787285437306666,19.42114718261069,-0.537719549502816,-0.8184722402755569,-0.20238793931654975,12.02940758010919,-0.8314619656856255,0.5545641891721345,-0.033608923012331725,8.853580668477463,92.34325003415475,64.74997819918087,47.602671943606154,23.057328121234505,8.284510557662566,78923.0,284627.0112517285, 0.0, 0.0,0.0,NaN, 77.1794471802561,77.1794471802561,0.0, 103.39710248252054, 35.46018989100304, -33.64939413696715, 35.46018989100304, 129.55529366052596, -32.940082632038305, -33.64939413696715, -32.940082632038305, 367.32109912720694, 6.0499364611496755, 5.525353857019073, 13.0, 0.0
8, 0 ,0.3333333432674408,0.3333333432674408,0.3333333432674408,270.41012724711726,107.94590206985461,105.41954146473448,15.898611273077359,15.87074621442048,13.659475700123055,68.0,79.0,71.0,0.7095824288132706,0.6960751944379989,0.10941709376309457,18.63906337234323,0.1902664877185555,-0.33879794184841927,0.92141989247602,13.770102514605947,-0.6784478169842574,0.6330049591333211,0.37284484888746694,12.41762036608596,93.43221398718967,71.68087915870478,69.96797166674598,25.052367796113074,7.975372720160231,125661.0,468596.7233641342, 0.0, 0.0,0.0,NaN, 153.75681469723972,153.75681469723972,0.0, 252.76584041242248, 93.15132017910099, 21.210877611445728, 93.15132017910099, 251.880585402542, 3.6591706486283813, 21.210877611445728, 3.6591706486283813, 186.58127640225223, 2.8275435158687587, 3.6951130872827833, 34.0, 0.0
9, 0 ,0.3333333432674408,0.3333333432674408,0.3333333432674408,25.04388769714386,88.5910065973206,219.79711552731345,15.123881547379147,17.78656552444734,13.601124338818886,64.0,92.0,65.0,-0.2616776332963137,-0.962772803720967,-0.06777421816375746,18.026441448640504,0.8722562960038116,-0.20584730097589357,-0.4436167746632797,15.254629920680584,0.4131510260354574,-0.17520107618450448,0.8936502742066609,13.131182893267383,98.37388033190265,76.51532109210558,70.46688970614952,25.853213105141315,7.854658594401493,148242.0,530411.9625751878, 0.0, 0.0,0.0,NaN, 122.09858901171938,122.09858901171938,1.3486991523486091E-6, 228.73179305915548, 27.603849860888754, -20.61853613429915, 27.603849860888754, 316.36191315545864, 15.456632495656587, -20.61853613429915, 15.456632495656587, 184.99058328001146, 3.438323060098931, 4.037600230320998, 28.0, 0.0
10, 0 ,0.3333333432674408,0.3333333432674408,0.3333333432674408,97.67774929757974,257.7378781157063,50.01907625573027,12.583841078029032,13.951759947011613,17.401440708090988,76.0,76.0,77.0,-0.07807672566721444,0.34235435890820537,0.9363212685001012,17.930098987915752,-0.47383839585489745,-0.8390689707018888,0.2672834394775153,13.603652193111985,-0.8771437735757713,0.42279635209143507,-0.2277323980803592,12.217487381033651,83.2082306109048,61.94804388233146,68.07556878469842,24.457454251214017,7.592610365572445,121722.0,350901.4501297485, 0.0, 0.0,0.0,NaN, 117.59650353424756,117.59650353424756,0.0, 158.35305627709087, 9.626971862839746, -17.12330337875542, 9.626971862839746, 194.6516056190375, 47.17909373010077, -17.12330337875542, 47.17909373010077, 302.81013871720614, 3.7865270314425157, 4.0936218596839655, 25.0, 0.0
11, 0 ,0.3333333432674408,0.3333333432674408,0.3333333432674408,227.1178391564369,96.8110835694051,133.01871852376456,13.552804596184785,12.415076514966279,14.24778661341633,69.0,58.0,77.0,0.43472037694357163,0.44135408863068537,0.7849998486108242,15.363791397418202,-0.8987508419364381,0.15731279857515423,0.40926715910636796,13.100798047252562,0.0571412109478195,-0.8834360485362998,0.46505443784355666,11.538416923391278,75.74643978799094,60.84935248160275,58.415902717597376,22.351762396426935,6.419562169644388,101664.0,269246.0114935182, 0.0, 0.0,0.0,NaN, 179.93936408916713,179.93936408916713,0.0, 183.67851242236742, 14.302351066636527, 20.95904894638523, 14.302351066636527, 154.13412487246725, 38.13332652627707, 20.95904894638523, 38.13332652627707, 202.9994233814456, 3.501322880370597, 3.9701312199319667, 26.0, 0.0
12, 0 ,0.3333333432674408,0.3333333432674408,0.3333333432674408,256.5183406072727,36.21861069315813,265.4443520275133,13.797044137343645,13.685900496580794,14.933447489802134,82.0,70.0,67.0,0.3994451686456977,0.291179315091444,0.8692860080022501,15.580808865441563,0.6744885603897008,-0.7355448284265245,-0.06355302729550653,14.020491978720163,0.6208935006496998,0.6117094178103459,-0.4902069450885912,12.701746062412747,79.90701617965789,74.44646234114529,72.77553852585271,23.400255580065572,7.286850626194339,107003.0,432926.73574807966, 0.0, 0.0,0.0,NaN, 66.3063742854797,66.3063742854797,0.0, 190.35842692780864, -8.012252212417563, 26.763571667579548, -8.012252212417563, 187.30387240231042, 22.258036852914472, 26.763571667579548, 22.258036852914472, 223.00785393067767, 3.3154725475513396, 3.70508318481947, 18.0, 0.0
13, 0 ,0.3333333432674408,0.3333333432674408,0.3333333432674408,52.38731467672603,66.97326833180855,281.65611018510396,14.411261100412474,13.496439267934814,10.107990129485136,71.0,65.0,42.0,-0.8847816246189064,-0.4488674529191032,0.12521775611567768,14.879290117761428,0.41517288106728883,-0.8813132831591632,-0.2256510043263791,13.20557563329761,0.21164346331275066,-0.14766484563745463,0.9661273921175462,9.80965247395784,73.43349579464928,73.52564938988816,46.69464310992504,21.19026356927352,6.556105073885777,79793.0,252115.8400637203, 0.0, 0.0,0.0,NaN, 86.98475558179027,86.98475558179027,NaN, 207.68444650426179, 21.11105162364458, -21.189127934413406, 21.11105162364458, 182.15387291305282, 8.508221059802473, -21.189127934413406, 8.508221059802473, 102.17146445776895, 3.898368699455417, 4.028417711863413, 16.0, 0.0
14, 0 ,0.3333333432674408,0.3333333432674408,0.3333333432674408,88.19859777212945,286.29733371999794,173.9197557189403,10.970713757902786,8.443565217176435,15.584152463393357,55.0,35.0,68.0,0.1926988486587364,0.039327255940840716,0.9804695409168821,15.75667552132257,-0.9483466320270006,0.2640745753677508,0.17579329955202416,10.900107246453338,0.2520036095944716,0.9637001533591795,-0.08818273735177046,8.21163811114493,71.68209884747512,54.69002208050328,38.638047515021356,19.794201784209196,6.534962713194756,58621.0,151472.56645810598, 0.0, 0.0,0.0,NaN, 154.47648270893103,154.47648270893103,0.0, 120.35656035783745, -11.49716925962063, 25.6014773531686, -11.49716925962063, 71.29379357671174, 9.35836403027708, 25.6014773531686, 9.35836403027708, 242.86580800228924, 4.102878074833307, 4.172974022107222, 14.0, 0.0
15, 0 ,0.3333333432674408,0.3333333432674408,0.3333333432674408,177.78379829173178,272.19364056900173,284.34465337311923,11.693073889185854,15.458312988362872,8.57704894425929,58.0,67.0,36.0,0.06832623033962121,-0.9974762155559562,0.0193061038986221,15.475080762886932,0.9868122150966036,0.07041674478698205,0.14575024593371666,11.733040302286417,-0.14674187672137384,0.009092934277360885,0.9891330245030323,8.491809386898478,67.43694433005075,58.69752769129991,39.56830969701912,20.166347789298296,6.524691782564704,63339.0,156626.48120434608, 0.0, 0.0,0.0,NaN, 126.31343342182475,126.31343342182475,0.0, 136.72797697796, -6.851533589859158, 9.649200070910785, -6.851533589859158, 238.95944044618827, -2.5502640335544022, 9.649200070910785, -2.5502640335544022, 73.56576859221941, 3.5152930808279246, 4.110535619387433, 16.0, 0.0
16, 0 ,0.3333333432674408,0.3333333432674408,0.3333333432674408,201.6865234375,193.04250266335228,13.194591175426137,18.239441105696528,15.734008673202327,8.51078811478843,95.0,84.0,37.0,-0.9572856035514583,0.28851094953231476,0.019123421061156977,18.476826819829746,-0.2871695010340413,-0.9563828382170232,0.05353078030265944,15.473262550443026,0.03373352796521452,0.04575258204641554,0.9983830679288919,8.476719402367873,96.39332223708273,85.87992489096132,38.828449314042494,23.982702340773994,8.803393865169772,90112.0,321431.6599901912, 0.0, 0.0,0.0,NaN, 145.87509433282597,145.87509433282597,0.0, 332.67721184817225, -28.42180158875224, -7.510233803228877, -28.42180158875224, 247.55902892840604, -7.091622472055673, -7.510233803228877, -7.091622472055673, 72.433514334824, 3.4152483330713452, 4.011088048633071, 28.0, 0.0
17, 0 ,0.3333333432674408,0.3333333432674408,0.3333333432674408,73.87322692005333,29.59818163174625,27.95336158867963,13.27281731522819,15.783585406466237,14.102485325293245,64.0,63.0,68.0,0.0915304918041754,0.9030199840478492,0.41973453215134476,16.28772828625942,-0.6023734297914848,-0.2854309591013169,0.7454363947834486,13.944493287706623,-0.7929491914059369,0.3210670895571905,-0.5178296088984735,12.823039980396086,78.20830858959701,71.79913404554087,71.298101759006,23.906117461712434,7.25719560323417,117028.0,400359.43454298057, 0.0, 0.0,-3.552713678800501E-15,65.18217146805247, 84.34865995138868,84.34865995138868,0.0, 176.16767948342127, 13.497715270607038, -9.604376110591941, 13.497715270607038, 249.12156828321397, 31.841669304321318, -9.604376110591941, 31.841669304321318, 198.8800923501113, 3.096223263916795, 3.4949222788533394, 18.0, 0.0
18, 0 ,0.3333333432674408,0.3333333432674408,0.3333333432674408,81.24867857142857,9.504821428571429,267.3635178571429,14.46929686699578,6.240067390625147,15.829591901486037,65.0,26.0,66.0,0.47333282368703544,0.03509829681371446,0.8801841554931753,16.382830087300427,-0.8784311051319528,0.09331781158159896,0.468668944542176,13.898977787667972,0.06568737745650957,0.9950175353240757,-0.07500181891453347,6.107067006423451,73.02715048559699,65.55072320698747,27.04254169668443,21.051597834072563,7.463591713431618,56000.0,129452.1746168056, 0.0, 0.0,0.0,NaN, 88.07286396304697,88.07286396304697,0.0, 209.36055182525388, -8.939109700255111, 32.10429732716854, -8.939109700255111, 38.93844103954333, 13.957059824617154, 32.10429732716854, 13.957059824617154, 250.57597976759232, 3.5769374686559394, 3.9713382391917995, 12.0, 0.0
19, 0 ,0.3333333432674408,0.3333333432674408,0.3333333432674408,263.2344254977234,271.4223640746362,53.62324792429247,15.124538050432502,15.472729848573149,13.342106730293358,76.0,71.0,81.0,0.7833918605385464,0.3037777167469619,0.5422326914249604,16.292079380213817,0.33864404654069885,-0.9401686343963409,0.03745862570704156,15.470197695502153,-0.5211692648118219,-0.15427909030494652,0.8393929709678197,11.891592195300763,89.05728275684442,77.88976795227622,76.54005597023757,24.20981750003501,7.749423773645381,112010.0,530931.6625514459, 0.0, 0.0,0.0,NaN, 71.0200074733538,71.0200074733538,0.0, 228.75165123898057, -1.6607216844192767, 53.92419209002755, -1.6607216844192767, 239.40536896692643, 16.980276439153833, 53.92419209002755, 16.980276439153833, 178.0118120025393, 2.964108237981232, 3.5541562965588556, 28.0, 0.0
20, 0 ,0.3333333432674408,0.3333333432674408,0.3333333432674408,164.63281231609426,102.03109625479627,211.26658976954403,14.722934853139368,11.091387523144407,13.086990385956163,66.0,52.0,64.0,0.8835224109084454,0.08805511806392458,0.46003743935170816,15.350775487355186,0.4278017953096239,0.24821538284095646,-0.869122976138003,12.468956427453778,0.190719095405759,-0.9646944697176749,-0.18163371587825689,10.951338858218781,73.20568539109041,69.75263428640064,57.22570323386515,21.635611402377705,6.553878583386004,84962.0,292211.0018746969, 0.0, 0.0,0.0,NaN, 191.33279435457908,191.33279435457908,0.0, 216.76481068978595, 12.776642615061828, 33.81719828912283, 12.776642615061828, 123.01887718856342, -2.980253880218556, 33.81719828912283, -2.980253880218556, 171.26931736210906, 3.242700267738787, 3.7552903705075176, 25.0, 0.0
21, 0 ,0.3333333432674408,0.3333333432674408,0.3333333432674408,146.07170052605574,285.56173162437875,23.738454384282267,13.553995312547109,9.138891141693735,14.133816447550245,69.0,37.0,60.0,-0.5754806444670889,0.02005454719170586,0.8175694728771862,14.712104578836827,0.8070439262158343,0.17564456013027802,0.5637633276959163,13.032018612260519,0.13229561217922597,-0.9842493604943705,0.1172649451649857,8.984172602771112,79.0192709793032,65.83166269313381,43.026046165355126,20.571130107151635,6.619931549491873,68814.0,223820.2010853931, 0.0, 0.0,0.0,NaN, 148.690683987985,148.690683987985,0.0, 183.710788932549, 11.066286165101905, -23.313519544453843, 11.066286165101905, 83.51933129972822, 11.050092216345138, -23.313519544453843, 11.050092216345138, 199.76476737304185, 3.7167722794929197, 3.944993933610093, 12.0, 0.0
22, 0 ,0.3333333432674408,0.3333333432674408,0.3333333432674408,181.9443571204024,283.16173576909193,119.63040972440533,13.661270288601067,10.316677258929998,15.78462880319877,67.0,40.0,84.0,-0.4740764274444604,0.06303651899416349,0.8782243097378915,16.52522927922806,-0.8122581752485947,0.3536635471818301,-0.46385208001753037,13.153903955176837,0.3398355450557243,0.9332462122440491,0.11646162307307471,9.803583529752611,81.93091660691523,68.06210213284857,47.62716745736492,22.113963685469532,7.2932333114771035,85887.0,265587.6800522583, 0.0, 0.0,1.4210854715202004E-14,28.571100747408444, 168.91446619178018,168.91446619178018,0.0, 186.6303058982143, -27.383737524416116, -44.702821986180496, -27.383737524416116, 106.43382966492337, -2.820450376444879, -44.702821986180496, -2.820450376444879, 249.15450645477222, 3.5685655543957595, 3.889174715941976, 22.0, 0.0
23, 0 ,0.3333333432674408,0.3333333432674408,0.3333333432674408,103.54843501419518,35.08331648662664,163.92175510455212,13.448101943279928,12.382598686678293,17.09152220696238,68.0,72.0,83.0,-0.3391139509478932,-0.2163278117156182,0.9155348197369898,17.817211194935865,-0.9219043771030648,-0.11737846904702327,-0.3692080910305019,12.800341805359905,-0.18733405390029906,0.9692391721770792,0.159628880115005,12.041534884069913,88.36495639849308,64.33139612378565,70.38813205742942,23.885867648373612,7.46764046721592,113771.0,400131.2623596054, 0.0, 0.0,0.0,NaN, 174.557744667532,174.557744667532,0.0, 180.8514458768494, 14.691031849069146, -47.125918129432634, 14.691031849069146, 153.328750235327, -33.338665535470625, -47.125918129432634, -33.338665535470625, 292.1201313510883, 3.151348666763439, 3.607648482686486, 26.0, 0.0
24, 0 ,0.3333333432674408,0.3333333432674408,0.3333333432674408,256.12844489345207,10.462138477081032,25.466461480628716,13.887367663150059,6.7504891023832565,11.46061500751227,69.0,29.0,46.0,-0.9891035716866687,-0.014957507567610495,-0.14645954200406158,13.939350609986896,0.14458823052682251,0.08861554295882491,-0.9855158695522028,11.42829540709465,0.0277194529130178,-0.9959535925501133,-0.08548727049523484,6.697936155514897,68.50294565540946,52.45580538807026,30.88356759352525,18.171858808966594,6.289461623249204,42563.0,110976.30720698579, 0.0, 0.0,0.0,NaN, 51.794887289430775,51.794887289430775,0.0, 192.85898061150593, 3.309552638343128, 9.430934264158939, 3.309552638343128, 45.56910312139511, -7.160780427224916, 9.430934264158939, -7.160780427224916, 131.3456963504155, 4.853793963094298, 4.096022624094012, 12.0, 0.0
25, 0 ,0.3333333432674408,0.3333333432674408,0.3333333432674408,150.53993493882308,95.58322004272674,158.25617838415226,11.891205358673625,12.665600209545497,13.55899993934935,55.0,64.0,66.0,0.2849424614401833,0.5472219085884222,0.7869917257692445,13.750364071771541,-0.534860409789558,-0.5905579868592026,0.604289339800523,13.331821225098409,-0.7954446151104144,0.5931184088507544,-0.12441228787460681,10.902050431969801,71.98876378381968,71.13771884148174,51.544047414888354,21.10923064016577,6.3296962554071925,82384.0,263963.0684870865, 0.0, 0.0,0.0,NaN, 227.0809854833575,227.0809854833575,0.0, 141.40076488214834, 29.54790015123609, -3.2853627753430925, 29.54790015123609, 160.41742866803895, 9.226574832470368, -3.2853627753430925, 9.226574832470368, 183.8464793552757, 2.8137690684300334, 3.4244242282701562, 22.0, 0.0
26, 0 ,0.3333333432674408,0.3333333432674408,0.3333333432674408,57.24723727682568,130.7623488436437,284.39570007974874,13.042386894566432,13.565545300481974,9.586323682416358,73.0,65.0,40.0,0.2565759800868066,0.9426749778929963,-0.2133838149835509,13.83404837395815,0.9629193119194094,-0.23026185008736003,0.14059117727296244,13.008784058821142,-0.08339763291092879,0.24154371539906774,0.9667996009391339,9.242084172360158,69.20639935259571,68.95454247398806,46.093739948692985,20.033888812447135,6.683470356151878,61443.0,219963.73376403798, 0.0, 0.0,0.0,NaN, 143.59502855926837,143.59502855926837,0.0, 170.10385590755823, 7.046289385547645, 5.544861417713167, 7.046289385547645, 184.02401929942855, -24.028221073768268, 5.544861417713167, -24.028221073768268, 91.89760174405671, 3.9172832758190586, 3.904314907947887, 16.0, 0.0
27, 0 ,0.3333333432674408,0.3333333432674408,0.3333333432674408,83.05889174082422,211.61682583940274,65.78335135698558,11.383071169552638,12.374552590370238,12.847064592946325,51.0,57.0,60.0,0.28046630814708334,-0.45866204594352117,0.8431890521142034,13.325423790098814,-0.3230177762465714,-0.8723112515283606,-0.3670593912240163,12.145892308895878,0.9038795086863431,-0.16941726024206877,-0.39280991040069985,11.075256681145001,62.761726588261226,59.548696737731944,56.70743343456941,20.350881451055102,5.795908374307256,76751.0,211937.1721858553, 0.0, 0.0,0.0,NaN, 137.97758617860018,137.97758617860018,0.0, 129.57430925110046, -0.05777192211304514, 15.932147488194618, -0.05777192211304514, 153.12955181183875, -13.273760862300087, 15.932147488194618, -13.273760862300087, 165.04706865533512, 3.588048286596321, 3.7684827265625858, 20.0, 0.0
28, 0 ,0.3333333432674408,0.3333333432674408,0.3333333432674408,184.97699788779798,13.723139057168721,10.242717545203444,17.55456390644114,9.385414790273304,6.71522408009028,86.0,36.0,28.0,-0.9998385251342004,0.003725032896696529,-0.01757975504338383,17.55692618085684,-0.00778546354704484,-0.9714928625563001,0.23694093052810467,9.529391129797142,-0.016195993789344474,0.23703953706520153,0.971364991984522,6.502922954481201,86.01441141041101,41.37452520040239,28.198204012877255,19.53345060075192,7.732222630311518,43083.0,100351.92162770967, 0.0, 0.0,0.0,NaN, 116.29070824101485,116.29070824101485,NaN, 308.16271394532595, -0.6235491770382611, 4.585208390485747, -0.6235491770382611, 88.08601078548088, -11.186358079074965, 4.585208390485747, -11.186358079074965, 45.094234445824355, 4.2458277178312045, 4.111292849823151, 10.0, 0.0
29, 0 ,0.3333333432674408,0.3333333432674408,0.3333333432674408,24.431298154879872,128.82114734465912,60.7544856237481,13.920411766703644,12.293951228942538,13.09822395581385,59.0,59.0,62.0,-0.7848698265898745,0.49801495817011093,-0.36872816104496653,14.679981376275352,0.5130779954915485,0.18863269893192447,-0.8373581524270434,13.161222476544747,-0.34746269706423794,-0.846403453639268,-0.4035726301626078,11.303227020897932,72.94867543999865,69.14436415797597,59.97595164139544,21.837997712135806,6.291615634761827,94357.0,302518.0870929016, 0.0, 0.0,0.0,NaN, 144.5091134016579,144.5091134016579,0.0, 193.77786375458126, -29.895846755812954, 5.8631946019475, -29.895846755812954, 151.14123681961772, -23.291417707363507, 5.8631946019475, -23.291417707363507, 171.56347079665582, 3.696526601238312, 3.7343798580188445, 21.0, 0.0
30, 0 ,0.3333333432674408,0.3333333432674408,0.3333333432674408,237.32613678373383,33.92039741219963,93.82832717190388,14.187793588998224,13.107920233775172,13.987741589040322,68.0,68.0,77.0,0.7516977313437907,-0.3468269755285568,0.5609470293515356,14.671846052681511,0.5873347423839289,-0.03483108849236432,-0.8085942713519813,13.698832661786813,-0.2999807011815969,-0.9372821583280838,-0.17752108212391704,12.878155599757934,72.28015962647873,72.16834774680974,66.07840365048649,22.896023451700977,6.673835826559513,108200.0,344687.39995210484, 0.0, 0.0,0.0,NaN, 117.82343345417598,117.82343345417598,0.0, 201.2934869240191, -13.32944532238141, 10.478511929370448, -13.32944532238141, 171.81757285501254, -8.999700721519348, 10.478511929370448, -8.999700721519348, 195.65691476176826, 3.9556591123920932, 3.978195166003568, 23.0, 0.0
31, 0 ,0.3333333432674408,0.3333333432674408,0.3333333432674408,142.4544543611493,275.938957891548,82.76324190804651,12.82565334791518,12.427468686743563,13.159321686579103,62.0,52.0,68.0,-0.6281607491070769,0.08930370215822053,-0.7729417326435881,14.069037574429375,-0.482624733251644,-0.8239215433797358,0.297029724452846,12.887814795956592,0.6103174912576369,-0.5596232117555435,-0.560655349327369,11.316957211466674,62.874075332646456,64.03591853689105,64.56086929702334,21.307812490790422,6.171242651954785,85826.0,259934.91812531409, 0.0, 0.0,0.0,NaN, 166.49912770284203,166.49912770284203,0.0, 164.4973838008879, 11.20017111828654, 28.4706908468127, 11.20017111828654, 154.4419779599918, -14.127646350096995, 28.4706908468127, -14.127646350096995, 173.1677472508711, 3.464961563974096, 3.7111113872678425, 15.0, 0.0
32, 0 ,0.3333333432674408,0.3333333432674408,0.3333333432674408,9.226768157310499,169.99185960460937,94.76205201395496,5.985287687933032,12.483109947286513,12.949227454007103,24.0,62.0,64.0,0.13165004887586307,0.6439189339033663,0.7536820756736453,14.07812800320826,-0.05465889278332344,-0.7544276193752568,0.6541034876558014,11.334544355749125,-0.9897881945500686,0.12730818388671739,0.06412453699467761,5.715646113241832,63.35175374582795,58.98713938885136,27.708056600408355,17.9177022219237,6.187902827725751,37836.0,103543.30980800142, 0.0, 0.0,1.4210854715202004E-14,41.08965467561364, 161.14309268967088,161.14309268967088,0.0, 35.82366870732274, 17.982446468771922, 12.998562049906612, 17.982446468771922, 155.8280339560435, 33.0545964695078, 12.998562049906612, 33.0545964695078, 167.68249165561127, 4.615355264314739, 4.176298516813137, 11.0, 0.0
33, 0 ,0.3333333432674408,0.3333333432674408,0.3333333432674408,196.43899988554134,167.0999351400847,185.3613587516374,12.79838740370083,12.35576227150901,11.732685808143053,62.0,59.0,57.0,0.7250158065877238,0.6357340395516348,0.2649420901882388,13.62128857795831,-0.611302136140242,0.41678086809760745,0.672758059288911,11.987543563841536,-0.3172724043284085,0.6497198926792727,-0.6907982936490981,11.174918098081928,63.21492863882446,67.70821389174144,58.92775467368059,20.49391807399468,5.841131713480718,78631.0,252220.80238448398, 0.0, 0.0,0.0,NaN, 203.78745312640663,203.78745312640663,0.0, 163.79872013520807, 23.164010872294973, 3.9112723639815545, 23.164010872294973, 152.6648613100455, 15.494912222019822, 3.9112723639815545, 15.494912222019822, 137.6559162726014, 3.4530534185261166, 3.5957845076574597, 24.0, 0.0
34, 0 ,0.3333333432674408,0.3333333432674408,0.3333333432674408,75.06096198619768,244.26964638080622,186.13826332988796,13.913314641463964,13.772223510140142,11.708403306929622,70.0,65.0,67.0,0.7010443138737654,0.6084302711381591,0.3719535927343733,14.481308260723678,0.6680638336908455,-0.7427960708214835,-0.044098880784613,13.614039509760605,-0.2494545732183554,-0.27940401273945886,0.9272032212872953,11.193337840337277,67.53403497315168,66.62804690152545,54.785464184586075,21.936015487105745,6.25718764883488,95781.0,246516.00832075882, 0.0, -2.8421709430404007E-14,0.0,52.523912310283634, 147.32452411716025,147.32452411716025,0.0, 193.58032431237552, 6.207593727174292, 20.243197298177876, 6.207593727174292, 189.67414041325685, 21.07140323215426, 20.243197298177876, 21.07140323215426, 137.0867079977205, 2.663706651610123, 3.376252551283467, 30.0, 0.0
35, 0 ,0.3333333432674408,0.3333333432674408,0.3333333432674408,29.0493783483271,174.22560396239766,228.53787526533912,13.61522097726765,14.954948939325776,12.674300424484763,63.0,80.0,63.0,-0.34493935140773796,0.8283663225444865,0.44139107322705656,15.815111275728695,0.8820261853394997,0.4468895034332633,-0.14939738985879772,13.482516067071636,-0.3210088039693917,0.33778544580146597,-0.8847905630028193,11.7374037642589,78.84942423567549,69.06181519464806,59.17772438317051,22.802534770393034,7.050321931154785,98930.0,322251.37287114206, 0.0, 0.0,0.0,NaN, 147.54626512602792,147.54626512602792,0.0, 185.37424225982906, -14.754797082344338, -22.905322153757023, -14.754797082344338, 223.65049777784117, 38.14092956588485, -22.905322153757023, 38.14092956588485, 160.6378912500946, 2.81174164771865, 3.48039762884253, 27.0, 0.0
36, 0 ,0.3333333432674408,0.3333333432674408,0.3333333432674408,233.60640093883183,83.4073109468613,280.63812768936197,13.631666049463375,15.505591545261478,11.688613517937455,66.0,74.0,53.0,-0.33858281178151506,0.9222532584816447,0.18657600806671598,15.937260818346983,0.9398120814145808,0.32177194255712466,0.11496116131201783,13.308016985731223,-0.04598838106866149,-0.21427025972589514,0.9756912035084058,11.479101704391253,72.06464723410127,67.82508123399867,56.90010840043564,22.666212418023843,7.008008921607409,97142.0,278115.8122902354, 0.0, 0.0,0.0,NaN, 108.350226649763,108.350226649763,0.0, 185.82231928409243, -24.457242654534124, -2.8233018446936735, -24.457242654534124, 240.42336916848421, 22.708500975016293, -2.8233018446936735, 22.708500975016293, 136.62368597171022, 2.919820174961409, 3.678082829835571, 18.0, 0.0
37, 0 ,0.3333333432674408,0.3333333432674408,0.3333333432674408,163.81278402838018,146.1395445188187,44.58572963734998,11.448590461682002,12.481988779045196,12.354526619549764,59.0,61.0,58.0,-0.11544487863008229,0.7079504098876067,0.6967630136122716,13.038912808727986,0.5704427142573189,0.6215011896224227,-0.5369649719010133,12.128002941107125,0.8131836137975408,-0.3354735286693751,0.4755942827802805,11.06358408742737,62.980120471014345,58.88297237415338,51.90789761397288,20.20381605490911,5.595570770892085,77237.0,192498.190368432, 0.0, 0.0,0.0,NaN, 204.6744037576836,204.6744037576836,0.0, 131.07022355931613, 4.860634329947043, -11.391047677200351, 4.860634329947043, 155.80004388021018, 15.246760049828746, -11.391047677200351, 15.246760049828746, 152.63432799316374, 2.8743767707145866, 3.4035176308595645, 17.0, 0.0
38, 0 ,0.3333333432674408,0.3333333432674408,0.3333333432674408,132.03203254827804,171.0957394991691,132.74140450403988,11.894884902730826,13.677816961146567,10.668023790816726,60.0,67.0,52.0,0.4487027892952442,0.8931399064597139,0.031095246707526808,14.230668594826684,0.8883186999514266,-0.4495463011809084,0.09379771005291695,11.236381194892585,0.09775323112447415,-0.0144648050003513,-0.995105559838265,10.65877592693232,74.27877939498134,54.90972993777328,52.21278965445585,20.14422970709406,6.048777131044343,69804.0,212956.53105015255, 0.0, 0.0,0.0,NaN, 227.3082630785796,227.3082630785796,0.0, 141.48828684921375, 30.57767357858943, 2.2941696683423003, 30.57767357858943, 187.08267682262868, 1.935765768429687, 2.2941696683423003, 1.935765768429687, 113.80673160143165, 2.9978364842981367, 3.5306904287155745, 28.0, 0.0
39, 0 ,0.3333333432674408,0.3333333432674408,0.3333333432674408,252.11809517360464,50.128574088808385,9.219261566589358,13.659128425321978,16.98218331909798,6.422900125520271,70.0,69.0,28.0,0.15133592769122628,0.9879727840207512,-0.03173665111698555,17.06261776682299,0.9882181289777614,-0.15047511608115824,0.027967284459785094,13.571939972261417,-0.022855339628378546,0.03559518892557343,0.9991049073925239,6.394490282886185,71.9608676176062,65.18965285073605,29.67038468058814,21.41268904592597,7.597152984361256,59071.0,139186.85962850953, 0.0, 0.0,0.0,NaN, 69.93243549179684,69.93243549179684,0.0, 186.57178933943885, 16.10511193574635, 2.7588229640851494, 16.10511193574635, 288.3945502834497, -8.44946406186191, 2.7588229640851494, -8.44946406186191, 41.25364602240831, 3.1717006694840486, 3.396308886177949, 12.0, 0.0
40, 0 ,0.3333333432674408,0.3333333432674408,0.3333333432674408,127.98139803753001,209.046853229775,105.29834286900068,12.212732143521924,11.988694474364971,11.559298931743099,65.0,57.0,58.0,0.690053741203018,0.48729858230529743,0.5351316902734926,13.80077742528036,-0.33623070848915665,0.8705884835861869,-0.35919994837970665,11.371573431916632,-0.64091711236368,0.06793956086369111,0.7645975877211822,10.330676335210574,60.70258323438753,50.10950525469296,50.301075009337,19.80103188461651,5.866527908981868,67466.0,153004.62353996167, 0.0, 0.0,0.0,NaN, 189.04881423062247,189.04881423062247,0.0, 149.1508264094136, 21.545664494758427, 33.650378269063026, 21.545664494758427, 143.7287951996692, 14.77223991627025, 33.650378269063026, 14.77223991627025, 133.61739179339716, 3.6350321401238275, 3.6980916291715933, 19.0, 0.0
41, 0 ,0.3333333432674408,0.3333333432674408,0.3333333432674408,75.51030789447655,45.18332367777762,93.49325288606916,11.983834442629025,12.47488019203732,11.281233008863333,59.0,59.0,52.0,0.35165394237197,0.8107840324027213,0.46794097663597856,12.917099435378494,0.8674363477247615,-0.47016918581824924,0.1627732144823942,12.019797097456767,-0.35198535120112284,-0.34866916913857854,0.8686403876357782,10.731922561536152,65.12425635079457,61.071328973147125,56.979244490333976,19.858753515979707,5.668425773164493,70771.0,226619.26904314538, 0.0, 0.0,0.0,NaN, 128.39130684009703,128.39130684009703,0.0, 143.6122879483417, 2.7836722015664366, 12.64088640855207, 2.7836722015664366, 155.6226358056851, 17.363857188059814, 12.64088640855207, 17.363857188059814, 127.26621820026764, 3.4311210085465857, 3.681589564181682, 22.0, 0.0
42, 0 ,0.3333333432674408,0.3333333432674408,0.3333333432674408,280.7938613340882,226.77823159512303,277.44496229047456,12.011337339618688,17.282646348710042,12.916030962386948,52.0,87.0,58.0,0.14769438968599774,0.9462282377310111,0.2878167635419212,17.800465145980013,-0.46133100784351694,-0.1915012204353486,0.8663145986152241,12.536333840784323,-0.8748485974483615,0.26072860351759924,-0.40824077068611964,11.65202642209472,89.4994142666215,73.4870175443074,64.81331821369304,23.36849237363689,7.981197247612214,98914.0,426280.1122029166, -5.6843418860808015E-14, 0.0,0.0,81.50666337746445, 78.98754874579781,78.98754874579781,0.0, 144.27222468611814, 27.19706151024687, -0.8508524465412598, 27.19706151024687, 298.6898648145805, 45.768654516083224, -0.8508524465412598, 45.768654516083224, 166.82385582133833, 2.9816558995048057, 3.6463439621942193, 15.0, 0.0
43, 0 ,0.3333333432674408,0.3333333432674408,0.3333333432674408,156.9974942500908,280.1042851954969,183.84316668684178,13.339654431701662,12.279072743603058,12.891059777838846,63.0,53.0,67.0,-0.7654832525389452,-0.25594635440701513,0.590361629637425,14.781448521982421,0.17150398614880324,0.8031397161879188,0.5705725011045142,12.60025475979626,-0.6201788232578316,0.5380130667068861,-0.5708941821696759,10.846372185018513,67.75721018255088,65.88712857365516,58.45592324846659,21.295027162078433,6.436089508548267,82610.0,260966.41603989847, 2.8421709430404007E-14, 0.0,0.0,40.049996523206914, 185.30506211022882,185.30506211022882,0.0, 177.94638035721778, 25.422595170505726, -41.550084305724944, 25.422595170505726, 150.77562744269554, 3.606283972798158, -41.550084305724944, 3.606283972798158, 166.1794221958145, 3.194205026053124, 3.42459645875017, 19.0, 0.0
44, 0 ,0.3333333432674408,0.3333333432674408,0.3333333432674408,103.12176298168716,85.13133621964666,259.8671309866351,12.554670460655212,12.31750320039115,11.003046212547707,58.0,57.0,51.0,-0.9611942658547985,-0.1843817703869141,0.20520464428672683,12.652284259494353,0.1466299022082877,-0.9715250105772573,-0.18611508697912374,12.337263346466685,0.23367767344408996,-0.14880361746895163,0.9608601502622065,10.868270219296003,58.970073106466494,57.37915370075751,53.07809777842385,19.985053313358925,5.568240789058453,74374.0,179597.8588651559, 0.0, 0.0,0.0,NaN, 139.61407372552986,139.61407372552986,0.0, 157.61975037564855, 2.580506886746436, -9.206735394290535, 2.580506886746436, 151.7208850916462, 4.576140378661187, -9.206735394290535, 4.576140378661187, 121.06702595546042, 2.845640802628176, 3.2426541511555693, 25.0, 0.0
45, 0 ,0.3333333432674408,0.3333333432674408,0.3333333432674408,127.15398121568518,158.3964215044174,14.803140938100945,12.87263799915419,14.622531790204933,9.046111826789145,64.0,70.0,41.0,0.11093637810246021,0.9879966484713952,0.10749764008013749,14.68877418397556,0.9861020034361456,-0.12288882871021675,0.11180865171108487,12.900876685781682,-0.12367683223921788,-0.09359999138633408,0.9878983160122052,8.897341058205233,72.26598397986655,65.78184880226046,44.1174148420592,20.534398796819858,6.300305567884753,71762.0,209724.92690100276, 0.0, 0.0,1.7763568394002505E-15,83.82891452323372, 190.889605173741,190.889605173741,0.0, 165.7048090572684, 4.3962757779352275, 11.250902882221473, 4.3962757779352275, 213.8184359555539, 13.308551135599707, 11.250902882221473, 13.308551135599707, 81.83213918277445, 3.799289149950122, 3.922996329588354, 19.0, 0.0
46, 0 ,0.3333333432674408,0.3333333432674408,0.3333333432674408,43.256739434814335,20.508529057958153,164.92383008933325,14.31263964948471,11.814444182788726,15.297749060022168,68.0,50.0,73.0,0.6310381971486375,0.20768580535313363,0.7474338766701825,16.731136141269992,-0.5981196592732538,-0.4833074310146341,0.6392705220146483,13.436493330625312,-0.49400775998990504,0.8504590133456489,0.18076448680230664,10.8620256759958,81.32188347680439,63.751838504509706,61.11448106009652,22.989943258672476,7.065152535561715,101418.0,316843.1123698096, 0.0, 0.0,0.0,NaN, 143.30846781815737,143.30846781815737,0.0, 204.85165373600182, 39.30778481520908, 52.465127611803844, 39.30778481520908, 139.5810913482304, 5.811822230499327, 52.465127611803844, 5.811822230499327, 234.02112630340915, 3.522972647635432, 3.7012146270707746, 20.0, 0.0
