// Sample: .//bubblelabels.tif, Map: .//bubblelabels.tif, Thickness:(8.191250068658265):/gpfs/home/mader/Foam/NewValid/InSilicoTest/LatticeData_Phi_6.65/out_Step_03000.vtk/distmap.tif, Neighbors:(1.0):
//LACUNA_NUMBER, TRIANGLES, SCALE_X, SCALE_Y, SCALE_Z, POS_X, POS_Y, POS_Z , STD_X, STD_Y, STD_Z,PROJ_X, PROJ_Y, PROJ_Z, PCA1_X, PCA1_Y, PCA1_Z, PCA1_S, PCA2_X, PCA2_Y, PCA2_Z, PCA2_S, PCA3_X, PCA3_Y, PCA3_Z, PCA3_S,PROJ_PCA1, PROJ_PCA2, PROJ_PCA3,OBJ_RADIUS, OBJ_RADIUS_STD, VOLUME, VOLUME_BOX, Mask_Grad_X,Mask_Grad_Y,Mask_Grad_Z,Mask_Angle, Mask_Distance_Mean,Mask_Distance_COV, Mask_Distance_STD, SHAPET_XX, SHAPET_XY, SHAPET_XZ, SHAPET_YX, SHAPET_YY, SHAPET_YZ, SHAPET_ZX, SHAPET_ZY, SHAPET_ZZ, Thickness, Thickness_STD, Neighbors, Neighbors_STD
1, 0 ,1.0,1.0,1.0,156.08707855313475,182.0307862330281,183.77560256815073,15.898577202984939,11.57240171835783,9.216561978368638,74.0,54.0,41.0,-0.9540442948699857,-0.2996594307318758,-0.0019258762888595283,16.303560646282527,-0.26655801454422107,0.8515585943094935,-0.4514363580172538,11.543051602726756,0.13691715856047676,-0.4301769241034289,-0.8923012415438176,8.51951426204623,78.9301171512243,66.82751989832606,45.612216609670384,20.44611114848584,7.320300008555408,57006.0,240590.94023681286, 0.0, 0.0,0.0,NaN, 50.144475123669295,50.144475123669295,0.0, 252.76475707927239, 41.471304373910975, 7.6544733686225666, 41.471304373910975, 133.92048153105122, -23.207648010859987, 7.6544733686225666, -23.207648010859987, 84.94501470111042, 9.749155341156891, 6.4082011791172, 12.0, 0.0
2, 0 ,1.0,1.0,1.0,185.24045223135994,35.862185217346884,16.009586078902114,8.599427379711233,16.448018304468086,10.229322678723118,36.0,74.0,48.0,0.011294092807497914,0.9992730010264342,0.03641308675846022,16.455260589280158,-0.26274252009549637,0.03810148296930477,-0.9641133984803906,10.337750235113262,0.9647998816342817,-0.001321520020015815,-0.26298182823783356,8.45469212235327,74.5813911709207,55.35515902080357,39.49818512759552,20.015642955216872,6.964232689805338,58731.0,163066.86570945248, 0.0, 0.0,0.0,NaN, 41.95530270795144,41.95530270795144,0.0, 73.95015125892722, 1.8949485001213462, 9.04603404324368, 1.8949485001213462, 270.5373061441172, 5.951705057339892, 9.04603404324368, 5.951705057339892, 104.63904246543912, 8.59712387535722, 5.890868924775918, 14.0, 0.0
3, 0 ,1.0,1.0,1.0,171.10364667636938,187.2793427549341,79.07958486921748,16.21677367993947,7.363269756490349,15.638452820287576,64.0,29.0,65.0,-0.8844515147811095,-0.016139999959822307,0.4663528904195806,16.440327179073655,-0.4656377861044613,-0.034681148703120904,-0.8842955784557378,15.412260780605912,0.030446184541518394,-0.9992680913178049,0.02315840065580644,7.344423502303801,71.65560233068094,78.22207345272439,30.01313238373561,22.54602858946325,7.310218296924875,73519.0,168225.1013289758, 0.0, 0.0,0.0,NaN, 85.14925190063808,85.14925190063808,0.0, 262.98374858637754, 6.053202685120893, -13.636317641745702, 6.053202685120893, 54.21774150684545, 4.00222480638859, -13.636317641745702, 4.00222480638859, 244.56120661236042, 8.528979193091832, 5.5575690016153425, 12.0, 0.0
4, 0 ,1.0,1.0,1.0,56.12795812479912,79.67532944579641,30.731172230129943,13.040832020920453,13.558918633433086,15.108285492303944,66.0,67.0,66.0,0.07728485259340845,0.5527539166143981,0.8297530712368938,16.297206021202626,0.9568871561373956,-0.2748413610293793,0.09396380519543428,13.099142579389019,0.2799893247588241,0.7867180777984963,-0.550164197386686,12.040822414195778,79.49233040729544,63.50220730762214,69.9293809023288,23.15061548328103,6.798298873126706,108895.0,352999.21028422704, 0.0, 0.0,0.0,NaN, 102.19056097406113,102.19056097406113,0.0, 170.06329979786423, -1.8444835896756149, 10.127111861383542, -1.8444835896756149, 183.84427450805896, 54.634029057315296, 10.127111861383542, 54.634029057315296, 228.26029051696182, 8.506599319845177, 5.319793370426048, 23.0, 0.0
5, 0 ,1.0,1.0,1.0,13.234167181215893,106.64511122607347,138.20766650534853,7.869333410518788,15.206668838141482,12.006428612250351,32.0,76.0,57.0,-0.00894009321334623,0.9991711425228801,-0.039712752144128505,15.211666719069816,0.011774393066956497,-0.03960640069525578,-0.9991459836739935,12.001134663653627,-0.9998907132288217,-0.009400051781301797,-0.011410548859163663,7.867749100770151,75.70559974282375,57.07870671449216,32.396630859508704,19.867297445758666,6.5279403874152235,59923.0,139991.59961459672, 0.0, 0.0,0.0,NaN, 112.73229758009367,112.73229758009367,NaN, 61.92640832590725, -1.5523288340747565, -0.905978946365345, -1.5523288340747565, 231.2427771529032, -3.4755396775412604, -0.905978946365345, -3.4755396775412604, 144.15432802106392, 9.445142194939804, 5.416466742788111, 16.0, 0.0
6, 0 ,1.0,1.0,1.0,51.66340619239306,187.66190135811294,120.91984876415485,14.615859831350038,7.184698877031808,12.006327629882989,65.0,28.0,54.0,-0.952610653208231,0.014509550126045146,0.3038460405358721,14.883764517419133,0.3038929442726868,0.0010919445225729104,0.952705561061988,11.674103564082179,-0.01349154607392227,-0.9998941347024192,0.005449547892791325,7.182201576430754,65.72482264677998,57.2233420720961,28.37326520071366,19.26446732448089,6.18671628761038,53162.0,106711.68043407868, 0.0, 0.0,0.0,NaN, 95.26282872653569,95.26282872653569,1.9073486328125E-6, 213.62335860967156, -2.320829485307692, -24.66673989342417, -2.320829485307692, 51.61989795362212, 0.8373342178044932, -24.66673989342417, 0.8373342178044932, 144.1519031560917, 10.073194786273332, 5.434937324784942, 11.0, 0.0
7, 0 ,1.0,1.0,1.0,56.71180787191461,149.66645945782037,11.793089332282127,13.003944947904005,16.840065547787773,8.192900408901657,60.0,86.0,32.0,-0.2723556528429888,0.9592143019404643,-0.0756988858394724,17.157809082696247,0.9522958240065419,0.279974721596172,0.1214364807084276,12.690291158968394,-0.13767738356088763,0.03901382088457872,0.9897084721451131,8.023721502796732,93.93792920884036,58.54331797299291,36.042290616218985,21.26737362667019,8.216619012443594,65956.0,198212.3447627051, 0.0, 0.0,0.0,NaN, 76.73833078463059,76.73833078463059,0.0, 169.1025842081181, -34.317331836766755, 15.920614379708045, -34.317331836766755, 283.58780765378873, -13.414910361136652, 15.920614379708045, -13.414910361136652, 67.12361711018094, 8.434411905483618, 5.300844097019571, 18.0, 0.0
8, 0 ,1.0,1.0,1.0,26.800016285318787,51.686100480416904,50.00412222131748,13.64763594098733,12.999820444827026,13.239363734013034,64.0,66.0,65.0,0.774138855279677,-0.12696538838275734,0.6201522578359986,14.747967602318047,-0.21854457308231875,0.865835349061274,0.45007490253535437,13.37232108912478,0.5940936814363023,0.48395138027363616,-0.6425291893826337,11.585013195818878,74.50961996697228,66.37351860510148,61.91999119949531,22.148622930871554,6.322385050199039,98248.0,306223.1893481217, 0.0, 0.0,0.0,NaN, 76.74702661920891,76.74702661920891,NaN, 186.25796677772914, -16.62707126619136, 35.59864825140901, -16.62707126619136, 168.99533159774273, 10.824638967769541, 35.59864825140901, 10.824638967769541, 175.28075208149954, 7.945130561579978, 5.1076017832837515, 21.0, 0.0
9, 0 ,1.0,1.0,1.0,88.31552367623047,180.19534639608116,84.84175414042454,14.713709547060377,12.582765946768788,12.393168825823683,70.0,58.0,60.0,-0.966119207099448,-0.15579817871143842,-0.20576832891320487,14.914036457025084,-0.015168011306160124,-0.7616027685275253,0.6478666177572545,13.144923481073665,-0.25765016807009905,0.6290374793932448,0.7334359143183828,11.540900497232988,70.76981264571975,67.44314257636385,62.28635825259833,21.89382302251949,7.005026374706582,85740.0,297288.96133785736, 0.0, 0.0,0.0,NaN, 124.05635522697852,124.05635522697852,1.3486991523486091E-6, 216.49324863525567, 13.889203335045764, 17.350735073933876, 13.889203335045764, 158.32599887116422, -16.67688990083927, 17.350735073933876, -16.67688990083927, 153.59063354536795, 8.317996723112914, 5.108716425616323, 20.0, 0.0
10, 0 ,1.0,1.0,1.0,187.7489054339371,20.084387154128237,111.24080453383709,7.432997572173669,11.128429850043595,13.507262337601789,30.0,44.0,69.0,0.014591928849139525,-0.34788407549873,0.937423994586684,13.849485315324678,0.036190613368934255,-0.9367257593809512,-0.3481882985055082,10.704522434826593,-0.999238367516201,-0.03900668822874394,0.001078497558459356,7.425799326333631,76.45426869492209,55.94768108612878,30.812468941666538,18.05688409246129,5.957052674224004,44995.0,131798.45765049892, 0.0, 0.0,0.0,NaN, 91.82410742949828,91.82410742949828,0.0, 55.249452907939656, -2.708958638352268, 1.1203602538791737, -2.708958638352268, 123.8419509273413, -25.1805608359813, 1.1203602538791737, -25.1805608359813, 182.44613585679573, 9.276727975534193, 5.3430178872992045, 10.0, 0.0
11, 0 ,1.0,1.0,1.0,76.99274367930805,100.41405730206255,160.74650698602795,12.076956011656744,14.528633339270362,13.289538239578016,62.0,79.0,75.0,0.1572780944355623,0.8652934442819199,0.47595257777792355,15.118544576065105,-0.09842243464221237,-0.46581705166540954,0.8793904131481334,12.704237602859374,-0.9826375859745128,0.18515325992398043,-0.011901469224644624,11.98239694999639,73.60960578194116,66.24885518421941,63.89261371075778,22.151572049984953,6.546276464524092,96192.0,311575.6604356017, 0.0, 0.0,0.0,NaN, 131.85628265692336,131.85628265692336,0.0, 145.85286650749197, 12.383763847272093, 4.819944089698229, 12.383763847272093, 211.08118670695825, 27.70359669466821, 4.819944089698229, 27.70359669466821, 176.61182662120638, 7.573656733002184, 4.863373363870716, 29.0, 0.0
12, 0 ,1.0,1.0,1.0,22.982884904422193,178.36918647727512,48.48562628336756,14.428421859733097,12.594972839899222,14.032625666022183,59.0,54.0,82.0,-0.6305980025419015,0.2422533662669685,-0.7373326696427368,15.03381579540748,-0.7176308915481355,-0.5437903125668503,0.435083899327791,14.41036615553751,0.29555382367005795,-0.8034957389375311,-0.5167615841209938,11.40407870790197,80.89971766853674,75.62220405212935,64.17056058132798,22.624059383225198,7.202722978659269,94478.0,392583.61534211563, 0.0, 0.0,0.0,NaN, 57.852926013082495,57.852926013082495,9.5367431640625E-7, 208.17935736242387, 15.62520348159143, 20.388040154323793, 15.62520348159143, 158.6333408377991, -35.502028459151695, 20.388040154323793, -35.502028459151695, 196.9145830827045, 7.5258473355677395, 4.752580526707546, 11.0, 0.0
13, 0 ,1.0,1.0,1.0,175.70663443674212,61.28853107457498,108.65194678067003,13.172012994902847,13.62068935444587,13.815761038294573,55.0,69.0,66.0,-0.5929769484899831,-0.5194163667797863,0.6152925942027864,15.277008731848778,-0.021686760220423346,-0.7535511879181406,-0.6570314236155688,13.248120823124603,-0.8049273401932934,0.4029481915934673,-0.43557402574178405,11.874369741521928,76.59343738133047,67.80876774467797,67.51562103312816,22.47806515919118,6.681088578573887,100114.0,350656.3269785619, 0.0, 0.0,0.0,NaN, 112.65397675462135,112.65397675462135,1.3486991523486091E-6, 173.50192633788944, 29.019169723118267, -33.21579722168517, 29.019169723118267, 185.52317849031508, -12.438881022698519, -33.21579722168517, -12.438881022698519, 190.87525306725834, 6.9950300325184145, 4.505465651829591, 19.0, 0.0
14, 0 ,1.0,1.0,1.0,167.39920391149,187.34108004763993,25.17517081426691,15.596137194376436,7.296950931540828,14.521474457073621,77.0,31.0,52.0,0.7811054365042472,0.03047351183392163,0.6236550826699133,17.32980594009672,-0.6240490145641729,0.004655788524276439,0.7813713272540154,12.410575760704761,-0.020907522210760945,0.9995247314147487,-0.02265362675779489,7.281046906658696,90.97847926815811,62.13044517042952,32.20493311262314,21.210298980671496,7.5816506013567135,63812.0,182039.46063902762, 0.0, 0.0,3.552713678800501E-15,51.416457959639, 43.09117526237113,43.09117526237113,0.0, 243.2394953858121, 5.59321643055259, 71.22069044501622, 5.59321643055259, 53.245492897314556, 5.0675485367560045, 71.22069044501622, 5.0675485367560045, 210.8732204074416, 8.564944666257075, 5.0248840303542694, 13.0, 0.0
15, 0 ,1.0,1.0,1.0,189.82904116164647,24.547653906156246,175.8751230049202,6.236479935985403,13.16604226724261,12.835647724751967,27.0,55.0,54.0,-0.024188325053397134,0.8007514082196394,0.5985082348350571,13.579082334539288,0.009263331539470742,-0.5984781709519179,0.8010855569680664,12.401697285498672,-0.999664501530339,-0.02492109805590582,-0.0070585587613109695,6.228854700452999,74.71037737898847,62.980367756399275,27.811608638033476,18.388815686544074,6.232468301969174,41665.0,130861.6017569568, 0.0, 0.0,0.0,NaN, 35.88934947885849,35.88934947885849,0.0, 38.8936819919485, -3.457531770705627, -1.2543261451086332, -3.457531770705627, 173.34466898281892, 14.639924235539022, -1.2543261451086332, 14.639924235539022, 164.75385251393033, 7.94230254846905, 4.925408899408239, 10.0, 0.0
16, 0 ,1.0,1.0,1.0,189.89991140934538,173.4651197858745,137.9169698226302,6.424799817438886,15.756683057669155,14.46534779295495,28.0,68.0,68.0,-0.049918512070445904,0.8141255421683256,0.5785393190975026,17.0272840912873,0.06623941572271302,-0.5752874176799265,0.8152648200823307,12.991464118629734,-0.9965543045701958,-0.07901891323152456,0.025209708334735813,6.3317341206100926,85.651785357613,73.40586608568111,30.900940845052304,20.890007312880655,7.899683215986181,53053.0,194284.82913218855, 0.0, 2.8421709430404007E-14,0.0,35.499010976151595, 68.26722708240955,68.26722708240955,0.0, 41.27805269416274, -15.057229825589724, -0.26580759319622144, -15.057229825589724, 248.27306097983822, 57.31856544694503, -0.26580759319622144, 57.31856544694503, 209.2462867711466, 7.467789052085639, 4.724286396524606, 14.0, 0.0
17, 0 ,1.0,1.0,1.0,21.07003103494805,9.827445688840912,20.270759681554445,12.533573608466211,6.475993236713224,12.141759790435774,60.0,26.0,48.0,-0.7447478051419497,0.06394499541714416,0.6642753527697306,13.972230638543758,0.6657855381240769,0.0031630314000953286,0.7461364569950966,10.484255213357944,-0.045610568523995365,-0.997948411889845,0.044929313876961016,6.427165021528153,76.63403023688119,54.411824397124064,28.10874987086815,17.526383928705904,6.267148713176011,37055.0,117207.79201897756, 0.0, 0.0,0.0,NaN, 30.84523617429643,30.84523617429643,NaN, 157.09046739884073, -7.185379073338113, -42.06060238493149, -7.185379073338113, 41.938488401955425, 6.699777018050468, -42.06060238493149, 6.699777018050468, 147.42233080864298, 7.911002346719266, 4.66853667635331, 4.0, 0.0
18, 0 ,1.0,1.0,1.0,22.87881308929562,39.89308754415156,145.72684414864116,14.000141151399367,12.690510955474636,10.796423447809854,59.0,61.0,59.0,0.8672910939979044,0.3625769155270066,0.34109256602693727,14.4826476813165,-0.45721052972041687,0.8511941975611859,0.2577343002996408,12.824420339196477,0.19688750540522953,0.3794817760645319,-0.9040071304200062,9.970102253086853,73.41361546405001,59.90929186709042,50.701611919088734,20.77512453679902,6.481510650691263,68514.0,222993.68566818108, 0.0, 0.0,0.0,NaN, 71.13700842913028,71.13700842913028,0.0, 196.00395225910597, 9.377971011458762, 24.975800376071554, 9.377971011458762, 161.04906831102176, 27.92012046280745, 24.975800376071554, 27.92012046280745, 116.56275926441842, 7.918411958753344, 4.7839765541817805, 16.0, 0.0
19, 0 ,1.0,1.0,1.0,121.92980503216724,78.94625697775304,179.8794506196081,11.484673964940011,11.251320533835342,11.448115394513746,55.0,55.0,47.0,-0.41522042102881435,0.6866566480599022,-0.596736666910786,12.512736809877037,0.8179770300760808,-0.0052691933863750285,-0.5752267499595021,11.538340834792285,0.3981275929002769,0.7269627798424049,0.5594814889656625,9.992367298548002,60.341253544844335,59.35346266295811,48.93163534844106,18.963387585770118,5.471674989804163,61087.0,175246.80920129197, 0.0, 0.0,0.0,NaN, 112.83750857087209,112.83750857087209,0.0, 131.89773608097093, -16.31545910061709, -1.6075419605336672, -16.31545910061709, 126.59221375510482, -23.140795318411893, -1.6075419605336672, -23.140795318411893, 131.05934608610264, 7.789459257697381, 4.817129228992939, 16.0, 0.0
20, 0 ,1.0,1.0,1.0,171.2599957730513,91.72478721155878,9.733221895594367,13.23594740508154,15.268708939176367,6.549325836681849,58.0,67.0,26.0,0.3183960817463933,0.9469165859785861,-0.04441750023588266,15.519440553041742,0.9475685308556349,-0.31925838978958404,-0.013709846135400551,12.95707097700158,0.027162740300611558,0.03772346415193768,0.9989189785922276,6.517570246030681,74.69424859901274,68.35411731465393,27.589529123458284,20.072912088990865,6.949506857471747,52047.0,140862.7395789139, 0.0, 0.0,0.0,NaN, 96.61345682895134,96.61345682895134,0.0, 175.19030371008475, 21.870754884108315, -4.434644815093715, 21.870754884108315, 233.13347266928432, -7.794653477962341, -4.434644815093715, -7.794653477962341, 42.89366891502839, 7.6022120384648275, 4.907693372838091, 12.0, 0.0
21, 0 ,1.0,1.0,1.0,16.081576472599814,101.22062067196717,22.85669829870907,9.846175886891135,11.716473513193092,12.520108465426876,39.0,53.0,54.0,-0.032131484677351885,-0.4962236163630265,0.867599959806378,12.874351256525989,-0.2784242457026865,-0.8292438810418867,-0.4845972814198194,11.456100096506512,-0.9599205733274601,0.2571316945033994,0.11151584902824974,9.69458083000068,58.30200344120273,60.266813958413294,46.07062756616157,18.941789360187816,5.673152827242281,58485.0,161877.2581443045, 0.0, 0.0,-3.552713678800501E-15,29.819074093389403, 102.65676567763903,102.65676567763903,NaN, 96.94717959559642, 9.746266885082491, 3.02630918042, 9.746266885082491, 137.2757515853553, -15.924270807014162, 3.02630918042, -15.924270807014162, 156.75311598605373, 7.785056252948156, 4.881928596125857, 12.0, 0.0
22, 0 ,1.0,1.0,1.0,80.73450186386151,23.277613235969973,41.42339018536486,12.040154478239772,11.614912038838524,13.604983782678831,61.0,49.0,68.0,-0.4367097327576831,-0.01068813836242194,0.8995389780398948,14.062711345313032,-0.6193882693859106,0.7287448966702224,-0.2920428861044792,12.426173142481964,-0.6524130448280747,-0.68470186159777,-0.3248700965966359,10.62061466715798,63.83880802603443,63.07911432865114,61.68717801244996,20.69906164775649,6.042841397817602,78332.0,248407.81770029393, 0.0, 0.0,0.0,NaN, 93.67926303947019,93.67926303947019,0.0, 144.96531985987727, -18.386233946937754, -25.849241105997503, -18.386233946937754, 134.90618166995608, -9.672994982522471, -25.849241105997503, -9.672994982522471, 185.09558372695398, 6.79223922160285, 4.529531889705311, 20.0, 0.0
23, 0 ,1.0,1.0,1.0,159.27143764250874,81.13002568764972,70.00419949779202,14.73595911075424,10.120652405397568,11.177387359953912,69.0,54.0,59.0,-0.9857774146700192,0.16678301765786233,-0.020647366597954735,14.849754005644268,0.063573347820366,0.2563508821730728,-0.9644908784721601,11.268108614263411,0.15556772857313292,0.952085946871408,0.26330786466904377,9.85010753485324,72.31210125326562,57.158652014430274,53.120061040949395,20.1415710590193,6.231147526229539,69294.0,219559.14206037272, 0.0, 0.0,0.0,NaN, 114.6363153940034,114.6363153940034,0.0, 217.1484909138209, -19.815173798005624, 0.6773459700121909, -19.815173798005624, 102.42760511087958, -7.829261371476616, 0.6773459700121909, -7.829261371476616, 124.93398819445746, 6.708713759367031, 4.343902583638568, 17.0, 0.0
24, 0 ,1.0,1.0,1.0,137.1914325181778,118.49020143600953,124.05938339632952,10.42545524688524,12.445023951075733,12.9953895966277,50.0,62.0,65.0,0.36419701962366313,0.6356456614034616,0.6806725527272254,14.093122710957013,-0.273964309359689,-0.6254075247090493,0.7306223273582387,11.978907010845601,-0.8901146488482874,0.45257045990238565,0.05362733192536604,9.504660335604683,69.24645943717769,59.96498458462091,47.474554026446484,19.91385225885909,5.990607417293493,65877.0,197131.57553692893, 0.0, 0.0,0.0,NaN, 127.88956431705672,127.88956431705672,NaN, 108.690117104807, 34.17393126114573, 16.202014602803594, 34.17393126114573, 154.87862114284863, 22.55930494682985, 16.202014602803594, 22.55930494682985, 168.88015076813943, 7.259811420335592, 4.556536497449063, 25.0, 0.0
25, 0 ,1.0,1.0,1.0,116.16175581093925,58.36236066706991,15.58477490711138,13.24846211090075,11.16328772605206,9.424429984194294,69.0,63.0,42.0,0.9921072152848643,-0.1209444969205436,-0.033101390368810116,13.28130176085615,-0.12014164438655629,-0.9924353043756807,0.025261668845192528,11.129523312016788,0.03590624825578341,0.0210854284610622,0.999132696914082,9.418139735103306,68.98117469067077,62.358331023942796,43.08461297872934,18.87159689083433,5.729175549363501,57865.0,185330.65684558102, 0.0, -7.105427357601002E-15,-1.7763568394002505E-15,82.9912431406124, 103.33393218223651,103.33393218223651,1.9073486328125E-6, 175.52174830397277, -6.3292957028218355, -2.986528871175361, -6.3292957028218355, 124.61899285462457, -0.5305376350523446, -2.986528871175361, -0.5305376350523446, 88.81988052698046, 7.240021939405583, 4.801877713228187, 17.0, 0.0
26, 0 ,1.0,1.0,1.0,150.98747102674935,151.72398671928835,54.82663033264424,10.008686618054359,14.398427713965946,10.730863205538286,46.0,65.0,50.0,-0.008741743267802813,-0.9841231544418311,0.17727153978036253,14.504570846105445,0.48633354216068364,-0.159083437660023,-0.8591694510582367,10.837246190208589,-0.8737295163230338,-0.07870245710097229,-0.4800027661922244,9.73711831969891,66.12392542031108,55.92114186591583,52.443095859514926,19.680856991441985,5.941701917051325,63852.0,193920.16835698122, 0.0, 0.0,0.0,NaN, 87.97022705589437,87.97022705589437,0.0, 100.1738078184204, -0.7569192918713727, -9.636733316636768, -0.7569192918713727, 207.31472063430263, -17.068525136526297, -9.636733316636768, -17.068525136526297, 115.15142513597542, 6.692987778894116, 4.547611352961102, 21.0, 0.0
27, 0 ,1.0,1.0,1.0,10.494723498653146,83.69833623831406,105.91922040881002,6.976833956539243,11.42588701496179,10.7092501933052,28.0,58.0,48.0,-0.03539034084730329,-0.7638227571623085,0.6444550561642612,13.024212128395508,0.046573335219335224,-0.6454189331268038,-0.7624075846999464,8.707463643649271,-0.9982877582246807,-0.003032557077433298,-0.0584153693501375,6.9616895339910485,66.89303722201034,43.890501695817306,29.476921947549506,16.213462459693034,5.571245902554221,31555.0,86543.32798137925, 0.0, 0.0,0.0,NaN, 126.35958134965915,126.35958134965915,0.0, 48.67621205711904, 2.4530588808011253, -3.734778951099145, 2.4530588808011253, 130.55089407867243, -46.182853459944184, -3.734778951099145, -46.182853459944184, 114.68803970280749, 8.700945567752267, 4.635466511850252, 10.0, 0.0
28, 0 ,1.0,1.0,1.0,57.83338149453852,69.83739813905103,93.83635785701901,14.597532008972337,10.200249017769945,11.057295229844138,71.0,48.0,52.0,-0.9801972943286805,-0.08923155290183313,-0.1767795071762041,14.712423682455734,0.1969146362252734,-0.53355167591467,-0.8225249146189525,11.446228600116381,-0.020925826889336363,-0.8410471681751119,0.540556907895573,9.587765057572913,71.97968944490134,59.24166477410459,54.846807228263344,20.061632540045977,6.076816469631901,69212.0,233877.57069376094, 0.0, 0.0,0.0,NaN, 130.4884065723683,130.4884065723683,0.0, 213.08794075297195, 6.784919888740922, 15.246992989758027, 6.784919888740922, 104.04508002451672, 19.119796730666323, 15.246992989758027, 19.119796730666323, 122.26377779993395, 7.5845038457488085, 4.543465089216476, 18.0, 0.0
29, 0 ,1.0,1.0,1.0,97.12964119957158,187.44448411281684,139.16489646554803,11.149407251338644,7.5057366440841164,13.031211173020113,54.0,31.0,63.0,0.1118245671845289,-0.08378349039760807,0.9901896752192413,13.082482123855653,0.9921888612977366,-0.04602315570917964,-0.11594452404175781,11.132308650810078,0.055285890520945,0.9954206125429402,0.07798252646550752,7.441652695771984,61.839058132331104,53.64102680025988,33.72767705206127,17.84027552453728,5.672953240682973,44816.0,111878.4342053847, 0.0, 0.0,0.0,NaN, 115.29405015350235,115.29405015350235,NaN, 124.30928205620273, -4.214933342901376, 4.933348615119014, -4.214933342901376, 56.33608257034709, -9.23892666890667, 4.933348615119014, -9.23892666890667, 169.8124646358442, 7.262383013603273, 4.714182499318513, 11.0, 0.0
30, 0 ,1.0,1.0,1.0,46.646042995859545,121.40311196899819,145.06256354340107,11.455011196805843,10.807298566763958,13.491201937934573,54.0,56.0,62.0,0.21290444898457733,0.3659055448941718,0.9059717588414511,13.949284173833645,-0.8642039304008878,-0.36210050808452404,0.3493347802961902,11.674529460673696,-0.4558763673214829,0.8573192837330956,-0.23912420090225067,9.957426699190465,63.878437075451245,59.26217055586964,52.01751622395179,19.867831575383338,5.941109496756391,67867.0,196916.20028256217, 0.0, 0.0,0.0,NaN, 106.63698260806265,106.63698260806265,0.0, 131.21728151894723, 19.05795977012786, 7.193745140341799, 19.05795977012786, 116.7977023111783, 26.937235866910797, 7.193745140341799, 26.937235866910797, 182.01252973012956, 6.9127331889513375, 4.418296068510202, 17.0, 0.0
31, 0 ,1.0,1.0,1.0,18.168451836958507,139.90325351855236,24.32021568269055,10.013138460863615,10.48379948112724,12.195512583311691,41.0,47.0,53.0,0.01685766959173871,-0.2790419994937467,0.9601309189347395,12.336884253575676,0.6118356454034768,-0.756613524307254,-0.23063633245667645,10.757083141448732,0.790805261736191,0.5913303115466745,0.1579731010535205,9.538866272700323,59.393060045087495,57.713098704020624,51.57570893510669,18.213731968821314,5.211860352556141,54710.0,176789.02501378054, 0.0, 0.0,0.0,NaN, 67.32892744326065,67.32892744326065,0.0, 100.26294183642617, -11.733638903801502, -2.498265540699567, -11.733638903801502, 109.91005156048381, -12.084300829675042, -2.498265540699567, -12.084300829675042, 148.7305271697138, 7.474689603429284, 4.679947438949099, 10.0, 0.0
32, 0 ,1.0,1.0,1.0,112.58328292400962,71.26106652686481,70.67508166310441,10.041760453241393,11.204245452939968,15.255984241153664,49.0,58.0,70.0,-0.12546988228973038,-0.1432314201002399,0.9817036563720589,15.405764032918976,0.08302729150460476,-0.9875681077658246,-0.13347547111450017,11.104039631999083,0.988617103586424,0.06476104399943632,0.13580217110375092,9.923702068751936,70.63998200253022,60.096645188001844,47.456255769126074,20.50642399943827,6.213187514601992,74391.0,201462.52774502203, 0.0, 0.0,0.0,NaN, 133.09691654946963,133.09691654946963,0.0, 100.83695300028279, 0.46033878201407447, -17.378748349178966, 0.46033878201407447, 125.53511616972597, -16.25323978679079, -17.378748349178966, -16.25323978679079, 232.7450551663289, 7.550135564386874, 4.39392796080458, 21.0, 0.0
33, 0 ,1.0,1.0,1.0,189.66173762624854,10.302382679537972,46.17627364544389,6.117479119529132,6.7833352398881335,10.747405845688004,25.0,29.0,49.0,-0.0248933237907575,0.034667130286787584,0.9990888411489374,10.75387853045557,0.36652703573297957,0.9301195617214278,-0.023141585510384304,6.891628663629636,-0.9300743274101502,0.3656170003990763,-0.035860207915434206,5.9836001772642655,48.96420940769261,36.18292635426666,28.428186764182215,13.354436473885308,4.539046885797411,17921.0,50365.319675934006, 0.0, 0.0,7.105427357601002E-15,2.4460631264248707, 48.42795685926762,48.42795685926762,0.0, 37.42355077787492, 3.9167481615623636, -2.0848964433524286, 3.9167481615623636, 46.0136369767082, 2.5137421525216017, -2.0848964433524286, 2.5137421525216017, 115.50673241192868, 8.610726662749698, 4.693576990405956, 6.0, 0.0
34, 0 ,1.0,1.0,1.0,172.72674636995973,104.49505848218334,123.80819398209914,11.83353305039289,12.08029969512155,13.682132620102317,52.0,60.0,65.0,-0.32330953266240414,-0.02011898711660789,0.9460793689997786,13.902355583977448,0.48787602049418544,0.8531126709156382,0.18486686925986245,12.37051325589334,-0.8108316315465095,0.52133865872443,-0.26600388757128585,11.263294776182546,68.23402515739626,65.00227364703133,59.0257534159809,20.84926415344401,6.202828586432175,77203.0,261800.86558944266, 0.0, 0.0,1.4210854715202004E-14,18.901059475546337, 125.18073143323423,125.18073143323423,0.0, 140.03250445474086, 11.32337802598528, -17.95425488327685, 11.32337802598528, 145.93364072395383, 2.862852816654437, -17.95425488327685, 2.862852816654437, 187.2007530340679, 7.590265485302206, 4.656158298762056, 17.0, 0.0
35, 0 ,1.0,1.0,1.0,123.10587459486761,151.9839209798942,162.92821966242477,12.966677926141083,11.70895131205595,11.096919448937106,69.0,54.0,59.0,-0.9589461812854508,0.24900279251855734,0.1357196769669434,13.122099970348247,-0.1445697601159287,-0.8409623552607589,0.5214229583498413,11.885206061244313,0.2439709119097479,0.48039559360202055,0.8424359131647279,10.720460240797387,67.66174664181852,58.58770951248955,57.05819297565853,19.879800502634232,5.759290798358164,71273.0,226187.05066519396, 0.0, 0.0,0.0,NaN, 97.9416523430287,97.9416523430287,0.0, 168.1347364402744, -10.471730777633763, -9.437225114316313, -10.471730777633763, 137.09954082809674, -9.610445193367237, -9.437225114316313, -9.610445193367237, 123.1416212561986, 7.276110148495269, 4.340803251842529, 23.0, 0.0
36, 0 ,1.0,1.0,1.0,145.07261711113432,42.99816442567416,83.23531167455118,12.59671513094842,10.106867353006438,12.606245401190762,65.0,48.0,56.0,-0.8356675521307789,0.2227472987195053,0.5020392247911664,12.93964460136139,-0.4600486933692328,0.21543997768781512,-0.8613598642513683,12.511439705750792,-0.30002490237480883,-0.9507729786479195,-0.0775615950580514,9.786362806293097,69.87695266173276,61.65741232653161,45.29623766233071,19.66275146542888,5.75496548255148,67009.0,195155.76355576608, 0.0, 0.0,0.0,NaN, 108.60007663237187,108.60007663237187,0.0, 158.67723209026488, -19.361683775243986, -5.986226127958511, -19.361683775243986, 102.14876769126735, -3.262159660105875, -5.986226127958511, -3.262159660105875, 158.91742311504322, 7.50858269012658, 4.500593531844529, 16.0, 0.0
37, 0 ,1.0,1.0,1.0,85.99105798192771,35.95910203313253,108.69173569277109,11.510663342853935,12.213414280019206,11.033903608413242,59.0,72.0,56.0,-0.45990960714103596,-0.7251398000902123,0.5124991937403461,13.017031534008868,-0.7411604959685224,0.6313525982556176,0.22819950896435803,11.45517437730358,-0.48904424388297607,-0.27489301009848743,-0.8278100993125906,10.136358213670198,62.77497556130449,57.180775211203006,54.48576130955655,19.260989938226757,5.694221141404498,63744.0,195577.82618278178, 0.0, 0.0,0.0,NaN, 130.47880365285107,130.47880365285107,0.0, 132.4953705925213, 8.91895218622733, -20.53687736343955, 8.91895218622733, 149.16748837537708, -20.684419632419345, -20.53687736343955, -20.684419632419345, 121.74702883975478, 6.4888214762018706, 4.198923280906748, 17.0, 0.0
38, 0 ,1.0,1.0,1.0,16.063475209214435,72.19602267614505,170.60673085575453,10.14853346294507,11.640240650166945,11.679226188096955,41.0,60.0,59.0,0.0014747760187455543,-0.6962901535205764,0.7177589060025563,12.272021498198702,0.30751198493323123,-0.6826642185180833,-0.6628770201760797,11.109985866312986,-0.9515430647942947,-0.22169706102108339,-0.2131107903802506,10.042806410218162,57.281365063366934,56.61712521395353,49.72425814384032,18.554138755838952,5.534997129550676,55565.0,161261.0507826068, 0.0, 0.0,0.0,NaN, 79.58809708139496,79.58809708139496,0.0, 102.99273144851585, -4.789946404728995, -4.54885161033481, -4.789946404728995, 135.49520239379896, -14.645595473425356, -4.54885161033481, -14.645595473425356, 136.40432435272973, 7.2916846314402735, 4.517060657661943, 11.0, 0.0
39, 0 ,1.0,1.0,1.0,187.25427418985194,110.9542558555255,65.63347389650272,8.554321604381542,15.069309168223073,9.482663849982279,36.0,71.0,55.0,0.1434253791034229,-0.9817833721957219,0.1246217104241322,15.265568387905164,0.39617500745177364,-0.05843551829790011,-0.9163136218958239,9.563135176878479,-0.9069038119335626,-0.18079463565397239,-0.380576898430686,8.104953916795678,70.03107752146168,50.60678745668825,42.153878054801964,18.63756653006566,6.543892148245097,43634.0,149395.36112076984, 0.0, -1.4210854715202004E-14,0.0,10.953000751148565, 111.35237299848437,111.35237299848437,1.9073486328125E-6, 73.1764181111888, -24.161054881905294, -6.361447331936116, -24.161054881905294, 227.08407880749198, -19.095695698367784, -6.361447331936116, -19.095695698367784, 89.92091369176073, 7.435765392060988, 4.6177262065140265, 10.0, 0.0
40, 0 ,1.0,1.0,1.0,50.37625135497035,150.98154052158387,187.4275489383409,16.142167487053243,14.120225655246047,6.6879171754899795,74.0,64.0,28.0,-0.9197037772682776,0.3838134859365745,0.08265694218683113,16.564879879292388,0.38871458519786223,0.9197577787281837,0.054282591347972406,13.695428303880378,0.0551899749312879,-0.08205386329851826,0.9950986032473723,6.535945076211067,70.37244925622649,62.78845339040623,29.978070637501645,21.29111360666541,7.167081781968618,62732.0,132460.42092055484, 0.0, 0.0,0.0,NaN, 71.40477992343432,71.40477992343432,0.0, 260.5695711800788, -29.99476026479224, -14.555720168202306, -29.99476026479224, 199.38077255506866, 14.581618658270619, -14.555720168202306, 14.581618658270619, 44.72823614621387, 8.81874309722668, 5.3218765413668745, 14.0, 0.0
41, 0 ,1.0,1.0,1.0,81.58557093932812,105.59307330463868,76.66227362978559,12.253588746384715,12.564677590355318,12.027304742305628,63.0,65.0,62.0,0.4907006904217615,-0.6636215829717975,0.5646407946948331,14.336512550135204,0.8683433448238619,0.4260400373091528,-0.25390888544854734,11.519975715912091,-0.07206016874608669,0.614895341683137,0.7853095255099508,10.697298111392541,67.93104415768721,54.370901535943574,56.37531690171177,20.40129654664831,6.038602379283009,75043.0,208220.66084542032, 0.0, 0.0,0.0,NaN, 146.4444515563754,146.4444515563754,0.0, 150.1504371655261, -22.90507336094936, 21.21212784518656, -22.90507336094936, 157.8711229495771, -36.114349775024785, 21.21212784518656, -36.114349775024785, 144.65605936428744, 6.2860586901838325, 3.948496355186099, 21.0, 0.0
42, 0 ,1.0,1.0,1.0,49.332338101627016,182.62393469264347,162.08067045862543,11.711195651539306,9.941580833354935,11.264447769529522,54.0,43.0,50.0,-0.8600377986307912,0.10215617798638274,0.49989909004269795,11.975301760430993,-0.4866286553144944,0.13030772407375993,-0.8638358923276599,11.022981119634743,0.1533868858576577,0.986196741196163,0.062357444631403414,9.897522497575661,58.55790415863891,56.33575819931352,46.375873810022654,18.249925291682796,5.460324482593464,52919.0,152989.55233844384, 0.0, 0.0,0.0,NaN, 64.60249825669376,64.60249825669376,0.0, 137.15210358863317, -5.485915067169067, -9.641466228686681, -5.485915067169067, 98.8350294661302, -0.3294766946256301, -9.641466228686681, -0.3294766946256301, 126.88778355245863, 7.053933407922039, 4.4761643717005395, 10.0, 0.0
43, 0 ,1.0,1.0,1.0,178.4485685415965,156.0422027618727,88.47649040080836,12.513227712002106,8.999410781094088,12.801351775702413,52.0,40.0,57.0,0.4626119316988969,0.11415601857256678,-0.8791806435957715,12.963491059398246,-0.8858235149223612,0.019080324149646763,-0.4636298541303589,12.392745111365322,0.03615108657299951,-0.9932795903742326,-0.10994887123380256,8.93379189494594,63.689286364999546,59.68066047862931,41.74790999526556,19.20839803903982,5.699325770505406,59380.0,158684.585562434, 0.0, 0.0,0.0,NaN, 101.11795829415718,101.11795829415718,0.0, 156.58086777241746, 3.413116996206786, -5.592822470797092, 3.413116996206786, 80.98939440687249, -9.508607021630537, -5.592822470797092, -9.508607021630537, 163.87460728527932, 7.712116651676166, 4.6181673616122225, 10.0, 0.0
44, 0 ,1.0,1.0,1.0,115.59565334565335,152.78245553245554,63.14433664433665,9.546357149695845,12.25288306216549,10.659896720293165,45.0,55.0,49.0,-0.05055312627005968,-0.8978938736522522,0.4372996376422881,12.735223554112839,-0.47029898797682407,-0.36487132460784066,-0.8035469982439702,10.299067792738757,-0.8810580249519884,0.2462833898919546,0.4038331939440206,9.308209273501994,59.910576811725875,53.2595158116205,47.49665166741963,18.063653808352875,5.348260216553718,51948.0,151552.7109794703, 0.0, 0.0,0.0,NaN, 115.50237006202502,115.50237006202502,0.0, 91.13293482954899, 6.762829723169846, 5.671975652850719, 6.762829723169846, 150.13314333510192, -23.965789858749908, 5.671975652850719, -23.965789858749908, 113.63339808731699, 6.304960837799264, 3.9725213099797494, 16.0, 0.0
45, 0 ,1.0,1.0,1.0,99.56485502478397,158.7508005439312,15.065622669649516,11.57557043294951,10.677606776810888,9.710235363331899,51.0,53.0,41.0,-0.8339341954181165,-0.2609326021085363,0.4862796879052283,12.65947939847058,-0.15746950149039798,0.9570358264072727,0.243486720527657,10.551282311586833,-0.5289207065456065,0.12647768233888498,-0.8391938286578854,8.408436898768263,63.8676967419909,48.12343147032212,48.91842579694206,17.670946338677766,5.480095221374532,45594.0,150352.38265639072, 0.0, 0.0,0.0,NaN, 108.81925288429919,108.81925288429919,NaN, 133.9938308481749, 13.365681510541018, -37.87682691218477, 13.365681510541018, 114.0112864801978, -1.8967056022162379, -37.87682691218477, -1.8967056022162379, 94.28867081130136, 7.44753843714685, 4.337658158207467, 12.0, 0.0
46, 0 ,1.0,1.0,1.0,95.80653055751115,8.809648328807537,133.45613329310402,11.415803821157295,5.950095813467644,10.799688482866928,58.0,24.0,54.0,-0.8278282185463542,0.03636195787698575,0.5598019726633006,11.889397079622189,0.5604244501567657,0.09807185171342045,0.8223784697862586,10.316414359914663,0.024997524774607777,-0.9945148163405375,0.10156477654329622,5.879738109574375,67.36194889015385,50.47245997810671,26.30591022921201,15.952488849775543,5.279733695690765,29829.0,89438.07631119167, 0.0, 0.0,0.0,NaN, 116.98114120425446,116.98114120425446,0.0, 130.3205768831495, 0.7349720240553909, -16.36939403820044, 0.7349720240553909, 35.403640189445184, 7.9691214870871665, -16.36939403820044, 7.9691214870871665, 116.63327132696858, 6.45308447594919, 4.140111687918278, 10.0, 0.0
47, 0 ,1.0,1.0,1.0,117.81077968871884,112.33821180491067,54.568719586939565,10.180015090592534,11.189183284496503,11.027595250888574,49.0,50.0,53.0,0.16292747063857171,0.7318800573086547,0.6616692686117417,12.175653533994856,-0.8094878069876434,-0.28425269868438807,0.5137410764470538,10.24248298878663,0.5640781237112927,-0.6193157393482921,0.5461354093499388,9.863234260662312,62.113476042705216,50.01042187867232,49.083430268090595,18.012264235276508,5.098698260799908,53842.0,152468.89712666787, -1.4210854715202004E-14, 0.0,0.0,80.623141869625, 131.97500597573412,131.97500597573412,0.0, 103.63270724469172, 7.831538610535107, 2.3230213430357463, 7.831538610535107, 125.19782257405595, 23.56603796890789, 2.3230213430357463, 23.56603796890789, 121.60785701742024, 6.505638213258017, 3.9954637109951783, 13.0, 0.0
48, 0 ,1.0,1.0,1.0,109.1530616128173,53.313848612855345,128.68578985424514,10.410586402849148,11.231152158107394,11.479494259047703,50.0,53.0,49.0,-0.20364335303100967,-0.6472784139913947,0.7345475066645261,12.965094244579207,0.8771425010909141,-0.4539086754741837,-0.1568054434936754,10.49579351897009,0.43491426459276256,0.6123704508792508,0.6601908915939995,9.383097896195137,60.96039231977956,48.612344476451646,47.151849459443156,18.331718049650934,5.499635428045239,52554.0,139731.0916486041, 0.0, 0.0,0.0,NaN, 127.2055393328133,127.2055393328133,1.3486991523486091E-6, 108.38030925118755, 1.7452791749094694, -15.016792129762738, 1.7452791749094694, 126.13877879856037, -36.48651706541674, -15.016792129762738, -36.48651706541674, 131.77878844350917, 7.354507199592249, 4.144190583239798, 14.0, 0.0
49, 0 ,1.0,1.0,1.0,15.767146724417975,50.00723335138062,93.87005955603682,9.323200374390412,10.572063362841304,11.226843804721094,38.0,55.0,53.0,-0.22618610107658316,-0.38828658382064074,0.8933495265038598,11.585171568083165,-0.3416851791303227,0.8904698270762187,0.3005240846080869,10.473670668028664,-0.912190268552813,-0.2372699220123476,-0.33408366925936595,8.989918423452051,55.37765557675529,49.805559604576615,43.8608348692717,17.28388981908086,5.0989963234394,46175.0,120973.2320739348, 0.0, 0.0,0.0,NaN, 107.52169262219905,107.52169262219905,1.3486991523486091E-6, 86.92206522103352, -4.09713539807158, -13.75512982465647, -4.09713539807158, 111.76852374793138, -10.794035731276034, -13.75512982465647, -10.794035731276034, 126.04202181560441, 7.3882368379628005, 4.179981654893679, 9.0, 0.0
