// Sample: .//bubblelabels.tif, Map: .//bubblelabels.tif, Thickness:(8.191250068658265):/gpfs/home/mader/Foam/NewValid/InSilicoTest/LatticeData_Phi_6.65/out_Step_06000.vtk/distmap.tif, Neighbors:(1.0):
//LACUNA_NUMBER, TRIANGLES, SCALE_X, SCALE_Y, SCALE_Z, POS_X, POS_Y, POS_Z , STD_X, STD_Y, STD_Z,PROJ_X, PROJ_Y, PROJ_Z, PCA1_X, PCA1_Y, PCA1_Z, PCA1_S, PCA2_X, PCA2_Y, PCA2_Z, PCA2_S, PCA3_X, PCA3_Y, PCA3_Z, PCA3_S,PROJ_PCA1, PROJ_PCA2, PROJ_PCA3,OBJ_RADIUS, OBJ_RADIUS_STD, VOLUME, VOLUME_BOX, Mask_Grad_X,Mask_Grad_Y,Mask_Grad_Z,Mask_Angle, Mask_Distance_Mean,Mask_Distance_COV, Mask_Distance_STD, SHAPET_XX, SHAPET_XY, SHAPET_XZ, SHAPET_YX, SHAPET_YY, SHAPET_YZ, SHAPET_ZX, SHAPET_ZY, SHAPET_ZZ, Thickness, Thickness_STD, Neighbors, Neighbors_STD
1, 0 ,1.0,1.0,1.0,182.34661591416818,34.797252078199755,20.811806667497628,11.793638598350473,18.110735518545944,13.946749734503227,50.0,81.0,64.0,0.17640756932694399,0.9760384650155024,0.1273942082448867,18.280654273325737,-0.4837570329344311,0.1986838750785408,-0.8523519524646205,14.948489274257758,-0.8572394662931913,0.08873349195178074,0.5072148113328394,10.196118296912204,92.1422379768457,77.6498945920814,56.70078830620045,24.35636464863083,8.268493313230866,104297.0,405684.78846462315, 0.0, 0.0,0.0,NaN, 44.222415341554736,44.222415341554736,4.76837158203125E-7, 139.0899113885021, 28.154295330843617, 54.445980010578765, 28.154295330843617, 327.99874102272156, 8.3895554406254, 54.445980010578765, 8.3895554406254, 194.51182815686582, 10.10933796332237, 7.03410094861762, 8.0, 0.0
2, 0 ,1.0,1.0,1.0,60.52846114806208,82.59528007051847,32.717204904239125,16.61435597005814,18.11024426045058,17.422014341834554,80.0,86.0,70.0,-0.05960978457621798,0.8192747177633033,0.5702943191165754,18.69369207689635,-0.5972389163536904,-0.4870450372159409,0.6372541161232257,17.04572706406508,-0.79984520400853,0.3026153805694356,-0.5183353943802885,16.356448899185317,93.2508695727118,88.17794963403387,81.4687658925406,28.99182990089095,8.18646164089363,224622.0,669890.8163883726, 7.105427357601002E-15, 0.0,0.0,86.58258501963559, 107.49925765151039,107.49925765151039,0.0, 276.0368242998065, 2.6963515350640117, -11.547444555532506, 2.6963515350640117, 327.98094717318315, 31.12981978897693, -11.547444555532506, 31.12981978897693, 303.5265837270889, 10.542700848385188, 6.715893124521532, 20.0, 0.0
3, 0 ,1.0,1.0,1.0,167.42145590130013,184.94199234763596,82.61282356615781,17.807793469545103,8.599961604465014,17.419903003672786,73.0,35.0,80.0,-0.7622375674453097,-0.020992170677752053,0.646956891566427,18.81315370972234,0.6449633513536035,0.06016928641595783,0.7618411464228767,16.35429799758123,0.05491963388248112,-0.9979674271951116,0.032324109760109986,8.55172807158208,87.02491948248606,79.10652884149243,36.602809899466735,24.972690035953974,8.419894350755895,102452.0,251982.50250904242, 0.0, 0.0,0.0,NaN, 90.07210304873927,90.07210304873927,0.0, 317.11750825397326, 12.034530437877486, -42.98718530397753, 12.034530437877486, 73.95933959827245, 5.094434568907278, -42.98718530397753, 5.094434568907278, 303.45302065736814, 10.689381099754492, 6.805987065858877, 12.0, 0.0
4, 0 ,1.0,1.0,1.0,14.426664009565563,113.20612993224393,142.3007971303308,9.231481223887599,17.888984229528646,19.690759197406695,37.0,91.0,103.0,-0.04639507484222776,0.21434437827405556,0.9756556690414364,19.78753884686775,0.054731670444124025,-0.9746948152955551,0.21673592523243534,17.8201409081613,-0.9974226492720022,-0.06345474401707553,-0.03348961303072236,9.157395072756561,97.16106128882139,93.68510039526475,39.42166682426246,26.597970231729995,9.247160627653491,125450.0,358837.44820178783, 0.0, 0.0,0.0,NaN, 105.21645559311843,105.21645559311843,0.0, 85.22024558698928, -15.526911953954558, -11.155505511366067, -15.526911953954558, 320.0157567643246, 14.976474188973832, -11.155505511366067, 14.976474188973832, 387.7259977702564, 11.307006447277919, 6.896741793976999, 17.0, 0.0
5, 0 ,1.0,1.0,1.0,58.3043152318259,148.72143764904115,184.82260713112765,18.861820950179343,22.11206702133198,8.821224416454848,94.0,94.0,39.0,0.08981368910878873,0.9947007386270024,0.05003940270991469,22.162996853241772,0.9950048739504649,-0.08741615261196822,-0.048204948681028696,18.84678158297817,0.04357524599459435,-0.05411891386027823,0.9975832502097727,8.72503250221287,97.32279759737199,92.75270652258607,42.35947450576242,28.472909164745566,10.574461755289363,140062.0,382376.98053359473, 0.0, 0.0,0.0,NaN, 79.11534229041418,79.11534229041418,0.0, 355.7682895566244, 12.807814846888826, -11.520169523139936, 12.807814846888826, 488.9435079558774, 21.8358929604608, -11.520169523139936, 21.8358929604608, 77.81400020545918, 9.211644575990723, 6.394654679457437, 16.0, 0.0
6, 0 ,1.0,1.0,1.0,183.21861828240253,176.279877941693,136.78853837372674,11.020520213499031,14.63487142509104,15.330540710739726,45.0,61.0,75.0,0.0022542833003733123,0.5536233211009605,0.83276415421171,15.866133776631273,-0.3758131128860426,0.7721894382768907,-0.5123358035473633,14.575150567367036,0.926692733536691,0.3118087390480949,-0.20979963742469335,10.319282475509421,79.03791134966411,74.24561609961648,56.41977952036834,22.73775093006461,7.32471764172669,91104.0,331083.5896246144, 2.8421709430404007E-14, 0.0,0.0,89.8708389716667, 69.5697336759493,69.5697336759493,0.0, 121.45186577614074, -30.564556210097113, 20.672052612514012, -30.564556210097113, 214.17946162894626, 25.049205836699873, 20.672052612514012, 25.049205836699873, 235.02547848364807, 10.52320614176785, 6.758144222647571, 7.0, 0.0
7, 0 ,1.0,1.0,1.0,81.14483795522887,21.733103046894367,43.109718375133376,17.239038005725735,13.535450636304093,19.79011914310795,92.0,55.0,86.0,-0.30756461514073313,0.06804064522857665,0.9490913960784871,20.10671524842759,0.9486062235521221,0.10002013270464268,0.3002369159379422,16.930505754073103,0.07449993390274927,-0.992656256541319,0.0953064331399583,13.458069988636419,95.17342630997973,89.0768936901789,60.893027443299864,28.176042475509607,8.840379030752997,185566.0,516236.05689771794, 0.0, 0.0,0.0,NaN, 94.42065617866989,94.42065617866989,0.0, 297.18443136285634, 5.341880459828795, -35.08858250309018, 5.341880459828795, 183.20842392782487, 17.57978844165843, -35.08858250309018, 17.57978844165843, 391.64881569840776, 9.609440616041054, 6.177510498441872, 13.0, 0.0
8, 0 ,1.0,1.0,1.0,51.787927312239965,183.21583289249818,121.74270477388731,14.651666697991443,9.711355268565597,12.701148940504718,61.0,37.0,60.0,-0.9637507588774556,0.024762533792292443,0.26565257703119277,14.806952151697569,-0.26109581829464246,0.11732810247071905,-0.958156088557429,12.558179374984,0.05489488530072051,0.9927844344523167,0.10660965377026003,9.661637612396646,62.712577349062016,63.7477033327834,41.33164338880465,20.72370938645377,6.389742706559811,69943.0,165234.9320469365, 0.0, -2.8421709430404007E-14,0.0,88.58106628742613, 95.33048797156845,95.33048797156845,0.0, 214.6713370290315, -4.976174180483737, -16.13178531216763, -4.976174180483737, 94.3104211522968, -6.4071439781908355, -16.13178531216763, -6.4071439781908355, 161.3191844088841, 10.864444325108403, 6.572279038216394, 9.0, 0.0
9, 0 ,1.0,1.0,1.0,169.71131526319547,95.19401292764803,16.60832261981287,16.157851300796537,15.889583030322413,10.426955944625629,68.0,78.0,41.0,0.7922552112720342,0.5971062627681677,0.1256813079790969,16.616603496129045,0.6000040464905094,-0.7998034582002835,0.017594670951241675,15.49748996167214,-0.11102623296914807,-0.06146982360394014,0.9919146315982947,10.295276147225447,81.18438388861648,71.9317505529823,44.47532655437675,23.852182285949013,7.304095974530033,112008.0,259724.11447467914, 0.0, 0.0,0.0,NaN, 101.26766957227042,101.26766957227042,0.0, 261.0761586586524, 16.08572966230531, 18.3555291756991, 16.08572966230531, 252.47884887751, 10.878370662353475, 18.3555291756991, 10.878370662353475, 108.72141027116375, 9.574250098932225, 6.090116040270885, 12.0, 0.0
10, 0 ,1.0,1.0,1.0,88.03930374646121,179.34201698616172,79.35268672034826,16.183788137194814,11.929902082672502,18.8136524093472,82.0,54.0,88.0,0.5237169497960288,-0.11803754990747316,0.843675111229545,20.42566495266073,0.8513872105211656,0.10662240983587647,-0.5135868762748715,14.25837662762254,0.02933213693772689,-0.9872683518338019,-0.15633562361162368,11.733796757146063,90.45436836855907,73.54364315568704,59.71257662817888,26.264443749007054,8.268619818723156,145177.0,397228.5882678258, 0.0, 0.0,0.0,NaN, 120.31009997543607,120.31009997543607,0.0, 261.9149984696076, -11.323078372765918, 94.81483685138616, -11.323078372765918, 142.3225637021537, -31.429978259127697, 94.81483685138616, -31.429978259127697, 353.95351697973564, 10.17639019476959, 6.239930101310604, 15.0, 0.0
11, 0 ,1.0,1.0,1.0,155.509524841654,181.86639934494136,181.44342894299544,18.092497412167297,11.599436806933147,10.897998310892772,79.0,53.0,48.0,-0.994342435161517,-0.10022779666322373,-0.03517826620372125,18.16191422116797,0.054438434391011294,-0.765217804391722,0.6414656410930886,12.828117123127626,-0.09121172346864162,0.6359214579002241,0.7663447793806213,9.286336572071567,79.56791509571983,71.0747022332745,51.029715403054865,22.77633723330509,7.867034146755572,83046.0,288586.60801507963, 0.0, 0.0,0.0,NaN, 51.503166717457326,51.503166717457326,0.0, 327.3384626092804, 21.01647494302095, 11.256734191967174, 21.01647494302095, 134.54693423803542, -37.5874955552027, 11.256734191967174, -37.5874955552027, 118.7663671842217, 10.194140919636828, 6.651682699623158, 7.0, 0.0
12, 0 ,1.0,1.0,1.0,21.497002434063553,44.96859724584042,57.1717181821213,12.403527600367354,16.8287887245393,16.951481966709512,53.0,85.0,82.0,0.2843201641052147,-0.7526085292990422,-0.593921245544826,17.295134797404916,0.055899744719804044,-0.605420474207911,0.7939403428155859,16.873222666184933,-0.9570983558775162,-0.25893329456870146,-0.13006262391768647,11.856687435066775,86.57266035836918,81.30080191426885,62.52853694655103,25.798187106561922,7.6721515724542515,149955.0,440102.5246435452, 0.0, 0.0,0.0,NaN, 75.84788205220131,75.84788205220131,0.0, 153.84749693307472, -38.80239815636723, -20.375371362589977, -38.80239815636723, 283.20812993518115, 1.5900678264786554, -20.375371362589977, 1.5900678264786554, 287.3527408676778, 11.048756113172725, 6.264869417826659, 13.0, 0.0
13, 0 ,1.0,1.0,1.0,133.45712151163943,117.87267690558204,117.12515454238924,13.193288795546453,16.479989015829833,17.759073885167314,68.0,82.0,87.0,0.10812667986477258,0.17287510351704496,0.9789907148106114,17.790484815868854,-0.38177179640924974,-0.9020352467380137,0.20145150560059397,17.118096262627503,-0.9179100808727811,0.3955333263155741,0.03153523752664489,12.308819716900286,87.00321930753076,81.64187728204743,65.48039741786803,26.46378610129004,7.791382268156756,151253.0,465114.2138553029, 0.0, -1.4210854715202004E-14,0.0,80.04497408287968, 134.317131765812,134.317131765812,0.0, 174.06286924269156, 51.820362214773894, 6.58121617280088, 51.820362214773894, 271.590037961872, 2.207256888639221, 6.58121617280088, 2.207256888639221, 315.3847052588317, 9.356041222033044, 6.214763381815137, 27.0, 0.0
14, 0 ,1.0,1.0,1.0,78.15675515597847,91.65835042214486,159.50975319472306,14.125137174269634,17.210022135137102,18.31855342353075,75.0,83.0,84.0,-0.05999061380286358,0.050120733021358534,-0.9969398368893465,18.338791703303276,0.2313184712794088,0.9722497462704658,0.03495991593200041,17.371458469590483,-0.9710267200754635,0.22851333221152945,0.06991971039034783,13.899457223817816,86.73800641186364,81.82790441138027,76.18744538924642,27.605618060738152,8.318870902902988,178967.0,540747.1969988605, 0.0, 0.0,0.0,NaN, 127.07946987996334,127.07946987996334,1.3486991523486091E-6, 199.51950019193396, 23.987599039248472, 9.437378868032857, 23.987599039248472, 296.184861891909, -3.460786908546437, 9.437378868032857, -3.460786908546437, 335.56939953075016, 9.996148941931914, 6.307872986331498, 22.0, 0.0
15, 0 ,1.0,1.0,1.0,119.2198505779293,50.80750672060108,14.438496959829038,16.64429941535539,18.619449377147916,9.476825080735855,77.0,94.0,39.0,-0.5180050043034526,0.8545447203333134,0.03773773266955045,19.707703228054903,-0.8541179290139645,-0.5143451156522358,-0.07701730546821525,15.382741560639253,-0.0464045132877883,-0.07212782372390221,0.9963153106278041,9.40768341838382,97.98331134631059,72.33253624498714,42.993306377182904,25.355113009571202,8.405061333439555,117921.0,304709.9607745353, -1.4210854715202004E-14, 7.105427357601002E-15,-1.7763568394002505E-15,46.77970660798972, 96.51583017451068,96.51583017451068,0.0, 277.03270302799984, -67.67576268630363, 3.8815560105191413, -67.67576268630363, 346.6838951081739, 15.538711870583821, 3.8815560105191413, 15.538711870583821, 89.81021361086415, 9.468851684041718, 5.891035859877457, 8.0, 0.0
16, 0 ,1.0,1.0,1.0,15.40765338393422,97.94616468288196,23.117675809326663,9.401682614318501,13.22057543746095,14.562223213413365,38.0,61.0,57.0,-0.06485637158054709,0.2317588151136454,0.9706088309316608,14.695393697022928,0.3315070595549978,0.9224202011156957,-0.19810109045353277,13.537424195662245,0.9412208670288845,-0.3089155615873027,0.13665451064123726,8.718781223969716,63.17683640576006,66.40969395196605,44.31498070120568,20.83330605961039,6.419264320921118,69564.0,185925.91096222345, -1.7763568394002505E-15, 0.0,3.552713678800501E-15,45.209951275975804, 101.80998916467294,101.80998916467294,0.0, 88.39163598037875, 30.690826604606425, -15.852050638273747, 30.690826604606425, 174.78361489759575, 11.881442928898934, -15.852050638273747, 11.881442928898934, 212.05834491727506, 11.055236560304378, 6.518788703052236, 6.0, 0.0
17, 0 ,1.0,1.0,1.0,186.41732052035678,28.022337516293096,171.96980346052598,8.034257614715576,15.516551566980086,15.087240719890975,32.0,73.0,59.0,0.011773227549774666,0.7866712508171572,0.6172598595817084,16.190646185182175,-0.04375273881195369,-0.6163061468150497,0.7862902970560168,14.371882908479584,-0.9989730171328524,0.03626398400280215,-0.027163109261097593,8.01557597815042,79.92223462887114,73.64990981261673,33.7975608931267,21.942122858019268,7.175008360542706,78254.0,198941.4123581154, 2.8421709430404007E-14, 0.0,0.0,89.32542816593019, 41.897881805233425,41.897881805233425,0.0, 64.54929541961523, 5.669940497999041, -3.457431845150022, 5.669940497999041, 240.76337253075218, 27.131658235374122, -3.457431845150022, 27.131658235374122, 227.62483253993636, 8.75822120222189, 5.645428157269842, 9.0, 0.0
18, 0 ,1.0,1.0,1.0,23.928246876183263,176.25975009466111,46.50046832340222,15.193948083646895,12.43410212515827,13.154549926242925,66.0,53.0,70.0,0.963396707118504,0.1588615764453883,0.21593930684919127,15.392551418458249,0.12275011515843265,0.45469418029962766,-0.8821482934463127,13.237158200201657,0.23832581467775288,-0.8763653358793554,-0.41855059924368726,12.0976089126072,72.41295102110607,66.54282257455503,64.83831203945388,22.626124922808373,6.823753275650373,100358.0,312427.4363862263, -3.552713678800501E-15, 0.0,0.0,15.550036273491422, 57.43216884665989,57.43216884665989,NaN, 230.85605836855711, 15.4740973358542, 15.717340644461387, 15.4740973358542, 154.60689565886543, -8.472819389131395, 15.717340644461387, -8.472819389131395, 173.04218376201777, 10.259631793086253, 6.133525378709489, 9.0, 0.0
19, 0 ,1.0,1.0,1.0,109.96778969632875,71.01677745883065,62.03059374527874,13.006015858879183,14.842416376566273,15.753985218807955,61.0,72.0,68.0,-0.23874210809856028,0.4190271702098654,0.8760242213812175,16.26057007336552,-0.14888547155558005,-0.9072393454079289,0.3933826209982654,14.525213878663845,0.9596016476540293,-0.03651028306798927,0.27898329170394326,12.737890145524087,79.29151509102289,71.95573288707803,59.49710093209427,24.30765237695727,6.8395802950327775,132380.0,339459.464694743, 0.0, 0.0,0.0,NaN, 130.3724515884908,130.3724515884908,0.0, 169.1564485214168, -3.6373354050124043, -24.21847369897466, -3.6373354050124043, 220.29732389536272, 20.10721446813507, -24.21847369897466, 20.10721446813507, 248.18805027441954, 9.135206164303936, 5.72860593607044, 11.0, 0.0
20, 0 ,1.0,1.0,1.0,141.35224571740653,40.183034237671436,86.22427943970524,15.201634867230005,12.615780785172511,16.828863495713936,87.0,65.0,88.0,-0.3379709801198408,7.424491092006442E-4,0.9411562385524279,17.057053851000244,0.8863021958062043,0.3366598171568221,0.3180072093853158,15.256689849606826,0.3166133830177357,-0.9416260490668553,0.11443928264721638,12.237181161136164,80.13060278651136,79.13616540413918,63.81724416032915,24.85095494984202,7.475848586899301,130003.0,404679.73614306573, 0.0, 0.0,0.0,NaN, 111.7535757272836,111.7535757272836,0.0, 231.089702636583, 24.73567004726285, -21.51297607272496, 24.73567004726285, 159.15792481952795, 8.986587007470517, -21.51297607272496, 8.986587007470517, 283.210646557373, 8.889850533460047, 5.683641186822739, 15.0, 0.0
21, 0 ,1.0,1.0,1.0,54.90977205404806,76.01310808028006,93.07400719162351,14.347604703846182,14.893386611901505,14.42423648181424,70.0,75.0,63.0,-0.17054680690910345,0.7747813949163049,0.6087918993750278,16.224776672678143,-0.8763558390272821,0.16318423581142044,-0.4531791572716376,14.730415581213599,0.45046002048561173,0.6108065940002513,-0.651153649049066,12.469835697360077,76.2574721230257,71.33082139129391,63.93665170469246,24.23826383006109,6.944918293044484,126258.0,347783.9363536321, 0.0, 0.0,0.0,NaN, 132.12057554279062,132.12057554279062,0.0, 205.8537607378291, -23.030545967379908, 13.232801802079601, -23.030545967379908, 221.812964771567, 46.27480649224365, 13.232801802079601, 46.27480649224365, 208.05859808330084, 8.676989793579898, 5.610506877538149, 11.0, 0.0
22, 0 ,1.0,1.0,1.0,117.61567554044707,150.94409371183025,160.00018395067178,16.308956912927815,12.75788712520077,15.712195775153129,77.0,66.0,76.0,-0.9326620630670457,-0.35300186366889297,0.07437177126981906,16.827407201745668,0.08446149933525553,-0.01324230659548159,0.9963387458319949,15.711533190392148,-0.3507245803270174,0.9355289015109693,0.04216566366272223,12.066687500622674,86.1403679234985,79.06370472392615,63.04770503693106,24.922232986658653,7.382489994743687,135906.0,429391.22551067994, 0.0, 0.0,0.0,NaN, 103.89246431955821,103.89246431955821,0.0, 265.982075587736, 45.174745064649294, -1.021252865131209, 45.174745064649294, 162.76368389936357, -4.947166441090215, -1.021252865131209, -4.947166441090215, 246.8730960767398, 9.165347731178517, 5.7776478893504555, 14.0, 0.0
23, 0 ,1.0,1.0,1.0,183.71779238375277,20.31866009397792,114.74354982847589,10.306559430869646,11.454177234396342,15.845818372958307,42.0,43.0,81.0,-0.23295446332771133,-0.31255529581687597,0.9208916359010564,16.595587093383124,-0.2434871869937483,-0.8980370904623566,-0.3663923770000917,10.863754963977696,-0.9415127231140159,0.30957805350303996,-0.1330985386985876,9.750826654001187,91.61109619378607,52.674066179777526,47.63707829480279,20.8701318695403,7.2767368425510535,69378.0,229874.10010551475, 0.0, 0.0,0.0,NaN, 89.14381935234076,89.14381935234076,0.0, 106.22516730204804, 18.147021332122428, -36.63974225126697, 18.147021332122428, 131.19817611696342, -44.35683357271665, -36.63974225126697, -44.35683357271665, 251.08995990878304, 9.191888975413756, 5.823655033455691, 8.0, 0.0
24, 0 ,1.0,1.0,1.0,174.92255460077016,61.31798273547654,113.80196748939339,14.334714586799302,11.963781418409512,15.055924634703054,61.0,55.0,77.0,-0.5945578549007899,-0.00471119281878471,0.8040390300464249,15.891107609311574,-0.7472024707919259,0.3725687676432394,-0.5503462373990027,13.662202801144678,0.2969670433199824,0.9279926282245038,0.22503390220756836,11.666785687926637,84.11206801432678,73.33010575750751,60.343113200357124,22.948498173759674,6.975916161141353,102059.0,372193.11455932003, 0.0, 0.0,-1.4210854715202004E-14,36.48244905758926, 108.71464521028963,108.71464521028963,NaN, 205.4840422849967, -13.743987933046395, -34.86732428265868, -13.743987933046395, 143.13206582748072, -10.804174555240014, -34.86732428265868, -10.804174555240014, 226.68086660585826, 9.526979349600525, 5.6602015606816645, 10.0, 0.0
25, 0 ,1.0,1.0,1.0,11.386411697178419,24.69447465409945,170.59020602984714,7.107908797226096,14.043846003849636,15.972046892633355,28.0,52.0,60.0,0.031956528968726305,-0.2921139896837356,0.9558494637166048,16.160518687173706,0.03986199171204455,-0.9552045344344656,-0.29324958484639574,13.84247012604941,-0.9986940481814337,-0.04747330225384444,0.018880775939968394,7.0768578169230745,71.97510814925622,65.11324492536055,28.938651770004515,21.27376069766379,7.091217509608748,66204.0,135621.94202321902, 0.0, 0.0,0.0,NaN, 40.05500506985914,40.05500506985914,0.0, 50.52236746968412, -7.359450344407766, 4.793144664135985, -7.359450344407766, 197.22961057984335, -19.292231627005737, 4.793144664135985, -19.292231627005737, 255.10628194047882, 8.586195173239098, 5.214101343095747, 7.0, 0.0
26, 0 ,1.0,1.0,1.0,98.20431898185757,184.58620362848632,141.8347143243975,13.07296051157843,9.338501534278617,15.04780908477067,62.0,38.0,63.0,-0.33054811221569963,0.03140185291788817,0.9432665949475583,15.328805867386677,0.9077336170008986,0.28418975036258515,0.30863549108182303,13.030294501760958,0.2583749718473207,-0.9582536769677301,0.12244290302308834,8.932278632693324,70.23802031290482,65.82259331658102,42.64372897774227,21.02804939744031,6.5090401929595485,73860.0,197152.56227456688, 0.0, 0.0,0.0,NaN, 115.17323405634387,115.17323405634387,0.0, 170.90229653728895, 21.607129718961687, -23.171306172075003, 21.607129718961687, 87.20761090572408, 12.490933846419741, -23.171306172075003, 12.490933846419741, 226.43655825170669, 9.406694378466778, 5.624388588053724, 7.0, 0.0
27, 0 ,1.0,1.0,1.0,175.33204321340827,150.0158292105588,92.51584603820999,14.583602251773279,10.96003959331539,13.826759776546364,62.0,51.0,66.0,-0.7994600278524513,-0.09400105642827115,0.5933190248563804,15.383276652157823,-0.5985202684173029,0.20907532204253057,-0.7733440359933553,13.062643237253406,0.05135320982992946,0.9733711065689081,0.2234089003083408,10.803025480979942,74.95647626685457,66.1436755793018,52.422904685238336,21.906723412417332,6.63917749236427,89139.0,259907.35394191812, 0.0, 0.0,0.0,NaN, 108.00975506730379,108.00975506730379,1.9073486328125E-6, 212.68145463792666, 2.2652541202604017, -31.930748729949556, 2.2652541202604017, 120.12246788704097, -15.408708407766609, -31.930748729949556, -15.408708407766609, 191.17928591832046, 9.412880063661758, 5.547711060928499, 8.0, 0.0
28, 0 ,1.0,1.0,1.0,20.19195416590946,75.44884314831995,175.1744890053658,11.778625168669771,15.455356256372841,14.278660729994142,49.0,73.0,59.0,-0.01188720182092333,0.8150717668387385,0.5792380420304303,16.56866431713373,-0.06550357496193498,-0.5786694464938043,0.8129273973497021,12.975922369692668,-0.9977815272393423,0.028278730468890918,-0.06026887507655191,11.77238300088601,84.22344328472397,67.2144835437154,51.11523296692392,23.034344931746315,7.134644608034901,104551.0,289365.1352623346, 0.0, 0.0,0.0,NaN, 81.95455412362804,81.95455412362804,0.0, 138.73601086402098, -0.1880119094378385, -2.5220305864954287, -0.1880119094378385, 238.86803701140312, 50.16451066412551, -2.5220305864954287, 50.16451066412551, 203.88015224227684, 8.501751767489694, 5.154434742000024, 8.0, 0.0
29, 0 ,1.0,1.0,1.0,49.05490080894861,12.989279289202187,119.078924502209,15.741929533854773,8.237432993939754,15.675530780506117,69.0,33.0,72.0,-0.7286626149651616,0.08372524880698495,0.679735887138778,16.75952549083109,0.6729217387984143,-0.09707992197790777,0.73331563613582,14.682734304329301,-0.1273857409785402,-0.9917487441186765,-0.014397969800509945,8.057389881329167,82.24258565285967,77.85909809716655,37.217201416992296,22.46755834438759,7.522947233003354,81711.0,238314.1542513482, 0.0, 0.0,0.0,NaN, 95.51609879778316,95.51609879778316,0.0, 247.80834544884914, -23.01745061119519, -32.61880353094289, -23.01745061119519, 67.85530232964724, 1.5649195073361193, -32.61880353094289, 1.5649195073361193, 245.7222652505947, 8.687217474675654, 5.6914458889533055, 8.0, 0.0
30, 0 ,1.0,1.0,1.0,88.89817300199151,33.7579963633215,104.71362022685946,13.23998387615969,14.883426502386959,13.905354122866072,67.0,68.0,61.0,-0.41276800821847315,0.7312819809227399,0.5430002170985456,16.576577679520117,-0.19390627299024682,-0.6530406371050381,0.7320780583957405,12.680907708369372,-0.889956700455919,-0.19688725369398316,-0.41135444648922265,12.433184744943079,82.87490802233374,63.03396248599495,63.72306345633754,23.341056570917452,6.735540730229437,115490.0,332885.0677889566, 0.0, 0.0,0.0,NaN, 134.6179098479441,134.6179098479441,0.0, 175.29717304096857, -35.49419830952774, -27.823688857322157, -35.49419830952774, 221.51638445195448, 44.75503482310605, -27.823688857322157, 44.75503482310605, 193.35887328230848, 8.307961877333838, 5.21819205327794, 10.0, 0.0
31, 0 ,1.0,1.0,1.0,104.3076803689415,162.13267704314666,18.34423085450756,11.724442785660289,17.89176861724085,11.089671971679453,55.0,84.0,44.0,-0.08388793884277992,0.9961090211965079,-0.027011693905521623,17.93616310855022,-0.7764141542435224,-0.04834667255895766,0.6283658650362806,12.682670449515125,0.6246149812540732,0.07368457873539479,0.7774488459375071,9.899630828421683,84.54475457709242,68.56261317322931,53.54924808815197,22.820555243813242,7.731819041507913,90204.0,310404.0696843523, 0.0, 0.0,0.0,NaN, 104.5345157827536,104.5345157827536,0.0, 137.46255863422158, -16.333880079103906, -30.154613799122163, -16.333880079103906, 320.11538425288455, -7.928359661065497, -30.154613799122163, -7.928359661065497, 122.98082443945283, 8.008443591276638, 5.226366037995582, 12.0, 0.0
32, 0 ,1.0,1.0,1.0,153.61698859402762,89.30402934601938,68.70535908752221,10.662170522081137,12.674796095080852,14.996395831734596,51.0,62.0,69.0,-0.08843362865824114,-0.26256527283847003,0.9608532514497705,15.22188136630656,0.27882234997943195,-0.9325952530361005,-0.22918156812117313,12.596460836103347,0.9562623021296426,0.2476400038640621,0.15568184869124585,10.433011373064035,69.04634912651619,64.62982647221656,48.11164416079879,21.463788395424707,6.207254783903277,87235.0,214695.97788726608, 0.0, 0.0,0.0,NaN, 121.84834743182455,121.84834743182455,0.0, 113.68188024193596, -10.102708448338367, -13.623196448302982, -10.102708448338367, 160.65045605187683, -20.34655280242163, -13.623196448302982, -20.34655280242163, 224.89188794206677, 8.079797507353879, 5.087594500938838, 8.0, 0.0
33, 0 ,1.0,1.0,1.0,152.80946193216474,49.69824179904002,157.76888806385745,12.249267377022324,11.485354615297481,12.4051765354711,55.0,56.0,57.0,-0.7031904436474719,0.16464411437221457,-0.6916758746446638,12.827934706699878,0.5065142060818072,-0.5667002368315366,-0.6498416734962427,12.219004828957518,-0.49896548878673747,-0.8073061111980196,0.31510360807541105,11.044742592730671,59.74696444802538,58.98221341489334,55.77638682723119,20.115617849220236,5.586434044472217,75418.0,196556.4449898203, 0.0, 0.0,0.0,NaN, 80.50049028677192,80.50049028677192,0.0, 150.04455127378336, -12.769872780341581, 11.713237177830639, -12.769872780341581, 131.91337063913517, 5.212341278703535, 11.713237177830639, 5.212341278703535, 153.88840487620277, 8.257654162193496, 5.0415852120932065, 13.0, 0.0
34, 0 ,1.0,1.0,1.0,120.8537023868622,79.27614613661063,178.53201937396858,12.35669753869743,11.981058512824037,12.821990088640357,58.0,55.0,52.0,0.38231457772219235,0.45148242110692155,-0.8062252706858883,13.92124051368963,0.8032044758148731,-0.593734481787711,0.048393544685552174,12.543851859089653,0.45683490857426406,0.6660653035309005,0.5896260490685882,10.463651852053165,67.30543718511021,59.79390972408275,58.01275226569206,20.56450594913264,6.143147568789906,74533.0,233469.72455163367, 0.0, 0.0,0.0,NaN, 114.06015064123092,114.06015064123092,0.0, 152.6879740628511, -8.270952497905556, -24.12759261999571, -8.270952497905556, 143.5457630877133, -32.064776981403796, -24.12759261999571, -32.064776981403796, 164.40342983319152, 8.507608694616156, 5.088822672446362, 10.0, 0.0
35, 0 ,1.0,1.0,1.0,48.554767502091885,31.264872295493486,11.02454476630673,12.639119399966802,13.269063510152325,7.498782306545501,59.0,59.0,30.0,-0.6036489638943059,0.7936394356209449,0.07579165268417765,14.039368548484996,0.7881503462269092,0.6083786274399795,-0.09324418167719589,11.84373263835859,0.12011228135263423,-0.00344846364553255,0.9927543240735599,7.39386567871792,70.48289669010286,59.14809717370812,33.018764391436854,18.8112397115271,6.1793512798268635,50194.0,137652.89176265468, 0.0, 0.0,0.0,NaN, 58.792842031492356,58.792842031492356,6.743495761743046E-7, 159.74733920661717, -27.19057325457844, -12.807735457675662, -27.19057325457844, 176.06804643645592, 3.711453108577812, -12.807735457675662, 3.711453108577812, 56.23173608095987, 8.130939905503316, 4.881365720988722, 2.0, 0.0
36, 0 ,1.0,1.0,1.0,46.396001388963086,22.80824296169667,166.97368983385866,12.031205065627088,13.230826400787787,11.497495394862915,52.0,52.0,54.0,0.3458935900429954,-0.9280251268418768,0.1383003554488775,13.403935648257963,0.7689144537246396,0.36483462748731815,0.5250392913292575,12.138908482038248,-0.5377064135943584,-0.07526658313161001,0.8397658925219489,11.179377126472968,63.337467993695704,64.7835533609258,61.91633033192912,20.421999267988266,5.910922840987413,74876.0,254056.71114864928, 0.0, 0.0,0.0,NaN, 61.34771434270898,61.34771434270898,0.0, 144.74989533117088, -11.277742027582462, 11.648941219299312, -11.277742027582462, 175.0547672477831, -2.7329553043093124, 11.648941219299312, -2.7329553043093124, 132.19240035489395, 7.998170112805226, 4.89689201238308, 6.0, 0.0
37, 0 ,1.0,1.0,1.0,114.5391867194639,154.84971063052086,61.50295461468169,10.092968824177284,12.361051641858701,13.939697828609097,51.0,55.0,60.0,0.15704992043550897,-0.4342294781502733,0.8870062473266701,14.646065596115692,-0.41054954925829595,-0.8455729547222389,-0.3412556898369794,12.044643610092972,0.8982117735228203,-0.31056583609219446,-0.31106988179080564,9.455057683143146,62.772726163322254,55.826274579567325,47.71211239431939,20.304086045037362,6.059940825383184,65660.0,167200.77349756408, 0.0, 0.0,0.0,NaN, 114.56313832578938,114.56313832578938,0.0, 101.86801968581457, 10.795761415590462, 25.228478491873595, 10.795761415590462, 152.7955976926977, -32.12208108227682, 25.228478491873595, -32.12208108227682, 194.31517555292916, 7.987254818925816, 5.017785468377056, 9.0, 0.0
38, 0 ,1.0,1.0,1.0,35.10592707970405,53.97564199782756,127.94922427397373,14.363422045292738,13.318920895228372,12.327139534079365,71.0,64.0,60.0,-0.8880604583642223,-0.31826452324074683,-0.3317473670374304,14.604615604995509,-0.433460916165129,0.8200927479733232,0.37357665729920786,13.626194415289653,0.15316741313743668,0.47555817516672244,-0.8662471734931562,11.691533027976503,71.31901103220218,64.16691804651728,53.84396677420032,22.229455961461905,6.442918858300152,97586.0,246407.2831981919, 0.0, 0.0,0.0,NaN, 96.62872413483106,96.62872413483106,0.0, 206.30789285120142, 4.2391304968790555, 14.636524385464508, 4.2391304968790555, 177.3936538133509, 23.094248212851173, 14.636524385464508, 23.094248212851173, 151.95836909266242, 8.32182890926916, 4.9430436612383115, 6.0, 0.0
39, 0 ,1.0,1.0,1.0,58.8263529208085,144.25976368069482,86.54266876343543,12.037289543646478,12.201202040008763,10.9367821911451,62.0,57.0,51.0,0.6446381100719574,-0.7236436728105744,0.24653912842402342,12.864332566282346,0.7371666785566167,0.6738335380957968,0.05033538480140953,11.45788817515779,-0.20255121591503933,0.14929232310645496,0.9678247812454572,10.798361989899682,57.1154488684169,51.42437229058642,49.17430438165603,19.58425555766268,5.4622165580843385,69313.0,144431.13315129658, 0.0, 0.0,0.0,NaN, 118.56284097301821,118.56284097301821,0.0, 144.89633955758086, -15.513691289356313, 8.314105019790073, -15.513691289356313, 148.86933122111398, -8.223792810665568, 8.314105019790073, -8.223792810665568, 119.61320469654864, 7.423365751062823, 4.686626554095964, 11.0, 0.0
40, 0 ,1.0,1.0,1.0,169.6119325441959,150.84736790373086,167.4553266776191,12.049600033624888,11.290853208602456,13.40589596257769,53.0,57.0,62.0,0.4920312439845644,-0.20157752436327203,0.8469189787781221,14.210563206170237,-0.7361474216441154,-0.6156682324002568,0.28113982503349594,11.379985342289205,0.46474964072038105,-0.7617868004138154,-0.45131878109110274,10.997731615234182,68.8881087027942,55.98566653791309,54.734758011222496,20.33981869467664,6.21981102411301,71217.0,211098.0963642037, 0.0, 0.0,0.0,NaN, 66.3217283199871,66.3217283199871,0.0, 145.19286097033287, -4.155935987820203, 31.979062069300408, -4.155935987820203, 127.4833661782084, -15.307196301645334, 31.979062069300408, -15.307196301645334, 179.71804655945678, 7.486771512320217, 4.778684020796161, 11.0, 0.0
41, 0 ,1.0,1.0,1.0,130.68770593080725,120.00432454695222,183.58837863811092,15.513580431222193,10.219642121298605,9.432779435375503,72.0,50.0,38.0,-0.9842203842622061,-0.0770495604841068,0.15929093016227408,15.685014438540009,-0.013884030301408364,-0.8638156699343219,-0.5036166419793024,10.635216225351577,0.17640144246957293,-0.49788136499082314,0.8491152321620017,8.658064949090747,72.17371019510868,55.07074187219058,44.04069915723423,19.75956001578369,6.6067676470776435,58272.0,175046.79492366948, 0.0, 0.0,-2.8421709430404007E-14,80.83425831974577, 107.11136035010301,107.11136035010301,NaN, 240.67117779600017, 13.429429195933515, -26.5512370528497, 13.429429195933515, 104.44108508742065, 14.495173129173878, -26.5512370528497, 14.495173129173878, 88.977327876443, 7.695776350051574, 4.966107515808091, 4.0, 0.0
42, 0 ,1.0,1.0,1.0,125.22596538510128,10.512148903019328,43.05000631658736,9.430236382186907,7.118300375620838,18.63911943686972,45.0,29.0,83.0,-0.13142693885661322,0.014044179549042086,0.9912263721085988,18.765828883052265,0.9306034129036165,0.3463225222670413,0.1184820596661614,9.463533543705884,0.3416200340069669,-0.9380103792556822,0.058585670378428226,6.730641205898214,86.16743518914973,49.27653801563103,33.59569828031751,20.40748820359994,8.399449807176707,47494.0,142648.4400558536, 0.0, 0.0,0.0,NaN, 86.91929918612745,86.91929918612745,NaN, 88.92935822392161, 13.697132647761709, -35.09539452961691, 13.697132647761709, 50.67020023756376, 6.087708897025456, -35.09539452961691, 6.087708897025456, 347.41677338189464, 8.307399290494253, 4.596331375588427, 4.0, 0.0
43, 0 ,1.0,1.0,1.0,171.17797322178723,103.98405462898411,120.75919272090238,8.276370731357508,12.607508947589656,16.847712840424737,43.0,53.0,73.0,-0.13665066699467457,-0.010734852083366435,0.9905611329749715,16.969997799134838,0.18632458967482282,0.9818157951426775,0.03634407366905308,12.751254963545277,-0.9729387146641969,0.1895323385575689,-0.13216561636250046,7.7921559180921,71.37297533228782,55.20371905792305,40.18009555583342,21.512472197289036,6.964665265518602,55941.0,158311.73330012342, 0.0, 0.0,1.4210854715202004E-14,7.878431453838347, 127.78449253073322,127.78449253073322,0.0, 68.49831248287121, 18.970357199796574, -30.07263943671512, 18.970357199796574, 158.94928186355324, 1.2186803937550117, -30.07263943671512, 1.2186803937550117, 283.8454279534126, 9.352304900837511, 5.501347297985452, 8.0, 0.0
44, 0 ,1.0,1.0,1.0,48.5425888177053,183.34400480489225,164.48052562609203,15.086215020010611,9.916874738489412,9.141247833548393,62.0,43.0,41.0,-0.9939969346026402,0.034415788349717646,0.10385397206088134,15.137822617915878,-0.0890567396488979,-0.8059081426293045,-0.5853041626085475,10.809572082481662,0.06355305754771604,-0.591039439594391,0.8041351812477083,7.968699890533201,63.110721879460186,52.535384693181356,41.12516244573622,19.27238514695483,6.170564877762731,54944.0,136352.3699931192, 0.0, 0.0,0.0,NaN, 62.4134453852931,62.4134453852931,0.0, 227.59388362999374, -1.838098268117542, -14.31978796529296, -1.838098268117542, 98.34440457888945, 25.755780160548902, -14.31978796529296, 25.755780160548902, 83.56241195435318, 8.647250636558313, 5.205801209793511, 6.0, 0.0
45, 0 ,1.0,1.0,1.0,118.3463007988885,116.08760757979236,51.24929566593339,12.391122279590022,8.747283011668156,11.06997432446692,57.0,38.0,55.0,-0.989420424909781,-0.0740221065782563,-0.12477159335788518,12.429724946536913,0.12272694832190983,0.03157365281318634,-0.9919381032119006,11.04816537297336,0.07736484296461467,-0.996756656454197,-0.022155109733668164,8.720044875067883,56.98914107248356,56.74481008242823,38.48441609300633,18.036879757748572,5.2220849842609525,51822.0,124452.3666659527, 0.0, -1.4210854715202004E-14,-7.105427357601002E-15,84.16297804617645, 127.8088670678321,127.8088670678321,NaN, 153.53991134775222, 5.92458404486597, 4.083172011484693, 5.92458404486597, 76.51496008621831, -0.7167574065713477, 4.083172011484693, -0.7167574065713477, 122.54433154435684, 6.910871873869195, 4.312007412135268, 9.0, 0.0
47, 0 ,1.0,1.0,1.0,159.77146433405622,51.568137162152325,42.49307930778523,12.525213793937267,12.56758969947807,10.828028979582859,64.0,58.0,55.0,-0.8065461090587557,-0.38619452017492867,-0.4475904004210088,13.85187682212357,0.2005775672007544,-0.8909825709889316,0.40733118924258743,12.527254239627643,0.5561043188988999,-0.23875479216302717,-0.7960804831932391,9.12496097204788,65.11204159699173,57.156395994908166,47.18621213014996,19.92963672278722,5.906020920947466,68707.0,175606.77418603146, 0.0, 0.0,0.0,NaN, 77.99531807267915,77.99531807267915,0.0, 156.8809805838364, 20.66496702985316, 45.227026813728514, 20.66496702985316, 157.9443108544273, -7.961741173088533, 45.227026813728514, -7.961741173088533, 117.24621158268621, 7.563501424356676, 4.404316888449941, 3.0, 0.0
48, 0 ,1.0,1.0,1.0,50.60763557014301,140.03725811978143,49.443039800905304,10.480219241458897,13.623999809487287,9.28412419458039,49.0,59.0,41.0,-0.380706372617178,-0.9198271439083734,0.09476646652712012,14.232227967445953,0.9049001599423346,-0.3495024413085302,0.24290686292427918,9.723255435946054,-0.19031121455397082,0.1782303813852813,0.9654095362934063,9.194852855176256,66.76290182877918,47.14500572446818,43.68962533235009,18.689190490621957,5.688364178178921,55451.0,137514.72924060017, 0.0, 0.0,0.0,NaN, 92.74307185201505,92.74307185201505,1.3486991523486091E-6, 109.83499534904531, 38.164066020668436, -2.060355684328579, 38.164066020668436, 185.61337080890962, -11.135530833143985, -2.060355684328579, -11.135530833143985, 86.19496206039297, 7.330978956125319, 4.347079499838408, 6.0, 0.0
49, 0 ,1.0,1.0,1.0,141.52697526705802,147.4004811856414,17.433298046386295,8.668282374146154,13.91165063688668,10.237948163945951,37.0,61.0,40.0,-0.03305272752473369,-0.9798827928531364,0.19681775700762724,14.046574904376703,0.23087632239128722,-0.19908489804681584,-0.9523976727863018,10.136092494507125,-0.9724215346043351,-0.013961219145426867,-0.23281203447786641,8.569835924152677,65.18458937768067,47.3036214074579,41.13009423790773,18.479617866599533,5.656186778459378,51955.0,126823.29394578822, 0.0, 0.0,0.0,NaN, 80.55882249446948,80.55882249446948,9.5367431640625E-7, 75.13911931793287, 2.66502214644062, -7.248065965008401, 2.66502214644062, 193.5340234427896, -18.33305037919662, -7.248065965008401, -18.33305037919662, 104.81558260764429, 7.8975291420952, 4.458892661088116, 5.0, 0.0
50, 0 ,1.0,1.0,1.0,44.32573326962022,148.98691605797893,123.21002571279041,11.613060708386222,8.308281652234609,10.747011074717221,52.0,37.0,52.0,0.8414520737038348,-0.0175627297757567,0.5400462555951475,12.19401965441409,-0.528216722166659,0.18372293727581818,0.8289951608678161,10.14275845534474,0.11377830233847928,0.9828211601515151,-0.14531711900324792,8.23524775910915,59.35897774990309,46.71265220527523,38.10831598976094,17.154400445389324,5.011538229810196,43947.0,105667.32098168267, 0.0, 0.0,0.0,NaN, 102.29274419134289,102.29274419134289,0.0, 134.86317901666388, -4.597235382846788, 21.400629893311244, -4.597235382846788, 69.02754401285823, 4.572183875687942, 21.400629893311244, 4.572183875687942, 115.49824704009461, 6.857131108569402, 4.289646869888142, 9.0, 0.0
