// Sample: .//bubblelabels.tif, Map: .//bubblelabels.tif, Thickness:(8.191250068658265):/afs/psi.ch/project/tipl/test/LabelValidation/SmallStep0500//distmap.tif, Neighbors:(1.0):
//LACUNA_NUMBER, TRIANGLES, SCALE_X, SCALE_Y, SCALE_Z, POS_X, POS_Y, POS_Z , STD_X, STD_Y, STD_Z,PROJ_X, PROJ_Y, PROJ_Z, PCA1_X, PCA1_Y, PCA1_Z, PCA1_S, PCA2_X, PCA2_Y, PCA2_Z, PCA2_S, PCA3_X, PCA3_Y, PCA3_Z, PCA3_S,PROJ_PCA1, PROJ_PCA2, PROJ_PCA3,OBJ_RADIUS, OBJ_RADIUS_STD, VOLUME, VOLUME_BOX, Mask_Grad_X,Mask_Grad_Y,Mask_Grad_Z,Mask_Angle, Mask_Distance_Mean,Mask_Distance_COV, Mask_Distance_STD, SHAPET_XX, SHAPET_XY, SHAPET_XZ, SHAPET_YX, SHAPET_YY, SHAPET_YZ, SHAPET_ZX, SHAPET_ZY, SHAPET_ZZ, Thickness, Thickness_STD, Neighbors, Neighbors_STD
1, 0 ,0.3333333432674408,0.3333333432674408,0.3333333432674408,12.61584447980732,280.8451679497656,74.12841024758792,8.674704640777229,10.947542738496685,19.080167665688855,36.0,47.0,88.0,-0.07814311563161654,-0.12576741963673008,0.9889773554724607,19.222430461522265,-0.34758998441911854,-0.9263257575492442,-0.14526456426925044,11.09395772491117,-0.9343847474198734,0.35511004922240225,-0.028670485352751646,8.159305112358316,87.02631510844581,56.812660685650826,41.439207765018885,22.228484771330873,8.06513828383775,69753.0,204883.58644952616, 0.0, 0.0,0.0,NaN, 77.59567209997005,77.59567209997005,0.0, 75.25050060472199, 21.169614502342856, -20.55787018487553, 21.169614502342856, 119.8486920112115, -30.075483051998358, -20.55787018487553, -30.075483051998358, 364.0527981507984, 6.579860210828439, 5.596023213075697, 11.0, 0.0
2, 0 ,0.3333333432674408,0.3333333432674408,0.3333333432674408,107.98753720238095,13.535272507440476,122.31808035714286,15.685482878717321,8.86487818235813,15.148613273585497,74.0,39.0,82.0,-0.9768194760327702,-0.025687192545753086,0.21251795072930182,15.710538749191333,0.21393367793265533,-0.08240965080854988,0.9733658258331346,15.160494835792717,-0.007489505275481372,0.9962674428047573,0.08599470749992848,8.799959714867683,70.88828962515692,79.33901598613616,41.96909810573978,22.392672115657835,7.2573519936525255,86016.0,236042.90138515207, 0.0, 0.0,0.0,NaN, 163.72606565584707,163.72606565584707,0.0, 246.03437313853425, 1.5632186119787488, -3.4268394003110876, 1.5632186119787488, 78.58606518804916, -13.14948446572228, -3.4268394003110876, -13.14948446572228, 229.48048411265071, 4.268872409045885, 4.711639674400409, 21.0, 0.0
3, 0 ,0.3333333432674408,0.3333333432674408,0.3333333432674408,163.03785330064056,16.177035220771323,151.03365265818934,15.597456424712336,10.280477755447867,15.955122836436596,77.0,44.0,77.0,-0.2813277561493068,-0.02155741463685777,0.9593695698187277,15.985633756374133,0.955856584387601,0.08206287704309691,0.28214158554576635,15.598389561537646,0.08481087019283383,-0.9963939793503297,0.002480768338676769,10.231547831116476,80.94776560904842,70.98820385459956,46.607843819375226,23.471034009283663,7.255713408200484,105222.0,267824.3535024038, 0.0, 0.0,0.0,NaN, 203.0056618358018,203.0056618358018,0.0, 243.2806469208001, 11.78870263552958, -3.3302069770349334, 11.78870263552958, 105.68822288025842, 0.08970669901009358, -3.3302069770349334, 0.08970669901009358, 254.56594472578058, 3.8615026123594722, 4.765903341616901, 28.0, 0.0
4, 0 ,0.3333333432674408,0.3333333432674408,0.3333333432674408,225.83818683070993,265.0506303995011,217.98391932020326,15.116351245111229,14.134157881099537,15.445443171043298,76.0,71.0,73.0,0.14700220764099536,0.49029030033425675,0.8590726234415909,16.039179688157578,0.9874273555034665,-0.021710150550419964,-0.1565754992535828,15.100645183537905,0.05811685256536417,-0.8712887528031229,0.4873174947471859,13.474250951174943,78.36758010866515,75.7017000566295,69.14302474205057,24.842310641533437,7.049809267843062,141101.0,410195.07673185726, 0.0, 0.0,0.0,NaN, 115.96581590323889,115.96581590323889,0.0, 228.5040749655758, 4.459699033184828, 2.374588740823173, 4.459699033184828, 199.77441900784814, 32.04237305459606, 2.374588740823173, 32.04237305459606, 238.56171474992803, 3.3322758321053643, 4.05670305499431, 29.0, 0.0
5, 0 ,0.3333333432674408,0.3333333432674408,0.3333333432674408,124.48485050572413,154.01112222592715,206.78008224963878,15.145915650664536,15.240729762469469,14.403192392756647,76.0,72.0,71.0,0.5954190008773628,0.5611807074476761,-0.5749368895650444,16.209775508541412,0.6575201761561611,-0.7515939331237762,-0.05266666535014102,15.047330532421602,0.4616745946462439,0.34667387164315977,0.8165009463424813,13.414603143707764,81.676829037494,77.29986400085666,72.1344033116169,24.81262231519418,7.311930629871087,134955.0,455428.3297100323, 0.0, 0.0,0.0,NaN, 213.30537617357368,213.30537617357368,0.0, 229.39876089704495, 4.703139856921993, -29.955830623842154, 4.703139856921993, 232.27984369262268, -24.877084238870083, -29.955830623842154, -24.877084238870083, 207.45195110276293, 3.3226201923078316, 4.034523051969847, 37.0, 0.0
6, 0 ,0.3333333432674408,0.3333333432674408,0.3333333432674408,112.33838455142987,111.49428208386277,168.0954162548826,13.778604190465092,14.676514447585339,15.845240441103487,70.0,82.0,73.0,0.23685026301691733,-0.4445179545572303,0.8638898893869941,16.409063435823843,-0.10629328476079249,-0.8957091706252679,-0.43174856024375535,14.217586576803445,-0.9657140832169626,-0.010434066036327858,0.25939822617429636,13.598695654152724,91.68300063314244,78.18798208056421,70.77045208350602,24.526930927504093,7.3994130633058655,127494.0,507318.6092905102, 0.0, 1.4210854715202004E-14,0.0,63.60749823613155, 206.03326623143553,206.03326623143553,0.0, 189.84993343750222, -7.239888290131364, 18.045598631557073, -7.239888290131364, 215.40007633018118, -25.72753966108336, 18.045598631557073, -25.72753966108336, 251.07164463638142, 3.9480435561968386, 4.482195822069291, 40.0, 0.0
7, 0 ,0.3333333432674408,0.3333333432674408,0.3333333432674408,198.37777005849983,126.96832639914105,69.28524398620003,15.229414323305244,13.425116538039795,14.85790625889198,76.0,67.0,79.0,-0.8254411533236418,-0.1815062438228947,0.5345113524080102,15.857445189735873,0.3949082300552835,0.4909227944294979,0.776557982216484,14.714138156115744,-0.40335392924123076,0.8520858485873576,-0.33354956813466785,12.843744137366153,77.61198932555067,79.25995379665764,69.05667179208409,24.155002491026128,7.032925973399624,126667.0,424803.68328745384, 0.0, 0.0,0.0,NaN, 176.77239196523087,176.77239196523087,0.0, 231.93506063089495, 22.95201286424102, -22.35606914179597, 22.95201286424102, 180.23375405994963, 11.258484047720819, -22.35606914179597, 11.258484047720819, 220.75737839802144, 3.24007144184043, 4.115235341815017, 35.0, 0.0
8, 0 ,0.3333333432674408,0.3333333432674408,0.3333333432674408,118.12947214076246,33.07939496835932,269.3943432628492,14.657911405406956,13.838569207835869,14.80898661914532,73.0,66.0,64.0,-0.6930830238020538,0.28474469478924114,0.6622358952116559,15.60747013597134,0.44786776669602535,-0.5497569559135713,0.7051111635617172,14.25115298863117,-0.5648454529091266,-0.785294688772327,-0.2534992428269915,13.378264596883975,80.27499186788097,84.20074776534778,69.9841147248134,24.082763120419855,6.75921368655791,129580.0,473037.6319694253, 0.0, -7.105427357601002E-15,0.0,73.45641162440899, 126.43387514444139,126.43387514444139,0.0, 214.85436676875935, -18.690060266894235, -22.041162964354484, -18.690060266894235, 191.50599772006305, 2.8354992785290993, -22.041162964354484, 2.8354992785290993, 219.30608468602517, 3.4361934914626096, 4.172076450658688, 31.0, 0.0
9, 0 ,0.3333333432674408,0.3333333432674408,0.3333333432674408,278.4930182599355,13.33373007809098,285.48126106772725,12.773295735710546,8.79161976743605,7.8804086529944755,52.0,36.0,31.0,-0.9759386955378,-0.19371649808171848,0.10008786601248487,12.975728643871276,0.10680856872173158,-0.8249008223855052,-0.5550950935428381,9.11901899792446,0.19009364060797135,-0.5310485397764244,0.8257432144448628,7.143140856891657,57.04136873864982,47.69568930567746,37.059824869690715,16.52995232716181,5.413979930424353,34447.0,100825.97501411891, 0.0, 0.0,0.0,NaN, 29.1741735366462,29.1741735366462,0.0, 163.1570839519212, 19.35368136800854, -13.36729633097857, 19.35368136800854, 77.2925781351723, 12.438047515470508, -13.36729633097857, 12.438047515470508, 62.1008405381902, 7.19180003082828, 5.388068488041454, 7.0, 0.0
10, 0 ,0.3333333432674408,0.3333333432674408,0.3333333432674408,22.15957074536335,87.2627473852016,220.2104125354796,12.880604114298814,17.31478734532386,13.96801895549454,53.0,83.0,65.0,-0.038738212346076654,-0.98595160042485,-0.1624770522994167,17.412059975998073,0.46417694753845445,0.12623578686239495,-0.8767007970163567,14.208842896610832,0.8848949724561175,-0.10937992382018341,0.4527658555887112,12.479836843316964,81.14645361148932,69.62835416553816,64.99848095509567,24.603341268773466,7.44936071863959,128595.0,367247.5279904655, 0.0, 0.0,0.0,NaN, 120.30050675117967,120.30050675117967,0.0, 165.90996234929153, 8.33496966177292, -17.8504425928539, 8.33496966177292, 299.8018608137873, 18.51113636806393, -17.8504425928539, 18.51113636806393, 195.10555354105477, 3.5423178716058876, 4.1281325513706975, 35.0, 0.0
11, 0 ,0.3333333432674408,0.3333333432674408,0.3333333432674408,97.86502573320558,256.9423101381199,49.38454820630654,12.83630306570117,13.026028195664837,17.011518858072304,78.0,65.0,78.0,-0.13871726394317913,0.16301518464446282,0.9768232031741718,17.207621726987497,0.6596856835226096,0.7508758267209669,-0.03162739005057305,13.369721124283997,-0.7386286750725459,0.6400090174532194,-0.21169822375055214,12.206071127398706,80.22026152698702,65.07639718345158,67.61718203787808,23.930659610847165,7.152858966672196,117941.0,352991.8205413041, 0.0, 0.0,0.0,NaN, 117.77249899507039,117.77249899507039,0.0, 164.77067639452923, 11.41531473439031, -20.555229963318844, 11.41531473439031, 169.67741055425535, 22.7192279698808, -20.555229963318844, 22.7192279698808, 289.39177385854964, 3.883225608547041, 4.116753620124426, 28.0, 0.0
12, 0 ,0.3333333432674408,0.3333333432674408,0.3333333432674408,69.90215271562485,57.20094210749446,137.19812520608602,15.03701456534941,12.92181349447444,12.790896087561315,75.0,63.0,59.0,-0.9046044280440162,0.2930852904100743,0.30950257076218346,15.53381622353916,-0.3022195461390064,-0.9530454841801265,0.01917422789584682,12.649832038802458,0.3005897115582821,-0.0761926350056945,0.9507052685644478,12.464926661264464,79.94345062266018,64.22470880946558,61.14139842136426,22.66890121642116,6.54316524225578,106145.0,313921.0233400758, 0.0, 0.0,0.0,NaN, 164.26072047914658,164.26072047914658,0.0, 226.1118070385303, -21.44342187829451, -24.083982020910913, -21.44342187829451, 166.97326398598176, 7.7094558149646435, -24.083982020910913, 7.7094558149646435, 163.60702272279136, 2.9348024060208537, 3.765588649976571, 30.0, 0.0
13, 0 ,0.3333333432674408,0.3333333432674408,0.3333333432674408,231.6702689078278,122.41465681563982,11.941397942626695,13.214892994190507,15.687677882435024,7.551702725909984,68.0,83.0,33.0,0.2689284796008876,0.9596239195880517,-0.08245850965193648,15.924391487310103,-0.9630521342523931,0.2691931944556468,-0.008100047572394105,12.980888669966342,-0.014424270222986051,-0.08159017718590778,-0.9965615803427837,7.461577135451162,84.29927469574693,60.83460538690531,34.9510638017196,20.727866838716704,6.936885797524444,63479.0,179239.99872091308, 0.0, 0.0,0.0,NaN, 140.70144753784024,140.70144753784024,0.0, 174.63339684790532, 21.824543263254792, -3.508618592965864, 21.824543263254792, 246.103237343041, -15.906559281743869, -3.508618592965864, -15.906559281743869, 57.02821406051629, 3.938338160432672, 4.281577870091257, 27.0, 0.0
14, 0 ,0.3333333432674408,0.3333333432674408,0.3333333432674408,202.08466924747884,192.27270851789376,14.408880744633084,15.893701977228455,15.650005011869084,8.333835745660686,81.0,85.0,37.0,-0.795004030420361,-0.606554503609258,-0.0077605261875882325,16.23406777931214,-0.6056423816770926,0.7943987286652084,-0.046129875477826925,15.308521958121462,0.03414523585920335,-0.03197333336434341,-0.9989053052325289,8.3120055607866,73.08000137032141,82.04382762508531,39.56201142076535,22.531175982278707,7.702684369990548,82403.0,237204.44567746145, 0.0, 0.0,0.0,NaN, 146.28806229750722,146.28806229750722,0.0, 252.6097625409557, 14.25821041309972, 5.816829958189573, 14.25821041309972, 244.92265687152744, -5.140751769879776, 5.816829958189573, -5.140751769879776, 69.4528182356518, 3.4046576392521417, 4.125646984441305, 26.0, 0.0
15, 0 ,0.3333333432674408,0.3333333432674408,0.3333333432674408,268.06492740946385,104.40961598798239,106.87919641753582,14.569974587739486,13.002017105801023,13.469585191363107,65.0,78.0,72.0,0.8337484435453327,0.37467647559864825,0.4055626604098439,15.291217990755896,-0.35044662510410207,-0.20851442801869177,0.9130766102913723,13.08223101684741,-0.42667399245662935,0.9034042682769512,0.042544473437883874,12.561855655727134,74.96776977873509,66.2053524965372,74.64595464521493,22.779400918628262,6.623082916783143,105179.0,370487.84995916963, 0.0, 0.0,0.0,NaN, 152.78867562414095,152.78867562414095,0.0, 212.28415948737438, 24.723060044476725, 21.43552389416747, 24.723060044476725, 169.05244881954243, 9.011110399826084, 21.43552389416747, 9.011110399826084, 181.4297252273883, 2.9978080454832576, 3.8228869579578837, 36.0, 0.0
16, 0 ,0.3333333432674408,0.3333333432674408,0.3333333432674408,73.02125653215984,221.19946825926945,18.73406414941129,14.010693643516877,11.694789079168876,11.146293050262956,64.0,58.0,46.0,-0.9239794487857664,-0.3741498731561414,0.07920764255294355,14.39465627986616,0.3254968276404808,-0.6606154351152417,0.6764902527630998,11.914564515773145,-0.2007829510131146,0.6508449272328569,0.7321796823715623,10.399254767773565,65.96765875622135,60.29079555608094,58.00380564959991,20.521100259311126,6.015972148240374,76353.0,230695.2083801236, 0.0, 0.0,0.0,NaN, 109.05316532642065,109.05316532642065,0.0, 196.29953637248423, 26.97566910291949, 0.19537691885720235, 26.97566910291949, 136.7680916062476, -18.046478815443137, 0.19537691885720235, -18.046478815443137, 124.23984876234027, 3.924257982800696, 4.173369783560379, 21.0, 0.0
17, 0 ,0.3333333432674408,0.3333333432674408,0.3333333432674408,87.86535549498512,287.06739351183796,173.33482977927423,10.83267973413544,7.92155531514367,15.858566384553438,54.0,32.0,69.0,0.17613966742427992,0.03519114447354844,0.9837359406417485,16.0087186774426,-0.9741075059748069,0.15012760264315184,0.16904517067388042,10.676632764379871,0.14173702537871122,0.9880401238184923,-0.06072338397629658,7.830871964704089,72.10513192246336,51.792911151754375,34.937516764972145,19.695422722734435,6.609269277259404,56133.0,130475.36838476575, 0.0, 0.0,0.0,NaN, 154.69854024483618,154.69854024483618,1.9073486328125E-6, 117.34695022234864, -6.493731670096567, 25.108343460562306, -6.493731670096567, 62.751038610880926, 8.085784457360248, 25.108343460562306, 8.085784457360248, 251.49412777328828, 4.2377889793847805, 4.199787322858049, 14.0, 0.0
18, 0 ,0.3333333432674408,0.3333333432674408,0.3333333432674408,227.27358718402834,96.79665110288198,133.48086056995652,13.572385394724325,12.526921068802867,13.613638099199312,68.0,58.0,70.0,0.5207729452307457,0.47831879550327505,0.7071114971374672,14.91395769242421,-0.8534629246596847,0.2723839351849946,0.44430623232684313,13.038705344485816,0.019914209676317643,-0.8348761116006569,0.550077542289753,11.577157161893084,72.51673069441497,60.89144466941357,59.66688735484733,22.084160852170463,6.225301480131876,99376.0,263468.0013310149, 0.0, 0.0,0.0,NaN, 180.21060713595185,180.21060713595185,NaN, 184.2096453029262, 13.65531566791613, 18.908643564080545, 13.65531566791613, 156.9237514640172, 34.25160230233974, 18.908643564080545, 34.25160230233974, 185.33114229597106, 3.5567854914524535, 3.991441452781053, 26.0, 0.0
19, 0 ,0.3333333432674408,0.3333333432674408,0.3333333432674408,255.54702197454748,34.39209351039444,262.3999980238716,13.117364596458597,14.76197719166804,13.029674136751225,78.0,70.0,75.0,0.15538407135488802,-0.9451727524125697,0.2872355452690827,14.889952256214505,-0.7261673784633783,-0.3064165355232408,-0.6154590524263653,13.838685984602252,0.6697288472395408,-0.11294854959131885,-0.7339658686345116,12.105111511295647,75.03801759879998,73.24586123460546,68.28462711179245,22.671084114940683,6.765765125030674,101208.0,375307.62168333156, 0.0, 0.0,0.0,NaN, 67.62132429909917,67.62132429909917,0.0, 172.0652539564254, -1.0333617205750234, 23.456020367997617, -1.0333617205750234, 217.9159706073274, -11.927793470684136, 23.456020367997617, -11.927793470684136, 169.7724081099238, 3.365291399069548, 3.7650994152951083, 21.0, 0.0
20, 0 ,0.3333333432674408,0.3333333432674408,0.3333333432674408,51.718224083894064,62.81530828988607,280.78436789804374,14.273344559371141,11.26499848073707,9.947525578572467,72.0,57.0,41.0,-0.9595754045959844,-0.2390840125539721,0.14850548082661585,14.500130987072096,-0.27875531635920775,0.8801803469509258,-0.38415886094534646,11.340183399213876,-0.038865363705107986,-0.41002608670966284,-0.9112453520987801,9.52513845819773,68.63419462529075,56.02003310744324,49.94584004444221,19.83267773074094,6.020524466064139,67323.0,192036.25369689165, 0.0, 0.0,0.0,NaN, 83.60489324808113,83.60489324808113,0.0, 203.72836491052973, 18.129486182421164, -12.97713323788467, 18.129486182421164, 126.90019077100848, -17.049242748477077, -12.97713323788467, -17.049242748477077, 98.95326513635348, 3.797812699295947, 4.05367254539153, 17.0, 0.0
21, 0 ,0.3333333432674408,0.3333333432674408,0.3333333432674408,133.1137649880096,251.86117505995205,252.61643884892086,13.807302918470564,13.485143563959465,10.80403005806955,64.0,63.0,48.0,0.9476484631341708,-0.24647355884880542,0.203010283256413,13.98738783580244,-0.22504025475317146,-0.9665541861135221,-0.12300361395932616,13.465740523674427,-0.22653757758939744,-0.07087869986696757,0.9714200614796342,10.594554733380345,65.45606873453463,66.47420141015579,50.99520488359201,21.212844512217405,6.263625469258515,83400.0,221887.2705030877, 0.0, 0.0,2.8421709430404007E-14,78.28695233935841, 149.2709709328967,149.2709709328967,0.0, 190.64161388240575, -4.454146630321651, 17.957388827355427, -4.454146630321651, 181.84909694059738, 4.039905623414914, 17.957388827355427, 4.039905623414914, 116.72706549567032, 3.60595634613606, 3.954255673145856, 27.0, 0.0
22, 0 ,0.3333333432674408,0.3333333432674408,0.3333333432674408,177.9590667760899,272.3606109836368,284.7464786373457,11.830020519242343,14.807534550126196,8.352920078599999,58.0,59.0,35.0,-0.07496824694605175,0.9971271760277834,0.010823898405545733,14.824010859224385,0.9834974229139224,0.07214246698603567,0.16591649580087411,11.895807499871971,0.16465898418096891,0.023083745017359786,-0.9860804022210684,8.229350202169194,60.94203628231975,58.841424181442505,38.15105067042248,19.726063532542103,6.313965179550311,59707.0,136806.47092721766, 0.0, 0.0,0.0,NaN, 126.0579038431216,126.0579038431216,NaN, 139.94938548569485, -6.129208748655787, 11.917252479435868, -6.129208748655787, 219.263079453181, 2.5240351794482634, 11.917252479435868, 2.5240351794482634, 69.77127383947901, 3.687013481653679, 4.164146786817406, 16.0, 0.0
23, 0 ,0.3333333432674408,0.3333333432674408,0.3333333432674408,72.95462099692365,33.81354533774944,31.541683855682983,12.863634795886187,11.95417669851621,12.99789173863912,60.0,55.0,67.0,0.6796220326871059,0.2727755046417581,0.6809606572730034,13.208301027774871,-0.6345395682223998,-0.24717000379320125,0.732302209190304,12.813223818512053,-0.3680671529033488,0.9297851973936252,-0.005104670539813245,11.776362328285492,64.9054456785781,64.11408435589826,52.704706641756914,21.01169507415658,5.985758135885961,84841.0,219322.90066086664, 0.0, 0.0,0.0,NaN, 86.37482499874986,86.37482499874986,0.0, 165.47310016193387, 10.631170655111738, 4.709874740330534, 10.631170655111738, 142.90234053934793, 2.0306089851965132, 4.709874740330534, 2.0306089851965132, 168.9451896493831, 3.125830598885009, 3.7058983208100718, 27.0, 0.0
24, 0 ,0.3333333432674408,0.3333333432674408,0.3333333432674408,237.73387089114928,34.36722037021208,91.70730641745259,14.20706937293402,12.786927223725188,14.135609029061557,70.0,67.0,74.0,0.7277871436840158,-0.05193819518215226,0.6838335304512954,15.158432541729107,-0.5249927112091831,0.5993764301514377,0.6042603314434519,13.539137172138444,0.4412578913350937,0.7987805198301594,-0.4089512861874469,12.33188785736223,72.56931005365789,63.49460702028633,57.88341948574384,22.800355604272212,6.7309401225610115,105291.0,266712.8947584356, 0.0, 0.0,-1.4210854715202004E-14,46.85606015690472, 116.053464922506,116.053464922506,0.0, 201.84082016735988, -12.765118747151188, 28.76340269465994, -12.765118747151188, 163.50550782484433, 8.55209844496896, 28.76340269465994, 8.55209844496896, 199.81544262248664, 3.957153452336468, 3.994006664096437, 24.0, 0.0
25, 0 ,0.3333333432674408,0.3333333432674408,0.3333333432674408,17.10297268955455,99.8955569233575,155.94233574978344,10.435343122923586,15.098406663732147,13.623719963386705,42.0,77.0,66.0,0.05409846371527584,-0.9894534356070689,0.134369844046256,15.133688017290897,0.070929794985855,0.1380348426456146,0.9878842778377765,13.611792549693881,-0.9960132129680369,-0.04391219626901613,0.07764920226196692,10.39974067449595,79.47565241498906,69.00588237836288,45.25608359929541,21.84888219091988,6.714935779638455,87732.0,248197.37460048817, 0.0, 0.0,0.0,NaN, 176.13700518935687,176.13700518935687,0.0, 108.89638609314858, -5.715000926066058, 6.2829291345966185, -5.715000926066058, 227.96188378343132, -5.553382773956302, 6.2829291345966185, -5.553382773956302, 185.60574564078144, 3.1830662193027073, 3.9198901967670094, 31.0, 0.0
26, 0 ,0.3333333432674408,0.3333333432674408,0.3333333432674408,287.98398293743725,55.636960521913686,158.07115674138507,7.367755883521191,13.908622978943704,12.394849516236288,32.0,66.0,59.0,-0.0682072660097044,0.945648975820213,0.3179556311714948,14.121546383250903,0.043613427645796746,-0.31556693848795253,0.9479005096856554,12.187046739438653,-0.9967174312674913,-0.07852083712953556,0.019719035067940854,7.309154121793845,65.07399222568134,60.5088011077611,34.42769892691501,18.98292155132879,6.404264503890908,47824.0,135560.76018776756, 0.0, 0.0,0.0,NaN, 152.91714289409566,152.91714289409566,0.0, 54.28382675916112, -10.72551623118512, 0.7654003442602304, -10.72551623118512, 193.44979317040082, 15.44976211408362, 0.7654003442602304, 15.44976211408362, 153.63229453014296, 3.649670818578184, 3.99579027776311, 16.0, 0.0
27, 0 ,0.3333333432674408,0.3333333432674408,0.3333333432674408,80.14114926480212,9.484336140320258,267.41565949648765,13.85689985041037,6.100433216241222,13.609274203082494,65.0,25.0,61.0,0.7377851196621095,-0.012855954205802052,0.6749132104549629,15.078904118654703,-0.674452146322186,0.027523249092010937,0.7378053761533698,12.246208371889795,0.028060996535462922,0.9995384911052085,-0.011635517717716407,6.090840197992659,71.49703758210813,59.50809249784287,25.931579412182952,19.215827181711965,6.722595402624711,45838.0,110329.85465661828, 0.0, 0.0,0.0,NaN, 87.03042964133128,87.03042964133128,0.0, 192.01367346430294, -3.8999881065463, 38.579337734144715, -3.8999881065463, 37.21528542581922, 0.6411044006823153, 38.579337734144715, 0.6411044006823153, 185.21234433468663, 3.8859881662218205, 4.193358274287952, 15.0, 0.0
28, 0 ,0.3333333432674408,0.3333333432674408,0.3333333432674408,260.31007358001165,274.8114657773543,53.32039595574612,14.144362797284872,13.339676346783355,12.770281912462337,76.0,54.0,71.0,0.7521775064930201,0.3774635251471142,0.5401391356951056,15.76639779129252,-0.33980194425661947,0.9244763134292466,-0.17285307225412677,12.897500159500451,-0.5645915668918225,-0.05352413560051994,0.8236331279780174,11.232330765443233,82.59146477840142,62.49064169473405,59.58737559494189,22.26136853173849,6.746964887710677,94455.0,307541.98349861556, 0.0, 0.0,7.105427357601002E-15,57.30688908256721, 71.08317058479477,71.08317058479477,0.0, 200.06299894121634, 22.133564028509422, 52.09446025353968, 22.133564028509422, 177.9469650369313, 18.537373470752694, 52.09446025353968, 18.537373470752694, 163.08010012376272, 2.8730800034089135, 3.5820314610838166, 25.0, 0.0
29, 0 ,0.3333333432674408,0.3333333432674408,0.3333333432674408,9.396168915977361,170.6191227688289,94.95956682629517,5.974272270543514,12.154993366900964,12.534534267842115,24.0,62.0,60.0,0.11488051341712338,0.642399245565482,0.7577108135257917,13.40725206349731,-0.04961779949454927,-0.7580980050697105,0.6502503277066791,11.281159178762966,-0.9921393761011288,0.11229703471697067,0.05521625108098756,5.79062880117168,59.98135388011531,59.121629477958066,27.279501374768213,17.498550839282764,5.860977798007245,36752.0,96738.44173535345, 0.0, 0.0,0.0,NaN, 160.76386010307965,160.76386010307965,0.0, 35.69192916258515, 14.31692350037688, 9.703953717053308, 14.31692350037688, 147.74386374940642, 24.968383120224203, 9.703953717053308, 24.968383120224203, 157.11454931170826, 4.679691841871254, 4.209599493381612, 14.0, 0.0
30, 0 ,0.3333333432674408,0.3333333432674408,0.3333333432674408,165.38120167138948,102.27996974208732,211.5609360741559,14.417439507371286,11.069338067448719,13.0609877849648,66.0,53.0,63.0,0.8706317248738934,0.044336688273444495,0.48993331966304615,15.029451955058427,0.4689897425900802,0.22581091707343984,-0.8538489626835308,12.429946438915895,0.14848912750905063,-0.9731616966380225,-0.17580469620634528,10.981539717883459,72.07846512203565,66.73691704393215,56.98828865149204,21.438720288661816,6.431444744668712,83284.0,274130.4541718135, 0.0, 0.0,0.0,NaN, 190.8006318175098,190.8006318175098,0.0, 207.86256194871038, 7.65540224566797, 31.332817846377484, 7.65540224566797, 122.53024525146934, -4.250892685762842, 31.332817846377484, -4.250892685762842, 170.5894019189997, 3.295251783884403, 3.771890924704693, 25.0, 0.0
31, 0 ,0.3333333432674408,0.3333333432674408,0.3333333432674408,86.24817875454616,60.20609269166175,219.58991669539878,12.674767569862002,13.537506583950423,12.73725680162352,74.0,65.0,61.0,0.21871786643222274,0.7964869075834979,0.5637118953431912,14.37040260138874,0.9756731662435749,-0.1873753967428439,-0.11380831853471769,12.58371040900017,0.014978904351595967,0.5748904823908105,-0.818093249991031,11.886685396167076,70.06298196886698,70.841029882053,59.44817002173505,21.594135326044345,6.3122775455035125,89911.0,295061.1115743551, 0.0, 0.0,2.8421709430404007E-14,55.687109243510946, 132.39827579211905,132.39827579211905,0.0, 160.64973295002554, 8.242653820758974, 6.14668504252947, 8.242653820758974, 183.26408451050102, 29.644635735719756, 6.14668504252947, 29.644635735719756, 162.23771083050462, 2.871951704688609, 3.58793675530436, 29.0, 0.0
32, 0 ,0.3333333432674408,0.3333333432674408,0.3333333432674408,287.5821026219625,27.5892090328882,25.12698920566492,7.863030449075023,14.012289590031088,14.24752576915498,35.0,62.0,57.0,0.007699914693382114,-0.6725363262865447,0.7400240544324982,15.271458971267151,0.15248322068416809,-0.7306017460749072,-0.6655598816350636,12.987407979704349,-0.9882760640243686,-0.11796600551555105,-0.09692493393965808,7.698913741452449,80.6237405066928,68.07882745292058,39.139973888867814,20.322564686149995,6.939514573656376,59383.0,214830.30346661046, 0.0, 0.0,0.0,NaN, 39.32854201331993,39.32854201331993,0.0, 61.827247843080954, -13.088361797818237, -10.111439904892892, -13.088361797818237, 196.3442595548936, -33.37430283611494, -10.111439904892892, -33.37430283611494, 202.99199054273518, 3.5710444037247155, 3.916214839868623, 11.0, 0.0
33, 0 ,0.3333333432674408,0.3333333432674408,0.3333333432674408,145.737889547999,287.2342885788286,25.369788620603224,13.78507703370956,8.13252053263051,13.700889451328939,69.0,36.0,61.0,-0.7295729713353378,-0.12094430937332835,0.6731238768065915,14.519718836474217,-0.6746620316275052,-0.033974281465451436,-0.7373444861658314,13.007369163256577,-0.11204651970130114,0.9920777299330509,0.05680981599786271,7.991665856190309,78.32522711783305,64.3455863497969,39.44283238576131,19.993050639839353,6.6451890047799225,59845.0,198787.2471946862, 0.0, 0.0,0.0,NaN, 148.47936561235528,148.47936561235528,0.0, 190.02834882530678, 15.381185573523355, -19.774057911224183, 15.381185573523355, 66.13789021365685, -9.325253676154516, -19.774057911224183, -9.325253676154516, 187.7143717575366, 3.857877030588947, 4.069156207274234, 15.0, 0.0
34, 0 ,0.3333333432674408,0.3333333432674408,0.3333333432674408,184.37135259953817,282.10252606535585,119.07074382478483,12.887165358655363,9.77420464990982,13.681149408414331,68.0,39.0,74.0,-0.4825026162403656,0.031322972494648944,0.875334277128059,13.991322150347877,-0.8515482804770825,0.21720985960571673,-0.477163916182467,12.682108588327678,0.2050774276650796,0.9756222364645881,0.07813130216571161,9.601821852859569,76.12582665125981,62.48576285787419,43.70348576024503,20.260798013679313,6.187731450529909,71455.0,207887.88235596791, 0.0, 0.0,0.0,NaN, 166.9375503231347,166.9375503231347,0.0, 166.07903098132678, -14.261318720092618, -15.84884455098527, -14.261318720092618, 95.53507653831875, -4.274792096569494, -15.84884455098527, -4.274792096569494, 187.17384913535582, 3.6970778307611267, 4.072233940779244, 26.0, 0.0
35, 0 ,0.3333333432674408,0.3333333432674408,0.3333333432674408,187.30882679359755,14.678003304806767,10.63886354107579,15.8060831815156,9.503534241199993,6.80773462085002,71.0,37.0,28.0,-0.9920104870910645,0.1257610748148,-0.00996722442682708,15.887618065049256,0.1220777690743498,0.9370204266355638,-0.3272456850220259,9.664368345283602,-0.031815276192077545,-0.32584792791903944,-0.9448867212908062,6.377950767164319,70.86983115447092,44.3158311399587,30.507203145507813,18.464903121181013,6.74848368212916,40547.0,95812.6144442899, 0.0, -1.7763568394002505E-15,0.0,82.77529099563985, 114.1399567070925,114.1399567070925,0.0, 249.83226554099033, -20.384860960929007, -0.012623603752467278, -20.384860960929007, 90.31716307366074, -16.431795141631145, -0.012623603752467278, -16.431795141631145, 46.34525066791997, 4.207967981348103, 4.142365884308327, 13.0, 0.0
36, 0 ,0.3333333432674408,0.3333333432674408,0.3333333432674408,106.2867685598675,35.69078768056691,162.6875799316519,11.698862287472469,11.870446543617023,16.4286109982506,62.0,63.0,80.0,-0.12290601062381121,-0.20786437295375448,0.9704053354187013,16.673380021835506,-0.6917909424010694,-0.6831486716314714,-0.2339512437667221,11.817281976795309,-0.7115612444226987,0.7000716355521761,0.059835612564105065,11.402648140950458,83.70013668277389,67.53612507022424,59.13205333899347,22.370752679587603,6.87164928141124,95394.0,334260.6599212295, 0.0, 0.0,0.0,NaN, 177.2721359976932,177.2721359976932,0.0, 136.8633788212456, 8.33063727499015, -16.09131010975848, 8.33063727499015, 140.90750114486934, -28.310946755100492, -16.09131010975848, -28.310946755100492, 269.8992593318406, 3.2440281832004105, 3.719214767414481, 23.0, 0.0
37, 0 ,0.3333333432674408,0.3333333432674408,0.3333333432674408,231.92056042984424,83.93629418032602,279.7166111224467,13.16680130977052,14.32579214033829,11.488586222432973,63.0,69.0,53.0,-0.275692950583999,0.8837016169416528,0.37823914288846094,14.852355312589015,0.9168395159346675,0.359960301843046,-0.17272487695102692,13.223975730772137,0.28878832909065594,-0.2991655617075134,0.9094510804156841,10.729147128732475,64.77904928611319,63.9755009795021,51.749385072054,21.659773835130583,6.436985939113366,88218.0,214463.5343533444, 0.0, 0.0,0.0,NaN, 109.9614816072918,109.9614816072918,0.0, 173.36465673097467, -5.975610990775985, -20.46249052635419, -5.975610990775985, 205.22832044817835, 31.540573970257547, -20.46249052635419, 31.540573970257547, 131.98761339027672, 2.9992525824283045, 3.790406353496554, 21.0, 0.0
38, 0 ,0.3333333432674408,0.3333333432674408,0.3333333432674408,257.31550715870134,10.29451502319016,24.082738455333736,14.567278311289519,6.695855050368366,12.910982805106022,72.0,29.0,49.0,-0.8891706321900397,0.0013018198627341325,0.45757391983788825,15.119486030143005,0.4575734357202688,0.005725043044187446,0.8891534034154575,12.259852569241614,0.0014621128253856943,-0.9999827644250612,0.005686218330195485,6.695573643282799,78.20507703265736,63.27372281585487,29.143928904263785,19.42253992374419,6.8189802872845355,49590.0,144213.67183368697, 0.0, 0.0,0.0,NaN, 50.07914995474239,50.07914995474239,0.0, 212.205597398566, 0.0635817291221001, -31.856029963140593, 0.0635817291221001, 44.83447485554356, 0.6463723504708792, -31.856029963140593, 0.6463723504708792, 166.69347699374333, 4.822272950616977, 4.03533313465677, 9.0, 0.0
39, 0 ,0.3333333432674408,0.3333333432674408,0.3333333432674408,151.27773383681176,96.88669184058784,158.2833979690769,11.820621024216674,12.224826776455588,12.913974871358933,56.0,62.0,65.0,0.2541875882046192,0.5548109453600817,0.792195357794636,13.279907032907264,-0.6172605678789249,-0.5375216452501039,0.5745083743770913,12.401893790933805,-0.7445656863867054,0.6350238545096344,-0.2058315885845045,11.215227045687774,67.78782753969381,66.15447203040866,52.21781918240989,20.515159265558832,5.92220046936349,78388.0,234169.1360712426, 0.0, 0.0,0.0,NaN, 227.13198541755028,227.13198541755028,0.0, 139.72708139815325, 16.430994947422732, 0.2455240957190965, 16.430994947422732, 149.44638971434554, 13.573865142130154, 0.2455240957190965, 13.573865142130154, 166.77074697809, 2.847488264502351, 3.487992109963933, 22.0, 0.0
40, 0 ,0.3333333432674408,0.3333333432674408,0.3333333432674408,176.99753055151015,285.39094852149685,243.30773127334896,14.229031121063123,8.585284679645756,12.732882055669354,67.0,36.0,60.0,0.9737450674026009,0.14557724511057749,-0.17500802671626262,14.381379797618774,-0.17299706970159356,-0.026460561615636737,-0.9845668349856436,12.677305195157192,-0.1479613381386069,0.9889929748916322,-5.814045345683266E-4,8.411930410067171,67.34876706625676,62.187957353767274,38.55774121805979,19.972140597696963,6.277923626819491,63172.0,161490.703303522, 0.0, 0.0,0.0,NaN, 136.22424603903318,136.22424603903318,0.0, 202.46532664418288, 19.6994710943076, -7.865494110070024, 19.6994710943076, 73.70711303056014, -1.1230298115922928, -7.865494110070024, -1.1230298115922928, 162.12628544358662, 3.5628113766627023, 4.014267044297149, 14.0, 0.0
41, 0 ,0.3333333432674408,0.3333333432674408,0.3333333432674408,48.36665286330666,105.65242248968087,260.3017592604961,13.99398093994243,11.260432711707503,11.090816092803111,67.0,53.0,52.0,-0.9294515519547439,0.3374434927080739,0.1491700432321904,14.473089333690774,0.08960106983238528,0.598663807595204,-0.7959731740206479,11.316785376396101,0.3578986740039832,0.7264527064472875,0.5866643030231192,10.396879478494428,66.94136096045588,53.78053767699525,48.6921999930247,20.275192235642283,5.878063355775304,74861.0,175298.8530275715, 0.0, 0.0,0.0,NaN, 122.79135883664306,122.79135883664306,1.3486991523486091E-6, 195.83150254747204, -30.723603645379605, -15.479885229720448, -30.723603645379605, 126.79734485489242, -4.415399527683162, -15.479885229720448, -4.415399527683162, 123.00620160438045, 3.1121720576403837, 3.651491234362511, 23.0, 0.0
42, 0 ,0.3333333432674408,0.3333333432674408,0.3333333432674408,56.96805558108332,133.18878085540464,282.93693826162075,11.91088648421031,12.01562509474429,9.455848197908509,59.0,59.0,40.0,-0.6455914464414174,0.7531399117966054,-0.12645931179901462,12.406869916317548,0.762041349683724,0.6461618314826914,-0.04204603319151724,11.551783583034117,-0.05004663479083558,0.12351178402863142,0.991080306308312,9.395924825657142,61.224786701643254,58.664378281128734,43.475287163116946,18.5466953908185,5.62828734867818,54407.0,156150.7996118478, 0.0, 0.0,0.0,NaN, 145.86212249355944,145.86212249355944,0.0, 141.86921683974384, -9.681914071228064, 3.9125185858198273, -9.681914071228064, 144.37524641744875, -7.479263566914213, 3.9125185858198273, -7.479263566914213, 89.41306514188958, 4.038734860784119, 3.9955906183281256, 15.0, 0.0
43, 0 ,0.3333333432674408,0.3333333432674408,0.3333333432674408,83.63313068406485,210.58988236457097,66.7683372874654,11.491407109307104,13.101691204646722,12.84464614545484,51.0,61.0,59.0,0.31455758466933365,-0.6792095985426952,0.6631197834286547,14.295076076191783,-0.3739842497344355,-0.7307540405289632,-0.5710817044882158,11.99403379611867,-0.8724616363356996,0.06835827307696753,0.4838779180995639,10.976594993400793,64.43667642476044,58.4653240266565,56.79723880677989,20.807933633269037,5.976753490746825,80928.0,213972.87197601737, 0.0, -2.8421709430404007E-14,0.0,47.21809088074168, 139.45135548904454,139.45135548904454,0.0, 132.05243735183385, -11.53036517145968, 22.484565713533463, -11.53036517145968, 171.65431242191724, -28.018644788319225, 22.484565713533463, -28.018644788319225, 164.98493460194788, 3.4570581752077016, 3.72463407641929, 20.0, 0.0
44, 0 ,0.3333333432674408,0.3333333432674408,0.3333333432674408,285.1476872091383,219.77915667747848,8.363418417712593,8.60366194194068,16.239856013320153,5.3246256958544445,34.0,71.0,24.0,-0.09060091476928708,0.9904635168680578,0.10379545267653832,16.37169757593026,0.9919990588808761,0.08055480632777072,0.09720488854451322,8.531557166803879,0.0879166731765043,0.11177184319342008,-0.9898372157313149,5.0286789256582685,72.09886608045903,36.96890145557029,23.644321334358132,17.814786842088857,6.981470526791759,28364.0,63021.949442617275, 0.0, 0.0,0.0,NaN, 82.01171664002572,82.01171664002572,0.0, 74.02299881119848, -17.987444906288133, 2.2975123483359887, -17.987444906288133, 263.73292333337076, 25.327473310130767, 2.2975123483359887, 25.327473310130767, 28.351638800953424, 3.3469498274392646, 4.0328079545747615, 14.0, 0.0
45, 0 ,0.3333333432674408,0.3333333432674408,0.3333333432674408,201.07481676473625,170.8888716836998,48.38747806338392,12.00998572233384,12.10329782956438,12.252338967198735,63.0,55.0,59.0,-0.5407572408224617,0.7189986153911481,0.4366034786435967,12.813058954626683,0.5301361303163608,-0.11168473395421766,0.8405249571159498,12.23512406697021,0.653098223723868,0.6859792353032176,-0.3207728150912114,11.268391405167131,62.87133823047442,59.89788077944284,56.24566055124828,20.230525561726473,5.619183309456535,77496.0,211813.27884359364, -2.8421709430404007E-14, 0.0,-7.105427357601002E-15,66.36083486600347, 169.6974465528963,169.6974465528963,NaN, 144.2397570506627, -15.807960127259431, 1.3423067279407974, -15.807960127259431, 146.4898183511378, 9.544079192240458, 1.3423067279407974, 9.544079192240458, 150.11981016713656, 2.9537069158040388, 3.4131513677619223, 18.0, 0.0
46, 0 ,0.3333333432674408,0.3333333432674408,0.3333333432674408,32.83488100362831,176.87514912981982,58.531062050304406,12.605433234131704,11.508701124456707,12.926846063593185,62.0,55.0,64.0,0.5790565681978682,0.2899466552545874,0.7619871573285112,13.427109051783948,-0.773704799351366,-0.0992438580629528,0.6257248117962424,12.261567668014017,-0.2570493615778302,0.9518831828241626,-0.16686531086170045,11.305626854724718,64.61573754261502,55.304095976108854,55.734991134235585,20.622959751337216,5.757085099145815,81305.0,199169.8240910781, 0.0, 0.0,7.105427357601002E-15,40.36030414632474, 140.22747069338135,140.22747069338135,0.0, 158.89694702015206, 10.539374910126472, 12.244751344017361, 10.539374910126472, 132.45020157207105, 10.19347900956489, 12.244751344017361, 10.19347900956489, 167.1033491518346, 3.0682116363399854, 3.63873709064196, 22.0, 0.0
