// Sample: .//bubblelabels.tif, Map: .//bubblelabels.tif, Thickness:(8.191250068658265):/afs/psi.ch/project/tipl/test/LabelValidation/SmallStep0500//distmap.tif, Neighbors:(1.0):
//LACUNA_NUMBER, TRIANGLES, SCALE_X, SCALE_Y, SCALE_Z, POS_X, POS_Y, POS_Z , STD_X, STD_Y, STD_Z,PROJ_X, PROJ_Y, PROJ_Z, PCA1_X, PCA1_Y, PCA1_Z, PCA1_S, PCA2_X, PCA2_Y, PCA2_Z, PCA2_S, PCA3_X, PCA3_Y, PCA3_Z, PCA3_S,PROJ_PCA1, PROJ_PCA2, PROJ_PCA3,OBJ_RADIUS, OBJ_RADIUS_STD, VOLUME, VOLUME_BOX, Mask_Grad_X,Mask_Grad_Y,Mask_Grad_Z,Mask_Angle, Mask_Distance_Mean,Mask_Distance_COV, Mask_Distance_STD, SHAPET_XX, SHAPET_XY, SHAPET_XZ, SHAPET_YX, SHAPET_YY, SHAPET_YZ, SHAPET_ZX, SHAPET_ZY, SHAPET_ZZ, Thickness, Thickness_STD, Neighbors, Neighbors_STD
1, 0 ,0.3333333432674408,0.3333333432674408,0.3333333432674408,108.12744902391209,13.375280265768252,122.37178207942526,15.692699132441419,8.754936971511624,15.208220326022072,74.0,39.0,82.0,-0.9591254333797055,-0.041840027779595224,0.27987106874343926,15.737365078496119,0.2822400438437115,-0.06990270683111792,0.9567936920929102,15.196923554590343,-0.02046852938762469,0.9966759872963155,0.0788543952587455,8.694167457748202,71.68362967852633,79.11443168285578,41.91682675003914,22.386661949188095,7.28265471474196,85187.0,237719.11122964535, 0.0, 0.0,0.0,NaN, 163.8453429423641,163.8453429423641,1.9073486328125E-6, 246.26080606132768, 3.840275888980168, -4.236930964071038, 3.840275888980168, 76.64892137514113, -12.405701589410958, -4.236930964071038, -12.405701589410958, 231.2899654848309, 4.286631349331324, 4.728350561844571, 22.0, 0.0
2, 0 ,0.3333333432674408,0.3333333432674408,0.3333333432674408,163.03835882034272,16.176606441924783,151.03225714475798,15.597432464416041,10.280527008438243,15.95421484733096,77.0,44.0,77.0,-0.2810070253968662,-0.021628728772066307,0.9594619584794956,15.98455847556951,0.9559474248092181,0.08208216379586895,0.2818280315852425,15.598568441515999,0.08485029568734216,-0.9963908452401061,0.002389737114861653,10.231552148353803,80.94700389538694,70.99661763618678,46.610190365753766,23.470510895667772,7.255427261328124,105217.0,267867.06203085516, 0.0, 0.0,0.0,NaN, 203.0063106457226,203.0063106457226,0.0, 243.27989948201943, 11.794493441177657, -3.3149319010829985, 11.794493441177657, 105.68923557122817, 0.07711299254044798, -3.3149319010829985, 0.07711299254044798, 254.53697139479561, 3.861686114199116, 4.765942237961326, 28.0, 0.0
3, 0 ,0.3333333432674408,0.3333333432674408,0.3333333432674408,12.61584447980732,280.8451679497656,74.12841024758792,8.674704640777229,10.947542738496685,19.080167665688855,36.0,47.0,88.0,-0.07814311563161654,-0.12576741963673008,0.9889773554724607,19.222430461522265,-0.34758998441911854,-0.9263257575492442,-0.14526456426925044,11.09395772491117,-0.9343847474198734,0.35511004922240225,-0.028670485352751646,8.159305112358316,87.02631510844581,56.812660685650826,41.439207765018885,22.228484771330873,8.06513828383775,69753.0,204883.58644952616, 0.0, 0.0,0.0,NaN, 77.59567209997005,77.59567209997005,0.0, 75.25050060472199, 21.169614502342856, -20.55787018487553, 21.169614502342856, 119.8486920112115, -30.075483051998358, -20.55787018487553, -30.075483051998358, 364.0527981507984, 6.579860210828439, 5.596023213075697, 11.0, 0.0
4, 0 ,0.3333333432674408,0.3333333432674408,0.3333333432674408,226.52146623513582,265.3542601549147,217.81785519473436,14.689034928666114,14.169319786132546,15.593401899851283,76.0,71.0,73.0,0.08549332950203405,0.48226074745362796,0.8718460082354712,16.219091834062272,-0.9804674684775545,0.1962880393095161,-0.012431769031062877,14.716439976433335,-0.17712829776146008,-0.8537538152708282,0.48962229222394826,13.418606769923452,78.86116707534222,71.81722213008516,67.45908365719302,24.697202515188724,7.052640716162734,137495.0,382060.5884588668, 0.0, 0.0,0.0,NaN, 115.55659712210839,115.55659712210839,0.0, 215.76774713557313, -3.605288183913809, 6.631641880742406, -3.605288183913809, 200.76962320168724, 34.80880825717058, 6.631641880742406, 34.80880825717058, 243.1541828102856, 3.3416640976512775, 4.097926662896313, 30.0, 0.0
5, 0 ,0.3333333432674408,0.3333333432674408,0.3333333432674408,124.83406231319891,154.27018909737714,207.01522109959322,15.370608093831912,15.148891382264733,14.416885256155656,77.0,72.0,71.0,0.6941048592897986,0.5127402082756891,-0.5052879606003806,16.170232005220054,0.6036367236068607,-0.7969970985042661,0.020453138853374027,14.922259373152473,0.3922258918320708,0.3192069920806623,0.8627083782967175,13.763751518852127,80.28355898049593,76.335137463394,75.02188835928848,24.905415306380362,7.301463702000105,137178.0,459768.3801699921, 0.0, 0.0,0.0,NaN, 213.22966493076748,213.22966493076748,0.0, 236.25559317417108, 9.64885269083798, -24.85420783296142, 9.64885269083798, 229.48891011165466, -19.204808021952907, -24.85420783296142, -19.204808021952907, 207.84658048915833, 3.3125992848945387, 4.012204833722114, 39.0, 0.0
6, 0 ,0.3333333432674408,0.3333333432674408,0.3333333432674408,112.30202810337859,111.78863025749543,168.2759298445834,13.839064224360769,14.446751527404757,15.826855469563682,70.0,82.0,73.0,0.237618023405776,-0.44718312290757783,0.862302110364667,16.486117285186296,-0.4154713340107192,-0.8492157087091252,-0.3259083470809115,13.921005751686012,0.8780212102039935,-0.2808201108686567,-0.38758072677008815,13.606293326090627,91.12394367583174,70.77399906626306,67.06978803493269,24.423802491706503,7.361762981861856,126177.0,432546.8730170043, 0.0, 0.0,0.0,NaN, 206.0574532243087,206.0574532243087,0.0, 191.51969860598211, -6.151889096134002, 18.929722449833886, -6.151889096134002, 208.70862969457167, -31.019345451587686, 18.929722449833886, -31.019345451587686, 250.48935405445786, 3.9769014555323494, 4.494928719230295, 41.0, 0.0
7, 0 ,0.3333333432674408,0.3333333432674408,0.3333333432674408,198.4145820815281,126.99170646089624,69.27893646627241,15.209851077048274,13.420312012675081,14.867489140600377,76.0,67.0,79.0,-0.8199969887736832,-0.1717642116233594,0.5459871738488897,15.837075073391249,0.40891732706052963,0.4916516628900045,0.7688076885718336,14.714088824990712,-0.4004891484569389,0.8536836053145801,-0.3329155207936945,12.85181780214226,77.86516218148807,79.31775264110107,69.06823887054044,24.14592613553193,7.032839306207934,126484.0,426571.6368393242, 0.0, 0.0,0.0,NaN, 176.7655556985547,176.7655556985547,0.0, 231.33956978598653, 22.3832650501528, -22.204673084488206, 22.3832650501528, 180.10477451755108, 11.37220205206277, -22.204673084488206, 11.37220205206277, 221.04223334587013, 3.2433037414940893, 4.1171249506165575, 35.0, 0.0
8, 0 ,0.3333333432674408,0.3333333432674408,0.3333333432674408,118.12477365236099,33.00485196477489,269.33856189930816,14.681701240120438,13.782740052042294,14.787394544866373,73.0,66.0,64.0,-0.7073253285051259,0.2667848401146808,0.6546118916885795,15.595261826293648,0.4468775850962718,-0.548765389590757,0.7065104182712589,14.267992413359517,-0.5477146187510797,-0.792264095029106,-0.2689354943737821,13.318990695001332,80.16151745651052,84.17458811060348,69.80977460939982,24.055695338132043,6.745875322801051,129226.0,471045.8322426785, 0.0, 0.0,0.0,NaN, 126.42351913327195,126.42351913327195,0.0, 215.55235130415397, -18.840018518564587, -22.208997973042973, -18.840018518564587, 189.96392334217083, 1.3440153041113192, -22.208997973042973, 1.3440153041113192, 218.66703742554378, 3.444410547873086, 4.174644151041671, 30.0, 0.0
9, 0 ,0.3333333432674408,0.3333333432674408,0.3333333432674408,22.130397980974568,87.2128441079402,220.1998990487284,12.895276218995514,17.35408472650129,13.972510438056897,53.0,86.0,65.0,-0.045910842719068964,-0.9856595703354122,-0.16238043578902964,17.455811610274957,0.4647812937338576,0.1228087328970855,-0.8768673583383604,14.20926060359398,0.8842344392274635,-0.1157291083972502,0.45247787786108473,12.492998340115449,84.8696527517371,69.84293773141266,64.92025799535261,24.631523756106972,7.481409683524775,128775.0,384817.80731719575, 3.552713678800501E-15, 0.0,2.8421709430404007E-14,80.3266661584539, 120.26591705061472,120.26591705061472,0.0, 166.28814876419125, 9.34171944661904, -17.56926192837313, 9.34171944661904, 301.16425669458545, 18.853472855549505, -17.56926192837313, 18.853472855549505, 195.23104794160892, 3.5391970961227206, 4.126455099641608, 33.0, 0.0
10, 0 ,0.3333333432674408,0.3333333432674408,0.3333333432674408,97.84106354060482,256.94171763506625,49.44216785592933,12.832045919129506,13.029861650732864,16.976145612806317,78.0,65.0,77.0,-0.13482332277161324,0.165934271024981,0.9768769059283925,17.169928661462485,0.6599616025619226,0.7504178517459401,-0.036383113183272385,13.364933344904381,-0.739103074530691,0.6397959561300898,-0.21068407566511432,12.214758426659209,79.6251429496221,65.1422175934492,67.59999216829529,23.908914168100136,7.14087111474945,117720.0,350638.34640159714, 0.0, 0.0,7.105427357601002E-15,12.345282326177045, 117.77698144064028,117.77698144064028,0.0, 164.6614024706482, 11.31324785042546, -19.883613994355677, 11.31324785042546, 169.77729463723895, 22.799097125887926, -19.883613994355677, 22.799097125887926, 288.1895198672031, 3.8903186885393826, 4.117329230340461, 28.0, 0.0
11, 0 ,0.3333333432674408,0.3333333432674408,0.3333333432674408,69.86721623939769,57.32766606308968,137.23065853426093,14.927041643534746,12.863646570169108,12.723997342511176,75.0,69.0,59.0,-0.9258731564400917,0.2321413429845716,0.2981095353405884,15.311586389115973,-0.08081874261668257,-0.8924124508362677,0.4439238092671585,12.776740202761598,0.36908973031706027,0.3869243006968235,0.8450221041515743,12.349101818433976,79.8820233643797,74.45024957645009,59.43896485039053,22.546206266791472,6.46982740554458,104930.0,353497.5858067301, 0.0, 0.0,0.0,NaN, 164.3172019084758,164.3172019084758,0.0, 222.8165722278205, -16.83763107541225, -23.003090008978827, -16.83763107541225, 165.47340308222343, 1.4141570406465769, -23.003090008978827, 1.4141570406465769, 161.90010837223144, 2.9474110584601334, 3.781731420701115, 32.0, 0.0
12, 0 ,0.3333333432674408,0.3333333432674408,0.3333333432674408,231.79135253656924,121.76999669600217,11.549875349172499,12.993721038386894,16.840513560944334,7.601163329192853,68.0,89.0,33.0,0.19619312880429582,0.9792835083622483,-0.050120519347936834,16.998263168784007,0.9801435434951378,-0.1973513486361927,-0.01926341964114817,12.810959566845511,0.02875570125689955,0.04534595286463644,0.9985573865352066,7.560140977405435,90.29532230510881,62.24478018789645,34.786137967587024,21.343764098386476,7.393314648334872,66586.0,195512.4442728162, 0.0, 0.0,0.0,NaN, 140.04910319140347,140.04910319140347,0.0, 168.83678642341818, 23.842077375087296, -4.298810287056531, 23.842077375087296, 283.60289699635, -10.969883444378985, -4.298810287056531, -10.969883444378985, 57.77768395706617, 3.9293936299933256, 4.2091934942168265, 25.0, 0.0
13, 0 ,0.3333333432674408,0.3333333432674408,0.3333333432674408,202.13174976817177,192.88120883562783,14.701904558099722,15.857304978514241,15.776788116810438,8.535895733723871,81.0,85.0,38.0,-0.7362958448441815,-0.6766593952795297,-7.011741111511248E-4,16.289541983899788,-0.6760797816211297,0.7357072519017158,-0.04063211023749188,15.3388615508141,0.028009958020652072,-0.029443204295170583,-0.9991739287894347,8.52014252938718,83.13314951099684,78.7662657935033,39.85309768022452,22.64990261969648,7.759161794912217,84114.0,260961.58074470746, 0.0, 0.0,0.0,NaN, 145.83818368860605,145.83818368860605,0.0, 251.45412118161252, 15.114944523902826, 4.568638914890928, 15.114944523902826, 248.90704328273108, -4.771828347902426, 4.568638914890928, -4.771828347902426, 72.86151597700537, 3.347505064303435, 4.104453788375015, 26.0, 0.0
14, 0 ,0.3333333432674408,0.3333333432674408,0.3333333432674408,268.0891711268074,104.39023300472473,106.86614824462168,14.589698077896484,12.957327358871858,13.485290551661645,65.0,78.0,72.0,0.8374833402811559,0.3725847897136804,0.3997527100915388,15.295386899856302,-0.3601013264696191,-0.17395969626547714,0.9165506307619037,13.112858467806578,-0.4110336840531908,0.9115473649510678,0.011520070504406694,12.518337187456556,74.99623040979702,68.25303470154273,74.89215818669727,22.777574308531385,6.617158919898428,105191.0,383352.0116676213, 0.0, 0.0,0.0,NaN, 152.76123653203504,152.76123653203504,0.0, 212.85929000417636, 25.05607527655102, 20.82950565604884, 25.05607527655102, 167.89233228496914, 9.074640232591626, 20.82950565604884, 9.074640232591626, 181.85306126273483, 2.999927629290702, 3.8217249317314717, 36.0, 0.0
15, 0 ,0.3333333432674408,0.3333333432674408,0.3333333432674408,72.9176121578016,221.09588060789008,18.655173311127303,14.149044512052162,11.654526843157777,11.179010435609285,67.0,57.0,46.0,-0.93806473861131,-0.3444237472551687,0.037507712550909705,14.48449019967623,0.273321594006253,-0.6691595510007072,0.6910287993668665,11.945657667760857,-0.21290808444954595,0.6584814178329099,0.72185342691213,10.416071111581818,67.20375531623138,60.60906407275719,58.353813348547206,20.594609157708813,6.070898162751838,76856.0,237684.22650509095, 0.0, 0.0,0.0,NaN, 109.04519114160013,109.04519114160013,0.0, 200.1954606040334, 26.475305974929043, 2.8958384173787852, 26.475305974929043, 135.8279959378852, -17.12503867140837, 2.8958384173787852, -17.12503867140837, 124.97027431946132, 3.9122132484117573, 4.16377661643605, 20.0, 0.0
16, 0 ,0.3333333432674408,0.3333333432674408,0.3333333432674408,87.79339574898785,287.04861914401386,173.74296920185077,10.8654633723538,7.937619645772878,15.604614964423686,54.0,32.0,68.0,0.20130184894989234,0.03863068038291526,0.9787672022204807,15.7942646684343,-0.968400000986659,0.15804677475761264,0.1929317368339262,10.662540468357673,0.14723791528812716,0.9866756749418067,-0.06922505890020503,7.837062106996476,71.79001782368985,52.00522563941361,35.157903707976175,19.54388015796079,6.527239577038921,55328.0,131260.48920314806, 0.0, 0.0,0.0,NaN, 154.3251646011758,154.3251646011758,0.0, 118.05829429596199, -6.537815112869419, 27.283019103281607, -6.537815112869419, 63.005805640959544, 8.70368371976232, 27.283019103281607, 8.70368371976232, 243.50400818791562, 4.287033298261843, 4.206599763904997, 14.0, 0.0
17, 0 ,0.3333333432674408,0.3333333432674408,0.3333333432674408,227.27326061142753,96.79668726226176,133.48026646809024,13.572311739146688,12.527031680599048,13.613124307290423,68.0,58.0,70.0,0.5207563934988285,0.47841908707213004,0.7070558363772711,14.913558037861185,-0.8534716053790337,0.27237497132411614,0.44429505264848684,13.03882252607767,0.01997492032094493,-0.8348215690321226,0.5501581140335163,11.576969200177047,72.51697478544787,60.891707694466945,59.66976744760001,22.083912261203174,6.225121791303001,99374.0,263482.7438114018, 0.0, 0.0,0.0,NaN, 180.2103183045683,180.2103183045683,0.0, 184.20764594457899, 13.655814975680595, 18.899655483919542, 13.655814975680595, 156.92652272673223, 34.253600576824034, 18.899655483919542, 34.253600576824034, 185.31715340574138, 3.556847247234408, 3.9914572792475354, 26.0, 0.0
18, 0 ,0.3333333432674408,0.3333333432674408,0.3333333432674408,255.5768259913688,35.20567452885668,264.8211057731455,12.812494340983404,14.51902360801753,14.850161549104982,78.0,70.0,75.0,0.2940979957957459,0.37962913652840485,0.8771476999728285,15.247034466886868,-0.19417565992892113,0.9223273631924221,-0.33407790737742915,14.403756398031994,0.9358430327571464,0.07206909049802061,-0.3449693670961159,12.471932384122937,77.61118989190123,75.18226018207696,66.30882029187441,23.38545229455577,6.97208554031293,110529.0,386910.94998790434, 0.0, 0.0,0.0,NaN, 66.71141212009479,66.71141212009479,0.0, 164.16001123773174, -0.7100669078864823, 23.21159677846842, -0.7100669078864823, 210.80204653017037, 9.616849898751223, 23.21159677846842, 9.616849898751223, 220.52729803451606, 3.3121847990994615, 3.69761663324215, 21.0, 0.0
19, 0 ,0.3333333432674408,0.3333333432674408,0.3333333432674408,52.1255673443178,63.09252637877439,281.01605347265803,14.482673722767181,11.382417376196148,10.025083717586602,73.0,57.0,41.0,-0.9571711828507176,-0.27429714085741375,0.09265206547944321,14.742254038604841,-0.28917685488820954,0.890117953456548,-0.3522311393549565,11.265274380934256,0.014144727537929946,-0.36393832918748126,-0.9313156388846389,9.775945274713257,69.05842111055013,56.59528565097267,50.17543129390236,20.04058278422401,6.179369603716131,68521.0,196104.70581589805, 0.0, 0.0,0.0,NaN, 84.0126888129188,84.0126888129188,0.0, 209.74783816013098, 23.903035610061448, -7.606662542559867, 23.903035610061448, 129.559425325932, -12.919656441334146, -7.606662542559867, -12.919656441334146, 100.50230354461999, 3.765681465565693, 4.032797143283622, 17.0, 0.0
20, 0 ,0.3333333432674408,0.3333333432674408,0.3333333432674408,177.97219664886762,272.34520680939386,284.75194589980083,11.829173342633297,14.817467819146238,8.353779148220521,58.0,59.0,35.0,-0.07922612709853037,0.9968119637769577,0.009440850390371014,14.835610308068722,0.9829306652064863,0.07653834540550054,0.16729969838383846,11.894094395318245,0.1660437538171868,0.022534208522026068,-0.9858608833220757,8.22845707901115,61.09632337433192,58.82969497655881,38.166116465864775,19.73226212177164,6.317448231406001,59741.0,137179.63536548504, 2.8421709430404007E-14, 0.0,0.0,85.4559151056829, 126.04790966517623,126.04790966517623,NaN, 139.92934197006622, -6.485355308575287, 12.015734288671482, -6.485355308575287, 219.55735257143434, 2.3785945951424927, 12.015734288671482, 2.3785945951424927, 69.78562605724399, 3.6851603375855895, 4.163713497319063, 17.0, 0.0
21, 0 ,0.3333333432674408,0.3333333432674408,0.3333333432674408,72.88323743856135,33.74219059377111,31.278424841016562,12.8399890107398,12.110264672311262,13.156045047101125,60.0,64.0,67.0,0.5330179095294791,0.26920935936262924,0.8021335480781155,13.355680441793478,-0.7570959277170913,-0.2715080750247363,0.5942130269781692,12.796073592229964,-0.3777534438691729,0.9240182281902907,-0.059098643106715754,11.936986641093014,69.01245731779068,60.96431864947549,58.50864571042355,21.15076323857748,6.1033240071575,85858.0,246163.27523957015, -1.4210854715202004E-14, 0.0,0.0,57.79040948626757, 86.19072795914424,86.19072795914424,0.0, 164.8653177959188, 9.516567596526322, 5.78273671680198, 9.516567596526322, 146.6585104334302, 4.320551769851445, 5.78273671680198, 4.320551769851445, 173.08152128135407, 3.112836230461454, 3.693221991286192, 25.0, 0.0
22, 0 ,0.3333333432674408,0.3333333432674408,0.3333333432674408,237.86671933636185,34.805589571400354,92.88750740667588,14.41329900714734,12.82327223630388,13.059003883530691,70.0,68.0,71.0,0.8697066142352039,-0.243439298051506,0.42935732591831693,14.979812179231622,0.039626137296272845,-0.8326562723166094,-0.552370619615838,12.740550123863223,0.4919757863945285,0.49741415373509157,-0.7145201083702871,12.490023665395471,71.67798168028793,61.64726780876465,60.3286036809466,22.37331925232102,6.492431530605187,101260.0,266577.1220427197, 0.0, 0.0,0.0,NaN, 117.04726679279815,117.04726679279815,0.0, 207.7431882694345, -14.689006153904645, 25.4010152079844, -14.689006153904645, 164.43631084636192, -4.2415023621586405, 25.4010152079844, -4.2415023621586405, 170.53758243006968, 4.031282413508813, 4.034479390776424, 24.0, 0.0
23, 0 ,0.3333333432674408,0.3333333432674408,0.3333333432674408,16.157284069380502,96.11411266969658,155.4152228755411,10.729925402381424,18.08108533891803,13.43801008953386,43.0,94.0,71.0,0.13572410891593217,0.986334226655887,0.09340106844201546,18.22360415917906,0.12107540881554216,-0.11007926759356934,0.9865208057746238,13.436184200103021,-0.9833207572502097,0.12258608474536285,0.13436123022537866,10.488387241648434,92.24841196344329,69.03422841103202,49.86168541060109,23.671925664226702,7.891577579152113,101873.0,317534.06858694303, 0.0, 0.0,0.0,NaN, 174.36667760472824,174.36667760472824,1.9073486328125E-6, 115.13129914067017, 28.791559811662133, 11.239149567255868, 28.791559811662133, 326.9256470332365, 12.80161607169681, 11.239149567255868, 12.80161607169681, 180.5801151664138, 3.2498664305895555, 3.930302836973191, 30.0, 0.0
24, 0 ,0.3333333432674408,0.3333333432674408,0.3333333432674408,288.35883239097683,53.684992076379785,159.12196505781307,7.326914392004172,15.420461778731797,12.734531295686914,32.0,70.0,59.0,0.11167224333871394,-0.974299335349665,0.19562749092318105,15.597154826073245,-0.017825875346198568,-0.19879113649908875,-0.9798797488557165,12.614140543089718,-0.993585199283806,-0.10593813848940747,0.03956719067053299,7.159247375848642,75.63479812955742,57.79999228369252,35.39406930551371,20.045578949998426,7.198428151849348,51113.0,154731.92532643743, 0.0, 0.0,0.0,NaN, 151.20917924092564,151.20917924092564,0.0, 53.68367450775786, -20.509585421964537, 6.078865237310689, -20.509585421964537, 237.79064146932822, -15.587741682236599, 6.078865237310689, -15.587741682236599, 162.16828732082942, 3.532576774712042, 3.9255840785134133, 16.0, 0.0
25, 0 ,0.3333333432674408,0.3333333432674408,0.3333333432674408,80.14068192229664,9.484631661612967,267.41460701119087,13.857705017686845,6.1004109093861025,13.609483303962408,65.0,25.0,61.0,0.7378501479466784,-0.012891508010131876,0.6748414392998472,15.0797240886589,-0.6743801692678487,0.027515788068183517,0.7378714445655516,12.246347683148514,0.028081069661467038,0.9995382386023115,-0.011608750942988098,6.09080678192759,71.4969980961628,59.51000937699594,25.93270391959616,19.216454142577447,6.722866026302456,45841.0,110338.1322154935, 0.0, 0.0,0.0,NaN, 87.03042555889478,87.03042555889478,0.0, 192.03598835722318, -3.9046571755795454, 38.589193067010484, -3.9046571755795454, 37.21501326335697, 0.6361573839877918, 38.589193067010484, 0.6361573839877918, 185.21803580083153, 3.8857338531723964, 4.19333888834788, 15.0, 0.0
26, 0 ,0.3333333432674408,0.3333333432674408,0.3333333432674408,262.0468380540323,274.56570911103285,53.89473260552397,15.502868577573361,13.24412714470141,12.7785290772559,73.0,54.0,71.0,0.8379939381562351,0.22232101706185087,0.49833675861408,16.896788287790226,-0.2610559205981538,0.9652875922896825,0.008346885181797332,13.06237826122353,-0.47918260186911427,-0.1370884004727308,0.8669433686935807,11.086454034321008,87.54627550975869,57.1289872784366,60.159933041682564,22.946038600209537,7.246789350774052,99385.0,300885.6975145284, 0.0, 0.0,0.0,NaN, 70.65400100024326,70.65400100024326,0.0, 240.3389341335115, 18.26726995108061, 67.79495919627014, 18.26726995108061, 175.40690382501674, 18.39814306705874, 67.79495919627014, 18.39814306705874, 163.2908053782745, 2.8370516898256977, 3.536537670046424, 25.0, 0.0
27, 0 ,0.3333333432674408,0.3333333432674408,0.3333333432674408,86.24802580358136,60.206261817372926,219.58981203425648,12.674755080715606,13.537486880744186,12.737288973526306,74.0,65.0,61.0,0.21873071593127236,0.7964783630680193,0.5637189823597225,14.370476931733657,0.9756726475684095,-0.18729353552400718,-0.11394742795591284,12.583678360347946,0.014824260354011317,0.5749289944988035,-0.8180690023399929,11.886628179403248,70.0626161359267,70.8402633177989,59.44882737788619,21.59412434576631,6.312312693251343,89910.0,295059.6407298802, 0.0, 0.0,0.0,NaN, 132.39831662722716,132.39831662722716,0.0, 160.64941635612607, 8.245071309894263, 6.145314110066421, 8.245071309894263, 183.26355104632097, 29.64655695500735, 6.145314110066421, 29.64655695500735, 162.23853039511482, 2.8719578486484094, 3.587956235215092, 29.0, 0.0
28, 0 ,0.3333333432674408,0.3333333432674408,0.3333333432674408,165.38583074207918,102.27711812517258,211.57108040291502,14.41334406100901,11.071975416103449,13.076775520662475,66.0,53.0,63.0,0.8692437123499701,0.04289387126165527,0.4925195268699821,15.028337386512888,0.4715783242241576,0.22714650886116958,-0.852067102776605,12.444079902352387,0.14842254768726293,-0.972915504717841,-0.17721785468076034,10.983129582893422,72.06207250150896,67.51982188407939,56.83191849158739,21.445077300939477,6.437689353356227,83293.0,276522.42263106443, 0.0, 0.0,0.0,NaN, 190.7911352188523,190.7911352188523,0.0, 207.74448702102367, 7.589416335242171, 31.294937018615265, 7.589416335242171, 122.58863961479912, -4.4013143704763324, 31.294937018615265, -4.4013143704763324, 171.0020580177973, 3.2934051204225496, 3.7725554342243592, 26.0, 0.0
29, 0 ,0.3333333432674408,0.3333333432674408,0.3333333432674408,133.11999951918455,251.91720357726703,252.59026108279642,13.818068646428287,13.453202188616597,10.798114053451815,64.0,63.0,48.0,0.9510545010614857,-0.23398413745769076,0.20185826569370205,13.996147661787997,-0.21107546102412122,-0.9689612196980798,-0.12869073189109057,13.438266484453498,-0.22570442123304435,-0.0797845733170909,0.970923239034099,10.585262485115651,65.3080249049832,66.21154387520221,51.08350606182742,21.19704266808305,6.261974088421119,83192.0,220892.4953091348, 0.0, -2.8421709430404007E-14,-2.8421709430404007E-14,86.87063984134686, 149.2667844097108,149.2667844097108,0.0, 190.93902111740448, -4.640114954705453, 17.95805394281208, -4.640114954705453, 180.9886491277984, 4.586483295729246, 17.95805394281208, 4.586483295729246, 116.59926711135358, 3.6084668240912494, 3.9563994774685085, 26.0, 0.0
30, 0 ,0.3333333432674408,0.3333333432674408,0.3333333432674408,145.92119605731799,287.3454816532759,25.388586101217594,13.98941875673883,8.13401579010587,13.688219298580758,69.0,36.0,61.0,-0.7856085103083703,-0.12757180343900093,0.6054293546718595,14.545341889821982,-0.6078490228473964,-0.023519823346744732,-0.7937042165272927,13.18983604993756,-0.11549386977034189,0.9915504288118978,0.059067022681124674,7.980892924672276,77.17740381634684,65.10281785742984,39.5787691190979,20.1065492453208,6.7052274410813775,60365.0,198862.19810017128, 0.0, 0.0,0.0,NaN, 148.6529939073033,148.6529939073033,0.0, 195.70383715139621, 16.396561852474807, -17.12912276843385, 16.396561852474807, 66.16221287369163, -9.362394817210285, -17.12912276843385, -9.362394817210285, 187.36734756603872, 3.832266644997357, 4.062369463325486, 14.0, 0.0
31, 0 ,0.3333333432674408,0.3333333432674408,0.3333333432674408,287.5583469498911,27.75243395969499,25.56712962962963,7.875447374054574,14.002010821750567,13.951470877179052,35.0,62.0,57.0,0.014358059011656918,-0.7146797151910479,0.6993044764877892,15.426541529008196,0.16193967793608335,-0.6884812711590704,-0.7069434772123926,12.460765954232077,-0.986696197849863,-0.12339547786541558,-0.10584974818576758,7.711915865615666,80.79912893154851,63.02852958990662,39.32982020192463,20.15504361461363,6.818851437282825,58752.0,200293.02020588148, 0.0, 0.0,0.0,NaN, 39.73248593789221,39.73248593789221,0.0, 62.02267134150309, -12.51235436434223, -9.174753546609152, -12.51235436434223, 196.05630705241998, -42.58668810486492, -9.174753546609152, -42.58668810486492, 194.64353963677522, 3.553562060055325, 3.9279378398302818, 11.0, 0.0
32, 0 ,0.3333333432674408,0.3333333432674408,0.3333333432674408,184.37053621403783,282.10269506324863,119.07202227695063,12.887372927085366,9.774292416542334,13.683718614391621,68.0,39.0,74.0,-0.48191422235597176,0.031200039248091883,0.8756627432076557,13.993491052200193,-0.8518889857904481,0.21718062201233226,-0.47656870785990363,12.68265541527574,0.20504594163250567,0.9756326844531472,0.07808346077618016,9.60196792918346,76.12920232308569,62.49169975359439,43.70334773729485,20.26223615161241,6.189274146454748,71464.0,207916.19687240935, -2.8421709430404007E-14, 0.0,1.4210854715202004E-14,38.22508565097527, 166.93900954705234,166.93900954705234,0.0, 166.08438096177284, -14.259562370911521, -15.855481779548775, -14.259562370911521, 95.53679224407698, -4.2746077954011295, -15.855481779548775, -4.2746077954011295, 187.24415511784773, 3.6967283938520867, 4.07214116065311, 25.0, 0.0
33, 0 ,0.3333333432674408,0.3333333432674408,0.3333333432674408,188.04586563307492,14.674753564934443,10.536103933390756,16.15456514461211,9.535735258104111,6.872149996391224,71.0,37.0,29.0,-0.9934919965285819,0.11376259395531382,0.005632499463823537,16.225214121693963,0.10555044843211828,0.9381072607034928,-0.3298694745670896,9.716578072873967,-0.04281069573634995,-0.327128170037292,-0.9440097482010567,6.438726951501656,70.88485203485908,44.22331089139189,30.847621161609812,18.760914683703966,6.866931463751015,41796.0,96699.9767983009, 0.0, 0.0,0.0,NaN, 113.40231955358885,113.40231955358885,0.0, 260.96997501151645, -19.824923499473034, -3.084929448758507, -19.824923499473034, 90.93024691264988, -16.244860827100467, -3.084929448758507, -16.244860827100467, 47.226445572899905, 4.128592292303041, 4.11458766340403, 11.0, 0.0
34, 0 ,0.3333333432674408,0.3333333432674408,0.3333333432674408,106.29876644047918,35.68838485381587,162.71919242690794,11.698091434278602,11.866964244291804,16.44706625379649,62.0,63.0,80.0,-0.1202303595818113,-0.2069605814158549,0.9709335602268779,16.688142675064086,-0.6966870153571842,-0.6791534566696207,-0.23103632815296693,11.82043455265073,-0.7072282964273471,0.7042143849948804,0.06253188545658082,11.399973376285558,83.66462216935153,67.6051176481745,59.09902478622875,22.380935301130446,6.875311409930148,95496.0,334273.34056083777, 0.0, 0.0,0.0,NaN, 177.25436154905174,177.25436154905174,0.0, 136.8453432047424, 8.315549255844555, -15.767804715716832, 8.315549255844555, 140.82484037530014, -28.31535636843306, -15.767804715716832, -28.31535636843306, 270.5059883567713, 3.241018320328391, 3.7184515773388283, 23.0, 0.0
35, 0 ,0.3333333432674408,0.3333333432674408,0.3333333432674408,232.33016611725162,84.02923749811475,280.3547820653696,13.042053414666555,15.438947217191123,11.57488620562332,63.0,74.0,53.0,-0.16936405343052444,0.9444377750225392,0.28169683440901,15.799920466684123,0.9560016653377675,0.2269005926199683,-0.18594874815422197,13.061627984224952,-0.23953420064157344,0.23780960909766014,-0.9413128898213501,11.053986917285801,71.08865899879015,63.10961621226264,56.80158314825894,22.264352244066067,6.836143523338549,92826.0,254833.3722323159, 0.0, 0.0,0.0,NaN, 109.6633656237691,109.6633656237691,NaN, 170.09515727101552, -9.883449365934485, -14.687095864730532, -9.883449365934485, 238.3610911752135, 31.863875654171583, -14.687095864730532, 31.863875654171583, 133.97799067312903, 2.955138496625165, 3.7334570261711404, 19.0, 0.0
36, 0 ,0.3333333432674408,0.3333333432674408,0.3333333432674408,256.3004397130294,10.561490395741727,25.755264984957186,14.16581124015748,6.850216043869634,11.292866519761935,71.0,29.0,47.0,-0.992356878540513,-0.0313931916815037,-0.1193410789685519,14.211169885599949,0.1157565314761061,0.09828060817976539,-0.9884034335616387,11.277395416704492,0.04275805227031569,-0.9946634554319687,-0.0938954705733198,6.781408796889526,70.33176224229723,52.57033275083581,31.38214035722047,18.287828918529716,6.378073033387941,43210.0,116031.20051971117, 0.0, 0.0,0.0,NaN, 51.81245335920009,51.81245335920009,6.743495761743046E-7, 200.670208091772, 5.7826598399092966, 9.181813236873007, 5.7826598399092966, 46.92545984768894, -7.302736381972447, 9.181813236873007, -7.302736381972447, 127.52883423316004, 4.788024107619751, 4.095641357205679, 10.0, 0.0
37, 0 ,0.3333333432674408,0.3333333432674408,0.3333333432674408,9.327316131108846,170.46826886969583,94.56611769754842,5.978810197382424,12.154964937513107,12.87291390663846,24.0,62.0,62.0,0.11822409450663475,0.5963240543245606,0.7939903561832502,13.749205609692329,-0.0546511537714595,-0.7944785262688895,0.6048281761699443,11.263696283466949,-0.9914818782355702,0.1148977525086176,0.06133670678259342,5.769726821301071,62.96414804156393,59.06291129918668,27.350488326034224,17.69019619161742,6.021479482510559,37282.0,101712.25112285769, 0.0, 0.0,0.0,NaN, 160.6493660498218,160.6493660498218,0.0, 35.746171376324064, 15.0436327177486, 11.52686727473892, 15.0436327177486, 147.74317263217299, 28.776372438072137, 11.52686727473892, 28.776372438072137, 165.71191244772587, 4.637125283591603, 4.1988898202652, 13.0, 0.0
38, 0 ,0.3333333432674408,0.3333333432674408,0.3333333432674408,151.28602965571804,96.89286170022714,158.28257152336474,11.814295043700765,12.223651728230225,12.912656830845686,55.0,62.0,65.0,0.2510614440875975,0.5538770830705471,0.7938440200328479,13.277315375583422,-0.6169473720765326,-0.5403867808131375,0.5721521364202657,12.39607627260494,-0.745884770846349,0.6334053236054121,-0.20604272529699502,11.215263030572258,67.77696012316508,66.04508109889716,52.17540900057274,20.511076589357174,5.918418076593553,78366.0,233554.60047290352, 0.0, 0.0,0.0,NaN, 227.12970117985353,227.12970117985353,0.0, 139.57756737961247, 16.318192902398753, 0.2243212528874474, 16.318192902398753, 149.41766157306577, 13.586421030933916, 0.2243212528874474, 13.586421030933916, 166.73670643118575, 2.848242473963805, 3.488186780809951, 22.0, 0.0
39, 0 ,0.3333333432674408,0.3333333432674408,0.3333333432674408,176.615127919911,285.63246199480903,242.75797182054134,14.279137645096142,8.629073967991161,13.077392905525018,67.0,36.0,61.0,-0.9930941960505546,-0.1173186739997127,-4.96489327003394E-4,14.343167562793626,-0.007237773228544894,0.06549000911164188,-0.9978269756552234,13.093855666924265,0.11709625275556368,-0.9909325847087211,-0.06588687390595294,8.49690429965647,69.12279036732383,61.28863656244317,38.996948027229166,20.21033979221184,6.396488108445529,64728.0,165208.29199885123, 0.0, 0.0,0.0,NaN, 136.77317937610601,136.77317937610601,0.0, 203.89377188760182, 15.510225763420467, 0.782638023626995, 15.510225763420467, 74.46091754506273, -6.478090631400661, 0.782638023626995, -6.478090631400661, 171.01820520547608, 3.516055502668769, 3.983892357538601, 13.0, 0.0
40, 0 ,0.3333333432674408,0.3333333432674408,0.3333333432674408,48.37004140510218,105.65572325363964,260.30176305596365,13.994406810211949,11.262285737801495,11.089224490015951,67.0,53.0,52.0,-0.9296003533869913,0.33692322615057413,0.14941861551717722,14.47215741554687,0.09021383874139127,0.6010699015669623,-0.7940884313033559,11.317082130013354,0.35735786864475666,0.724705259474893,0.5891499304991092,10.398736154058682,66.9417149359061,53.81641741561795,48.641792636059336,20.275737172614498,5.8777447976780905,74870.0,175235.13570826067, 0.0, 0.0,0.0,NaN, 122.79553240344634,122.79553240344634,0.0, 195.84342196970658, -30.649189431575813, -15.5005121606185, -30.649189431575813, 126.83908003988698, -4.418482108581312, -15.5005121606185, -4.418482108581312, 122.97089978996955, 3.1118370824460753, 3.651396076377401, 23.0, 0.0
41, 0 ,0.3333333432674408,0.3333333432674408,0.3333333432674408,57.216638125281655,133.53467327625057,283.17899954934654,11.940426288668322,12.173583095743428,9.537840043213833,59.0,59.0,40.0,-0.5422366935766515,0.8341116043613098,-0.10117904728184397,12.327846038913252,0.8306341680859388,0.5502892829399693,0.0850210790898002,11.823235820052693,-0.12659481406139828,0.037941224956710096,0.9912286398715205,9.485547154397512,61.14425405885923,61.17229522107107,43.14234363919783,18.69508605458428,5.677504332515386,55475.0,161366.79030018096, 0.0, 0.0,0.0,NaN, 146.24704681297092,146.24704681297092,0.0, 142.57377995512155, -5.272694068210601, 6.91940123327534, -5.272694068210601, 148.19612538897016, -2.9019072669341046, 6.91940123327534, -2.9019072669341046, 90.97039268993326, 4.000888206954473, 3.9726745179217384, 15.0, 0.0
42, 0 ,0.3333333432674408,0.3333333432674408,0.3333333432674408,83.69424273216188,210.6514287838608,66.7697712458797,11.449240336364083,13.068813027701259,12.85863673372821,51.0,61.0,59.0,0.3213552117688907,-0.6738705690773958,0.6653039034909366,14.306532332335077,-0.3265766738621755,-0.7383321469351871,-0.5900960234497393,11.943214834964968,-0.8888636025612083,0.027642303329920265,0.45733729249704413,10.950172095111043,64.38746827790997,57.62925976119877,56.223143137496216,20.777816003537215,5.958680978706292,80698.0,208621.71494855176, 0.0, 0.0,0.0,NaN, 139.4492588617904,139.4492588617904,0.0, 131.08510427982634, -12.875531564438013, 22.504985696310428, -12.875531564438013, 170.79387395301413, -28.100140085562085, 22.504985696310428, -28.100140085562085, 165.34453864998446, 3.4630338936344676, 3.7278348003117996, 20.0, 0.0
43, 0 ,0.3333333432674408,0.3333333432674408,0.3333333432674408,201.085380086625,170.79602925538813,48.46085016987836,12.014797881111015,12.076308941485438,12.239808183056454,63.0,55.0,59.0,-0.5151078151968659,0.7083149773928297,0.482652909992374,12.838201988080872,0.5892697271972194,-0.1162706716219743,0.7995263094667302,12.210032210668984,0.6224348378200131,0.6962549990639711,-0.3574966418673098,11.229478761715914,63.703630204088554,60.36336771524543,56.5706276387852,20.208292542532583,5.624093051112523,77114.0,217534.74859297043, -2.8421709430404007E-14, 0.0,0.0,58.99533822420217, 169.78286747481135,169.78286747481135,1.9073486328125E-6, 144.35536812394972, -15.70140385166735, 1.202398559036325, -15.70140385166735, 145.83723765020116, 11.100017017947152, 1.202398559036325, 11.100017017947152, 149.81290435801571, 2.9644774541200456, 3.4164788558627155, 18.0, 0.0
44, 0 ,0.3333333432674408,0.3333333432674408,0.3333333432674408,33.93340939613268,176.78594264389537,59.020192296264604,13.222702102045698,11.465894977598813,12.902225162408362,64.0,56.0,65.0,0.7802485610302782,0.2920894188188235,0.5530786150487672,13.757054797839293,-0.5729513662061996,-0.020902598679430562,0.8193227772562511,12.54814696111339,-0.25087629416234236,0.9561625660851448,-0.1510438090252006,11.227709641320466,68.65672456903988,60.22676228018449,56.49021160421769,20.92486245894499,5.909665280934264,84141.0,233585.45622516342, 0.0, 0.0,0.0,NaN, 140.77131562249122,140.77131562249122,0.0, 174.83985087944373, 14.7782963909833, 12.53353463158237, 14.7782963909833, 131.46674763732568, 9.671404944653133, 12.53353463158237, 9.671404944653133, 166.4674141414835, 2.9944068421732064, 3.608184030822765, 22.0, 0.0
45, 0 ,0.3333333432674408,0.3333333432674408,0.3333333432674408,23.682803145640403,129.8444922675397,58.85129179592257,12.901673146038956,12.81063141459117,12.474478866440688,56.0,61.0,61.0,0.6007904539554973,-0.6856205031798844,0.41106612126920633,14.190400740277312,0.6583041325067996,0.13259567978257314,-0.7409818181490474,12.431892491167893,-0.4535267352212196,-0.7157813292635954,-0.531009029223819,11.41309099741997,71.5199717911565,64.54655005146068,59.44065886744943,21.204340997008035,6.0459898345613565,87359.0,274399.9221422741, 3.552713678800501E-15, 0.0,0.0,53.07346925872065, 144.51277411737397,144.51277411737397,0.0, 166.45316996722275, -27.170218515166926, 5.711298156629644, -27.170218515166926, 164.11227724051014, -22.42782313158804, 5.711298156629644, -22.42782313158804, 155.61262298927534, 3.8928719057427403, 3.7905353111938296, 19.0, 0.0
46, 0 ,0.3333333432674408,0.3333333432674408,0.3333333432674408,140.9195915504357,273.873593762646,82.71006555696441,12.234176335925591,11.397138420336466,13.431649450612996,61.0,51.0,68.0,0.47887279104629255,-0.34115832538159946,0.8088830861245376,14.366719181853718,0.8447075627548342,-0.0718468706610231,-0.5303839746834427,11.56899576262208,-0.23906062708091894,-0.9372561145167534,-0.25377350606522536,10.942337901434612,62.1982897524663,59.43008828669989,58.84839307534986,20.554499437680455,6.123038022204986,74134.0,217530.13383090336, 0.0, 0.0,0.0,NaN, 165.47469694807793,165.47469694807793,0.0, 149.67507061852172, -15.015195559134296, 27.25081205364694, -15.015195559134296, 129.89476417230958, -23.379056514766376, 27.25081205364694, -23.379056514766376, 180.40920696415242, 3.46283003847455, 3.8084899075516345, 16.0, 0.0
