// Sample: .//bubblelabels.tif, Map: .//bubblelabels.tif, Thickness:(8.191250068658265):/gpfs/home/mader/Foam/NewValid/InSilicoTest/LatticeData_Phi_6.65/out_Step_06000.vtk/distmap.tif, Neighbors:(1.0):
//LACUNA_NUMBER, TRIANGLES, SCALE_X, SCALE_Y, SCALE_Z, POS_X, POS_Y, POS_Z , STD_X, STD_Y, STD_Z,PROJ_X, PROJ_Y, PROJ_Z, PCA1_X, PCA1_Y, PCA1_Z, PCA1_S, PCA2_X, PCA2_Y, PCA2_Z, PCA2_S, PCA3_X, PCA3_Y, PCA3_Z, PCA3_S,PROJ_PCA1, PROJ_PCA2, PROJ_PCA3,OBJ_RADIUS, OBJ_RADIUS_STD, VOLUME, VOLUME_BOX, Mask_Grad_X,Mask_Grad_Y,Mask_Grad_Z,Mask_Angle, Mask_Distance_Mean,Mask_Distance_COV, Mask_Distance_STD, SHAPET_XX, SHAPET_XY, SHAPET_XZ, SHAPET_YX, SHAPET_YY, SHAPET_YZ, SHAPET_ZX, SHAPET_ZY, SHAPET_ZZ, Thickness, Thickness_STD, Neighbors, Neighbors_STD
1, 0 ,1.0,1.0,1.0,182.3535113843789,34.75955423191469,20.80018253434528,11.779726825560212,18.083854837310398,13.931750044408712,50.0,81.0,64.0,0.1741784250971326,0.9769032519375052,0.12378171344996682,18.247854193747557,-0.484118725225709,0.1944153604267755,-0.8531305454125775,14.933156084193806,-0.8574910705753832,0.08867188948056884,0.5068001182906616,10.193041540700934,91.79467936085757,77.6551564118596,56.70128765492065,24.32740269549105,8.249782254888546,104090.0,404185.50023637566, 0.0, 0.0,0.0,NaN, 44.1845308261245,44.1845308261245,0.0, 138.7619640848229, 27.770445604075878, 54.12981730506054, 27.770445604075878, 327.0258057769147, 7.947420198574284, 54.12981730506054, 7.947420198574284, 194.09365929988218, 10.119759023850929, 7.035113476829836, 8.0, 0.0
2, 0 ,1.0,1.0,1.0,61.032036339217356,83.46236692515302,33.937411515117816,16.59172187662097,18.386439464916677,18.170947785539177,80.0,86.0,76.0,0.11092710893002221,0.7302615617553859,0.6741017934459249,19.8324537030986,-0.6256271560555444,-0.4757124760880673,0.6182946722235378,16.7722011815291,-0.7721954662585624,0.49032202838210864,-0.4041020544033106,16.398072511540615,100.36264444994073,88.12307909420853,83.62564601668352,29.522200776520382,8.483477810652197,233797.0,739607.3954894446, 0.0, 0.0,0.0,NaN, 108.82382116433368,108.82382116433368,0.0, 275.2852348311429, 13.772939223901885, 4.503914882362975, 13.772939223901885, 338.0611561970454, 57.6028127615659, 4.503914882362975, 57.6028127615659, 330.1833434247911, 10.427629619787986, 6.659922153463244, 21.0, 0.0
3, 0 ,1.0,1.0,1.0,167.99521619512996,184.76448486839405,80.80662546708824,18.039877264309933,8.647371731246256,15.906358503187775,73.0,35.0,69.0,0.9556144989790203,0.05441355873381611,-0.28955153939669764,18.265713524943138,-0.2890264896848288,-0.017455422103360534,-0.9571619489405432,15.672724778628922,-0.05713683226729722,0.998365901293266,-9.536945756760591E-4,8.59975917335583,78.90358031391867,69.633198566393,37.04752863643944,24.27771845510635,7.988669289449379,97412.0,203550.55799667072, 0.0, 0.0,0.0,NaN, 88.23909466387413,88.23909466387413,0.0, 325.43717171136643, 14.369094669534347, -24.35947432074425, 14.369094669534347, 74.77703785835688, -1.2230566925435937, -24.35947432074425, -1.2230566925435937, 253.012240831934, 10.919277521478016, 6.860438632079639, 12.0, 0.0
4, 0 ,1.0,1.0,1.0,14.455100594731018,113.0638042084982,142.24235886085523,9.262942457646865,17.931697204001793,19.667392939151952,37.0,92.0,103.0,-0.04687279311446933,0.22695850323136618,0.9727758113134941,19.772130193438983,0.054983381333302946,-0.9717835743567602,0.22937635533671713,17.854886580575883,-0.9973864692499113,-0.06423801383431216,-0.03307126450285804,9.188041435537643,96.96761182445645,96.1225450418938,39.4645073483446,26.612211151836412,9.270621889753777,125603.0,367839.7396186539, 0.0, 0.0,0.0,NaN, 105.36981152996505,105.36981152996505,0.0, 85.80210297367694, -15.783995415445483, -11.020236118597783, -15.783995415445483, 321.5457646160057, 15.429167584286, -11.020236118597783, 15.429167584286, 386.8063450230041, 11.299484780970332, 6.896287561643839, 16.0, 0.0
5, 0 ,1.0,1.0,1.0,58.1958432227853,148.52746594821136,184.86656545569883,18.889888568989168,22.23457541283279,8.755762712272693,94.0,96.0,38.0,0.11263325984505523,0.992461370001367,0.04831332975158262,22.300348231846005,0.9927251760130497,-0.11031471363764407,-0.048243018820387534,18.855695222967686,0.04254966141505663,-0.05339562725592294,0.9976664940266415,8.661688115393954,100.32907514154272,92.21301940885022,41.300281370122434,28.547007624376732,10.627133682486935,140301.0,382095.6223082876, 0.0, 0.0,0.0,NaN, 79.15300860504416,79.15300860504416,0.0, 356.82789014882763, 16.484763602120047, -11.136396882604037, 16.484763602120047, 494.3763437889484, 21.740847820160354, -11.136396882604037, 21.740847820160354, 76.66338067362486, 9.197020381812273, 6.398105158553316, 15.0, 0.0
6, 0 ,1.0,1.0,1.0,185.43076510263572,174.87451975264975,137.11969898401006,9.30976122031378,14.808624426884634,15.870215151840604,39.0,61.0,75.0,0.05865136696716222,0.5089793076578956,0.8587782493338854,16.488547878213573,0.13777349857766252,-0.8561541286217189,0.4980146294373866,14.219051119966759,-0.9887256850322814,-0.08910764512698238,0.12033846989790808,9.15298391111471,78.46072063385401,73.63828726564505,45.26716222624128,22.43784300516897,7.373868837780955,81989.0,261540.67552013704, 0.0, 0.0,0.0,NaN, 69.26387672528928,69.26387672528928,0.0, 86.67165397925831, -8.35134333415558, 17.598171355703165, -8.35134333415558, 219.29535741652424, 31.731530609563343, 17.598171355703165, 31.731530609563343, 251.8637289657111, 10.941405798276849, 6.890045611658352, 7.0, 0.0
7, 0 ,1.0,1.0,1.0,81.0985980172344,21.71802587860288,43.1407439422999,17.207377687167718,13.526541538904794,19.778956030290377,92.0,55.0,86.0,-0.30433489806989467,0.0694392528519683,0.9500307679123594,20.091364425262213,0.9497788846296119,0.09834573426365274,0.2970659638260053,16.90344096036816,0.07280343486757518,-0.9927267029326368,0.09588197513599377,13.44912762045814,95.41522233106998,88.93843040417332,60.80041122084707,28.147653116988373,8.830509528127566,185095.0,515957.1603891194, 0.0, 0.0,0.0,NaN, 94.391625880264,94.391625880264,0.0, 296.09384686883743, 5.085394136608296, -34.8306090221078, 5.085394136608296, 182.9673260037169, 17.76005676996381, -34.8306090221078, 17.76005676996381, 391.20710164816006, 9.617987856312759, 6.176346350130897, 13.0, 0.0
8, 0 ,1.0,1.0,1.0,51.780196889713224,183.19278071051505,121.75465829647597,14.653380289413496,9.723084969523054,12.72121314425901,61.0,37.0,61.0,-0.9632673518145968,0.023711259961417146,0.2674953926316036,14.809459613295104,-0.2629669713098658,0.11866780703454967,-0.9574791504642425,12.578231243118482,0.05444612867973281,0.9926508589250569,0.10807354600982148,9.672497291249275,61.992964432231055,64.59863667241683,41.36753598405741,20.74120145083816,6.394666642459371,70090.0,165662.9574259141, 0.0, 0.0,1.4210854715202004E-14,74.48471768035512, 95.32053770559385,95.32053770559385,0.0, 214.72155390617195, -4.890055933425657, -16.12616256647868, -4.890055933425657, 94.53838132456512, -6.548522512512228, -16.12616256647868, -6.548522512512228, 161.8292638616682, 10.848296218907668, 6.575373478377011, 9.0, 0.0
9, 0 ,1.0,1.0,1.0,169.69898764661286,95.12753868795433,16.604789724836106,16.16347645609047,15.906866514304246,10.421803646220473,68.0,78.0,41.0,0.7877167739347233,0.6032071410080304,0.1250736946715422,16.63499522467241,0.6060853676567877,-0.7951970600356614,0.017948894756428743,15.500931682518999,-0.11028513578088771,-0.06166669074596648,0.9919850846047196,10.29069558095388,81.27493081108705,72.03429479558608,44.46737689809534,23.86301342342316,7.311426334470854,112115.0,260337.9188505682, 0.0, 0.0,0.0,NaN, 101.20829515545842,101.20829515545842,1.9073486328125E-6, 261.25797114659093, 16.402775504090645, 18.291963106041063, 16.402775504090645, 253.02840230389373, 10.96992473553554, 18.291963106041063, 10.96992473553554, 108.61399124037435, 9.56838804975445, 6.090710131286947, 12.0, 0.0
10, 0 ,1.0,1.0,1.0,88.03394324199624,179.31895904636636,79.37280408778828,16.175057421412948,11.950083081058313,18.797072882686702,82.0,54.0,87.0,0.5239648012597087,-0.11842902636016167,0.8434663317265594,20.409509915433173,0.8511618759543008,0.10928228752092652,-0.5134012490792652,14.251150657523352,0.03137432011741484,-0.9869305686569739,-0.15806234430626503,11.752596612478657,90.45702909212983,73.5983022202558,59.900304104503135,26.259365063917844,8.259095811718728,145213.0,398785.30209842813, 0.0, 0.0,0.0,NaN, 120.32340855552302,120.32340855552302,0.0, 261.6324825860061, -11.233506291720083, 94.65695529085698, -11.233506291720083, 142.80448564419615, -31.457363782403572, 94.65695529085698, -31.457363782403572, 353.3299489570358, 10.172464209829519, 6.2419285900514785, 15.0, 0.0
11, 0 ,1.0,1.0,1.0,158.28079044117646,181.72061065279772,181.95979420731706,19.9032730126723,11.297092740946924,10.995941062339503,79.0,52.0,47.0,0.9901738199401494,-0.004520510447929251,0.1397689925928581,20.04231400566391,0.09359679776078557,0.7640239661279287,-0.6383627641326496,12.572958900343123,-0.10390113451766982,0.6451720268017209,0.7569396343688849,9.214209388201468,82.45333246793393,68.84677263585753,52.13004180613666,23.931101338591734,8.483966618452222,89216.0,295923.7846183931, 0.0, 0.0,0.0,NaN, 48.990586301472206,48.990586301472206,0.0, 396.1402766169695, 3.8149545209016447, 39.47044471073006, 3.8149545209016447, 127.62430439755568, -35.890682944633895, 39.47044471073006, -35.890682944633895, 120.91071984644398, 9.917409085377, 6.55484558865185, 8.0, 0.0
12, 0 ,1.0,1.0,1.0,21.516600806343952,44.96585720770032,57.167169519130645,12.393902310118293,16.83682082506496,16.92750050025596,53.0,85.0,82.0,0.2826082644348101,-0.7721678834963092,-0.5691127555853718,17.30820619693833,0.05204829144258818,-0.580080382803785,0.8128946579010848,16.83851659544818,-0.9578222926154161,-0.25935209500415624,-0.1237454911740355,11.854028018498354,87.26942374529975,81.96835556600574,62.4812778509987,25.785133122060873,7.665150555062744,149812.0,446949.2714929464, 0.0, 0.0,0.0,NaN, 75.84838624197535,75.84838624197535,0.0, 153.60881447275557, -39.02738490158084, -19.530883711545812, -39.02738490158084, 283.47853549534113, 2.458107975932174, -19.530883711545812, 2.458107975932174, 286.54027318616573, 11.048628130821601, 6.265961635068725, 13.0, 0.0
13, 0 ,1.0,1.0,1.0,133.45279804549506,117.83246723232857,117.07501733302519,13.212857950455094,16.466533001612493,17.797113511773663,69.0,82.0,88.0,0.12110488761362206,0.19537826051421162,0.9732219384675483,17.83994215846559,-0.3808584307682744,-0.8962547692998329,0.2273196960670822,17.102075674346725,-0.9166681307369746,0.3981893065185754,0.0341293754035513,12.317428509010089,87.51865697982723,81.11817729198057,66.20776216923099,26.48614115062168,7.806913641972975,151445.0,470032.3367675231, 0.0, 1.4210854715202004E-14,-1.4210854715202004E-14,60.532830626482216, 134.37479778372915,134.37479778372915,0.0, 174.5796152189044, 51.98920658991904, 7.442561731356067, 51.98920658991904, 271.1467090931933, 2.9895099856294483, 7.442561731356067, 2.9895099856294483, 316.73724935095663, 9.346233725699316, 6.216390941734864, 27.0, 0.0
14, 0 ,1.0,1.0,1.0,78.11133370087938,90.65932848245332,159.4211313504042,13.960822825728622,18.151265052672382,18.13166666858663,75.0,95.0,83.0,0.18237612975005496,0.8426751675270799,0.506594028123703,18.341755720178295,-0.03514336990562454,-0.509319105263735,0.8598598679814197,18.0789840210053,0.9826005754369717,-0.17462133617217615,-0.06327320210307247,13.778993687277307,89.00634490442599,95.51722720928711,75.5343003798099,27.94257945268529,8.505444532468799,183197.0,642165.3742884133, 0.0, 0.0,0.0,NaN, 126.36114463829713,126.36114463829713,1.9073486328125E-6, 194.90457397138528, 24.97579292385754, 9.40112886661424, 24.97579292385754, 329.46842301236575, 2.571951547125036, 9.40112886661424, 2.571951547125036, 328.7573361807353, 9.867843699579906, 6.3045068368785815, 22.0, 0.0
15, 0 ,1.0,1.0,1.0,119.18638960599263,50.777214439883195,14.469626306657075,16.626822593149512,18.63607129799434,9.49256420930032,77.0,94.0,39.0,-0.5142443768291732,0.8567740770215627,0.038612198116973,19.709762262553525,0.8563719276314206,0.5105102761236118,0.07750083571832272,15.382277630415425,-0.04668878306853023,-0.07292077149922743,0.9962443066936629,9.421993668546326,98.0696444160565,72.40922370066725,43.03624392493951,25.362808076723812,8.401852456393195,118145.0,305606.6867253429, 1.4210854715202004E-14, 0.0,0.0,59.05303855282322, 96.53256039618239,96.53256039618239,0.0, 276.451229544067, -67.41163857277654, 3.8612159558263675, -67.41163857277654, 347.3031534239285, 15.763985221697979, 3.8612159558263675, 15.763985221697979, 90.10877526768944, 9.467800976250931, 5.892105368386484, 8.0, 0.0
16, 0 ,1.0,1.0,1.0,15.40443237183633,97.99186536167522,23.13433650957904,9.394644720083146,13.241863518787229,14.569486213391341,38.0,61.0,57.0,-0.0615250486733854,0.24188494094388166,0.9683523861334327,14.708027632479379,0.33263535948757145,0.9196961860200464,-0.20859684330965905,13.556250295084167,0.9410464313753661,-0.3092743131344007,0.13704383689510832,8.705069125987913,63.41595874794798,66.4567406581238,44.3175879624762,20.845708653220658,6.4290479959319775,69579.0,186772.83706187858, -1.7763568394002505E-15, 0.0,0.0,86.47264661824819, 101.85725177667815,101.85725177667815,0.0, 88.25934941658613, 30.946174976967967, -15.866874047910624, 30.946174976967967, 175.34694945018808, 12.202374774923737, -15.866874047910624, 12.202374774923737, 212.26992852220036, 11.048638760918479, 6.522273399398035, 6.0, 0.0
17, 0 ,1.0,1.0,1.0,186.3758507302898,28.009342101909205,171.95466595294536,8.058663858814455,15.501965343886924,15.094468459958474,32.0,73.0,59.0,0.011381093702497406,0.7838472530899387,0.6208493815165577,16.17487740195315,-0.04375354305524863,-0.6199045481235886,0.7834564306238108,14.381409883408104,-0.9989775263619538,0.03608095119376286,-0.027240902788010148,8.040171739354298,79.95495203344048,73.65391473285004,33.794053803077475,21.94787291126464,7.168461862359249,78462.0,199013.02129520554, 0.0, 3.552713678800501E-15,0.0,38.38581138761507, 41.9127838507061,41.9127838507061,0.0, 64.94206318936227, 5.61365376124363, -3.4819415634615236, 5.61365376124363, 240.31092952307128, 26.809056993914623, -3.4819415634615236, 26.809056993914623, 227.84297808868112, 8.744936532084724, 5.645701394792892, 9.0, 0.0
18, 0 ,1.0,1.0,1.0,23.90349247354563,176.2487356550251,46.53122360773014,15.219564695142138,12.446236768340906,13.193468656128418,66.0,53.0,72.0,0.9646334838575584,0.16401010875169683,0.20635630847659098,15.414846532114042,0.11130178004227498,0.4562108496876209,-0.8828836697927537,13.304343153633408,0.23894383352631288,-0.8746269746895273,-0.4218216442587959,12.08257149886565,72.4067179097697,70.86699782008021,64.87584402359985,22.66369298276349,6.8533637555924125,100645.0,332893.9618708975, 0.0, 0.0,-7.105427357601002E-15,78.09109241366677, 57.45132096697439,57.45132096697439,0.0, 231.63514950961698, 16.071538272316257, 15.191562173007053, 16.071538272316257, 154.90880969360109, -9.391928578626889, 15.191562173007053, -9.391928578626889, 174.067615180243, 10.239788164740508, 6.137193719087706, 8.0, 0.0
19, 0 ,1.0,1.0,1.0,108.9897532264927,72.77521628137853,62.90361650829669,13.269812281230056,16.025756990379765,15.7608888045595,61.0,78.0,68.0,-0.3216827046496535,0.6893346602620347,0.6491055104454967,17.636765341329387,-0.0963983859901465,-0.705825056166795,0.7017965098699442,14.500852102199234,-0.9419275920726489,-0.16318307586439484,-0.29350246173355443,12.648644892181348,91.61736368685717,71.03884752757583,62.059796928142106,25.06192757533882,7.295081028463529,141020.0,403909.48149395344, 0.0, 0.0,0.0,NaN, 132.42341972777692,132.42341972777692,0.0, 176.08791797908404, -30.077207576750812, -34.94574013718287, -30.077207576750812, 256.82488711470586, 42.68600013967148, -34.94574013718287, 42.68600013967148, 248.40561590968898, 9.196820462799092, 5.664652259897223, 12.0, 0.0
20, 0 ,1.0,1.0,1.0,141.28518395859487,40.18392008564453,86.19816079914355,15.183256908674677,12.634203060116953,16.804899851139066,87.0,65.0,88.0,-0.34307516235391067,-0.0019125757214845038,0.9393060071297036,17.03959242707038,0.882173576030279,0.34278501420258845,0.3229058930897356,15.240085211669804,0.3225976049659795,-0.939411930993129,0.1159138006363901,12.24545340060009,79.88563869276035,78.68727558014513,63.79102887092321,24.835767274275682,7.466170385414712,129839.0,400989.34004903806, 0.0, -7.105427357601002E-15,0.0,89.89041741635182, 111.76895804014869,111.76895804014869,0.0, 230.5312903548173, 24.982045510738356, -21.796675098165487, 24.982045510738356, 159.62308696426857, 8.85834703067943, -21.796675098165487, 8.85834703067943, 282.4046590068138, 8.89671467457689, 5.683626033037023, 15.0, 0.0
21, 0 ,1.0,1.0,1.0,57.62744528113129,79.76831510497641,91.9315997242088,14.988452802512947,16.63406731321942,13.974453175199528,71.0,76.0,63.0,0.3921684632910252,0.9064989231096225,0.1564084358372333,17.112839485055957,-0.8611562804571461,0.30199870921849564,0.4089090855674105,14.685535958333423,0.32344049998286967,-0.2950533545504219,0.8990716105735814,13.715575551719404,85.63270533392193,70.63146779596038,74.70754958260446,25.373064682601704,7.2690331511266475,147938.0,451858.42870095966, 0.0, 0.0,0.0,NaN, 134.66746293061564,134.66746293061564,0.0, 224.6537174131582, 30.06800610398144, -3.276473125229752, 30.06800610398144, 276.6921953807147, 18.251264587511496, -3.276473125229752, 18.251264587511496, 195.28534154584418, 8.752393894261456, 5.509042182540703, 12.0, 0.0
22, 0 ,1.0,1.0,1.0,117.48448759822546,150.92935913672687,159.83050044067218,16.295982694944932,12.759188843527282,15.56218946238197,77.0,65.0,76.0,0.924961112469893,0.35294838278452084,-0.14097652112408743,16.840074775284922,-0.14121114434419016,-0.025226718928386516,-0.9896580345579541,15.537401751240111,-0.3528545778808361,0.9353026524830881,0.026506511023467707,12.06394301980831,84.33486371341874,79.12761839941123,62.41591578585712,24.836578539440943,7.326804163896033,135021.0,416514.9449051176, 0.0, 0.0,0.0,NaN, 104.0688535370049,104.0688535370049,0.0, 265.5590519939447, 45.40961807949784, -4.603135933129675, 45.40961807949784, 162.79689994479105, -4.475457053321557, -4.603135933129675, -4.475457053321557, 242.1817408630724, 9.199766603128577, 5.777611752775857, 16.0, 0.0
23, 0 ,1.0,1.0,1.0,183.66049027506043,20.296279779030957,114.76942110714697,10.340622157431087,11.459140660521776,15.813956729289107,42.0,43.0,81.0,-0.23434670686182904,-0.3139040119014533,0.9200792858744233,16.56443410724901,-0.26255245639951014,-0.8908285641264859,-0.37079735297723854,10.881744025153276,-0.936027685820029,0.32846421517193586,-0.126346470983106,9.773881951090527,91.63203490887368,53.29968129262497,47.899332738203924,20.870960370233767,7.26117152669935,69512.0,233938.34162376515, 0.0, 0.0,0.0,NaN, 89.12446425831092,89.12446425831092,NaN, 106.92846660275475, 18.50897978457146, -36.335764499241435, 18.50897978457146, 131.31190467762343, -44.096504599230634, -36.335764499241435, -44.096504599230634, 250.0812274358282, 9.18154936917928, 5.823759060428234, 8.0, 0.0
24, 0 ,1.0,1.0,1.0,174.8253357049315,61.29592853931706,113.82581458532867,14.396469208629378,11.990141962010705,15.030051564897445,61.0,54.0,77.0,-0.6079358745285838,-0.01102284490746333,0.793909610315502,15.907348010137456,-0.7406383854143739,0.36820608267659566,-0.5620311937346053,13.671088352059387,0.2861271649318806,0.9296788572244191,0.23200962893367685,11.703926800105254,84.13645971018958,73.37119242994027,60.09333450579717,22.9806860499498,6.986583475587443,102322.0,370967.71440579754, 0.0, 0.0,0.0,NaN, 108.70577174073424,108.70577174073424,0.0, 207.25832567501382, -12.834924699921098, -35.238346022664324, -12.834924699921098, 143.7635042691699, -11.345611556104929, -35.238346022664324, -11.345611556104929, 225.9024500434761, 9.507301420227352, 5.665029858934647, 10.0, 0.0
25, 0 ,1.0,1.0,1.0,98.11116682477301,184.53947689388806,141.79186881691285,13.014105734784293,9.352658003659107,15.038949080535513,60.0,38.0,64.0,-0.34366529513553257,0.026156385529600253,0.9387278670708753,15.349094843399406,0.901798072452788,0.288097648333629,0.3221179621583834,12.933755286542556,0.26201984932413863,-0.9572437456158489,0.12259694139535493,8.951670845862036,70.62394981636841,64.2059024013063,42.69397632174213,21.000130727554723,6.4810229657112775,73790.0,193594.74390773286, 0.0, 0.0,0.0,NaN, 115.12174150116276,115.12174150116276,1.3486991523486091E-6, 169.36694807614543, 21.244527321310606, -24.837724622647336, 21.244527321310606, 87.47221173340876, 11.90478772376112, -24.837724622647336, 11.90478772376112, 226.16998944693998, 9.405537393751354, 5.629304160701378, 7.0, 0.0
26, 0 ,1.0,1.0,1.0,175.24794773182197,150.0009783415424,92.60670669995277,14.615933389805873,10.95426273264772,13.758383205472711,62.0,51.0,65.0,-0.8122228868740243,-0.08524116049281948,0.5770857185859508,15.379815726217359,-0.5804944958138337,0.2158204553678236,-0.7851418160909964,13.027774357896051,0.05762050301645123,0.9727052357228592,0.22477633778818557,10.80059502097425,74.165389365526,66.51777496397591,52.6162082875168,21.884720108691102,6.6312529030342695,88926.0,259572.41797956772, 0.0, 0.0,0.0,NaN, 108.1136826867932,108.1136826867932,0.0, 213.62550885524217, 1.6515240598624572, -32.005412095757656, 1.6515240598624572, 119.9958720158747, -14.890063462686708, -32.005412095757656, -14.890063462686708, 189.29310842863356, 9.424122270421469, 5.5476291469500545, 8.0, 0.0
27, 0 ,1.0,1.0,1.0,20.356107446778566,75.20541737425293,175.4241014045392,11.798926554353066,15.810625355322482,14.28428414586095,49.0,75.0,59.0,-0.005402624680307982,0.8506586881241189,0.5256906009864705,16.68452902335797,0.030564573402599073,-0.5253121843185172,0.8503604623094992,13.254482427546066,-0.9995181931807351,-0.020661687381738802,0.023161955341862557,11.797309115543117,83.60819267042176,68.49420078291855,49.8378627125673,23.24970418524248,7.258276022565812,106583.0,285405.3090261382, 0.0, 0.0,0.0,NaN, 81.69578143695519,81.69578143695519,0.0, 139.2146678350179, -1.2258391717232875, 0.5534581611581995, -1.2258391717232875, 249.9758741263662, 45.93970636826672, 0.5534581611581995, 45.93970636826672, 204.0407735596945, 8.400879389249058, 5.164823814654328, 7.0, 0.0
28, 0 ,1.0,1.0,1.0,49.52783522408043,13.185133826641005,119.6759709753386,15.96893630325775,8.270090030494618,15.872770834709852,68.0,33.0,72.0,-0.7427740256907965,0.08269072155539267,0.6644162786444474,16.57608054959487,0.6628682221988311,-0.0489433657503192,0.7471347046871744,15.297386318088094,-0.09429987676581887,-0.9953726897588054,0.01845919078054006,8.159025382343122,82.46127676503424,82.30982813334849,36.87171073501154,22.730335290369705,7.660158440178016,83653.0,250262.07301304842, 0.0, 0.0,0.0,NaN, 95.28275738434914,95.28275738434914,0.0, 255.00692665750333, -18.219819780705617, -19.822283700716778, -18.219819780705617, 68.39438911248646, 5.315711779672558, -19.822283700716778, 5.315711779672558, 251.94485397121568, 8.589981765453825, 5.675450890931896, 8.0, 0.0
29, 0 ,1.0,1.0,1.0,88.44354679179294,33.81151140616716,107.73466319562586,12.98063382801938,14.405041702385452,16.561325260065423,67.0,68.0,78.0,-0.33165673575121934,0.45596837314572075,0.8258914288946764,17.755455226175258,0.28729262140101003,-0.7850452138165264,0.5487868092003486,13.73209817563213,-0.8985915419807724,-0.41928135536249245,-0.1293691838345193,12.10177114311589,83.08320785953103,65.22984562833798,64.40543961119754,24.419272130791278,7.347021437049443,126379.0,349045.5905993108, 0.0, 0.0,0.0,NaN, 132.20579279406041,132.20579279406041,0.0, 168.49685457712107, -35.026398941855184, -39.59696267125706, -35.026398941855184, 207.50522644746394, 45.42278710848172, -39.59696267125706, 45.42278710848172, 274.27749436968105, 8.308403638053104, 5.149290130079879, 11.0, 0.0
30, 0 ,1.0,1.0,1.0,104.28820839837479,162.17215229112003,18.377993291042547,11.736413411563484,17.888004466597373,11.096716899296172,55.0,84.0,44.0,-0.0838065699515163,0.9960800234447617,-0.028302751231003006,17.932834107542313,-0.7770970134429229,-0.047549931051503194,0.6275820549976606,12.692562540257294,0.6237761541859794,0.0745894828463081,0.778035807991939,9.908256483372062,84.53598873636466,68.55686690503973,53.56227795359469,22.827343012945672,7.731341440951748,90327.0,310421.3885570275, 0.0, 0.0,0.0,NaN, 104.5439799858641,104.5439799858641,0.0, 137.74339976712724, -16.324849055041444, -30.15936873078624, -16.324849055041444, 319.98070379700755, -8.176268398991544, -30.15936873078624, -8.176268398991544, 123.13712594312526, 8.004859689019042, 5.224689957115681, 12.0, 0.0
31, 0 ,1.0,1.0,1.0,153.63544661958548,89.25230613512457,68.68128177405627,10.663265648998832,12.616960988756457,14.99964662537364,51.0,61.0,69.0,-0.08748583885277643,-0.2605205777142383,0.9614963632732401,15.22458318929339,0.2833167649708838,-0.9318450717244728,-0.2267076818046657,12.538286712763588,-0.9550276638331789,-0.25257432745679437,-0.1553330950669848,10.434834488377131,68.99127411002397,64.44180199125529,48.060265423307754,21.435889188748725,6.195562320463193,86942.0,213672.19258833327, 0.0, 0.0,0.0,NaN, 121.7898371241649,121.7898371241649,0.0, 113.70523430111848, -9.956421028354889, -13.441981713915858, -9.956421028354889, 159.18770459180232, -20.577196257225477, -13.441981713915858, -20.577196257225477, 224.98939888608282, 8.09544813324871, 5.086921395458288, 8.0, 0.0
32, 0 ,1.0,1.0,1.0,152.7861670320909,49.712710118928975,157.81649059863133,12.24156511843065,11.488980020861337,12.380859360131764,55.0,56.0,56.0,-0.7090070007928309,0.16784221524580167,-0.6849365398401055,12.803452130906747,0.499141484916199,-0.5666735153755967,-0.6555447391349543,12.20547153148821,-0.498163478049532,-0.8066660509487464,0.31799847701576844,11.056054232387867,59.68595097025536,58.99959503854576,55.74299183627289,20.099729154214014,5.580245952567369,75255.0,196295.98784631875, 0.0, -7.105427357601002E-15,0.0,80.33761547720812, 80.49812442725384,80.49812442725384,0.0, 149.855916548778, -12.524032539581503, 11.498026266867994, -12.524032539581503, 131.99666191975098, 5.139359866353192, 11.498026266867994, 5.139359866353192, 153.2856784953623, 8.266035295514504, 5.041866729920696, 13.0, 0.0
33, 0 ,1.0,1.0,1.0,120.88901548153609,79.24584143153945,178.50491253937403,12.319422864825109,12.010501862132534,12.843379433617699,58.0,55.0,53.0,0.3635571172797036,0.46333794933472633,-0.8081733521847662,13.937147246542825,0.8079454035855462,-0.5886855734191596,0.025952272986083123,12.530986290978584,0.4637353203070267,0.6623950787516808,0.5883725965281638,10.473921862513073,67.15985721838005,59.988916838521824,58.0748338208289,20.572475779606247,6.143774920682592,74605.0,233974.62521575042, 0.0, 0.0,0.0,NaN, 114.01969145991094,114.01969145991094,0.0, 151.7681797223757, -8.266918208522958, -23.847347016607188, -8.266918208522958, 144.25215498028905, -32.37999599067972, -23.847347016607188, -32.37999599067972, 164.95239527587407, 8.50007887856026, 5.092035695335964, 10.0, 0.0
34, 0 ,1.0,1.0,1.0,48.57434773949412,31.2202947619996,11.022326229834695,12.642614809407554,13.270140937557349,7.500782634991008,59.0,59.0,30.0,-0.6039998886700262,0.7933968302194386,0.0755354505139443,14.040205319692358,0.7878518407593242,0.608697714990335,-0.0936833431175958,11.84776535750774,0.12030632360246396,-0.0029260149167321635,0.9927325052288591,7.3957542193742025,70.47943721702579,59.14205474112721,33.02439386429884,18.81482329607088,6.180332854844293,50210.0,137655.53913610938, 0.0, -3.552713678800501E-15,0.0,37.49590659784379, 58.784910809325375,58.784910809325375,0.0, 159.8357092190512, -27.168848045141264, -12.821506548814494, -27.168848045141264, 176.09664050263544, 3.650329607086175, -12.821506548814494, 3.650329607086175, 56.26174013738266, 8.12992444575379, 4.880693244738746, 2.0, 0.0
35, 0 ,1.0,1.0,1.0,50.12237857042682,25.07377869197326,169.53813285961385,14.503536485445713,12.669734453488509,14.108788548667805,64.0,52.0,59.0,-0.7761994310654363,-0.0620958277402535,0.6274221476732763,15.396435446658353,0.4851686343181073,0.5766987592946027,0.6572898426888774,13.606877995833617,0.40264853096416015,-0.8145935484677734,0.4175063009190222,12.154641202477746,75.70635042714501,77.2430274991593,64.10039645020598,22.914055939759812,6.699156395187779,106955.0,374845.51043334877, 0.0, 0.0,0.0,NaN, 63.78771481351069,63.78771481351069,0.0, 210.35257058465498, 14.77255210790298, -31.566290692342537, 14.77255210790298, 160.52217112191377, 10.701524880602221, -31.566290692342537, 10.701524880602221, 199.0579143110198, 8.048518464233245, 4.780281648648971, 8.0, 0.0
36, 0 ,1.0,1.0,1.0,114.55087030015076,154.8350160659083,61.52708361886488,10.105908791745845,12.366164490817564,13.930514963115563,51.0,55.0,60.0,0.15949198669264128,-0.4339468434380183,0.8867087702571879,14.639176084096169,-0.4127137244813419,-0.8452559751491574,-0.339425570780084,12.057584741401898,0.8967885412992147,-0.3118212204851152,-0.3139073727225911,9.456206302813431,62.77695257057808,56.14734754654572,48.60694320298914,20.306848970549606,6.061563226257108,65667.0,171327.77869103345, 0.0, 0.0,0.0,NaN, 114.5731712002038,114.5731712002038,0.0, 102.12939250708597, 10.88003302772823, 25.501656496736306, 10.88003302772823, 152.92202421395723, -31.997465638345343, 25.501656496736306, -31.997465638345343, 194.0592471375866, 7.98447922198677, 5.01963970581952, 8.0, 0.0
37, 0 ,1.0,1.0,1.0,35.36101713856125,53.93164893887213,127.98934300488658,14.52785940044807,13.29322551548688,12.38833919307567,71.0,64.0,60.0,-0.9097014397105085,-0.25063766447629704,-0.33109523061272694,14.774572354453536,-0.3733527918746077,0.8427080457544859,0.3878799329948513,13.624266635997081,0.18179929424522995,0.47647026220586025,-0.8601889942596422,11.718825099033927,72.94664055090071,65.04611918474555,53.907905313026944,22.333037056930365,6.517280655399646,98433.0,255787.39757127198, 0.0, 0.0,0.0,NaN, 96.66725925155451,96.66725925155451,NaN, 211.05869875918737, 3.265377701667509, 17.390973626511094, 3.265377701667509, 176.7098446055914, 22.50267999285651, 17.390973626511094, 22.50267999285651, 153.4709479626947, 8.275461240740162, 4.954969759607414, 6.0, 0.0
38, 0 ,1.0,1.0,1.0,59.83742955850093,141.9496630630394,86.12911319242845,12.096261626698602,13.752655674410898,10.789648456043144,62.0,57.0,51.0,-0.4984283745705328,0.8668114235160446,-0.014391368422271322,14.498160754867767,-0.7995998995269951,-0.4660684008837062,-0.37870865632320094,11.272281607424443,-0.33497635155245853,-0.17725180326245937,0.9254040426434336,10.705633999645901,64.80229702900425,56.37626884512153,56.89012156570529,20.425896747187117,5.88679363649777,76127.0,207837.34781636417, 0.0, 0.0,0.0,NaN, 119.86902741733316,119.86902741733316,NaN, 146.3195453415411, -36.65621881765792, 4.4568274707987525, -36.65621881765792, 189.13553809890624, 1.0057372778828946, 4.4568274707987525, 1.0057372778828946, 116.41651380499422, 7.315931282181478, 4.589965498109811, 10.0, 0.0
39, 0 ,1.0,1.0,1.0,169.8198758630309,150.83905432735895,167.69951879489503,12.138535865538607,11.202798615134975,13.537028091656955,53.0,56.0,62.0,0.5149916287464208,-0.12884186444403783,0.8474570173688415,14.386413331602329,-0.6738976826435115,-0.671848828123168,0.3073777244323841,11.397088095269607,0.5297598848995776,-0.7293962750906465,-0.43282275614283106,10.919495122280397,68.68885015007174,54.67156711362858,53.85968844629174,20.419012221143817,6.257940494873382,71695.0,202260.74659322263, 0.0, 0.0,0.0,NaN, 66.11323285419168,66.11323285419168,0.0, 147.3440529589671, -0.9957382302320932, 36.082064100947676, -0.9957382302320932, 125.50269681127011, -11.780490307911755, 36.082064100947676, -11.780490307911755, 183.25112955430956, 7.459906881944148, 4.775146255705239, 11.0, 0.0
40, 0 ,1.0,1.0,1.0,130.60884065734678,119.7502116850127,183.41692443277057,15.60362507352719,9.973174468926889,9.430643939984853,72.0,49.0,38.0,-0.9836580274693274,-0.06151112401966375,0.169213671483687,15.78122176323147,-0.03365623171228849,-0.860445702606396,-0.5084293962126051,10.334324170848328,0.17687324009606534,-0.505815751522254,0.8443140899273779,8.719469773854602,71.93057821014553,52.94695989566861,44.62686787149846,19.705824562594863,6.599609674358582,57869.0,169961.6690482682, 0.0, 0.0,0.0,NaN, 107.37858219769063,107.37858219769063,1.3486991523486091E-6, 243.4731154352064, 11.35965355720582, -28.27201953619043, 11.35965355720582, 99.46420898765511, 11.659880811413602, -28.27201953619043, 11.659880811413602, 88.93704512277301, 7.7308431083884654, 4.9633072732590096, 5.0, 0.0
41, 0 ,1.0,1.0,1.0,125.19081316737221,10.510393631136665,43.09370063815,9.415491837724966,7.113708948943812,18.649361948267487,44.0,29.0,83.0,-0.12828437211804036,0.014650608957434365,0.9916292046563859,18.770433026304673,0.9319906559102972,0.34359108567468405,0.1154927839338273,9.454471008750156,0.339022915399791,-0.9390050721386267,0.0577315973428572,6.7334140362634445,86.1133744316478,48.786642662197295,33.57185262724519,20.408134076113427,8.400184888764766,47481.0,141041.477293803, 0.0, 0.0,0.0,NaN, 86.97097126933181,86.97097126933181,0.0, 88.65148654626545, 13.528292026324314, -34.311133459312714, 13.528292026324314, 50.60485501028327, 6.207878071967214, -34.311133459312714, 6.207878071967214, 347.7987010774873, 8.30505856302749, 4.600868642503679, 4.0, 0.0
42, 0 ,1.0,1.0,1.0,48.54716808992045,183.36838551930515,164.55045252171374,15.085832734389127,9.91592978705988,9.132190109149976,62.0,43.0,41.0,-0.994100444051983,0.03465003506363591,0.10277977527577678,15.13648502142098,-0.08855161408917174,-0.8064768956804026,-0.5845969794447308,10.807092238248712,0.06263320826728236,-0.590249431853847,0.8047873566466843,7.962316721395065,63.11832738938364,52.58764356766068,41.12640668342762,19.266113894606896,6.174282502571613,54804.0,136508.58287552255, 0.0, 0.0,0.0,NaN, 62.37073469344995,62.37073469344995,0.0, 227.58234928996652, -1.8949670930480715, -14.167550174597398, -1.8949670930480715, 98.32566354190139, 25.763866032389256, -14.167550174597398, 25.763866032389256, 83.39689618965664, 8.653589168140819, 5.207782707098303, 6.0, 0.0
43, 0 ,1.0,1.0,1.0,117.01521259325466,115.91862904255512,52.22049139959506,13.146941822568762,8.564094008393807,11.57334909207908,60.0,38.0,58.0,-0.9367766165477893,-0.08331851272879794,0.33986408478381036,13.398401977838189,-0.3402910371326485,-0.00945999056830183,-0.9402725767699674,11.314349868053473,-0.08155722369270745,0.9964780649944629,0.019490645151684645,8.520358336436454,66.74087499638998,58.678124006691434,38.52221890241724,18.656291257834337,5.663125566380745,54823.0,150861.84388263524, 1.4210854715202004E-14, 0.0,0.0,20.48290832299552, 129.16319756432694,129.16319756432694,0.0, 172.84207928600762, 8.523646341471794, -16.309156555227982, 8.523646341471794, 73.34370618460672, -2.534727903734199, -16.309156555227982, -2.534727903734199, 133.94240920712767, 6.9877160997622365, 4.272020106969586, 8.0, 0.0
44, 0 ,1.0,1.0,1.0,171.20636965467884,103.96997674002505,120.75190552871712,8.281690471930874,12.607861081402469,16.85935947259305,43.0,53.0,73.0,-0.1396507434016706,-0.02025253147249698,0.989993689291157,16.986954130952345,0.18836702170923256,0.9809906173525574,0.04663983060262754,12.755909687768439,-0.9721190950700197,0.19299544977849548,-0.1331811599478017,7.778992051502755,71.30800269210366,55.06773001662704,40.13038706394394,21.519385761186815,6.978437963338082,55890.0,157582.79360120403, 0.0, 0.0,0.0,NaN, 127.79318836739189,127.79318836739189,0.0, 68.58639707287064, 19.530225233146286, -30.62996024992342, 19.530225233146286, 158.95816104794304, 0.10375196774352881, -30.62996024992342, 0.10375196774352881, 284.23800182611296, 9.350203501357548, 5.506558768262307, 8.0, 0.0
45, 0 ,1.0,1.0,1.0,159.75715953875346,51.515413808203185,42.50424755510144,12.493748466360852,12.566783921822116,10.842280521748107,64.0,58.0,55.0,-0.8037321928563026,-0.38780458228497466,-0.4512451308603516,13.839426130148723,0.1997566532929902,-0.8902621503405252,0.40930500013589877,12.527230427995766,0.5604568151352819,-0.23883238815085406,-0.7929988957990901,9.116558450577338,65.02588757173831,57.15030624534556,47.129665580952725,19.918159233623513,5.902523912259729,68510.0,175145.59090015, 0.0, 0.0,0.0,NaN, 77.97393877729341,77.97393877729341,0.0, 156.09375074069416, 20.66512829553465, 45.35670948145119, 20.66512829553465, 157.92405813776685, -7.926514164620777, 45.35670948145119, -7.926514164620777, 117.5550469122784, 7.574228847725881, 4.4042668337053765, 3.0, 0.0
46, 0 ,1.0,1.0,1.0,50.65866733827445,139.93624523278405,49.479995682521405,10.527040700938123,13.64285961324626,9.295705356396915,50.0,59.0,41.0,-0.37150482449123895,-0.9228106079778892,0.10200366259704616,14.221979123656975,-0.8984201235930537,0.3296117604095729,-0.29016782889001286,9.84872943961877,0.23414834379678043,-0.1994408915021704,-0.9515239796736832,9.170287926251369,66.77372708609578,50.293677949844835,44.008197940818235,18.72681689631696,5.715126538467078,55588.0,147792.5694400002, 0.0, 0.0,0.0,NaN, 92.85593780673666,92.85593780673666,1.3486991523486091E-6, 110.81858591920779, 36.6911800576895, -1.1142613859077237, 36.6911800576895, 186.1276184267459, -12.357503333473849, -1.1142613859077237, -12.357503333473849, 86.4101380729463, 7.31137398456943, 4.3529640416180335, 5.0, 0.0
47, 0 ,1.0,1.0,1.0,141.54702007165696,147.38319143198368,17.44178834225835,8.657323889344356,13.926298563210388,10.242730205508577,37.0,61.0,40.0,-0.03031995631432298,-0.9800111151195953,0.19661870330959066,14.060766277444367,0.22897437853843525,-0.19828816783948086,-0.9530228415246926,10.139652511107155,-0.9729601400992924,-0.01612503447776583,-0.2304095246318085,8.56077504111676,65.19504184602089,47.467049046877705,41.0626408492961,18.485692110840763,5.664252628788019,51914.0,127073.11559572878, 0.0, 0.0,0.0,NaN, 80.557404296332,80.557404296332,0.0, 74.9492569250125, 2.3563996169535755, -7.184746028882931, 2.3563996169535755, 193.94179167167573, -18.394411825183322, -7.184746028882931, -18.394411825183322, 104.91352206283779, 7.895512203902113, 4.461249960840282, 5.0, 0.0
48, 0 ,1.0,1.0,1.0,44.22871783192895,148.9927123662036,123.1620815304031,11.587053285652159,8.295844470618583,10.785069710788155,52.0,37.0,52.0,0.8310703108578739,-0.012838594277427784,0.5560191623564573,12.206776524320611,-0.5450254497792942,0.18030862548516227,0.8188015990876724,10.13534930605778,0.1107673124322996,0.9835262935339505,-0.14285178481172084,8.226048220213931,59.5051038714129,47.260936793417585,38.052770475157445,17.15340120891593,5.015914169694606,43910.0,107014.54887557542, 0.0, 0.0,0.0,NaN, 102.28386279151587,102.28386279151587,1.3486991523486091E-6, 134.2598038445425, -4.313045098924683, 21.940337399001702, -4.313045098924683, 68.82103548069293, 4.595146119101145, 21.940337399001702, 4.595146119101145, 116.31772866656011, 6.857660008614331, 4.29185429506094, 9.0, 0.0
49, 0 ,1.0,1.0,1.0,179.52357132575213,144.07510436159492,16.95447675255506,11.223376380166506,11.570037971094225,10.422989390129082,42.0,47.0,41.0,0.1873167826040749,0.8725211279325445,-0.45124195756398555,12.046478073029466,-0.9666168954245271,0.08196896286956175,-0.2427609247921449,11.233299264150148,0.1748262006528392,-0.4816512954798401,-0.8587478262725821,9.857181013263821,60.94034792478617,50.23266956427946,49.622016884084715,18.422118546318416,5.393905089603266,55576.0,151902.73748315347, -2.8421709430404007E-14, 0.0,0.0,79.20376405885771, 61.92198612262844,61.92198612262844,6.743495761743046E-7, 125.96417737087941, 5.537869103323535, 2.7571548052064183, 5.537869103323535, 133.86577865256217, -19.45773330151807, 2.7571548052064183, -19.45773330151807, 108.63870782674343, 7.168555319133882, 4.2572225904436545, 4.0, 0.0
