// Sample: .//bubblelabels.tif, Map: .//bubblelabels.tif, Thickness:(8.191250068658265):/gpfs/home/mader/Foam/NewValid/InSilicoTest/LatticeData_Phi_6.65/out_Step_03000.vtk/distmap.tif, Neighbors:(1.0):
//LACUNA_NUMBER, TRIANGLES, SCALE_X, SCALE_Y, SCALE_Z, POS_X, POS_Y, POS_Z , STD_X, STD_Y, STD_Z,PROJ_X, PROJ_Y, PROJ_Z, PCA1_X, PCA1_Y, PCA1_Z, PCA1_S, PCA2_X, PCA2_Y, PCA2_Z, PCA2_S, PCA3_X, PCA3_Y, PCA3_Z, PCA3_S,PROJ_PCA1, PROJ_PCA2, PROJ_PCA3,OBJ_RADIUS, OBJ_RADIUS_STD, VOLUME, VOLUME_BOX, Mask_Grad_X,Mask_Grad_Y,Mask_Grad_Z,Mask_Angle, Mask_Distance_Mean,Mask_Distance_COV, Mask_Distance_STD, SHAPET_XX, SHAPET_XY, SHAPET_XZ, SHAPET_YX, SHAPET_YY, SHAPET_YZ, SHAPET_ZX, SHAPET_ZY, SHAPET_ZZ, Thickness, Thickness_STD, Neighbors, Neighbors_STD
1, 0 ,1.0,1.0,1.0,158.0251880838868,177.82564003637665,181.35839281285308,14.238721904708767,12.404500378228995,9.96406321621283,66.0,51.0,43.0,-0.9130616014652986,0.3909207367076024,0.1161873037022953,14.684877274247718,0.38614825063802993,0.9203491349330951,-0.06202417558575873,11.947212979627867,0.1311794208662827,0.011766369018906875,0.9912888136669844,9.874911055270143,73.53159239856848,61.94560180672107,45.81523596573635,20.43009980158931,6.205353252386535,72574.0,208686.50962179937, -2.8421709430404007E-14, 0.0,0.0,24.068068579629504, 51.000946988358045,51.000946988358045,0.0, 202.74120147963325, -26.093811419881455, -13.615236063354535, -26.093811419881455, 153.8716296334833, 2.7840976472819765, -13.615236063354535, 2.7840976472819765, 99.28255577668557, 9.703802888519537, 5.997872641012823, 16.0, 0.0
2, 0 ,1.0,1.0,1.0,185.49604279518724,36.160026325115176,16.81709107477345,8.500269075777569,16.696527092441666,10.29507813456182,37.0,78.0,46.0,0.014083304250645445,0.993813251568228,0.11016751585094997,16.761075407635115,0.27686277344591187,-0.10974642535285303,0.9546217715944407,10.331363226263463,-0.9608062579007389,-0.017057055128485512,0.27669548541514416,8.32745520387662,81.4577965026089,55.0145218331556,41.301700363941194,20.147045461531068,7.149390482898335,59259.0,185087.85915424972, 0.0, 0.0,0.0,NaN, 42.43497178801098,42.43497178801098,0.0, 72.25457436062042, 1.8253096774032436, 10.21057742886309, 1.8253096774032436, 278.7740169486386, 19.24854495246094, 10.21057742886309, 19.24854495246094, 105.98863379673288, 8.524210806591213, 5.904450655036867, 15.0, 0.0
3, 0 ,1.0,1.0,1.0,168.76822848117925,186.57556082009884,81.26645900968091,15.675095907337345,7.610082491082881,14.475341752635725,65.0,33.0,62.0,0.881727102984468,0.006048407382398995,0.4717210326355542,16.131354857429233,-0.47173237754558306,5.213029262214849E-4,0.8817416244107175,13.96534924781641,-0.005087222995781461,0.9999815723359086,-0.0033128765137779305,7.609593742843117,78.76719190112706,65.77514397825914,33.13757798865217,21.61577675693301,6.776112548899437,68382.0,171683.25282506362, 0.0, 0.0,0.0,NaN, 88.0901610821029,88.0901610821029,0.0, 245.70863170422402, 1.0452321288898325, 27.111960879243686, 1.0452321288898325, 57.91335552108623, 0.6402665364713926, 27.111960879243686, 0.6402665364713926, 209.5355188555991, 8.561137991159459, 5.703565192724658, 14.0, 0.0
4, 0 ,1.0,1.0,1.0,55.56958619409909,80.56688624976805,33.117906847281496,13.707301016788323,13.792809441520495,14.32926808727841,67.0,69.0,71.0,-0.17905442954031128,0.6346143347228039,0.7518006101529359,15.460270452252693,-0.9686426701505583,0.020075737972055432,-0.2476455982012885,13.678793680349536,-0.1722523986062033,-0.7725681917534595,0.6111198738915297,12.543135906370072,81.91811822417765,69.31652819176648,72.88238820168283,23.16016671477139,6.860487964860659,107780.0,413846.57457571855, 0.0, 0.0,0.0,NaN, 103.32375246627315,103.32375246627315,0.0, 187.8901011648462, -9.861534114615539, -3.853092423034064, -9.861534114615539, 190.2415922900969, 38.82638717329707, -3.853092423034064, 38.82638717329707, 205.32792391709543, 8.386481743762856, 5.383257989609892, 25.0, 0.0
5, 0 ,1.0,1.0,1.0,13.073204401377776,104.97228365030223,134.44376985243858,7.985062513631094,15.120305123131697,15.200300590377132,33.0,73.0,73.0,0.08028095059978402,0.6909532040526513,0.7184278939324187,16.678337083439228,0.0631888089513615,-0.7228324194984777,0.6881282349571809,13.541969540331262,-0.9947673815491255,0.009846985901889435,0.1016901837668937,7.866519020566511,76.91153191623116,60.97120668220253,35.49358883683808,21.719894634924337,7.188891809506555,74613.0,166443.24182175833, 0.0, 0.0,0.0,NaN, 116.18431416985197,116.18431416985197,NaN, 63.76122334659652, 6.447768977283392, 17.757644499832963, 6.447768977283392, 228.62362701660265, 46.92811863957815, 17.757644499832963, 46.92811863957815, 231.0491380378194, 9.333519446020297, 5.4211714201822545, 18.0, 0.0
6, 0 ,1.0,1.0,1.0,52.12001005010272,184.92101801628706,120.48252316696473,14.202390277783538,8.765027292450077,13.389961260459556,64.0,34.0,60.0,-0.8666818154934117,0.030651394217431474,0.4979187912959012,14.596174804227026,-0.49692129251503975,0.034895841318657195,-0.8670937142569108,12.9688237425781,0.043952926389784805,0.998920803813391,0.015012260675309768,8.751339749711086,66.94407656512209,60.2426957717031,35.20181206740702,20.443229676203014,6.316566789209737,67661.0,141965.09353719844, 0.0, 0.0,0.0,NaN, 96.26474051894726,96.26474051894726,0.0, 201.70788960248035, -5.213589309827685, -19.418307268822048, -5.213589309827685, 76.82570343739472, -0.689088192544298, -19.418307268822048, -0.689088192544298, 179.29106255660767, 8.928120690806795, 5.470964913393196, 11.0, 0.0
7, 0 ,1.0,1.0,1.0,25.875772980765582,48.87757502181418,50.71228043552487,13.641267978616423,14.569304444238542,12.614070637891073,63.0,73.0,63.0,-0.4910128091603943,0.8548341309117155,-0.1678244018873004,14.743370411533334,-0.6671224199514901,-0.4928592280290185,-0.5586031311626418,14.329010243933531,-0.5602268273105865,-0.16232187152399355,0.8122792081461042,11.60931076544218,69.19150873534554,74.58183451937904,61.77453626778161,22.693296287704847,6.517507630179195,105436.0,318783.1488582472, 0.0, 0.0,0.0,NaN, 75.03538068362491,75.03538068362491,0.0, 186.08419206442576, -11.471409408212569, 33.0946683214886, -11.471409408212569, 212.26463198890895, 7.5731260277492165, 33.0946683214886, 7.5731260277492165, 159.1147780577057, 7.782590675082482, 5.052494978018725, 18.0, 0.0
8, 0 ,1.0,1.0,1.0,90.44870455629925,180.71229414116402,86.34635870055841,13.513500069678521,11.127861904167524,12.279331064870677,68.0,47.0,58.0,-0.920362312273937,-0.1948783812565496,0.3390510738290018,13.768951733345586,-0.36849592289198735,0.14188749484179836,-0.9187375542664515,12.122633949302456,-0.1309349798860285,0.9705103581757105,0.20239979178818265,10.98561242663064,70.65425646556922,62.899342151187724,54.84091780069434,20.537677233074763,5.95229199234515,77541.0,243718.86565611348, 0.0, 0.0,0.0,NaN, 126.52540224814614,126.52540224814614,0.0, 182.6146841332014, 10.984113565036276, -12.605058720786921, 10.984113565036276, 123.82931055822289, -7.977587131314534, -12.605058720786921, -7.977587131314534, 150.781971400698, 8.331954127688027, 5.220655752812242, 14.0, 0.0
9, 0 ,1.0,1.0,1.0,186.04046812442255,20.222667077302123,110.86200595421414,8.457366935610347,10.878955455871273,12.850968375752789,34.0,45.0,62.0,-0.014871139171753724,-0.3729535218302343,0.9277308444663027,13.201496464866455,0.1590271300816063,-0.9169056046868317,-0.3660525699839891,10.499892204306581,-0.9871622060825378,-0.1420907549712511,-0.07294515908514879,8.396360537461756,67.69433046306574,53.348422502090905,37.24192292495934,18.013073867800802,5.527683540340434,48705.0,134494.94947596407, 0.0, 0.0,0.0,NaN, 92.46300220310401,92.46300220310401,0.0, 71.52705548355515, -5.220303394094326, -3.7456732108768533, -5.220303394094326, 118.35167181083133, -22.567014774118714, -3.7456732108768533, -22.567014774118714, 165.14738819459828, 8.857907446080466, 5.37625054767861, 14.0, 0.0
10, 0 ,1.0,1.0,1.0,50.514994279452765,150.965563917044,187.2914900816991,15.81381690674863,13.934738052903546,6.856140238747651,72.0,63.0,29.0,-0.9130106745114182,0.397187260994065,0.09302573800963314,16.262648126822757,0.40202681070918433,0.9147507529473133,0.04006873411183097,13.487039845240954,0.06918057313441382,-0.07398202272414249,0.9948571297500151,6.6997328941244145,69.47656912746551,61.04451612232248,31.27021654357668,21.03361299154638,6.98909960284046,62057.0,132622.10242464577, 0.0, 0.0,0.0,NaN, 71.53772985893664,71.53772985893664,0.0, 250.07680516016876, -29.24288085509797, -16.443201113831453, -29.24288085509797, 194.1769246030381, 13.135406389361012, -16.443201113831453, 13.135406389361012, 47.0066589733747, 8.825608118289212, 5.334082432438624, 16.0, 0.0
11, 0 ,1.0,1.0,1.0,77.64509530041903,101.27840040473808,161.144473895494,11.948432923617732,14.438703525721904,12.256536869260048,58.0,74.0,65.0,0.044194264342675094,0.9469111621538018,0.31844327279398715,14.70465347737837,-0.7065983250277637,-0.1957077752907834,0.6800127011745375,12.163356438633832,-0.706233441623355,0.2550641442446744,-0.6604366799728519,11.717074341250301,74.2910517334598,60.652780771803194,58.9566103085009,21.53024386041938,6.157313064338299,90923.0,265656.0614062227, 0.0, 0.0,0.0,NaN, 131.47040336028607,131.47040336028607,0.0, 142.76504933019217, 4.777137827177894, -4.009931171060148, 4.777137827177894, 208.47615950369413, 22.38413748208181, -4.009931171060148, 22.38413748208181, 150.22269602753087, 7.744790382725315, 4.914743471315306, 28.0, 0.0
12, 0 ,1.0,1.0,1.0,20.18259781795672,175.96583786850996,49.713651956359136,12.717706485788867,11.933851552714623,12.406072228968801,52.0,51.0,58.0,0.7822934632324402,-0.36093592393743495,0.5076831651682231,13.440104551731853,0.2343298675592448,-0.5846300801076215,-0.7767220755218839,12.172532859373163,-0.5771537494926823,-0.7265899312850311,0.37277422282361733,11.369280219842134,75.0938362710522,65.79640367012148,60.276578539093805,20.53906196352422,6.017842881784268,77542.0,297820.80997660535, 0.0, 0.0,0.0,NaN, 58.791371772413605,58.791371772413605,0.0, 161.74005825867619, -17.096983549305456, 16.962502926799747, -17.096983549305456, 142.4168128822292, -0.8272231302726863, 16.962502926799747, -0.8272231302726863, 153.91062815039092, 7.8414031663895, 4.918070113469012, 15.0, 0.0
13, 0 ,1.0,1.0,1.0,164.47325489526168,10.728449104225833,79.37919326941555,11.670614671836043,6.98509883361831,13.562512823691812,60.0,28.0,65.0,-0.2499992885795459,-0.005740550990621797,0.9682290027591847,13.687553283139426,-0.967854007552892,-0.0269709119114467,-0.25006237216836963,11.526563110601462,-0.02754951494179433,0.9996197356920226,-0.001186693508368246,6.980389287513709,62.50990400728715,61.0646647542286,28.69707756905538,18.304880067891983,5.819619603275024,46831.0,109540.94438252797, 0.0, 0.0,0.0,NaN, 87.62594114771173,87.62594114771173,0.0, 136.20324681847472, 2.3952164699246796, -13.191797322928853, 2.3952164699246796, 48.79160571541588, -0.2030449743298613, -13.191797322928853, -0.2030449743298613, 183.94175409280484, 7.761344113639034, 5.090147309403223, 13.0, 0.0
14, 0 ,1.0,1.0,1.0,171.52542054570333,60.44846135272181,111.92389933732193,11.70179556873495,12.73414750623316,11.684861212449057,54.0,59.0,57.0,-0.18479615175641873,-0.8586992691349814,0.4780020371118388,13.144536562358974,-0.8529785479966066,0.3817205334413925,0.35597335715867795,11.823490273004753,-0.48813725421608567,-0.3419429770243393,-0.8029925413788801,11.092914410655833,61.371271754097684,61.14392428914888,58.08331205045573,20.090870776290657,5.655389044757074,74546.0,217956.489668248, 0.0, 0.0,0.0,NaN, 110.5541390584394,110.5541390584394,0.0, 136.93201953246492, 2.4395093732271285, -9.476005275188687, 2.4395093732271285, 162.1585127105042, -18.135605917769105, -9.476005275188687, -18.135605917769105, 136.53598155419644, 7.505343776049621, 4.768796148240429, 18.0, 0.0
15, 0 ,1.0,1.0,1.0,163.27578250027912,186.72170531095315,22.657504931333506,12.66541590790861,7.5652988786665265,13.83435968705475,70.0,31.0,51.0,0.30609234030515897,-0.012126464578649104,0.9519245915845089,13.962883953282562,0.9516610435772052,-0.022854753597605568,-0.30629874040801763,12.526472269416475,-0.025470322810208026,-0.9996652485181304,-0.0045446189200303785,7.5605144921075,62.86153647490852,67.08717804793584,31.695499895617814,19.225640685477888,6.277798613175532,53738.0,133666.3600944251, 0.0, 0.0,0.0,NaN, 45.14802089271884,45.14802089271884,NaN, 160.41276012030448, -2.6810761976315907, 11.075231250095753, -2.6810761976315907, 57.233747123553, -0.8924041414251709, 11.075231250095753, -0.8924041414251709, 191.38950795080558, 8.490524661770472, 4.9952094050692075, 13.0, 0.0
16, 0 ,1.0,1.0,1.0,169.83065668400297,91.68133584805014,10.434417328684917,12.779767945943227,15.574632504923382,6.778172916209014,56.0,68.0,27.0,-0.3398793471010884,-0.9400750074201899,0.02722149588225862,15.96341060101045,0.9382244128260582,-0.3369274968855331,0.07883408539235011,12.32396147137769,-0.06493828294108818,0.05233394946284249,0.996516019511119,6.717497311733661,70.14347754674341,61.90976356510578,29.153309398614553,20.07401277331701,6.990657027362266,52491.0,126600.17340489538, 0.0, 0.0,0.0,NaN, 97.08003751539559,97.08003751539559,0.0, 163.322468752158, 33.25671818699301, 5.95585025308503, 33.25671818699301, 242.56917766341599, -8.201987032883517, 5.95585025308503, -8.201987032883517, 45.94362808202941, 7.494065112661201, 4.9596953837020585, 15.0, 0.0
17, 0 ,1.0,1.0,1.0,187.44961904414714,174.69053260909192,139.77612919689403,7.12827704425049,12.585417289393446,15.395183443772519,30.0,54.0,71.0,-0.1494863272782384,-0.11781160890919408,0.9817200531531842,15.57215767894089,-0.012136093821024863,-0.9925828074792401,-0.12096315771092193,12.542337248969512,0.9886893107461167,-0.02999658485323268,0.14694778567066658,6.812812693041943,72.37510313575041,57.02084202394957,32.57874386673009,19.997550411127868,6.805491370177566,54862.0,134448.87019985775, 0.0, 0.0,0.0,NaN, 66.5206420313099,66.5206420313099,0.0, 50.81233361958851, 4.789027598912376, -28.61233237759819, 4.789027598912376, 158.39272834816347, -9.363145319075278, -28.61233237759819, -9.363145319075278, 237.01167326740747, 7.374765983387208, 4.762228267287561, 13.0, 0.0
18, 0 ,1.0,1.0,1.0,189.62497613592976,24.50885357006491,175.9848701794578,6.326501069935788,13.151773149034272,12.695014106104438,27.0,56.0,54.0,-0.017340243836879772,0.8403725252190962,0.5417317923110629,13.471384201374962,0.016792092049015623,-0.5414920662464826,0.840538141809598,12.358344696312816,-0.999708628345427,-0.023671946455541847,0.0047220083344929045,6.320621802624334,75.26559510011843,60.90385789802893,27.427610113412214,18.33621857930744,6.1595636304556,41904.0,125727.20777184232, 2.8421709430404007E-14, 0.0,0.0,89.00642741627064, 35.84761475742013,35.84761475742013,0.0, 40.024615787898675, -3.087852380355807, 0.2623194652104693, -3.087852380355807, 172.96913696365883, 13.101007377897655, 0.2623194652104693, 13.101007377897655, 161.16338315419065, 7.9098019201120735, 4.93115417122891, 11.0, 0.0
19, 0 ,1.0,1.0,1.0,23.162241347738508,10.041994750656167,18.901788439235794,11.381365454675127,6.38232404071023,11.75537289472154,56.0,25.0,52.0,-0.4770083156983031,0.13209582413465232,0.8689152778038003,11.99847102468029,-0.8772743687912248,-0.011480186750875601,-0.47985194297212524,11.207402214311292,0.053411128209640564,0.9911704689700719,-0.12136042528362093,6.236117409415239,61.50900765151899,52.90289757537201,29.75503916088025,16.605767344058364,5.718987898436594,32766.0,96823.0382229431, 3.552713678800501E-15, 0.0,0.0,61.509807999603225, 31.537417285261668,31.537417285261668,0.0, 129.53547961287236, -5.7474590763134525, -7.046691916711677, -5.7474590763134525, 40.73406016062776, 12.53812302715043, -7.046691916711677, 12.53812302715043, 138.1887918939539, 7.892467997577545, 4.764227607762885, 5.0, 0.0
20, 0 ,1.0,1.0,1.0,24.68791736067603,37.709967757216425,146.33498876850905,13.910906601570224,12.248572318698715,10.774783990997399,64.0,60.0,57.0,-0.9269022890351094,-0.3402214337715494,-0.15843460033687629,13.993048170802956,0.3676954552910942,-0.7386626379693639,-0.5649580156316181,13.553137900933605,0.07518110626845964,-0.5819165604024104,0.8097659649489347,8.952311003563349,68.43766851078544,56.369003670252056,54.094635194559174,20.48421532659812,6.327222046857086,65441.0,208684.292293079, 0.0, 0.0,0.0,NaN, 70.08186899857851,70.08186899857851,0.0, 193.51332247761002, 8.35133435469549, -4.524098415072253, 8.35133435469549, 150.02752384639243, 49.4446461213362, -4.524098415072253, 49.4446461213362, 116.09597005265385, 7.787111035649379, 4.90533681551775, 17.0, 0.0
21, 0 ,1.0,1.0,1.0,122.00605903509056,78.90062534426336,179.38105498493343,11.376493931108547,11.195758824106703,11.651759805126195,53.0,55.0,48.0,-0.27812955183143184,0.6504416453758299,-0.7068023898932647,12.596716921364328,-0.8868320299238185,0.10880396584417139,0.44909981932503656,11.471586737330073,-0.36901612850828996,-0.7517229296604991,-0.5465708864579136,10.012919499296578,60.33738602997171,55.295953223835085,51.17895790875929,18.999827493455463,5.43504292415729,61726.0,170754.15459620286, 0.0, 1.4210854715202004E-14,0.0,49.42509167751398, 112.8428305232013,112.8428305232013,0.0, 129.4246141645496, -13.592259888519385, -0.9973676338069023, -13.592259888519385, 125.34501564756309, -25.325723499374803, -0.9973676338069023, -25.325723499374803, 135.76350655635443, 7.741051382066747, 4.82064980663274, 17.0, 0.0
22, 0 ,1.0,1.0,1.0,15.869824672581327,101.95254189550768,22.61996549781721,9.723488679767726,11.54381730076148,12.429776294843041,39.0,52.0,53.0,-0.10128891268560167,-0.5149422888508954,0.8512197103685807,12.854423342647726,-0.327172588688243,-0.7907866970696249,-0.5173146981758279,11.283557866796723,-0.9395204379778027,0.3308939994782547,0.08837707695597581,9.473669358459603,58.56472088087359,58.71314174264376,46.10985784163628,18.739676494823872,5.5794097885102625,56808.0,158549.61112626796, 0.0, 0.0,0.0,NaN, 101.86666881278238,101.86666881278238,NaN, 94.54623210557111, 13.656985764633138, -0.14984430262712162, 13.656985764633138, 133.25971787336007, -17.71897572556478, -0.14984430262712162, -17.71897572556478, 154.49933873984202, 7.919389703252663, 4.872017741558655, 12.0, 0.0
23, 0 ,1.0,1.0,1.0,81.63152823756114,22.836071446217698,40.88627155491872,12.899852789002374,11.647087437849583,13.178067734701575,67.0,49.0,64.0,-0.6939810022781304,0.337504264079941,0.635988396281645,14.749570732111852,0.3630767204682357,-0.5987410814802766,0.7139218531477094,12.240614448010401,-0.6217440498557844,-0.7263607843735,-0.2929749944845838,10.408642473291941,70.94087278301392,63.58004785523773,59.60195750628784,20.93242759326303,6.128278064517175,80956.0,268830.1047351169, 0.0, 0.0,0.0,NaN, 94.11099703626063,94.11099703626063,0.0, 166.40620197793234, -34.59941188743688, -37.446063534720444, -34.59941188743688, 135.65464578491358, 5.705515462783302, -37.446063534720444, 5.705515462783302, 173.6614692203827, 6.813503042922919, 4.4602833492384075, 17.0, 0.0
24, 0 ,1.0,1.0,1.0,153.36342071970762,81.60370396401461,69.39784228282261,10.936878316204393,10.309906517158076,12.244505901798663,47.0,50.0,60.0,0.3083755659828089,0.01904780347890947,0.9510739674112687,12.385003564402743,0.8212077576226491,0.4992935733425706,-0.27626752693573553,11.00432543605243,0.4801274092625438,-0.8662234750925627,-0.13832773428854217,10.067468047248202,61.34523852266841,53.54777901853757,53.454461425159046,18.62216558146619,5.390023518652448,56912.0,175592.62855683223, 0.0, 0.0,0.0,NaN, 116.83405129124408,116.83405129124408,1.3486991523486091E-6, 119.61530730346185, 8.400031468095985, 10.782302995227466, 8.400031468095985, 106.29417239253857, -1.780434093920735, 10.782302995227466, -1.780434093920735, 149.92792477918226, 6.771423333354079, 4.453904031365908, 17.0, 0.0
25, 0 ,1.0,1.0,1.0,136.07131233847036,116.99022047796815,122.18745413356307,10.088968982909288,11.963503286493776,12.59453478563021,50.0,60.0,62.0,0.2123431596762962,0.5298614578605585,0.8210707752761456,12.764134737388707,-0.3645950315864767,-0.7366002457786194,0.5696407120820401,12.246234336535442,-0.9066315930305665,0.42031763393029503,-0.03677283135815852,9.520589344728073,59.09713019449532,61.66775720728815,46.407423968645546,19.3078738323339,5.5444585457190145,62682.0,169126.63472710547, 0.0, 0.0,0.0,NaN, 130.50782695546692,130.50782695546692,0.0, 101.78729513810568, 24.06591548552225, 0.2803369392006014, 24.06591548552225, 143.12541088594736, 6.552198547970231, 0.2803369392006014, 6.552198547970231, 158.62230646644937, 7.328595646537087, 4.620197632680639, 24.0, 0.0
26, 0 ,1.0,1.0,1.0,117.29008106741482,58.46932650431435,16.81276200107655,13.177334650959741,10.935971072535057,10.030169388383348,65.0,59.0,41.0,0.9867063594900591,-0.05169400866892898,0.1540723518662937,13.251752146226426,-0.05494998735737514,-0.9983452835065163,0.016946792903612028,10.92970890468049,0.15294135814520077,-0.02518778211812893,-0.9879142253255953,9.938532994174826,67.11801108340384,59.47805432728982,44.74539230295163,19.04631887314977,5.574912299276404,61307.0,178625.78560167947, 1.4210854715202004E-14, 0.0,0.0,9.352805117817574, 102.67551703209375,102.67551703209375,0.0, 173.64214850338428, -2.7843721361789933, 11.661438996735372, -2.7843721361789933, 119.59546329932357, -0.9619064879536796, 11.661438996735372, -0.9619064879536796, 100.60429795966236, 7.183376571715976, 4.726178017505273, 15.0, 0.0
27, 0 ,1.0,1.0,1.0,151.00153812000508,152.01496892046174,54.636575542306225,10.10440302998914,14.108654557027862,10.657758225660169,47.0,64.0,50.0,0.021711542502693245,-0.9839942273706734,0.17687274923895058,14.213931035254564,0.5503864370006442,-0.1359284956644563,-0.8237707290454872,10.82921071801243,-0.8346276887857781,-0.11523369545228018,-0.538625859520801,9.76899504291694,65.42377668013091,55.66329267952189,52.572702481038334,19.51842269228045,5.811375052782701,63064.0,191454.1593820671, 0.0, 0.0,0.0,NaN, 87.68447902165869,87.68447902165869,0.0, 102.09896059245372, -3.9112719140125196, -9.492051690784114, -3.9112719140125196, 199.05413340954306, -16.10795267207814, -9.492051690784114, -16.10795267207814, 113.58781039662699, 6.73529789243737, 4.556200091426532, 21.0, 0.0
28, 0 ,1.0,1.0,1.0,53.03111717848397,71.63579812536943,91.7178906184029,12.548766134970199,12.049439808090979,11.548010537694143,66.0,57.0,53.0,0.7374937053948236,-0.6264538216913237,0.25230664634794603,13.859969063655727,0.22578105117369351,-0.1233927069972773,-0.9663318047082927,11.375558037928396,-0.636495052167662,-0.7696296831257348,-0.050440057671124784,10.701168882785947,65.81122653960264,53.57481194769818,55.18475209865244,20.037653114409874,5.874481785159946,71054.0,194571.7281242122, 0.0, 0.0,0.0,NaN, 127.89119759289963,127.89119759289963,1.3486991523486091E-6, 157.4715315101749, -36.258912230911896, 11.188036477083902, -36.258912230911896, 145.18899968880757, -10.487508466475692, 11.188036477083902, -10.487508466475692, 133.35654737869498, 7.422727682553105, 4.54957223152543, 18.0, 0.0
29, 0 ,1.0,1.0,1.0,96.93083348222262,186.50002233339288,138.7712167232446,11.194079439240374,7.953012133812609,12.158642875424592,53.0,32.0,58.0,-0.0849960116132905,0.16778603490593078,-0.9821524955425096,12.274223794883966,0.9951362722521756,0.06355658339930015,-0.07526194493003403,11.193072877814357,-0.04979435367465935,0.9837725383426563,0.1723720254129696,7.774893108573826,57.71216093941996,52.51643659457521,35.962393887702206,17.543609873844836,5.349034086546287,44776.0,108996.15546748557, 0.0, 0.0,0.0,NaN, 115.44175924728947,115.44175924728947,NaN, 125.3074144920241, 2.8142435493683506, 2.674501031621631, 2.8142435493683506, 63.25040200057059, -15.175580025387124, 2.674501031621631, -15.175580025387124, 147.83259657211318, 7.246317202649639, 4.731408302237483, 12.0, 0.0
30, 0 ,1.0,1.0,1.0,46.63258870728547,121.81357810768198,144.9294088262383,10.881040837938805,10.625285911168774,13.38007743861228,51.0,53.0,61.0,0.20930005009784514,0.3624688760604782,0.9081904001455274,13.840810283835317,-0.7942791481184222,-0.47871121417641366,0.37410721496118915,11.274531567526022,-0.5703631508901268,0.7996573561902602,-0.18770718898723493,9.572728518764787,63.729057459938986,55.86825262925069,50.06282856770645,19.4283353721627,5.732364899498953,64059.0,178245.25088509455, 0.0, 0.0,0.0,NaN, 106.39776741122905,106.39776741122905,0.0, 118.397049716892, 21.071018503916736, 8.453184816096742, 21.071018503916736, 112.89670069408163, 26.54260916035103, 8.453184816096742, 26.54260916035103, 179.02647226326138, 7.086247330707307, 4.445971013626475, 13.0, 0.0
31, 0 ,1.0,1.0,1.0,10.5453795779772,178.83543536260004,136.65006063545962,6.422433311735771,11.704171938660071,13.069933609661808,26.0,49.0,63.0,-0.038439927708880994,-0.037536337691555705,0.9985556545883867,13.078851861609191,-0.02435730862323814,-0.9989621104257345,-0.038489264092658335,11.704852590994397,0.9989640100996473,-0.0258016527855791,0.037485747146937254,6.403008260150226,63.28165884593196,50.07165082038631,27.257796747791105,17.776609701970177,5.7489653397972305,41230.0,86369.52156668234, 0.0, 0.0,0.0,NaN, 67.6192180095662,67.6192180095662,0.0, 41.24764964369331, 2.5236575415127054, -4.902189266285409, 2.5236575415127054, 136.98764076971784, -1.183515367169708, -4.902189266285409, -1.183515367169708, 170.82316456096734, 7.378607525926408, 4.691386233055077, 12.0, 0.0
32, 0 ,1.0,1.0,1.0,51.901801567710365,10.076718201896844,121.79485513836559,12.581604633466991,6.749845717204742,13.136541262091198,68.0,28.0,63.0,0.25068630293538635,0.00880711512681107,0.9680283116953401,13.175637193107677,-0.9679538470078269,-0.013100667354079101,0.2507862089063636,12.541817715997054,-0.01489051991490631,0.9998753958559141,-0.0052407231030572,6.747688613434239,65.91143854424605,69.33186852122131,28.24166342449568,18.45689649536307,5.980709025609913,46182.0,129057.71397535664, 0.0, 0.0,0.0,NaN, 94.40011619973592,94.40011619973592,0.0, 158.29677515287807, 1.7000328492833194, 3.9468768795740394, 1.7000328492833194, 45.56041720606721, 0.724629254791401, 3.9468768795740394, 0.724629254791401, 172.5687163306246, 6.7918461330306314, 4.652345639107661, 15.0, 0.0
33, 0 ,1.0,1.0,1.0,9.41445122442945,21.705572430848633,178.26294992070106,6.308319724401,12.783049857861878,11.268083261188332,24.0,51.0,48.0,-0.07650460917110011,0.9909029101650081,0.11071796332165368,12.834774096527315,-0.08408137938084836,0.10423624835571765,-0.9909919909717431,11.269876438525603,-0.9935176729263511,-0.08512477403930573,0.0753419300772547,6.199146775677988,55.51835676788983,50.66674563010611,27.7823017283475,17.264837147703254,5.665364953663454,37201.0,78149.79391423568, 0.0, 0.0,0.0,NaN, 32.12885171552085,32.12885171552085,0.0, 39.7948977452667, -10.35113345713351, 6.311062555378532, -10.35113345713351, 163.40636366858257, 4.7065425790016535, 6.311062555378532, 4.7065425790016535, 126.96970038107268, 7.934929196819215, 4.819647742244434, 8.0, 0.0
34, 0 ,1.0,1.0,1.0,114.46939918397824,70.72725939358384,63.47407930878157,10.510686764875496,11.99682065566105,13.768535267196679,49.0,59.0,61.0,-0.24862943498247542,-0.0012266567231746933,0.9685979038659842,13.969906706599891,0.214116818954047,-0.9753294079010085,0.05372647321821807,12.084338986930032,0.9446361161321829,0.2207510847011892,0.24275824744373475,10.138109457651447,60.23712225046204,59.46911921498944,49.01463526230228,20.25504025461563,5.805527521368798,74998.0,175582.608757706, -1.4210854715202004E-14, 0.0,7.105427357601002E-15,57.46371163748712, 127.85455659214672,127.85455659214672,NaN, 110.47453626932894, -9.00391263355989, -21.74887980994616, -9.00391263355989, 143.92370584409565, -2.3760994658373793, -21.74887980994616, -2.3760994658373793, 189.57256340403873, 7.269846988488377, 4.4402312974772125, 20.0, 0.0
35, 0 ,1.0,1.0,1.0,188.49425102084678,10.438104448742747,46.576241134751776,7.093464272004893,6.752930353591932,10.009545234425616,31.0,29.0,47.0,-0.12922286667517782,0.09819531586348602,0.9867416737275868,10.088246273085833,0.8125412439744425,0.580873785950603,0.04860423475252399,7.33504182203395,-0.568399663589551,0.8080490855993109,-0.15484991990118085,6.366690517157905,47.04921203429143,41.270181346553244,31.8156225968508,13.317824789463595,4.329646915838788,18612.0,61777.33336656387, 0.0, 0.0,0.0,NaN, 49.09870183922067,49.09870183922067,0.0, 50.317235378209915, 5.485271715883052, -7.2844316676650935, 5.485271715883052, 45.60206836046326, 6.308152255922779, -7.2844316676650935, 6.308152255922779, 100.19099580001257, 8.45900350289334, 4.677548006390288, 6.0, 0.0
36, 0 ,1.0,1.0,1.0,122.11400230890752,151.89073702758537,163.28950966095516,11.666092949370915,11.456839038947805,11.495407180538297,63.0,53.0,60.0,0.12615283576821854,0.714218988618225,-0.6884596562797248,12.20112867179572,-0.9361775293708388,-0.14383015888746578,-0.320756167353831,11.783583097307261,0.3281114071908343,-0.6849847601892809,-0.650491185781702,10.5726486859836,58.367134958854976,66.91024774604381,49.798408243031815,19.23561081480618,5.430704217264675,65832.0,194480.68474098903, -1.4210854715202004E-14, 0.0,0.0,82.75266454259295, 98.63260070087837,98.63260070087837,0.0, 136.0977247033618, 6.986784825130207, 4.908269990195228, 6.986784825130207, 131.25916076435848, -16.98696009552713, 4.908269990195228, -16.98696009552713, 132.14438624637145, 7.343125864360895, 4.432055554713695, 18.0, 0.0
37, 0 ,1.0,1.0,1.0,171.7415860839501,103.8262654637783,124.75457835881367,11.388297100267867,11.753469149342234,13.915440607611837,52.0,58.0,66.0,-0.21684638701418454,-0.10974103976138011,0.9700178084091992,14.016813455979836,-0.5984203001908863,-0.7701266382362927,-0.22090293207269784,12.532909579802194,-0.7712786712715083,0.6283803507995431,-0.10132791308765497,10.389030426235472,62.50588633841642,64.80368391028645,60.13857133092465,20.591474873589387,6.121110824256244,74044.0,243598.00070286155, 0.0, 0.0,0.0,NaN, 125.33873563130577,125.33873563130577,0.0, 129.6933108439695, 24.754453613850433, -12.127544401740918, 24.754453613850433, 138.14403704453966, -1.0648817458820465, -12.127544401740918, -1.0648817458820465, 193.63948730397246, 7.631250459365344, 4.728459228166173, 17.0, 0.0
38, 0 ,1.0,1.0,1.0,144.64401770287066,42.792279244596685,83.01971869411015,11.604790552984426,10.341486768671592,12.956941954473555,57.0,47.0,60.0,0.023265641545093863,-0.1951169615095918,0.9805039934925097,13.048431973435125,0.9186381394723429,-0.382761852006236,-0.09796598060320913,11.893135084712048,0.3944143489153092,0.9030076057154892,0.17033668245475497,9.888964458843525,63.341195365816276,60.51654296347088,49.497848790992066,19.459430505097437,5.552514889140067,65978.0,189734.6674570703, 0.0, 0.0,0.0,NaN, 108.57134811301194,108.57134811301194,0.0, 134.67116377863658, -15.678949610205782, -2.275559535472929, -15.678949610205782, 106.9463485866096, -12.227481210361235, -2.275559535472929, -12.227481210361235, 167.88234481159697, 7.564798355842877, 4.50666736104812, 12.0, 0.0
39, 0 ,1.0,1.0,1.0,84.24056685931438,34.92084553875386,109.48976328081704,11.575836949096331,11.031409017334907,11.835085984637916,59.0,61.0,57.0,-0.6743431461806032,0.003607372209608828,0.7384093093027648,13.037136318650456,-0.3651418129373666,0.8675428103145029,-0.3376994650816409,11.414978634372256,-0.6418198950204476,-0.4973494336353006,-0.583704345725288,9.772030783277572,61.83234731616565,58.07622684946712,47.59190845839569,19.106453333191453,5.541181035681418,63155.0,170902.0401975806, 0.0, 0.0,0.0,NaN, 128.48362350464225,128.48362350464225,0.0, 134.00000107206387, -11.207875960261164, -32.79159169543908, -11.207875960261164, 121.69198490773789, -9.999614810532709, -32.79159169543908, -9.999614810532709, 140.0692602637728, 6.481484154448847, 4.1909388525615086, 16.0, 0.0
40, 0 ,1.0,1.0,1.0,16.77298983596659,72.17148032605414,170.17457985307436,10.166482303654057,11.236370978159412,10.393886714680331,41.0,56.0,56.0,-0.0055322212879020324,-0.8470376011453906,0.5315041832135319,11.753242846077384,-0.9119681848080563,-0.21376863406141508,-0.3501671043793467,10.255924092819301,0.41022362733699425,-0.48665210709230394,-0.7712887281926913,9.712032734211823,55.10773165827669,50.67897026733321,49.62932887125598,17.665275868653644,5.058092991564932,49685.0,138604.94323520848, 0.0, 0.0,0.0,NaN, 79.87246989690563,79.87246989690563,0.0, 103.3573624305111, 2.322554626095689, 3.3393395624999855, 2.322554626095689, 126.25603275882311, -18.912799040922042, 3.3393395624999855, -18.912799040922042, 108.03288103760828, 7.633988770384586, 4.569080709110696, 12.0, 0.0
41, 0 ,1.0,1.0,1.0,185.7754295064085,116.01049904554131,65.27635669484593,9.15967744025543,11.456552848031228,9.62066933552136,38.0,50.0,49.0,-0.0467684295890388,-0.9360914916382023,0.34863366629793563,11.706873564277453,0.6652366055536354,-0.2895471638592138,-0.6882025127333976,9.950606920728852,-0.7451664059961723,-0.19973772598998615,-0.6362639925306927,8.464284121640917,50.90593235528766,47.45463999798485,46.161599137765364,16.752056482732208,5.203669477594738,36670.0,111513.62261374868, 0.0, 0.0,0.0,NaN, 107.3199767967685,107.3199767967685,0.0, 83.89969080952429, -2.4085503234242536, -13.597142149384842, -2.4085503234242536, 131.25260315973242, -15.891666139283279, -13.597142149384842, -15.891666139283279, 92.55727846344101, 7.5174997333881155, 4.858043127743163, 10.0, 0.0
42, 0 ,1.0,1.0,1.0,165.3770896048165,93.32040607186319,190.16246076987127,10.679889453859557,13.610931508116364,5.174192484840635,50.0,62.0,21.0,-0.3222328086233989,-0.9464785744452874,-0.018556000719243924,13.954245016222705,0.945105586520469,-0.3205187485891629,-0.06358586423598905,10.245593852848826,0.05423511200759884,-0.03802683156474413,0.9978038448045137,5.137763693005614,61.16330098601382,48.71609479934526,23.24983132043954,17.0677708326191,5.89753863409861,31226.0,69276.06157711822, 0.0, 0.0,0.0,NaN, 100.02110423183034,100.02110423183034,0.0, 114.0600387466606, 27.534209264837354, -3.715556765683526, 27.534209264837354, 185.2574565186348, 4.557662844982931, -3.715556765683526, 4.557662844982931, 26.772267870181302, 7.365076185586985, 4.554535379250053, 11.0, 0.0
43, 0 ,1.0,1.0,1.0,120.12663082153871,8.256108167944967,164.21293587412035,10.954724353797802,5.92711233923447,10.491674807662235,54.0,24.0,47.0,-0.9790156096005628,0.20350674430798588,0.01065087694055576,11.128968524524657,-0.0029818145539921292,0.03795408581472576,-0.9992750352890512,10.496629493972065,-0.20376345339732638,-0.9783376167720078,-0.03655082308872254,5.583790421008461,55.37282911176955,47.229432948121655,27.461260886343556,15.446599823522494,5.1589185408627465,25294.0,71817.43970288367, 0.0, 0.0,0.0,NaN, 87.91264064256858,87.91264064256858,0.0, 120.00598566769067, -18.473207656437488, -0.7309651935165238, -18.473207656437488, 35.13066068190551, -2.795342713392518, -0.7309651935165238, -2.795342713392518, 110.07524026973441, 7.358298334534238, 4.392042878741911, 10.0, 0.0
44, 0 ,1.0,1.0,1.0,81.2159362686901,104.25286051033225,74.95887747552436,11.96910543219948,10.341785521765184,11.005781847482982,60.0,55.0,51.0,-0.9696567100671009,-0.2435736193441353,0.020922633234005117,12.070710738638088,-0.03767192020143969,0.06431070399650943,-0.9972186118298281,11.009192199240157,-0.24155059728798606,0.9677479141341878,0.07153519161046257,10.219338338855497,59.54965580769091,51.78245344652681,54.24468218646323,18.530406934177297,5.288030403978672,58119.0,167270.38176441097, 0.0, 0.0,0.0,NaN, 146.22713953587584,146.22713953587584,0.0, 143.25948484710713, 9.705975680850157, -0.20731451535347192, 9.705975680850157, 106.95252777819198, -1.2856322954679549, -0.20731451535347192, -1.2856322954679549, 121.12723407438591, 6.319350720910253, 4.050829527882671, 17.0, 0.0
45, 0 ,1.0,1.0,1.0,49.12806873977087,182.78342880523732,162.9486906710311,11.606593702855642,9.89960795539206,10.422466562735117,52.0,42.0,44.0,-0.9190641227436352,0.14456711597931424,0.3666353600825975,11.909850396080124,-0.21595839785122373,0.5934510866747891,-0.7753565490289253,10.455170641555048,0.329671213003206,0.7917803715058462,0.5141991196171573,9.496732843663507,60.081082064336854,50.91683068674055,53.56930134026754,17.710337175866762,5.261845818914441,48880.0,163875.90052068315, 7.105427357601002E-15, 0.0,0.0,23.21035570294956, 63.89661168477496,63.89661168477496,9.5367431640625E-7, 134.71301738316825, -9.314203443551309, -14.204292217689286, -9.314203443551309, 98.00223767046177, -6.061050747881861, -14.204292217689286, -6.061050747881861, 108.62780925133156, 7.339942189537099, 4.488165650433241, 9.0, 0.0
46, 0 ,1.0,1.0,1.0,178.57737915280998,154.57556518525985,88.37651583862407,12.627341898265335,8.883788944294922,12.836371180381564,51.0,41.0,56.0,-0.5314207821436122,-0.09637579956292144,0.8416077813117455,12.984535792251439,-0.8432850822959688,-0.03409367614988398,-0.5363840892715478,12.512272036607461,-0.08038794861763962,0.9947609393744785,0.06315418602003563,8.831125253594054,63.00055821349409,60.83541621085297,40.836790971632894,19.241835527856843,5.735473827149384,59538.0,156513.7468376383, 0.0, 0.0,0.0,NaN, 101.64997055570458,101.64997055570458,0.0, 159.44976341568722, 6.89954938344433, -4.986531433177789, 6.89954938344433, 78.92170600677669, -5.912584311833892, -4.986531433177789, -5.912584311833892, 164.77242508053038, 7.695263434429108, 4.609686482246027, 10.0, 0.0
47, 0 ,1.0,1.0,1.0,115.16328146737153,153.94375361171157,62.20347580420778,9.21001034277392,11.53697977684134,10.356146020972556,45.0,52.0,50.0,-0.14677654390573008,-0.9724527370033722,0.181086499921279,11.637025642702406,-0.20196249784177972,-0.14975132155873783,-0.9678768987618833,10.347032062571385,-0.968332481962987,0.17863430797599225,0.17441900237456917,9.093652455430687,55.13285170158147,50.524774476368435,45.5206884228646,17.32673756708116,4.996010265646593,46723.0,126801.28703141726, 1.4210854715202004E-14, 0.0,7.105427357601002E-15,86.13483562597152, 114.83779449679369,114.83779449679369,NaN, 84.82429051400257, 8.26267798934684, 3.3616352351026344, 8.26267798934684, 133.10190237124604, -5.753210743885091, 3.3616352351026344, -5.753210743885091, 107.2497604077057, 6.418863481596628, 4.074954839962615, 15.0, 0.0
48, 0 ,1.0,1.0,1.0,99.00717484792442,157.8766906571002,15.267675304708215,11.265210152236083,10.551648019235582,9.575912939020892,48.0,51.0,41.0,-0.8580939442945056,-0.007269760963613564,0.5134412657165661,12.109832776899655,0.09095984130419225,0.9819351485481859,0.16592067778178912,10.623168516080224,0.5053722291885592,-0.18907806488639567,0.8419313483555545,8.392888960666498,57.22877449973125,52.779010348261835,49.23092465844368,17.404339185487633,5.198973151314672,44879.0,148700.92886475945, 0.0, 0.0,0.0,NaN, 108.67334434246102,108.67334434246102,0.0, 126.90495977404291, 4.263412856980166, -32.935475198825486, 4.263412856980166, 111.33727592183817, 6.625310616017549, -32.935475198825486, 6.625310616017549, 91.69810861570775, 7.479896531733853, 4.359320031365667, 13.0, 0.0
49, 0 ,1.0,1.0,1.0,95.60211443674548,8.516929780698621,133.23180227159082,11.076272778303267,5.653018752736177,10.689591295777916,52.0,23.0,54.0,-0.8176899343694655,-0.011639215657192167,0.5755412234494973,11.452303266714898,0.5729628055655486,0.08019467775084975,0.8156484764277391,10.30973686119618,0.055648851464465396,-0.9967112632650056,0.05890554312934548,5.609088828769242,56.815293448192094,50.509089817082014,24.616621440683254,15.597201844698024,5.063111332440077,27998.0,70642.04185156143, 0.0, 0.0,0.0,NaN, 116.92003509050909,116.92003509050909,0.0, 122.68381865938198, 4.387084711657349, -11.946914875865346, 4.387084711657349, 31.956621018786876, 4.226770688022912, -11.946914875865346, 4.226770688022912, 114.267362070771, 6.6437654671426145, 4.163111176745659, 7.0, 0.0
