// Sample: .//bubblelabels.tif, Map: .//bubblelabels.tif, Thickness:(8.191250068658265):/gpfs/home/mader/Foam/NewValid/InSilicoTest/LatticeData_Phi_6.65/out_Step_06000.vtk/distmap.tif, Neighbors:(1.0):
//LACUNA_NUMBER, TRIANGLES, SCALE_X, SCALE_Y, SCALE_Z, POS_X, POS_Y, POS_Z , STD_X, STD_Y, STD_Z,PROJ_X, PROJ_Y, PROJ_Z, PCA1_X, PCA1_Y, PCA1_Z, PCA1_S, PCA2_X, PCA2_Y, PCA2_Z, PCA2_S, PCA3_X, PCA3_Y, PCA3_Z, PCA3_S,PROJ_PCA1, PROJ_PCA2, PROJ_PCA3,OBJ_RADIUS, OBJ_RADIUS_STD, VOLUME, VOLUME_BOX, Mask_Grad_X,Mask_Grad_Y,Mask_Grad_Z,Mask_Angle, Mask_Distance_Mean,Mask_Distance_COV, Mask_Distance_STD, SHAPET_XX, SHAPET_XY, SHAPET_XZ, SHAPET_YX, SHAPET_YY, SHAPET_YZ, SHAPET_ZX, SHAPET_ZY, SHAPET_ZZ, Thickness, Thickness_STD, Neighbors, Neighbors_STD
1, 0 ,1.0,1.0,1.0,182.33794009609943,34.7375392022404,20.827606049852783,11.79352903829511,18.0737923184532,13.952198947637,50.0,81.0,64.0,0.17482273601622483,0.9767964365288136,0.1237163390842677,18.237750668709232,-0.4835426331424709,0.19463089877449438,-0.8534080707234254,14.953880194894694,-0.8576849846566325,0.08937300949864338,0.5063486272003788,10.206814835435344,91.9872944398667,77.45710880235141,56.71096971686177,24.338194724871006,8.250177510597247,104267.0,404069.62184715114, 0.0, 0.0,0.0,NaN, 44.18635721174608,44.18635721174608,0.0, 139.08732717710998, 27.768508431909112, 54.22851403826175, 27.768508431909112, 326.66196877057797, 7.766716863055984, 54.22851403826175, 7.766716863055984, 194.66385547444298, 10.111730304163942, 7.033622043490771, 8.0, 0.0
2, 0 ,1.0,1.0,1.0,60.504529106167574,82.5414946050353,32.7160161626926,16.638104901170255,18.144043822747445,17.42413542260731,80.0,86.0,70.0,-0.0602305821664818,0.8229246030422213,0.5649490018397136,18.723858350372815,-0.6068368995561513,-0.47956298406765624,0.6338519714012117,17.055849928855544,-0.7925410111211687,0.3046546274388867,-0.5282653723945085,16.37523947455476,93.14859978599966,88.47081478756829,81.84026538354085,29.02372179723082,8.201032203718396,225210.0,674440.1043946068, 7.105427357601002E-15, 0.0,0.0,86.5469519106169, 107.44409749981482,107.44409749981482,NaN, 276.8265347023456, 2.5357784978590825, -11.557046030309186, 2.5357784978590825, 329.2063262417797, 31.40817383313215, -11.557046030309186, 31.40817383313215, 303.6004952253589, 10.524725285858072, 6.717818972951044, 20.0, 0.0
3, 0 ,1.0,1.0,1.0,56.7573264463449,152.3328565021728,14.539698127213398,15.899104153007972,22.070862344926752,9.675187266482844,81.0,89.0,41.0,-0.1417054684387105,0.9899048856297797,-0.0028067099705469307,22.181137141403852,0.971261074440953,0.1395832231316234,0.19279120596125138,15.940527835449307,0.1912367263115844,0.024593520009965487,-0.98123578883118,9.349355785288779,93.39283798316448,76.55094017161416,44.506144447195,27.185186143792528,9.720050436377688,129326.0,318188.2036593668, 0.0, 0.0,0.0,NaN, 75.53114255861556,75.53114255861556,0.0, 252.78151286819536, -34.15571989805431, 31.373713607661987, -34.15571989805431, 487.1229646487056, 3.3615871110059543, 31.373713607661987, 3.3615871110059543, 93.60924864151178, 9.898579397669273, 6.646333803193565, 11.0, 0.0
4, 0 ,1.0,1.0,1.0,167.45279024390243,184.93077073170733,82.56269268292682,17.815180304664604,8.603926924836356,17.410138379922042,73.0,35.0,79.0,-0.7644713232793485,-0.01994806313488285,0.6443490286022697,18.810304277808935,0.6424472732638002,0.05912668540789254,0.7640455065953755,16.35410224265847,0.053339450310535684,-0.9980511559283136,0.032385076666993716,8.5578571521488,86.94486314288821,79.07027116814871,36.58532490851431,24.973292770014044,8.417587210525,102500.0,251515.10529461526, 0.0, 0.0,0.0,NaN, 90.01666932687078,90.01666932687078,0.0, 317.3806492877097, 11.656517068982867, -42.88061590348623, 11.656517068982867, 74.02755852792399, 5.16739382710306, -42.88061590348623, 5.16739382710306, 303.11291840803455, 10.682954431379713, 6.808174998461942, 12.0, 0.0
5, 0 ,1.0,1.0,1.0,14.474903444156878,113.02327692613976,142.24401353772646,9.269622329643562,17.927406197902975,19.63437302078644,37.0,91.0,103.0,-0.04870521664080752,0.23900814368219495,0.9697952923816257,19.749879274328936,0.05362488531658841,-0.9689215159669737,0.24148595729574873,17.839271419083705,-0.9973726352506144,-0.06376678720033431,-0.03437474804842272,9.193968616648535,96.76170087581548,94.25369871035298,39.48385945989232,26.59551738581944,9.246883259715533,125575.0,360098.64982366416, 0.0, 0.0,0.0,NaN, 105.40506230070244,105.40506230070244,0.0, 85.92589813422653, -15.699845851222353, -11.404897402634733, -15.699845851222353, 321.39189298460997, 16.134363913431834, -11.404897402634733, 16.134363913431834, 385.5086039193864, 11.30085418708719, 6.8963818878451875, 16.0, 0.0
6, 0 ,1.0,1.0,1.0,57.83465069397108,148.77980739945758,184.77588432365013,18.54022540648779,22.22721886659798,8.731976770365236,92.0,94.0,38.0,0.08775699958383701,0.9949335491443274,0.04905040072328962,22.279977140036166,0.9942066430630275,-0.08441240335295425,-0.06654094265581044,18.536492527458602,0.062063354029476284,-0.054605667720952177,0.9965773232114813,8.604516163280762,97.25592939422083,91.32403947622137,42.11476918290285,28.33375282099963,10.546804542779531,137902.0,374055.13950863044, 0.0, 0.0,0.0,NaN, 78.74089565821049,78.74089565821049,0.0, 343.73995812337535, 14.254522547333966, -16.015063491843076, 14.254522547333966, 494.0492585436491, 22.12605855961271, -16.015063491843076, 22.12605855961271, 76.2474183181981, 9.298398681666267, 6.402774637079188, 17.0, 0.0
7, 0 ,1.0,1.0,1.0,183.15646527137906,176.19331095607916,136.64620902988023,11.072671592685394,14.681559928462297,15.210139421762126,45.0,61.0,75.0,-0.011405249350060613,0.5927211201913619,0.8053270105779138,15.769153339396802,-0.3806377939426282,0.7421721213912584,-0.5516297780686682,14.617928825694918,0.9246538758420648,0.31282937187658105,-0.21714740150771264,10.35135542658267,79.35372477501215,74.1332465261213,56.50034098919309,22.720178405185802,7.300280309581012,91164.0,332377.3380993425, 0.0, 0.0,0.0,NaN, 69.74357271945445,69.74357271945445,0.0, 122.60405619946211, -31.05218493569304, 21.069100460684055, -31.05218493569304, 215.54820193302987, 23.935093438928035, 21.069100460684055, 23.935093438928035, 231.34834122944227, 10.523555801258581, 6.756286703337924, 8.0, 0.0
8, 0 ,1.0,1.0,1.0,81.08689026037895,21.704833601746667,43.143943406219265,17.20713392768251,13.517610998779963,19.78603309699692,92.0,55.0,86.0,-0.30379330983861114,0.0690938960964134,0.9502292662402687,20.097662777753914,0.9499499911999958,0.09821169902874978,0.29656276973520085,16.903728710560873,0.07283295350615028,-0.9927640684956845,0.09547180310157878,13.440471620685116,95.39889634115767,88.94833005519749,60.782078888553876,28.14752873498361,8.832609860535575,185038.0,515770.7382434248, 0.0, 0.0,0.0,NaN, 94.37999484221908,94.37999484221908,1.9073486328125E-6, 296.08545800520244, 5.117984875274846, -34.84615226107674, 5.117984875274846, 182.72580711433702, 17.719623844926435, -34.84615226107674, 17.719623844926435, 391.4871057154576, 9.621060808443497, 6.175990858528518, 13.0, 0.0
9, 0 ,1.0,1.0,1.0,51.77871963923852,183.19329565887492,121.75457373633587,14.649449504667935,9.723648755747359,12.720760672156896,61.0,37.0,61.0,-0.9629308616440455,0.02350789498535024,0.2687220396000546,14.806840222509303,-0.2641742199306185,0.11928791143651232,-0.9570696817417024,12.576582750035978,0.05455398443289673,0.9925813684824399,0.10865583152331362,9.672668553705043,61.98695493047278,64.61350549584913,41.38981456471734,20.738826802519704,6.393319235587202,70074.0,165774.25570824544, 0.0, 0.0,0.0,NaN, 95.31971385537913,95.31971385537913,0.0, 214.6063707898156, -4.88103658294782, -16.186040181013862, -4.88103658294782, 94.54934512514717, -6.58236580270384, -16.186040181013862, -6.58236580270384, 161.81775207829355, 10.850475298237964, 6.574533488550632, 9.0, 0.0
10, 0 ,1.0,1.0,1.0,169.7239664534165,95.02219414726807,16.61685751662097,16.141308674636832,15.854542056390706,10.42799469456019,66.0,78.0,41.0,0.7991961816219914,0.5886237158934027,0.12168641817668471,16.574461135963602,0.5914666019185255,-0.8061872328501702,0.015146101951914348,15.482933271101498,-0.10701739155754628,-0.059868745412173026,0.9924530272143819,10.306184467231,80.58230262017537,71.51542621941346,44.374789228390284,23.821605827947955,7.292634549691513,111606.0,255726.48406853408, 0.0, 0.0,0.0,NaN, 101.10378599044962,101.10378599044962,0.0, 260.5418457299063, 15.605565427440236, 17.58237486796907, 15.605565427440236, 251.36650381786166, 10.43874024632488, 17.58237486796907, 10.43874024632488, 108.74307334977547, 9.59032426096215, 6.091616957150257, 13.0, 0.0
11, 0 ,1.0,1.0,1.0,88.02025201592113,179.31860146974915,79.32674077282132,16.169976163006112,11.95094536064739,18.83763803477649,82.0,54.0,88.0,0.5209396955715165,-0.11881966337341358,0.8452832195031935,20.436533120194195,0.8530428696764731,0.10803031654236767,-0.5105362995927747,14.261171896224843,0.030654462513360025,-0.9870214477424409,-0.15763554683012493,11.75231556026963,90.2329964747523,73.62714176149676,59.88483344818039,26.282001905078186,8.270804478161091,145467.0,397850.7371507543, 0.0, 0.0,0.0,NaN, 120.28306951417446,120.28306951417446,0.0, 261.46812911218586, -11.288241318854944, 94.66774197366469, -11.288241318854944, 142.82509501317938, -31.674985583377808, 94.66774197366469, -31.674985583377808, 354.85660672925786, 10.165148904350916, 6.240732238878074, 14.0, 0.0
12, 0 ,1.0,1.0,1.0,155.58406910476828,181.94213789889963,181.19312058686484,18.125919495220778,11.529827149920271,11.05088941045744,79.0,52.0,49.0,-0.9946551079671206,-0.09444935292404409,-0.041719730669608296,18.19331928247446,0.04313471979798281,-0.7472003805525622,0.6631975476809729,12.829020485535583,-0.09381157787216246,0.6578532594996668,0.7472807215650621,9.382291579570246,79.94581458558446,71.17856074590898,52.31550138084333,22.835184716290627,7.884311472111174,83699.0,297697.59493063815, 0.0, 0.0,0.0,NaN, 51.50300975877588,51.50300975877588,0.0, 328.54895754722463, 20.358219891210062, 12.272477651949798, 20.358219891210062, 132.9369141070386, -36.97945873902683, 12.272477651949798, -36.97945873902683, 122.1221567621604, 10.144335889636045, 6.655113709443916, 7.0, 0.0
13, 0 ,1.0,1.0,1.0,21.484736349036403,44.94542960385439,57.12524759100642,12.383227366838506,16.836279428506618,16.90691718322939,53.0,85.0,82.0,0.2864123678315358,-0.7867085713226482,-0.5468615723934259,17.297929856076628,0.04297925732558635,-0.5596491013397485,0.8276144433305599,16.83478570807534,-0.9571419638657963,-0.260542716607256,-0.12647827414238802,11.833008345792104,87.86607714124506,82.56791717727427,62.57693801901634,25.76680095776005,7.662926468216351,149440.0,453990.6153500968, 0.0, 0.0,7.105427357601002E-15,56.848031001196574, 75.79564268872204,75.79564268872204,0.0, 153.34432001881814, -39.32004801307324, -19.834480796606904, -39.32004801307324, 283.4603049947551, 2.075959542991543, -19.834480796606904, 2.075959542991543, 285.84384864057716, 11.059748764499838, 6.2665777606451405, 13.0, 0.0
14, 0 ,1.0,1.0,1.0,133.27971213471886,117.25851915956872,116.90186292563263,13.185821907652105,16.99854546058423,17.70109526250929,69.0,86.0,88.0,0.2873252079566142,0.6420312464725313,0.7108024362828363,18.005468942871644,-0.25505811792421196,-0.6640152445448697,0.7028720448936457,17.391272461845134,-0.9232494686452013,0.3832487880802024,0.027033036851397036,12.226690106216294,82.136371550441,86.88557961241209,65.59570465498058,26.700668577049978,7.9510702541783935,153683.0,468121.5323772241, 0.0, 1.4210854715202004E-14,0.0,50.05654827237529, 134.91867865393505,134.91867865393505,0.0, 173.86589938031818, 58.134562943771115, 8.257826945178195, 58.134562943771115, 288.95054777554867, 8.33669297166594, 8.257826945178195, 8.33669297166594, 313.32877349242887, 9.286287767948487, 6.199042655165091, 29.0, 0.0
15, 0 ,1.0,1.0,1.0,78.17293987136102,91.69155778669237,159.5717487281773,14.097733851026339,17.19685746645169,18.30016493204165,75.0,83.0,84.0,-0.05419831067416675,0.07240377297162173,-0.9959017204421027,18.322141198785044,0.23056456657382557,0.9713227824547852,0.05806920806174014,17.352776875419618,-0.971546459908475,0.22647239554472715,0.06933779846189231,13.876394329920213,87.49189025597799,82.30595360674737,76.14198215160239,27.575117244488034,8.305838425377168,178484.0,548306.2911517274, 0.0, 0.0,0.0,NaN, 127.0936418487542,127.0936418487542,0.0, 198.74609973437393, 23.751583815906162, 9.180043208395862, 23.751583815906162, 295.73190672145523, -4.198404837500146, 9.180043208395862, -4.198404837500146, 334.8960365399269, 10.014901588230952, 6.304645550067161, 22.0, 0.0
16, 0 ,1.0,1.0,1.0,119.15380029806259,50.58727698530977,14.54526719182457,16.647122265551626,18.484349937350903,9.478229206375726,77.0,94.0,39.0,-0.5319413055981822,0.8455951811283503,0.04480219917609328,19.641660952935357,-0.8450366181037559,-0.5267072709816057,-0.09215511249451656,15.324750351584616,-0.05432827497968978,-0.08688060973325726,0.9947362455395443,9.380398866295868,97.79588544968857,72.65233074591121,43.50759613952178,25.275882007885286,8.352513989377659,117425.0,309125.77848811704, -1.4210854715202004E-14, 0.0,-1.7763568394002505E-15,62.37977551099334, 96.47147452338211,96.47147452338211,0.0, 277.12667972422474, -68.5901317637189, 4.339054498749392, -68.5901317637189, 341.6711926064444, 18.410337059268326, 4.339054498749392, 18.410337059268326, 89.83682888859384, 9.500706317210568, 5.8921550408685235, 9.0, 0.0
17, 0 ,1.0,1.0,1.0,49.003244249109365,12.999608241616983,119.15394880207631,15.742944807324037,8.237154570462575,15.660299248816841,69.0,33.0,72.0,-0.731798032353102,0.08432023835840644,0.6762852484324273,16.735634367495344,0.6695206518161572,-0.09645479423327497,0.7365042901851182,14.694852070341838,-0.12733317178094697,-0.9917593307212178,-0.014131287683919953,8.057038173852447,82.25524648754958,77.87618831383179,37.2128299188755,22.46085953337505,7.5130412090247285,81683.0,238375.15736078643, 0.0, 0.0,0.0,NaN, 95.42741616365123,95.42741616365123,0.0, 247.84031120645082, -23.029698911450467, -32.01627996563068, -23.029698911450467, 67.85071541769248, 1.5411520923772324, -32.01627996563068, 1.5411520923772324, 245.2449725624933, 8.688206072404304, 5.691216565781155, 9.0, 0.0
18, 0 ,1.0,1.0,1.0,186.35759944990576,27.95918861101207,171.9242347068711,8.058833268315816,15.454327796380097,15.129344873674592,32.0,72.0,59.0,0.009504740649516603,0.7687595832061973,0.6394672494614708,16.17050479949598,-0.04245002698920393,-0.6386094322744695,0.7683592832905028,14.370855687931076,-0.9990533795117261,0.03444845771167615,-0.026564048025208366,8.041852952970492,80.6225615360417,73.6394633290655,33.72827558209261,21.944028510509202,7.151064978093116,78532.0,200244.84510972069, -2.8421709430404007E-14, -3.552713678800501E-15,-2.8421709430404007E-14,77.40937304006232, 41.905607230419896,41.905607230419896,0.0, 64.94479364651377, 5.283503619377499, -3.430477808702932, 5.283503619377499, 238.8362476379665, 27.149788267656085, -3.430477808702932, 27.149788267656085, 228.89707630658364, 8.736589813732746, 5.648334090647355, 9.0, 0.0
19, 0 ,1.0,1.0,1.0,22.787789767849027,178.32851298799685,41.34750256729685,14.743655891009015,12.663007210485002,17.28111852545315,65.0,53.0,74.0,0.3468372937634569,-0.3029379563326788,0.8876556124239969,18.406578171031434,-0.9018634230940946,-0.3676228142140411,0.22692693219261403,14.368476726660738,0.257577673216923,-0.8792508521931206,-0.4007139642910231,11.450281862258139,86.65611242929259,75.83129892858821,66.08688061170926,24.702588484029377,8.133038812442887,118802.0,434273.1211650247, 3.552713678800501E-15, 0.0,0.0,69.70600857722177, 51.9475955205602,51.9475955205602,0.0, 217.37538903248483, 3.1576668822105973, 48.52320573074611, 3.1576668822105973, 160.35175161279514, -62.13511834982816, 48.52320573074611, -62.13511834982816, 298.63705749076, 9.979998798982683, 5.966190592412779, 7.0, 0.0
20, 0 ,1.0,1.0,1.0,110.09665543356162,71.06037612783999,63.46392723846795,12.805325984365037,14.60225424177362,16.92493476087833,61.0,72.0,80.0,-0.14946583203155253,0.2560162524646601,0.9550474561659574,17.184171427383273,-0.042351445225435,-0.9666686871078599,0.25250347413942986,14.403807467762418,-0.9878594637611325,0.0027069981743961876,-0.15532659791050316,12.684250153366332,77.46339746508522,71.41697758553833,60.26754828395228,24.76782459588019,7.0859356442848656,137985.0,333412.2343046062, 0.0, 0.0,7.105427357601002E-15,17.244683577300442, 130.9956429817091,130.9956429817091,0.0, 163.97637356585443, -3.2361650644419706, -19.68409897872545, -3.2361650644419706, 213.2258289413957, 21.493734986964736, -19.68409897872545, 21.493734986964736, 286.4534166599876, 9.005942151539523, 5.686246543938537, 11.0, 0.0
21, 0 ,1.0,1.0,1.0,140.97983919995136,40.54961547814457,86.44470788497782,15.22896847757319,12.912648411564504,16.818188452197997,86.0,66.0,88.0,-0.3717609513949771,0.056227326983705035,0.9266241323849541,17.1529832904284,0.8812821906082546,0.335105481996042,0.3332356770409151,15.129276476998081,0.29177987513640835,-0.9405013575941654,0.17413127470076714,12.585292615830591,79.52470059743914,77.52710055085032,65.71386314587333,24.987623970727547,7.558312047176434,131592.0,405146.9592117739, 0.0, 0.0,0.0,NaN, 112.25122813407488,112.25122813407488,0.0, 231.92148089091788, 17.982454327493876, -26.087233190324334, 17.982454327493876, 166.7364890006793, 14.95050992627869, -26.087233190324334, 14.95050992627869, 282.8514628136461, 8.832257805358514, 5.678369586283094, 13.0, 0.0
22, 0 ,1.0,1.0,1.0,54.95340022472977,75.92062449554497,93.06030512605442,14.37272753959932,14.858396715914914,14.446061100933179,70.0,75.0,63.0,-0.16383811562892164,0.7689158337501003,0.6180012236845104,16.220439179299547,-0.8804920306415315,0.1685185325176656,-0.44309738001351906,14.75572544128828,0.44484925069501535,0.6167413921624529,-0.6494145050348065,12.458003482056201,76.29043273186721,71.6345217908573,64.75985634607068,24.244443222188117,6.945711199943826,126374.0,353914.4713350436, 0.0, 0.0,0.0,NaN, 132.07587898707024,132.07587898707024,0.0, 206.5752969275567, -22.87118744635546, 13.470335170900196, -22.87118744635546, 220.7719529675111, 46.604387933588555, 13.470335170900196, 46.604387933588555, 208.68868133189474, 8.673967321223639, 5.610141675473482, 11.0, 0.0
23, 0 ,1.0,1.0,1.0,117.64065852756197,150.92278209396966,159.83523492415836,16.334293443452285,12.749045405112994,15.55635846372375,77.0,65.0,76.0,-0.9379170368012723,-0.34665721195926225,-0.01184945039030361,16.833121627228987,0.003530087386788977,-0.043700189045270565,0.9990384536945758,15.561688784059948,0.34684170821999283,-0.936973356544378,-0.04221088206847223,12.0759036167605,84.95113307306826,76.69806639365167,62.43534108905578,24.849289140147757,7.3389657935858965,135150.0,406802.93698961806, 0.0, 0.0,0.0,NaN, 103.94634576918607,103.94634576918607,0.0, 266.8091422968083, 44.69992535992296, 1.8681996603164046, 44.69992535992296, 162.53815874163274, -3.6410542976801796, 1.8681996603164046, -3.6410542976801796, 242.00028865186954, 9.195905766838179, 5.776515478877091, 15.0, 0.0
24, 0 ,1.0,1.0,1.0,183.75247440151526,20.473960039305602,114.4472863470001,10.333141751065494,11.546432987109728,15.970413172574977,42.0,44.0,80.0,-0.23236791998706194,-0.3161735165934383,0.9198040319360564,16.737938595475924,-0.2503258699716483,-0.8943910283356893,-0.37067728181744103,10.94226658510339,-0.9398628137041195,0.31638425346019966,-0.12868137230620563,9.759930513625187,90.73972694299479,54.321885242124296,47.987573153127755,21.00246541818011,7.351494843520607,70219.0,236538.0917971926, 0.0, 0.0,1.4210854715202004E-14,23.102550461404036, 89.45631303131543,89.45631303131543,0.0, 106.77381844761284, 19.064639192286702, -37.24850419406127, 19.064639192286702, 133.32011472581567, -45.65801473838286, -37.24850419406127, -45.65801473838286, 255.05409690275633, 9.131156022011377, 5.821569833718049, 8.0, 0.0
25, 0 ,1.0,1.0,1.0,174.70365337272278,61.46596750369276,113.86688330871492,14.410547775656408,11.906776361608797,15.046765939056833,61.0,54.0,77.0,-0.6036865563605658,-0.025547475484821117,0.7968123167759608,15.912303697509072,-0.7553346782393521,0.33804297923389787,-0.5614236083740377,13.665947316528982,0.2550138535816749,0.9407838597079687,0.2233688962107331,11.656794187283923,83.94327411864438,73.45961098562762,59.40765533665123,22.955429630580866,6.992040204403618,101550.0,366333.7577161042, 0.0, 0.0,-1.4210854715202004E-14,37.17322980100187, 108.7974453045976,108.7974453045976,0.0, 207.66388719447582, -11.181380344105305, -34.858956314205486, -11.181380344105305, 141.77132332536604, -12.04399853555005, -34.858956314205486, -12.04399853555005, 226.40516522476088, 9.524766465989256, 5.671704833533686, 10.0, 0.0
26, 0 ,1.0,1.0,1.0,11.385777750914201,24.688461422224908,170.59335428692316,7.108382709736952,14.042829627100618,15.9592424142041,28.0,52.0,60.0,0.03174467376982866,-0.29256874612408446,0.9557174292010314,16.14721278592251,0.04029025793664975,-0.9550475698184181,-0.293701948409153,13.842254356295998,-0.9986836189718172,-0.04782957427487289,0.01853000329301178,7.0772240815830045,71.98262768544907,65.13803367722902,28.911691557735317,21.265163384722346,7.08663625003405,66178.0,135561.3367372414, 0.0, 0.0,0.0,NaN, 40.04880615554377,40.04880615554377,0.0, 50.52910474808725, -7.4019677250657505, 4.716093944435484, -7.4019677250657505, 197.20106393577487, -19.202677848628184, 4.716093944435484, -19.202677848628184, 254.69741843533112, 8.587067042686243, 5.213285370666354, 6.0, 0.0
27, 0 ,1.0,1.0,1.0,98.12379471228616,184.5377510311718,141.82439651092028,13.05361739974513,9.357811553351903,15.03971832087961,61.0,38.0,63.0,-0.3459473411193283,0.024941275073167575,0.9379223688398692,15.348971522122387,0.9008182285545457,0.28838505837617673,0.32459294078771894,12.978462459464772,0.26238703526721274,-0.9571896316316293,0.12223359939308313,8.95138407508675,70.60836710404728,64.75682675651899,42.69393333896002,21.023469566380136,6.494029477137478,73945.0,195212.62205224743, 0.0, 0.0,0.0,NaN, 115.11629369134296,115.11629369134296,0.0, 170.39692721892882, 21.600830712835997, -24.620846922185816, 21.600830712835997, 87.56863706804636, 11.903559363577891, -24.620846922185816, 11.903559363577891, 226.1931271714018, 9.39314898817097, 5.630916932898924, 7.0, 0.0
28, 0 ,1.0,1.0,1.0,175.27978576481289,150.0090387487228,92.52768327326214,14.616480680626701,10.939508688070186,13.812627705305744,62.0,51.0,66.0,-0.804062002903706,-0.08928714193830264,0.587802774551949,15.415902014080244,-0.5918807369076653,0.21370961677590847,-0.777177838705616,13.046574886516751,0.056227117693500715,0.9728083089601892,0.22468312187144254,10.781460511992963,74.9439610287946,66.2937618174544,52.591458203504715,21.90712487432627,6.646873076083136,89061.0,261291.0412168232, 0.0, 0.0,0.0,NaN, 108.03498216123037,108.03498216123037,0.0, 213.64150748713357, 1.8892194390285917, -32.55456161286225, 1.8892194390285917, 119.67285033636308, -15.336429919212216, -32.55456161286225, -15.336429919212216, 190.7886841253798, 9.41809863071278, 5.546029668016602, 8.0, 0.0
29, 0 ,1.0,1.0,1.0,20.20309420386919,75.49503434815055,175.23019958284698,11.789150070726604,15.482738049466708,14.242698798604133,49.0,73.0,59.0,-0.012198273628031907,0.8191434812615392,0.5734589429307229,16.5860203170674,-0.07136383790050584,-0.5727523500274477,0.8166161571865609,12.947611660570795,-0.9973757590600475,0.030962923711469994,-0.06544381250073766,11.782062141032679,83.60995566094516,66.77348028617499,51.3244949421698,23.035174727159497,7.13683622171959,104518.0,286540.9458383625, 0.0, 0.0,0.0,NaN, 81.98297530185422,81.98297530185422,NaN, 138.98405939011312, -0.1835865028819218, -2.6330531252519633, -0.1835865028819218, 239.71517750840414, 50.53507026142531, -2.6330531252519633, 50.53507026142531, 202.85446906775962, 8.502494781847552, 5.154824460675185, 8.0, 0.0
30, 0 ,1.0,1.0,1.0,89.10213990289516,34.14524623012305,104.7004307207508,13.299525671810882,15.132343994898863,13.807193628851714,67.0,69.0,61.0,-0.3714351680357698,0.7616093503050975,0.5310245883893581,16.54109924202427,-0.654118392770994,-0.6205554094933505,0.4324813429354286,12.982051330899615,0.6589120155111242,-0.18671416999356905,0.7286787869416004,12.424258242933591,82.50430429828745,63.87282254884111,67.66115794185356,23.457849750463097,6.799492544630669,116781.0,356559.6055354299, 0.0, 0.0,1.4210854715202004E-14,57.92529169302354, 134.85954575113047,134.85954575113047,0.0, 176.87738309515666, -27.98082305368935, -27.529201990367508, -27.98082305368935, 228.98783477995167, 44.423641637891386, -27.529201990367508, 44.423641637891386, 190.63859590460336, 8.266685873290706, 5.209758748251023, 9.0, 0.0
31, 0 ,1.0,1.0,1.0,104.97849314597863,162.09883075090758,18.33107728954089,11.280830078834887,17.9887375999267,11.115509277910142,53.0,83.0,44.0,-0.07247173215991713,0.9966098479183063,-0.03894430728606504,18.030842418001846,-0.7238304523301201,-0.02569227197855768,0.689499371602436,12.40794402741642,0.6861612961376615,0.07815828934175857,0.7232385204687698,9.764118031013128,83.49208664052851,66.3026806452936,53.29364862004708,22.680446453683665,7.746205708308688,87321.0,295020.27041847684, 0.0, 0.0,0.0,NaN, 103.93081251415434,103.93081251415434,0.0, 127.25712726754594, -15.50548431476699, -28.607141888551972, -15.50548431476699, 323.5946804390166, -9.956450304152053, -28.607141888551972, -9.956450304152053, 123.55454650730647, 8.088570730126202, 5.259021794339113, 11.0, 0.0
32, 0 ,1.0,1.0,1.0,153.64482397245288,89.23370147294231,68.66192576554997,10.665392182157426,12.601825766335534,14.99478390713783,51.0,61.0,69.0,-0.08799088202268357,-0.2620443753257464,0.9610360815500162,15.223226304738205,0.2845516754984699,-0.9311892177513856,-0.22785298925968908,12.518933056322158,-0.9546140312460757,-0.2534154417230762,-0.15650132665384828,10.436946079774176,69.02963353848459,64.29556420186425,48.20294375345824,21.42577682201028,6.191626203142173,86833.0,213939.08838595301, 0.0, 0.0,0.0,NaN, 121.76171760015937,121.76171760015937,NaN, 113.75059039922473, -9.832153822544374, -13.484441945627173, -9.832153822544374, 158.80601264507814, -20.788829817699668, -13.484441945627173, -20.788829817699668, 224.84354442175965, 8.100513701076373, 5.087449103795478, 8.0, 0.0
33, 0 ,1.0,1.0,1.0,152.77584690423518,49.689157493536605,157.79006636637436,12.229925071655707,11.490925710511583,12.344446131577719,55.0,56.0,56.0,-0.7252988160609929,0.1972260077798382,-0.6595782965469299,12.76847025219227,0.4708297565665171,-0.5568743186101304,-0.6842589667691735,12.195043975561214,-0.5022558787630432,-0.8068413072765488,0.3110404107511325,11.056439801818774,59.28465401039108,59.73156298350885,55.86317746735646,20.074824838531526,5.567692425100626,75038.0,197820.73134876095, 0.0, 0.0,0.0,NaN, 80.50348753553973,80.50348753553973,0.0, 149.57106725831284, -12.776131706051748, 10.983900374242749, -12.776131706051748, 132.04137368449614, 4.78183451045763, 10.983900374242749, 4.78183451045763, 152.3853502954241, 8.282756688514972, 5.038841019034524, 13.0, 0.0
34, 0 ,1.0,1.0,1.0,120.90975999570222,79.29822582161516,178.479175900184,12.317618089479383,11.971395107210956,12.851580205309139,59.0,55.0,53.0,0.3629467015536689,0.4560576524299388,-0.8125768329772916,13.917736977339283,0.8098201576311682,-0.585751431733083,0.032963199433213464,12.528266927255343,0.46093492395949126,0.6700049834760461,0.5819212300575749,10.46614805999612,67.17757553392964,59.87105187479553,57.8955675657123,20.555126023534672,6.139049123550729,74457.0,232855.515930971, 0.0, 0.0,0.0,NaN, 114.04657185697656,114.04657185697656,1.9073486328125E-6, 151.72371539826972, -8.56144110969509, -23.555802908077965, -8.56144110969509, 143.31430081295443, -32.10488068097748, -23.555802908077965, -32.10488068097748, 165.1631137734937, 8.511619681077251, 5.089284891249001, 10.0, 0.0
35, 0 ,1.0,1.0,1.0,48.582052919343894,31.181805483497627,11.025481901265115,12.643978721773728,13.238842952833016,7.500744877421378,59.0,59.0,30.0,-0.6089100288307187,0.789408202445192,0.07786698081744693,14.01426075732782,0.7840151118637878,0.613849236112373,-0.09224651588796491,11.845920720984623,0.1206187429821168,-0.004879061027212032,0.9926869162051586,7.394118748057474,70.38970365521108,59.023763213699795,33.02267636359027,18.797149417062556,6.169725128012649,50114.0,137198.16433921224, -7.105427357601002E-15, 0.0,0.0,52.48926738668701, 58.77143957930364,58.77143957930364,NaN, 159.8701979166668, -26.903002836495638, -12.914460661252338, -26.903002836495638, 175.26696272977642, 3.8616321666115407, -12.914460661252338, 3.8616321666115407, 56.26117371616304, 8.139093949562412, 4.879753469802671, 2.0, 0.0
36, 0 ,1.0,1.0,1.0,11.370714036920933,173.20859630790665,137.3186903517938,7.142783260887796,14.445190563732291,16.424685263026113,30.0,54.0,74.0,0.03462989526893071,0.1728977494727752,0.984330807493554,16.49071108408939,-0.019042828057092717,-0.984628592352695,0.17362000409266692,14.380966625157962,-0.9992187653628464,0.024756884876719454,0.030805122917300164,7.1202117939855185,79.62135047959707,62.23403530439954,31.4525442191616,21.840323212762417,7.242475480530973,71775.0,155852.32411796803, 0.0, 0.0,0.0,NaN, 69.10874784509159,69.10874784509159,0.0, 51.01935271201891, 4.251865822907997, 7.025528207862632, 4.251865822907997, 208.66353042254042, 10.965553020591052, 7.025528207862632, 10.965553020591052, 269.77028598946714, 9.737809721817749, 5.975731772361356, 8.0, 0.0
37, 0 ,1.0,1.0,1.0,46.41672238119434,22.800283475516807,167.0178509346669,12.030423822861072,13.229285710158825,11.489418093080117,52.0,52.0,54.0,0.34440988196235184,-0.929904369771683,0.12907244588295602,13.398672022680811,0.7721516011793471,0.3587789703199009,0.5244612047161944,12.135204157775833,-0.5340072452718682,-0.0809661258534781,0.8415941708813278,11.17874026686384,63.24961698505827,64.64062152420654,62.033687709984434,20.416256458450825,5.910016759623721,74786.0,253624.39430987215, 0.0, 0.0,0.0,NaN, 61.33667092486065,61.33667092486065,NaN, 144.7310973576632, -11.296376788630532, 11.455669184354138, -11.296376788630532, 175.01400040101248, -2.352691391969153, 11.455669184354138, -2.352691391969153, 132.00672811759674, 7.997478543576338, 4.8980160669172665, 6.0, 0.0
38, 0 ,1.0,1.0,1.0,114.55139588100687,154.84125095347062,61.5472006102212,10.107276869911962,12.359515403660096,13.913208942814586,51.0,55.0,60.0,0.15954884416635745,-0.4350187904215558,0.8861731311122818,14.623657572027392,-0.4146973185699859,-0.8441612327425875,-0.3397321696651338,12.052512571160245,0.8958628802981196,-0.3132897462648309,-0.31508607488950513,9.453974284019111,62.59918678619313,56.137862977867115,48.60485824928331,20.2931818356861,6.0563042202736375,65550.0,170806.4429026703, 0.0, 0.0,0.0,NaN, 114.58112612593159,114.58112612593159,0.0, 102.15704572505734, 10.924573997524854, 25.47255501364043, 10.924573997524854, 152.7576210133112, -31.957556528605224, 25.47255501364043, -31.957556528605224, 193.57738308641578, 7.992391024924343, 5.019334543791135, 9.0, 0.0
39, 0 ,1.0,1.0,1.0,35.14284983319347,53.93274524652572,127.96002783519924,14.356735470349038,13.310577486804723,12.36759088800367,71.0,64.0,60.0,-0.8776016845819716,-0.33432032777938425,-0.34357706799547916,14.620185532205854,-0.45464790513632064,0.8077133277372494,0.37535911145298495,13.615689181958642,0.15202159574889512,0.48562238275135544,-0.8608486137509056,11.709304585457474,70.88063282477478,63.982658871254586,54.111004855820035,22.241346973914197,6.4472564364058735,97718.0,245400.5145344346, 0.0, 0.0,0.0,NaN, 96.61013659927357,96.61013659927357,0.0, 206.1158533655782, 4.757442938903253, 14.870248791915953, 4.757442938903253, 177.17147303223274, 23.44087376873142, 14.870248791915953, 23.44087376873142, 152.9573043730314, 8.321070649305762, 4.943956438177193, 6.0, 0.0
40, 0 ,1.0,1.0,1.0,58.819916206381656,144.2849852853767,86.50471882746923,12.020375984215077,12.150998253969394,10.929385794279126,62.0,57.0,50.0,0.6568556106501269,-0.7123354723030754,0.24722233243824127,12.836989952537103,0.7175496785750572,0.6912652456409495,0.08529254918098006,11.419623803609934,-0.2316531146656159,0.12136941570145712,0.9651975442353787,10.78849166253277,57.14333057431571,51.90446627851182,49.29705959301725,19.544217374728834,5.4416209367603665,68979.0,146214.78665974725, 0.0, 0.0,0.0,NaN, 118.52009022353957,118.52009022353957,0.0, 144.48943880189458, -15.692615329086408, 8.716937289244868, -15.692615329086408, 147.64675856796728, -7.696527388196233, 8.716937289244868, -7.696527388196233, 119.45147384019037, 7.445880571908249, 4.684916797903387, 11.0, 0.0
41, 0 ,1.0,1.0,1.0,130.76657811294885,119.96263604421972,183.51917045162395,15.52586546831032,10.19314423188551,9.468717349329909,72.0,50.0,38.0,-0.9840504532255028,-0.08457847559713409,0.1564966037086683,15.699134541681495,-0.00913108121700802,-0.8545645040185154,-0.5192649919139527,10.618525118032231,0.17765508397592072,-0.5124119338357123,0.8401622945599586,8.682937007343453,72.37404519298462,55.163193234249746,44.62047040947144,19.76979933285179,6.6154614693418825,58345.0,178142.02715335842, 0.0, 1.4210854715202004E-14,0.0,85.14821398615092, 107.10211985662596,107.10211985662596,1.3486991523486091E-6, 241.05249854007084, 14.529542210750371, -26.167647915319762, 14.529542210750371, 103.90018933202084, 14.313870795861456, -26.167647915319762, 14.313870795861456, 89.6566082415012, 7.686540933927827, 4.967752211769545, 6.0, 0.0
42, 0 ,1.0,1.0,1.0,125.17355806662037,10.519117059108222,43.10226627106874,9.415290582810742,7.116082147647328,18.654175480587348,44.0,29.0,83.0,-0.12824781974045746,0.01470686594197651,0.991633099904387,18.775240777094556,0.9323661508069583,0.34256765292864355,0.11550222507110686,9.451806766531812,0.33800274786047985,-0.9393780449111658,0.05764573859045887,6.739307632216016,86.11297526018924,48.77931607755576,33.564467401956556,20.413005170240933,8.400821666427593,47523.0,140988.62068031315, 0.0, 0.0,0.0,NaN, 86.99111215414345,86.99111215414345,NaN, 88.64769675876465, 13.448252898522345, -34.32469524659191, 13.448252898522345, 50.63862513206501, 6.216297184368052, -34.32469524659191, 6.216297184368052, 347.9782628605462, 8.30298492692525, 4.600802256113758, 4.0, 0.0
43, 0 ,1.0,1.0,1.0,171.22314358417708,103.94780860188266,120.80390412299589,8.297785516000001,12.626959692843169,16.921805756791294,43.0,53.0,73.0,-0.13975636112136725,-0.026682823096570267,0.9898263415759913,17.050423443259223,-0.1863608373457829,-0.9810637502121335,-0.05275941928681897,12.771619717656765,0.9724905129768064,-0.19183833029741715,0.13213726650270358,7.798054617525939,71.21166442918509,54.93570407466002,40.149684426544184,21.578109217068015,7.001861769638492,56197.0,157068.09184517385, -2.8421709430404007E-14, 0.0,0.0,81.96625183438154, 127.77383354864597,127.77383354864597,0.0, 68.85324446953939, 19.561889071167258, -30.798226910731255, 19.561889071167258, 159.44011108468604, -0.7768412763537799, -30.798226910731255, -0.7768412763537799, 286.34751007057497, 9.318597294386358, 5.510555407280013, 9.0, 0.0
44, 0 ,1.0,1.0,1.0,48.55018356499662,183.37147710460465,164.5690880198725,15.075383568331942,9.916144512005474,9.133675307988549,62.0,43.0,41.0,-0.9939504335129934,0.03474447389554163,0.1041890457440428,15.127317641557257,-0.08944146895259117,-0.806611817286266,-0.5842752774555418,10.806188367652435,0.06373977840355978,-0.5900594866179762,0.8048397622515899,7.96314575286127,63.11871737560097,52.57867806641502,41.12713944397818,19.25934763750111,6.172411597176996,54749.0,136488.585065228, 0.0, 0.0,0.0,NaN, 62.361667886780396,62.361667886780396,0.0, 227.26718973233272, -1.8630227647062454, -14.342491540203493, -1.8630227647062454, 98.32992198297627, 25.747463658730904, -14.342491540203493, 25.747463658730904, 83.4240246317597, 8.658670090040522, 5.207260058507922, 5.0, 0.0
45, 0 ,1.0,1.0,1.0,118.3133804183321,116.06385579572354,51.23722301990764,12.358177246562672,8.716487800872436,11.070969813246872,57.0,38.0,55.0,-0.9892427051166257,-0.06857111078238433,-0.12921638108076589,12.395180427085844,0.12740974993927362,0.03011521360678522,-0.9913928734512008,11.048062337081356,0.07187228947203146,-0.9971915947677695,-0.021054627295699426,8.692979801080487,56.86683196712434,56.70184231585409,38.455912697240706,18.003543677992518,5.209653739035601,51538.0,123999.32687341064, 0.0, 0.0,0.0,NaN, 127.84065529147202,127.84065529147202,0.0, 152.72454485745936, 5.474323121643718, 4.107214307995524, 5.474323121643718, 75.977159582758, -0.6962959555767699, 4.107214307995524, -0.6962959555767699, 122.56637260582349, 6.929871430349131, 4.3124416328817, 9.0, 0.0
47, 0 ,1.0,1.0,1.0,159.73323973323974,51.515955890955894,42.4974844974845,12.47408938095834,12.560103887548484,10.849324604787554,64.0,58.0,56.0,-0.8016138478856474,-0.3929562996058959,-0.4505558627717625,13.831770388187632,-0.2015271871166968,0.8871391089213546,-0.4151758594560338,12.519325096483131,0.5628516960361742,-0.2420114625844522,-0.7903343724316539,9.111288986044741,64.93541644875518,57.18202315885386,47.08414607890399,19.90733363052188,5.896187552422635,68376.0,174829.9549426449, 0.0, 0.0,0.0,NaN, 77.98295892279025,77.98295892279025,0.0, 155.6029058841376, 20.935650454121827, 45.283653873202475, 20.935650454121827, 157.75620966601053, -7.976903527359775, 45.283653873202475, -7.976903527359775, 117.70784438004864, 7.581841411164707, 4.404458139577917, 3.0, 0.0
48, 0 ,1.0,1.0,1.0,8.477560646900269,118.05754716981131,68.2927897574124,6.021863398774,9.706018552422035,12.805742869442518,24.0,47.0,56.0,-0.06702519761524617,0.027029514466346747,0.997385095252757,12.829923925989876,-0.04937824664647934,0.9983182186111793,-0.030373066146197013,9.711334184260087,-0.9965286807928592,-0.05128488799554235,-0.06557780585326094,5.961520425752703,56.32493607166361,47.28916365927134,25.515774082774044,16.244233063522042,5.5300612609360105,29680.0,67962.77276180014, 0.0, 0.0,0.0,NaN, 107.00626029910447,107.00626029910447,0.0, 36.262838793493955, -3.1309189213243127, -8.53999332956753, -3.1309189213243127, 94.20679613996076, 1.6974701851192167, -8.53999332956753, 1.6974701851192167, 163.9870504382779, 7.462922003963646, 4.5817087555900615, 9.0, 0.0
49, 0 ,1.0,1.0,1.0,50.62806374793918,140.13555596263052,49.6629785675032,10.539115121411669,13.676133091547904,9.061156203468176,50.0,59.0,39.0,-0.38559954305918326,-0.9184278470539117,0.08833618821562372,14.297712358018904,0.9181061661683745,-0.37242442855840346,0.13557696211582523,9.742011840593069,-0.09161910300891592,0.1333804137377886,0.9868209590371387,8.99348332120807,66.72411616362716,47.402397518333785,39.74259106969317,18.644917529020127,5.707991412026838,54590.0,125701.1687880006, 0.0, 0.0,0.0,NaN, 92.8082105148301,92.8082105148301,0.0, 111.0729475423681, 38.95659146849723, -2.4625001495771373, 38.95659146849723, 187.03661633773163, -10.73110535628321, -2.4625001495771373, -10.73110535628321, 82.10455174364981, 7.3836534581416515, 4.351066584159067, 6.0, 0.0
50, 0 ,1.0,1.0,1.0,141.55422750033574,147.4826660015732,17.352416399670012,8.680127710941932,13.96320277607769,10.252010783038386,38.0,61.0,40.0,-0.0345946438012911,-0.9798754760036236,0.19658906924580816,14.098878472379885,0.2585213412587925,-0.19878569017865522,-0.9453311406559877,10.17211646500966,-0.965385895242942,-0.018119075772981528,-0.26019564246757887,8.553890716101261,65.1731140436998,47.74339067486024,41.703090062168215,18.522988795848057,5.684915127647271,52123.0,129762.72806087632, 0.0, 0.0,0.0,NaN, 80.46791315979533,80.46791315979533,0.0, 75.344617078262, 2.700683854470307, -8.259935248425199, 2.700683854470307, 194.9710317658637, -18.50200663397924, -8.259935248425199, -18.50200663397924, 105.10372509553535, 7.88073330084729, 4.463463756653082, 5.0, 0.0
