// Sample: .//bubblelabels.tif, Map: .//bubblelabels.tif, Thickness:(8.191250068658265):/afs/psi.ch/project/tipl/test/LabelValidation/SmallStep0500//distmap.tif, Neighbors:(1.0):
//LACUNA_NUMBER, TRIANGLES, SCALE_X, SCALE_Y, SCALE_Z, POS_X, POS_Y, POS_Z , STD_X, STD_Y, STD_Z,PROJ_X, PROJ_Y, PROJ_Z, PCA1_X, PCA1_Y, PCA1_Z, PCA1_S, PCA2_X, PCA2_Y, PCA2_Z, PCA2_S, PCA3_X, PCA3_Y, PCA3_Z, PCA3_S,PROJ_PCA1, PROJ_PCA2, PROJ_PCA3,OBJ_RADIUS, OBJ_RADIUS_STD, VOLUME, VOLUME_BOX, Mask_Grad_X,Mask_Grad_Y,Mask_Grad_Z,Mask_Angle, Mask_Distance_Mean,Mask_Distance_COV, Mask_Distance_STD, SHAPET_XX, SHAPET_XY, SHAPET_XZ, SHAPET_YX, SHAPET_YY, SHAPET_YZ, SHAPET_ZX, SHAPET_ZY, SHAPET_ZZ, Thickness, Thickness_STD, Neighbors, Neighbors_STD
1, 0 ,0.3333333432674408,0.3333333432674408,0.3333333432674408,18.985051223081747,281.8611111111111,74.87902176690594,12.93343379295927,12.40514535912437,31.363473924090556,57.0,59.0,142.0,0.10763675570787704,0.026870874132182088,0.9938270900634854,31.523464641942887,-0.7206490500631827,-0.6865354824463747,0.09661251464047374,13.98577434573995,-0.6848936234655095,0.7265996060179883,0.054531982091145584,10.747005655678837,143.35973065973158,80.51985165689234,54.55392134756744,33.05564320896974,14.56548281680881,172188.0,629732.5119433438, 0.0, 0.0,0.0,NaN, 79.3493500971197,79.3493500971197,9.5367431640625E-7, 167.27370967686085, 42.17152472878181, 88.36925687058346, 42.17152472878181, 153.8876313810049, 18.14003766556489, 88.36925687058346, 18.14003766556489, 983.6674965871082, 4.6640611972502235, 4.776512432041383, 10.0, 0.0
2, 0 ,0.3333333432674408,0.3333333432674408,0.3333333432674408,208.79393807239424,188.73905182439307,16.331211840383776,33.44873433865377,24.07353338624089,10.209404529757633,158.0,131.0,48.0,-0.8686797944205431,0.48676059252444526,0.09197575947353853,37.006626259382706,0.4953021727175154,0.8502896383243846,0.1779980018413023,18.656420345141505,0.008436377587073912,0.20017906115135728,-0.9797230072881672,9.2212999198748,159.93830065106482,109.9874880725605,50.10990566726288,38.73331668892792,17.387206724613144,220128.0,881493.9706459309, 0.0, 0.0,0.0,NaN, 144.79037537575775,144.79037537575775,0.0, 1118.817828857836, -432.34404350762253, -79.43553401166511, -432.34404350762253, 579.5350096984548, 97.31490982762672, -79.43553401166511, 97.31490982762672, 104.23194085223568, 2.69158269699892, 3.234982562184998, 23.0, 0.0
3, 0 ,0.3333333432674408,0.3333333432674408,0.3333333432674408,48.74945735517704,133.89503393787743,275.6037724077011,24.9347610059168,24.097447024072633,14.639924890839895,108.0,109.0,71.0,-0.7949483124992761,0.599948975787728,0.09010220255803675,26.609049068623538,-0.5601965243155077,-0.7829147887598051,0.2705998663821055,22.877613656064195,0.23288845956675874,0.16463796643680026,0.9584661211582686,13.61359472648791,126.39927823230664,115.81802507532181,67.84797792363395,35.69664889813471,11.937584251106998,304527.0,993247.905726412, 0.0, 0.0,0.0,NaN, 144.56682062764202,144.56682062764202,0.0, 621.7423064221891, -101.02964136395823, -88.68553847970546, -101.02964136395823, 580.6869530779869, -43.363174414710706, -88.68553847970546, -43.363174414710706, 214.32740080943353, 3.0649253859189085, 3.2938896327896696, 19.0, 0.0
4, 0 ,0.3333333432674408,0.3333333432674408,0.3333333432674408,23.02577843640687,91.62025054710251,149.42520634811228,14.696025337123672,21.767526766689226,17.872231812689428,57.0,98.0,79.0,-0.1194684531434396,-0.9910789192172691,-0.059075075849662054,21.874544086882505,0.1957877833814114,0.03481536008498488,-0.9800280784654829,17.973117628841074,0.9733418888459016,-0.1286486167251029,0.18988180753460887,14.411329428796533,99.19336173803052,85.99306976486925,66.86241689558365,30.345822080634644,9.399262442610633,232132.0,570332.5164457797, 0.0, 0.0,0.0,NaN, 176.78333935948908,176.78333935948908,0.0, 215.97316070938095, 32.85078929542738, -20.221143292553844, 32.85078929542738, 473.8252215385319, 11.919730110449208, -20.221143292553844, 11.919730110449208, 319.41666996650804, 2.592196866286801, 3.304831288039802, 17.0, 0.0
5, 0 ,0.3333333432674408,0.3333333432674408,0.3333333432674408,276.1866877262498,82.3133282510351,210.68311109690907,15.272018749016109,23.03866991187689,17.94573163783716,73.0,118.0,93.0,0.07278097257277301,0.9956737297328863,0.057764642742468675,23.088544556657894,-0.0014552946691796936,0.0580242043960707,-0.9983141158080601,17.92611675089848,-0.9973468865689546,0.07257420770498839,0.005672056699829932,15.219645215456595,117.23313948736916,94.29381788005139,78.86852382655371,31.06149780220258,11.011244538183885,219061.0,871841.0790492536, 0.0, 0.0,0.0,NaN, 123.77424809925886,123.77424809925886,0.0, 233.23455667029955, 21.836845115495706, 1.397649461021603, 21.836845115495706, 530.7803113084216, 12.140968134584647, 1.397649461021603, 12.140968134584647, 322.04928401726954, 2.9193771568839035, 3.2459840115706613, 17.0, 0.0
6, 0 ,0.3333333432674408,0.3333333432674408,0.3333333432674408,95.47328001526402,179.49129473868317,276.738063059482,15.68729751859928,15.271097595191947,13.553742628644807,80.0,79.0,58.0,-0.7688688553908875,-0.6392533223935859,-0.013995464217702785,16.52000548557542,-0.5381478365504121,0.6351324303063732,0.5540791477661211,14.982754941927801,-0.345307962876644,0.4335458289291712,-0.832346337165065,12.868882529154108,89.1233604721545,82.11301393415786,66.58923636870381,24.58127317514572,7.665681543821049,125786.0,487312.5332299862, 0.0, 0.0,0.0,NaN, 155.49473608729195,155.49473608729195,0.0, 246.09130343705112, 32.61623902196334, -16.400437012521824, 32.61623902196334, 233.20642176187727, 21.678844855946664, -16.400437012521824, 21.678844855946664, 183.70393924354343, 2.678451510810697, 3.022089593564143, 13.0, 0.0
7, 0 ,0.3333333432674408,0.3333333432674408,0.3333333432674408,241.29864698646986,226.55263805269632,284.057279730692,13.0602397954789,17.9967681402654,9.753501441697876,66.0,84.0,45.0,-0.4510363737595682,-0.8857064747606085,0.10995558245471172,19.50109481873741,0.8669029775471947,-0.46405726874615666,-0.18201669935383763,10.88970405940991,0.2122390564095753,0.013224669787685191,0.9771282879148364,9.523967857577501,97.17568205963391,55.72543208274267,48.20104073495821,22.688144654902917,8.65057278457485,77235.0,261016.19691120082, -2.8421709430404007E-14, 0.0,0.0,63.18980392308292, 95.36526701175183,95.36526701175183,0.0, 170.56986351541073, 104.47000518775829, -18.760914278087963, 104.47000518775829, 323.8836634944717, -25.847489748754914, -18.760914278087963, -25.847489748754914, 95.13079037320254, 2.8753885280285685, 3.308195180275219, 9.0, 0.0
8, 0 ,0.3333333432674408,0.3333333432674408,0.3333333432674408,216.78735792109939,261.20664854335683,289.7076010873986,18.349566391561332,11.384502123723124,5.880414236231016,91.0,63.0,24.0,-0.9675122794403214,-0.252041093080178,0.019881562593086086,18.76152112606812,0.2491479208247798,-0.9638531550564295,-0.0944055561736424,10.731749894500455,0.042956986403644884,-0.08638508486257687,0.9953352773977231,5.807548208239944,94.36452631866678,57.64503862994539,26.564570952119368,20.729963807152924,8.43571855310236,46717.0,144501.88244161016, 0.0, 0.0,0.0,NaN, 92.38615369397071,92.38615369397071,0.0, 336.7065867583172, 58.052482964011084, -8.037688438850601, 58.052482964011084, 129.60688860505633, 5.8159089646651125, -8.037688438850601, 5.8159089646651125, 34.5792715896684, 3.5700100682843137, 3.3153311192676718, 6.0, 0.0
9, 0 ,0.3333333432674408,0.3333333432674408,0.3333333432674408,139.0426451639719,12.759466311983042,11.612868365268714,18.393162281761494,8.760678749176828,7.861665204613887,86.0,37.0,34.0,-0.9982670480279386,0.027639035307824977,0.05195175212481936,18.41980842427872,0.0017053648761143462,0.8960532129077641,-0.44394338757133517,9.031774120706897,-0.058821701371391796,-0.4430854583090336,-0.8945475303654072,7.483408615352281,86.06209945739283,48.25657087939323,37.19616576408978,20.20759330992592,8.277491363908096,48118.0,154477.975234116, 0.0, 0.0,0.0,NaN, 140.10895712419634,140.10895712419634,0.0, 338.3084187232137, -7.777160831127407, -14.711160187154945, -7.777160831127407, 76.74949214627846, -9.765506910935223, -14.711160187154945, -9.765506910935223, 61.805779789436706, 3.7145039648947322, 3.804375030532268, 4.0, 0.0
10, 0 ,0.3333333432674408,0.3333333432674408,0.3333333432674408,115.29935176245739,85.60426969834296,117.17628514570568,15.46418810670801,14.565071270012123,12.628888854548213,79.0,71.0,62.0,-0.765268833482014,-0.6398722854468134,0.07019309665593199,17.9749549819502,0.34378557285912625,-0.4984593873463131,-0.7958327205262797,14.078718419517283,0.5442197096715623,-0.584894603739348,0.6014342941016839,9.458431670288824,90.78578348687711,68.5052511038775,51.21063254300712,23.495796875462222,7.662817875149291,101506.0,318494.43520035484, 0.0, 0.0,0.0,NaN, 185.34377062091204,185.34377062091204,0.0, 239.14111379964947, 95.77061120471816, -42.30328847986736, 95.77061120471816, 212.14130110053256, 32.64570762337118, -42.30328847986736, 32.64570762337118, 159.4888337005321, 2.4875537477930014, 2.5971698496566247, 16.0, 0.0
11, 0 ,0.3333333432674408,0.3333333432674408,0.3333333432674408,271.10808595787256,281.73711323746977,117.4404116952093,15.428319822948895,12.079946649906994,16.331095442391128,67.0,55.0,83.0,-0.6401600952482159,-0.022719732347721067,0.76790550604475,18.234652918825592,-0.7648270255417896,0.11298402433055024,-0.6342509213607597,13.140733933342496,0.0723510432039117,0.9933370143149413,0.08970452908958484,12.061566506691891,91.01612325908425,71.63379461963035,58.37202412455383,24.082199110493153,8.408955224930601,93953.0,380575.69042812556, 0.0, 0.0,-1.4210854715202004E-14,39.83382411005114, 122.31322916618193,122.31322916618193,0.0, 238.03305255919784, 0.3698616869444703, -78.74303514272918, 0.3698616869444703, 145.92511106459918, -5.211864139942645, -78.74303514272918, -5.211864139942645, 266.70467834848824, 2.4228341065099537, 2.717261852161391, 7.0, 0.0
12, 0 ,0.3333333432674408,0.3333333432674408,0.3333333432674408,100.15856835428701,282.60494423282125,162.03342453994313,22.24716504593082,11.399703582307689,18.796212049979403,118.0,50.0,102.0,-0.9874994676110972,-0.09765632953856467,0.12372567546331842,22.383629036370994,-0.11970868707432586,-0.04599608251542548,-0.9917430063439696,18.74196844215704,0.10254087822298116,-0.9941567289387973,0.033730796002619474,11.220470215123553,113.85268695707936,102.93881172926456,55.81037646173468,29.37554657377851,10.736128038774222,167751.0,654089.8158430663, 0.0, 0.0,0.0,NaN, 171.37416002448913,171.37416002448913,NaN, 494.93635258088614, 37.416548833728086, -19.077681162929697, 37.416548833728086, 129.95324176447875, 5.747680059656727, -19.077681162929697, 5.747680059656727, 353.29758742779086, 3.58389305018088, 3.842738677249605, 17.0, 0.0
13, 0 ,0.3333333432674408,0.3333333432674408,0.3333333432674408,255.41673635603388,86.84370795913173,164.01731629276807,13.361528199134954,20.29309488432148,10.95361718242906,75.0,95.0,48.0,0.23771477560644588,0.9622951425854629,0.13221098295830053,20.75189031200046,-0.8797223000493031,0.2709962400507944,-0.3907041242094784,13.291732962377182,-0.41180136019000774,-0.02343280680488618,0.9109723065554214,10.149421092609924,100.86442908628177,68.06511804037825,53.36961364361696,25.03820937097014,9.132904065794987,110012.0,366401.03816622123, 2.8421709430404007E-14, 0.0,0.0,76.24829627879765, 167.3941076545391,167.3941076545391,1.9073486328125E-6, 178.53043581627855, 57.38547944683949, 35.614488576171475, 57.38547944683949, 411.80969998407465, 33.88406479600251, 35.614488576171475, 33.88406479600251, 119.98172937920513, 2.7117621928639823, 2.9118720612435838, 13.0, 0.0
14, 0 ,0.3333333432674408,0.3333333432674408,0.3333333432674408,17.75739682206723,142.18358592479942,192.15401961298443,10.523112139303116,14.709752764342701,14.782479400483698,40.0,67.0,64.0,0.01670676030455759,0.7012089382277659,0.712760064193846,16.699185758484184,-0.09096749620409447,-0.7088371400440262,0.6994818250166073,12.508586064625145,-0.9957137132702772,0.07652407362193075,-0.05194484923282775,10.502708335361215,68.17123380171944,49.54516343614574,41.44341489853301,22.376207875354755,6.703710452356764,95345.0,139977.4099066422, 0.0, 0.0,0.0,NaN, 179.33837496187962,179.33837496187962,0.0, 110.73588909634861, 4.950931103115362, -0.9298796196135846, 4.950931103115362, 216.37682638808772, 61.35727139015485, -0.9298796196135846, 61.35727139015485, 218.52169722572486, 2.065912767290613, 2.502048829535845, 5.0, 0.0
15, 0 ,0.3333333432674408,0.3333333432674408,0.3333333432674408,283.07198817303527,142.15049247631782,253.51694947174147,10.859027542349033,16.607937338518735,14.877912348585195,47.0,66.0,72.0,0.1527971200550941,-0.8723510815073464,0.46438844806458324,17.468272344654242,0.1655971479339904,-0.4406617635316129,-0.8822668500841098,14.10609881266948,-0.974284673336801,-0.2117092363459185,-0.07712700270871925,10.534314179766824,77.51139051158647,66.10244997123053,48.996944638307184,23.6621029011852,7.4296180219302235,106198.0,251045.29312639212, 0.0, 0.0,0.0,NaN, 150.51243829692675,150.51243829692675,0.0, 117.91847916549486, -32.30359813726682, 0.9193009405876061, -32.30359813726682, 275.8235826401647, -44.44292629293755, 0.9193009405876061, -44.44292629293755, 221.35227585218385, 2.4618080793011288, 2.8780732077390407, 6.0, 0.0
16, 0 ,0.3333333432674408,0.3333333432674408,0.3333333432674408,23.177156848624513,61.32432665994527,286.0192135964281,14.354788387450867,23.416872508506835,7.591060686661888,56.0,104.0,30.0,-0.1564395887902252,0.9876521941739207,-0.008354543828717899,23.604880582509544,-0.9876415563897246,-0.15650832261100844,-0.008324724954670485,14.045071474320338,0.009529488508187488,-0.006948978121220757,-0.9999304478571713,7.58812559486451,105.31076159684724,63.915884901430054,30.66361422850889,26.59255322541728,10.240614387335464,104145.0,206397.72313685998, 0.0, 0.0,0.0,NaN, 67.0322014284457,67.0322014284457,0.0, 206.05994964849424, -55.60221639902066, 1.8014451883998364, -55.60221639902066, 548.3499180796632, -3.940486606620874, 1.8014451883998364, -3.940486606620874, 57.62420234858365, 3.402571500040198, 3.967849504737681, 7.0, 0.0
17, 0 ,0.3333333432674408,0.3333333432674408,0.3333333432674408,260.342794700601,15.933664513479057,72.78899278094448,23.77518677717383,10.659580328480127,26.24475356046337,97.0,44.0,118.0,-0.5700609758236513,-0.046477854100990756,0.8202867138514152,28.322105496391398,-0.8162562929286444,-0.0816716683056296,-0.5718875788566858,21.347309164698075,-0.09357429186145778,0.9955749834514436,-0.008619990039699665,10.479693707181998,131.81670468390388,107.20803677178165,47.09649306850567,34.89026031839296,12.26144295883705,258067.0,665558.6974979882, 0.0, 1.7763568394002505E-15,0.0,87.33605542669778, 84.4086077781832,84.4086077781832,0.0, 565.2595062895012, 41.401439558253024, -162.27621298877304, 41.401439558253024, 113.62665277932048, -10.239535595728862, -162.27621298877304, -10.239535595728862, 688.7870894494547, 3.8922904302201924, 3.8324096047956457, 10.0, 0.0
18, 0 ,0.3333333432674408,0.3333333432674408,0.3333333432674408,276.0746802182889,68.730338116825,271.7258914907747,14.345185456134335,19.005102884771937,14.88605004640708,56.0,86.0,62.0,0.046961489333733876,0.990148393969581,0.13191200263439284,19.081606442914165,-0.22063157903370112,-0.11851436059184219,0.9681301837390477,14.824495756693361,-0.9742260132292986,0.0745687887320509,-0.21289239275836386,14.307319404182872,88.37458389930993,70.49213845930481,64.28821004309611,26.941381371245253,7.920526322492316,173165.0,400497.1238576621, 0.0, 0.0,0.0,NaN, 78.07499930388516,78.07499930388516,0.0, 205.78434577088805, 7.806255695280369, -2.230659941435384, 7.806255695280369, 361.19393566076656, 19.092046481986138, -2.230659941435384, 19.092046481986138, 221.59448598413624, 2.8036385868624025, 3.227624880022226, 11.0, 0.0
19, 0 ,0.3333333432674408,0.3333333432674408,0.3333333432674408,161.84761383859328,17.738469199497136,99.61871214223906,18.16835746418875,9.82557903855373,19.38363072039217,83.0,43.0,93.0,0.6448559912135201,0.12331128542687417,0.754291109242579,22.228066875481037,-0.7458360361738073,-0.11411245508816814,0.656282678986955,14.818800401283369,-0.1670010710761225,0.9857853085130268,-0.01838390000258784,9.416610533520405,95.89682670905263,68.24197289282708,48.766634391834174,26.65606529996789,9.581781620231332,122498.0,319138.05522660183, 0.0, 0.0,0.0,NaN, 171.2443368421573,171.2443368421573,0.0, 330.08921294654317, 43.38061033279734, 133.11254469100876, 43.38061033279734, 96.54200344286643, 27.903726435540843, 133.11254469100876, 27.903726435540843, 375.7251399045311, 2.801950443024834, 3.1149624239099847, 10.0, 0.0
20, 0 ,0.3333333432674408,0.3333333432674408,0.3333333432674408,79.65726073398896,272.23001199328377,256.6725449748141,15.043440309924653,13.779847666172124,14.05052777137776,69.0,63.0,75.0,0.8039202707923787,-0.08989656623290371,0.5879037383693378,16.47391695196749,-0.2581184902709886,0.8378213989228777,0.481071874554248,14.653220776320127,0.535805042146241,0.538492257034812,-0.6503376399411458,11.291581370894486,81.584709835768,66.6813650802244,60.831102120010854,23.611431156302082,7.490457093307277,104225.0,330932.13427428924, 0.0, 0.0,0.0,NaN, 94.83522436571428,94.83522436571428,0.0, 226.30509635826593, -29.260211192860623, 57.17641306395156, -29.260211192860623, 189.8842017029093, 27.54837207309955, 57.17641306395156, 27.54837207309955, 197.41733065425768, 3.201962296204705, 3.1847534970300857, 9.0, 0.0
21, 0 ,0.3333333432674408,0.3333333432674408,0.3333333432674408,217.8875347631736,45.92381950814659,280.74374262875114,19.864839934268115,15.838621896737733,11.805094787382426,85.0,87.0,47.0,-0.8770284819291676,-0.4577644649806796,0.14585176202560046,21.28111187048764,0.4775669204809254,-0.8637848769751768,0.16064097475844724,14.186736763108733,0.05244881645362054,0.2105406870653055,0.9761771052133336,11.431747447833441,93.8042107038049,63.56030543506748,57.16199213604807,26.532119778208607,8.99336934723553,137358.0,340812.6176027385, 0.0, 0.0,0.0,NaN, 96.032586101977,96.032586101977,0.0, 394.6118656140933, 100.24002361538345, -35.80012568522457, 100.24002361538345, 250.86194358781998, -31.305424344652085, -35.80012568522457, -31.305424344652085, 139.36026293908373, 3.054952418301757, 3.200042724584079, 9.0, 0.0
22, 0 ,0.3333333432674408,0.3333333432674408,0.3333333432674408,217.67310918262913,27.739009974141116,162.39654326669776,25.199740259188825,16.77753170633826,21.939071048320724,119.0,75.0,100.0,-0.9090717160154768,0.17708243651195157,0.3771344930123285,26.291262953224486,-0.3137983467484324,0.3044504323237979,-0.8993556203392528,21.41310212125024,0.2740788439822124,0.9359229374990459,0.22119910113861427,15.75067832254681,122.7031079486704,105.8362934893955,81.65265201683778,35.70054036808857,11.104356585477193,330254.0,1060377.44139566, 2.8421709430404007E-14, 0.0,0.0,24.622616869650617, 162.73254416666197,162.73254416666197,0.0, 635.026909130582, -91.44235255355433, -92.54063956396116, -91.44235255355433, 281.4855701571855, -28.024550031834988, -92.54063956396116, -28.024550031834988, 481.32283846326453, 2.5147761169288625, 2.9150160485947834, 18.0, 0.0
23, 0 ,0.3333333432674408,0.3333333432674408,0.3333333432674408,16.88690719045676,274.9778710341746,271.33554817275746,10.509210521948699,14.838739807850185,16.131130089332682,41.0,60.0,64.0,-0.04254249642742167,0.26442634653456765,-0.9634670950562366,16.263622959028055,0.25298165166152375,0.9357644119657622,0.24565270041458587,14.965702463478156,-0.9665352657406402,0.23328881789908315,0.10670476804209927,10.117676653259318,72.23894794498185,72.89775369560056,43.648603513463215,23.238030469980274,7.13014745394458,102942.0,229856.0355791607, 0.0, 0.0,0.0,NaN, 41.628420231829686,41.628420231829686,0.0, 110.44350579463726, 26.963721071864256, 14.2029730511086, 26.963721071864256, 220.18819908507774, -13.353593492087162, 14.2029730511086, -13.353593492087162, 260.21335795897426, 2.615896698215343, 2.890627951345206, 5.0, 0.0
24, 0 ,0.3333333432674408,0.3333333432674408,0.3333333432674408,51.032952566127925,9.965872726536233,280.6729655284158,16.61655206263257,6.598404156098914,11.033283691515429,72.0,26.0,44.0,-0.9971534038485802,0.05377010819869321,0.05285702089118657,16.648602790160766,-0.05811254882253469,-0.10140092926793554,-0.9931469091795774,11.053098682384562,0.04804186572708285,0.9933914772172652,-0.10423699981082046,6.483449971101974,72.7565154135217,46.59935494628414,29.0015747788749,19.755786813268386,7.147795202965246,49374.0,98327.13304670229, 0.0, 0.0,0.0,NaN, 55.47265207545054,55.47265207545054,0.0, 276.10980245017873, -12.135344005470042, -7.76847966368399, -12.135344005470042, 43.53893740722342, 8.738464514023633, -7.76847966368399, 8.738464514023633, 121.73334901746031, 3.107494853025591, 3.427049182898411, 5.0, 0.0
25, 0 ,0.3333333432674408,0.3333333432674408,0.3333333432674408,81.23240141455929,280.60402348702206,11.31113631814239,8.933345795558935,11.032409407828585,7.511749526800619,38.0,44.0,29.0,-0.3930636555782359,-0.9160405287788193,-0.07981674196617963,11.514973693113486,0.8160051699324337,-0.3074904603569753,-0.48947439098792084,8.699859299294435,0.42383549321289093,-0.2575254675252084,0.8683571317545037,7.047193371672802,51.00433876309927,41.44361368955088,33.773393268267974,15.342837237182911,4.747889100608906,29974.0,71390.33757303678, 0.0, 0.0,0.0,NaN, 84.27840025342012,84.27840025342012,0.0, 79.8046671030305, 23.33063229430186, -7.792766250489735, 23.33063229430186, 121.71405734194467, 9.980512342698058, -7.792766250489735, 9.980512342698058, 56.42638095338933, 2.829163347754277, 2.5703774620117112, 5.0, 0.0
26, 0 ,0.3333333432674408,0.3333333432674408,0.3333333432674408,45.79599916649302,281.51980380527993,18.332921922836487,12.57736644482813,10.806258840806725,11.532725357614362,63.0,43.0,45.0,0.8548242320036801,0.09166669948198522,0.5107570347879692,13.132258943476325,-0.5110027137014074,0.3199562370312109,0.7978121539401521,10.935612093206078,0.09028709192967094,0.9429873925938282,-0.3203482767863379,10.766860925291764,70.49921461472265,60.00399282629542,51.81618711762246,19.330801031087447,5.855703415696555,62387.0,219194.61556375166, 7.105427357601002E-15, 0.0,0.0,31.25967788345618, 52.677198267197106,52.677198267197106,0.0, 158.19014668748858, 3.8309189900107006, 23.188758832960826, 3.8309189900107006, 116.7752301345135, 3.5816063436987706, 23.188758832960826, 3.5816063436987706, 133.00375417416132, 3.366341222915555, 3.3744917230262157, 5.0, 0.0
27, 0 ,0.3333333432674408,0.3333333432674408,0.3333333432674408,17.52798158387117,246.45235142010216,24.87010952971598,10.283962572489246,14.889787717091378,15.039594257012704,42.0,68.0,63.0,0.11420036219067078,-0.6675937290882152,0.7357152235461827,15.542515116868703,0.05916086929537882,-0.7346758948309269,-0.6758337969490659,14.439251883933888,-0.9916946449486024,-0.12070601657111582,0.044404827933444586,10.178078833561546,77.36232063725835,69.45931385602873,46.23675333228134,22.482745736392353,6.94126818532469,95134.0,248454.75266152166, 0.0, 0.0,0.0,NaN, 61.58817382307119,61.58817382307119,9.5367431640625E-7, 105.75988619235964, -15.078575057080341, 7.398482860301107, -15.078575057080341, 221.7057782600453, -15.684195907896244, 7.398482860301107, -15.684195907896244, 226.18939541556952, 2.236395712315273, 2.723488635726459, 6.0, 0.0
28, 0 ,0.3333333432674408,0.3333333432674408,0.3333333432674408,253.6147304739891,230.55243557914562,31.179151328368004,15.0401402215726,12.132912116220313,10.861719515375395,69.0,62.0,52.0,-0.8968806114318788,0.3517694002396674,-0.26807360536353503,15.549169157377266,0.44190534553943095,0.7374576584646083,-0.5107600880605041,12.739613211335431,0.018023163464154942,-0.5765539792828792,-0.8168602539919677,9.344298736449606,83.09774687867068,63.11709951375792,49.73090280058716,21.03129832192133,7.005341963784482,70086.0,260833.05307919777, 0.0, 0.0,0.0,NaN, 89.14424777037868,89.14424777037868,0.0, 226.20581788456587, -24.296052485402384, 20.213030336567122, -24.296052485402384, 147.20755641992568, -42.80861200713088, 20.213030336567122, -42.80861200713088, 117.9769508306867, 2.7418830618698147, 2.946314230393276, 6.0, 0.0
29, 0 ,0.3333333432674408,0.3333333432674408,0.3333333432674408,7.660292377571663,26.938528188098783,26.478529714874615,4.92843010936481,17.171831820478424,15.79759286536669,19.0,67.0,65.0,-0.01766378332201481,-0.9101913949090983,0.4138110865989259,17.506118995584192,0.06898800267527366,-0.41399878246639976,-0.9076594425241306,15.462455987006456,-0.9974611001165056,-0.0125153006264177,-0.07010507117606435,4.813878302980688,78.90034666591751,65.19695932690415,20.407783416578102,22.42920502019269,8.102834930796663,52398.0,104978.91730895107, 0.0, 0.0,0.0,NaN, 38.541885217414745,38.541885217414745,0.0, 24.289423342893635, -1.6121263836757305, -15.590731918684597, -1.6121263836757305, 294.8718080707954, -25.566675365250305, -15.590731918684597, -25.566675365250305, 249.56394033988454, 3.4490012519294475, 3.3091249367159876, 7.0, 0.0
30, 0 ,0.3333333432674408,0.3333333432674408,0.3333333432674408,113.2084418329647,260.7334401480292,35.99883892629786,21.58448985516459,20.539477040320747,21.647750047811098,115.0,92.0,93.0,-0.7035205831873221,-0.022370385806933825,0.7103227117800888,26.191087087745142,0.14381626684475596,-0.9833061462853914,0.11147153927442877,20.682799447060837,0.6959710269994059,0.18057848298239076,0.694993338861007,15.57671870853683,132.52362867372503,101.52066793308506,82.83882068730753,34.944593467582905,11.630167192081384,326422.0,1114504.1575813994, -1.4210854715202004E-14, 0.0,0.0,45.28985220624976, 125.11566819906167,125.11566819906167,NaN, 465.89020230770313, -19.204941050762567, -218.58012940471025, -19.204941050762567, 421.8701170898631, -27.338497485414837, -218.58012940471025, -27.338497485414837, 468.62508213250544, 3.5077280135465245, 3.640183446043128, 13.0, 0.0
32, 0 ,0.3333333432674408,0.3333333432674408,0.3333333432674408,39.2559458420301,205.79981874107438,61.60500659123366,12.10059611601401,12.450531444154862,12.531174470376042,54.0,62.0,63.0,0.6193579197821508,0.2669838229897068,0.7383193113178932,14.12416879636596,-0.31785273061985325,0.9451579906091944,-0.07513996556489502,12.3865559006571,0.7178895519790144,0.1881382764069858,-0.6702526240977942,10.273829954960577,72.39511062478333,61.13323212975945,54.03411650723659,20.477404654985474,6.256707745113425,72824.0,239141.33458882556, 0.0, 0.0,0.0,NaN, 119.20520236245056,119.20520236245056,NaN, 146.42442636289334, 1.1511614094956535, 44.10093213976204, 1.1511614094956535, 155.01573324188894, 15.117444607368665, 44.10093213976204, 15.117444607368665, 157.03033360700428, 3.738514239419267, 3.6226892569354026, 8.0, 0.0
33, 0 ,0.3333333432674408,0.3333333432674408,0.3333333432674408,198.3740775822191,210.38079608784722,60.2600171817521,13.325688265982874,9.713686748389101,9.438192161042064,62.0,45.0,46.0,-0.9205585083067612,0.3370444501164373,-0.1974159857502389,13.817328827955063,-0.37443849266809903,-0.6175569072432214,0.6916785969831863,10.344868642342297,0.11121082677721766,0.7106507615994619,0.6946996811901042,7.941930880433577,66.68523468243157,50.95112000130675,37.7305284462594,18.033333970250254,5.983979879154663,45397.0,128196.54089420212, 0.0, 0.0,0.0,NaN, 148.29261440765654,148.29261440765654,0.0, 177.57396776215364, -29.505114416455392, 11.852928348117404, -29.505114416455392, 94.35571024583004, -27.276382074167255, 11.852928348117404, -27.276382074167255, 89.07947126875585, 2.2301647402565234, 2.502497945697472, 7.0, 0.0
34, 0 ,0.3333333432674408,0.3333333432674408,0.3333333432674408,255.97047801791288,211.39862495413507,70.23843150936246,19.00474246888983,15.115385419967698,17.436742099885887,85.0,73.0,81.0,-0.6726513182147836,0.5250100272475624,0.5214447961130958,22.09335454655859,0.6786040758360818,0.15672195707170483,0.7175895319960239,16.7696678578162,-0.29501985079409765,-0.8365421086001162,0.4616931753624911,11.151547541911595,101.64985933599526,89.40813304792408,60.88553633425872,28.299636834424394,9.63460652028293,166249.0,553347.4901193373, 0.0, 0.0,0.0,NaN, 121.33523695482903,121.33523695482903,1.3486991523486091E-6, 361.1802363088247, -111.77821550039502, -51.20203897859238, -111.77821550039502, 228.47487639417204, 117.2254383812432, -51.20203897859238, 117.2254383812432, 304.03997505793285, 2.419804770480354, 2.7926552130271443, 13.0, 0.0
35, 0 ,0.3333333432674408,0.3333333432674408,0.3333333432674408,121.20628413300341,212.86885605938593,167.29706145038728,9.687473995621406,13.321447498888475,12.082076494857816,44.0,60.0,56.0,0.2047643216919792,-0.8310055305371427,0.5172053564868664,14.223938633832265,0.013121814267044216,-0.5260234835648038,-0.8503688098282357,11.21921877284088,-0.9787233473011487,-0.18091186515823532,0.09680654157960397,9.438929397828302,66.33921377719292,51.8422126339689,42.12044767201999,19.626517719849396,5.664317302314594,68299.0,144859.44853361938, -1.4210854715202004E-14, 0.0,0.0,78.18429698383896, 199.7319940756429,199.7319940756429,0.0, 93.84715241584097, -19.520597856788253, 11.580955815245868, -19.520597856788253, 177.460963465642, -32.213959510225145, 11.580955815245868, -32.213959510225145, 145.97657242759573, 2.9729905224947437, 2.9789684614186154, 7.0, 0.0
36, 0 ,0.3333333432674408,0.3333333432674408,0.3333333432674408,9.450240742665143,19.954917039038413,194.52719179742977,6.269322262884363,11.447586725363482,19.76476972523777,26.0,48.0,100.0,0.055703756657516576,0.04522567933766495,0.9974225430692284,19.807214707227324,0.09696634455241351,-0.9944964613563191,0.039677655851899085,11.46094769691348,0.9937276384997966,0.09450622348928046,-0.05978255768542672,6.108902454017609,101.24240439947243,50.66709843244906,29.057653457819,22.013981698465745,8.739701112848593,57738.0,149055.84977937455, 0.0, 0.0,0.0,NaN, 107.75907866284585,107.75907866284585,0.0, 39.304401635897506, -8.17366419596885, 20.08604596685067, -8.17366419596885, 131.04724183471822, 12.303513808041622, 20.08604596685067, 12.303513808041622, 390.64612229167545, 2.48690128266799, 3.331093978058976, 7.0, 0.0
37, 0 ,0.3333333432674408,0.3333333432674408,0.3333333432674408,67.05187409770618,102.55894095210937,223.84787103213503,12.417318846684877,15.334146231252404,15.46467881062726,54.0,81.0,79.0,0.3664160637839303,0.6800754647745499,0.6350091577392958,17.907956891931157,-0.26095767665950514,-0.5799702476037146,0.7717095327174329,13.57146951241678,-0.8931071375784453,0.44847728382401414,0.03503950199804498,11.117663150492039,86.28675975408231,65.79265822990537,56.974480554158916,23.90091705204832,7.56493904593168,112214.0,323446.13697844866, 0.0, 0.0,0.0,NaN, 144.26862769005336,144.26862769005336,0.0, 154.18980734023543, 58.282588667346694, 33.65871052383936, 58.282588667346694, 235.13604064143232, 58.00045164590334, 33.65871052383936, 58.00045164590334, 239.15629071586378, 2.6281376523154045, 3.0154655719570003, 8.0, 0.0
38, 0 ,0.3333333432674408,0.3333333432674408,0.3333333432674408,99.32667205729467,290.7436178814832,234.79767817950793,13.171686301344234,5.7717246823575366,11.206189364186395,64.0,24.0,53.0,-0.9747294997295788,0.05193765133069117,0.21726684682937103,13.273018784656706,-0.22138902673740124,-0.09475910742971869,-0.9705707652713376,11.140639813436456,-0.029821153518804034,-0.9941444522469433,0.10386292345891922,5.6655028713595765,66.07622437879235,52.239938679804595,25.35879062648658,17.263995911758037,5.85997022643988,34628.0,87533.92765388166, 0.0, 0.0,0.0,NaN, 119.17554767100664,119.17554767100664,0.0, 173.49332002101934, -5.363457475896302, -10.739902263099028, -5.363457475896302, 33.31280580893521, 10.088534910410027, -10.739902263099028, 10.088534910410027, 125.5786800660043, 3.024640442317024, 3.0054799010996716, 7.0, 0.0
39, 0 ,0.3333333432674408,0.3333333432674408,0.3333333432674408,249.478568289341,287.0805692717355,269.5614255060624,15.498060302655421,8.043330030593461,15.072965509925861,68.0,33.0,61.0,0.7561994390307128,0.02737023504565774,0.6537685206884627,16.70504751024969,-0.6537545761955347,-0.010695129176728886,0.7566310648627179,13.729546559387613,-0.027701308868580944,0.9995681489750655,-0.009805765728842753,8.032450394687375,82.92374456290656,68.06061588268133,34.37816847705682,21.917108666774244,7.191638761645046,77362.0,194024.92109594974, 0.0, 0.0,0.0,NaN, 60.380738399428296,60.380738399428296,NaN, 240.18987314474387, 5.307244950396055, 44.73641249565804, 5.307244950396055, 64.69515798104662, 2.8356251754180364, 44.73641249565804, 2.8356251754180364, 227.19428926341456, 2.639677243853829, 2.9798963664899363, 4.0, 0.0
40, 0 ,0.3333333432674408,0.3333333432674408,0.3333333432674408,224.23528857568164,14.411015432156923,263.569896930527,11.73145700920922,9.442634069831936,13.119920812336852,56.0,39.0,63.0,-0.5312564349547267,-0.3702332101396329,0.7620327882899111,14.664712368275387,-0.7616579937701229,-0.18516793639981688,-0.6209588841908172,10.801312437753905,-0.3710036399353323,0.9102967677846253,0.18361942630233488,8.197597491670255,72.79303004154559,50.16271306960897,42.03797427490279,18.940244543028633,6.3395489199104444,53071.0,153501.48984487436, 0.0, 0.0,0.0,NaN, 85.29432145605314,85.29432145605314,0.0, 137.62708355892417, 36.05772738969769, -36.45993674457786, 36.05772738969769, 89.16333817675084, -36.02591173608192, -36.45993674457786, -36.02591173608192, 172.1323221219897, 3.0605323749288393, 3.055146471828757, 7.0, 0.0
42, 0 ,0.3333333432674408,0.3333333432674408,0.3333333432674408,44.40135565690011,42.3237958393203,117.29298119572687,13.264207986362232,12.822851397843934,8.402492295076888,65.0,62.0,38.0,-0.91580635712834,-0.37914634035403205,0.1324642172039842,13.480121373542904,-0.36617347761958197,0.9237352655722708,0.11238391088633669,12.7220167773936,0.1649718173849734,-0.054417016954913404,0.9847959624888941,8.209946718204545,64.63929254674524,57.85834322374035,37.70452890073416,19.43661450317148,5.760609768116593,64028.0,141012.0112335673, 0.0, 0.0,0.0,NaN, 132.3647517891381,132.3647517891381,0.0, 175.9392135054756, 7.745128608126909, -17.753842549630566, 7.745128608126909, 164.42551797118813, 4.063720776069495, -17.753842549630566, 4.063720776069495, 70.60187676882647, 2.0320405394649708, 2.2367636285064227, 10.0, 0.0
43, 0 ,0.3333333432674408,0.3333333432674408,0.3333333432674408,280.0972665276447,181.93613819534465,100.66312348531815,12.632619120863179,19.0538916858981,18.536477062568256,54.0,86.0,95.0,-0.1139408316562094,0.7453279534927928,0.6568894340935441,20.312118450694754,-0.16128814168423217,-0.6663013007234243,0.728030708147891,17.358695907183474,-0.9803079221517789,0.022996051759324586,-0.19613148490220536,12.34213743922548,90.11425058709813,80.46855343635951,58.92338953123124,28.07982279040868,8.818071681565021,177430.0,427274.909587554, 0.0, 0.0,0.0,NaN, 156.4233316795189,156.4233316795189,0.0, 159.583065852798, -6.089533184778712, -36.97460511249301, -6.089533184778712, 363.0507883779368, 55.14362764026757, -36.97460511249301, 55.14362764026757, 343.6009818911191, 2.3658625953701917, 2.639915198134211, 10.0, 0.0
44, 0 ,0.3333333432674408,0.3333333432674408,0.3333333432674408,271.50094676476954,280.8675611339537,209.46864856091756,8.963147950178083,10.058430757530873,9.986679160225048,43.0,41.0,43.0,-0.5898378396588582,-0.4071074860112078,-0.6973914379602073,10.660278900770512,-0.056330600324321224,-0.8407723415624889,0.5384503070206493,10.258715834936543,0.8055545831125739,-0.3568828442180486,-0.4729867325086013,7.896899031006232,45.62215228186966,44.38017347943513,36.58416595152974,16.131973541576226,4.582929279835617,36968.0,74072.65710024611, 0.0, 0.0,0.0,NaN, 96.82030699008423,96.82030699008423,0.0, 80.33802117678157, 14.344720714139415, 19.79352676099265, 14.344720714139415, 101.17202930404308, -4.853264895199752, 19.79352676099265, -4.853264895199752, 99.73376064927326, 2.117097358126818, 2.287066155395053, 3.0, 0.0
45, 0 ,0.3333333432674408,0.3333333432674408,0.3333333432674408,123.39031759097611,118.78051758916699,232.57636746840825,14.206405691707818,14.709865280740383,12.251382820546523,61.0,66.0,54.0,-0.6638556170160531,0.7401126712018629,-0.10737296532497621,16.1260333362138,-0.5540738336937295,-0.5831702315610722,-0.5940662150273646,13.14146212126581,-0.5022926503266483,-0.33488164319270886,0.7972178989964933,11.642658735235646,76.1560242848086,63.898389519233916,59.403183891472395,22.930078862552048,6.519966535774254,110551.0,289070.5834601178, 0.0, 0.0,0.0,NaN, 184.06501041128777,184.06501041128777,0.0, 201.8219626773883, -49.166315401693055, 21.10121793324545, -49.166315401693055, 216.38013657753135, 2.975531476453767, 21.10121793324545, 2.975531476453767, 150.09638101558247, 1.973731158525373, 2.2799248281354108, 11.0, 0.0
46, 0 ,0.3333333432674408,0.3333333432674408,0.3333333432674408,101.5008436507067,175.53143420620137,34.77778021255615,16.04357201062465,19.44781115072917,14.8221090100727,87.0,89.0,69.0,0.5247470876691112,0.8508845644818838,0.02521808694689838,21.265900821840766,0.11499367895018495,-0.1002081950819408,0.9882989281790816,14.845920078100711,-0.8434553620579386,0.5157070637143677,0.1504303049615242,13.515494670609772,97.0339056264354,72.1139064205354,67.25457827903327,27.92677117691889,8.683543548168144,182540.0,470613.50730508694, 0.0, 0.0,0.0,NaN, 164.32997027043865,164.32997027043865,1.9073486328125E-6, 257.3962028600987, 119.92795638835702, 7.855506857933996, 119.92795638835702, 378.2173585544258, 2.0474586235341525, 7.855506857933996, 2.0474586235341525, 219.6949155064783, 2.811088452061165, 2.8850091549331185, 13.0, 0.0
47, 0 ,0.3333333432674408,0.3333333432674408,0.3333333432674408,84.35981708527747,201.62099796485654,69.18243075548496,18.40474443147277,19.25889781524051,13.886293987066209,103.0,90.0,70.0,0.6147764139811771,0.7869063613192009,-0.05318213353956595,20.473231919293415,-0.7772344853141923,0.6159157665623209,0.12866360533706334,17.112201356965375,0.1340019240564397,-0.03776436170947402,0.9902612470120441,13.801748542790968,103.07270842934895,81.82429344793104,67.04648000390415,28.29023104481349,10.106025468603898,161168.0,565460.0586992902, 0.0, 0.0,0.0,NaN, 146.90546451827345,146.90546451827345,0.0, 338.734617587828, 61.63070030663757, -17.7103292337271, 61.63070030663757, 370.9051450578756, -1.4595179077900944, -17.7103292337271, -1.4595179077900944, 192.82916069523114, 3.0289015067798783, 3.340733824965117, 13.0, 0.0
48, 0 ,0.3333333432674408,0.3333333432674408,0.3333333432674408,161.68248226891245,62.83958678856876,82.44822772467018,20.352700318552007,15.674647783468345,19.53738262104841,96.0,73.0,96.0,0.7342427725817223,-0.19525414707465677,0.6502025599470167,24.357144533755097,0.2889694811066066,-0.7767665934677416,-0.5595804662972956,15.955252784124536,-0.6143160342205664,-0.5987566094187758,0.5139127676725372,13.921053545988217,109.45538301813357,77.52170537546115,69.66407962641941,30.759558181143284,9.771688368697687,239974.0,591111.4159972683, 0.0, -7.105427357601002E-15,0.0,78.74042946442748, 172.85328933516672,172.85328933516672,0.0, 414.232410256787, -70.91180229965923, 180.88454232420605, -70.91180229965923, 245.6945831357891, -24.298826013396933, 180.88454232420605, -24.298826013396933, 381.7093196812443, 2.2456921683070576, 2.601809748283877, 16.0, 0.0
