// Sample: , Map: , Neighbors:(1.0):
//LACUNA_NUMBER, TRIANGLES, SCALE_X, SCALE_Y, SCALE_Z, POS_X, POS_Y, POS_Z , STD_X, STD_Y, STD_Z,PROJ_X, PROJ_Y, PROJ_Z, PCA1_X, PCA1_Y, PCA1_Z, PCA1_S, PCA2_X, PCA2_Y, PCA2_Z, PCA2_S, PCA3_X, PCA3_Y, PCA3_Z, PCA3_S,PROJ_PCA1, PROJ_PCA2, PROJ_PCA3,OBJ_RADIUS, OBJ_RADIUS_STD, VOLUME, VOLUME_BOX, Mask_Grad_X,Mask_Grad_Y,Mask_Grad_Z,Mask_Angle, Mask_Distance_Mean,Mask_Distance_COV, Mask_Distance_STD, SHAPET_XX, SHAPET_XY, SHAPET_XZ, SHAPET_YX, SHAPET_YY, SHAPET_YZ, SHAPET_ZX, SHAPET_ZY, SHAPET_ZZ, Neighbors, Neighbors_STD
91065, 0 ,1.0,1.0,1.0,122.74877027292914,80.96828006858364,169.2342805745285,11.072756633961035,11.31182353883921,35.973924743029066,48.0,52.0,198.0,-0.005121471999893891,-0.04751894888640841,0.9988572070227485,36.01119098296154,0.6702682872489691,-0.7414357023334023,-0.03183586678115906,11.721613867211218,0.7421012017460202,0.6693392628571144,0.03564768667118644,10.51115811899693,199.03767842332502,56.48129780564637,51.93811569694647,26.07171679801754,29.410068613811816,71154.0,583883.4347158476, 0.0, 0.0,0.0,NaN, 116.06095107044449,116.06095107044449,0.0, 122.60593947492812, -13.085392606093794, -6.643027805179374, -13.085392606093794, 127.95735177383683, -55.67309257024625, -6.643027805179374, -55.67309257024625, 1294.123261417119, 14.0, 0.0
91074, 0 ,1.0,1.0,1.0,49.87520498315642,102.12940316532129,120.79320536452043,14.613157436722872,85.72749461890658,14.197839609179294,60.0,199.0,59.0,0.01238467196106487,0.9998416238009897,0.012780736106183355,85.74068573019758,0.9590234216252695,-0.015495350077563775,0.2829027587354612,14.614995584116013,0.2830559956520576,0.008753367407622585,-0.9590634399686235,14.116057100509481,200.09894617869756,66.0955343094413,64.90039875872372,87.54160992912698,10.039565951324981,157330.0,858349.7487241947, 0.0, 1.4210854715202004E-14,0.0,1.019737334966765, 135.42490950085633,135.42490950085633,0.0, 213.54437027044898, 88.3506241768763, 5.021329651859066, 88.3506241768763, 7349.203333634657, 91.33309052299994, 5.021329651859066, 91.33309052299994, 201.57864956798042, 16.0, 0.0
93131, 0 ,1.0,1.0,1.0,115.78254623113139,58.67675581226035,42.55074503713052,14.68017327673888,12.891279703063288,62.75357850054031,59.0,54.0,198.0,-0.0050171859146980885,-0.027186782394606635,0.9996177803083165,62.77661114089357,-0.9465275623487643,0.3225978749688623,0.004023031155779234,14.908073340136173,-0.32258394498115284,-0.9461455965804644,-0.02735157238247863,12.512019716709306,199.16534801164536,63.41776277192148,55.87880297347611,49.67023968229904,43.0415088530008,103015.0,705783.970701811, 0.0, 0.0,0.0,NaN, 111.11303746715791,111.11303746715791,0.0, 215.50748743507836, -19.54516325825913, -19.229721500977906, -19.54516325825913, 166.1850923826115, -102.75977033450236, -19.229721500977906, -102.75977033450236, 3938.0116146234745, 13.0, 0.0
93457, 0 ,1.0,1.0,1.0,50.14101353478124,166.5564054139125,163.4763770853006,14.02321051303905,53.12801793431033,9.745527970481668,57.0,199.0,38.0,-0.0012514336472436158,-0.9999838168116773,0.005549777344846185,53.12884684336573,0.9993477781249734,-0.001450888177579784,-0.036082035421737504,14.027800891054738,0.03608950360570102,0.00550100338547266,0.9993334211819634,9.73439640655565,199.22981619565795,56.98439650676942,39.05910666997798,37.29645100824038,41.51128497571318,63540.0,443437.6803234673, 0.0, 0.0,0.0,NaN, 70.47389791936338,70.47389791936338,0.0, 196.65043309300896, 3.2658263690800724, -3.6976603507128605, 3.2658263690800724, 2822.5862896284, -15.133739935059724, -3.6976603507128605, -15.133739935059724, 94.97531542344053, 10.0, 0.0
93936, 0 ,1.0,1.0,1.0,175.0302554027505,108.86234446627374,40.31237721021611,6.730688117955517,8.062999518518664,3.78851503227695,29.0,35.0,17.0,-0.4490087432918725,0.8845554688831676,-0.1263042790895559,8.627489832973959,-0.8609252976615286,-0.3904466325013242,0.3261273662463543,6.331793705000331,0.23916266492465196,0.25517258794246445,0.9368501321283378,3.18461576738189,37.468462522254725,28.651447660596318,13.314615954772862,10.568455669808435,3.602043126046952,7635.0,14293.582318270597, 2.8421709430404007E-14, 0.0,0.0,63.31989628169598, 102.73581730718244,102.73581730718244,0.0, 45.302162541187585, -15.467478922293296, -4.762954700138801, -15.467478922293296, 65.01196123563221, -10.99655423078761, -4.762954700138801, -10.99655423078761, 14.35284614978842, 8.0, 0.0
94236, 0 ,1.0,1.0,1.0,153.2446192853001,87.61999022205042,68.95944424863279,11.067531885077262,11.82492066299481,14.978721785432196,45.0,50.0,61.0,-0.0853487426023415,-0.2389231354181484,0.9672803768805405,15.201221137388277,0.4769400772203881,-0.8621656047076722,-0.17087607439329866,11.793142628583741,0.8747821185170681,0.44675071955287887,0.18753676893285623,10.794710737801424,66.27453560659069,58.97168803893958,50.60123355841364,21.231941009544776,5.990475607653613,87953.0,197765.87582165067, 0.0, 0.0,0.0,NaN, 120.90795368117449,120.90795368117449,0.0, 122.49026202720184, -6.937683644985535, -11.294889804888205, -6.937683644985535, 139.82874868612163, -23.15096125064469, -11.294889804888205, -23.15096125064469, 224.36210632538106, 14.0, 0.0
95773, 0 ,1.0,1.0,1.0,134.6010860935565,118.55224999206072,117.177090412525,12.926899031238365,16.908318124357855,16.574954996215666,56.0,69.0,68.0,0.33720113928609524,0.8718250953592481,0.3552694678212543,17.594484762286402,0.07456994743580092,0.3514508785269409,-0.9332318055671183,16.434620209726702,-0.9384746744604147,0.3411792535962278,0.053497685108232315,12.168090975851905,82.8177886000311,75.12426271028556,56.2143671453731,25.946743589131614,7.381840597357663,157445.0,349744.72929775313, 0.0, 1.4210854715202004E-14,-1.4210854715202004E-14,69.33428630186147, 133.30561981414453,133.30561981414453,0.0, 167.1047185638314, 50.67708828639445, 10.855178110066769, 50.67708828639445, 285.89122179448833, 9.997485888541286, 10.855178110066769, 9.997485888541286, 274.7291331265747, 24.0, 0.0
96552, 0 ,1.0,1.0,1.0,190.33553719008265,34.0396694214876,75.76198347107437,2.3562422634332014,2.210062612285449,2.964730868678257,10.0,9.0,13.0,0.4897414944226197,-0.30494615547119563,0.8167993088293086,3.3033886336615494,0.42240759808166456,-0.7365565246886757,-0.5282578035594165,2.1714341372341432,-0.7627090465725302,-0.6037320003129514,0.23191072005093769,1.8969398515910914,14.776624603201526,10.01167119667764,8.735401395206111,4.182264399216486,1.3170223889330321,605.0,1292.303986868818, 0.0, 0.0,0.0,NaN, 83.61805472025632,83.61805472025632,9.5367431640625E-7, 5.551877603988816, -1.4397568472098865, 2.676557612184956, -1.4397568472098865, 4.884376750221985, -1.387252236869066, 2.676557612184956, -1.387252236869066, 8.789629123693734, 4.0, 0.0
96871, 0 ,1.0,1.0,1.0,77.95163581029672,173.02221658635557,46.32351001775298,10.247288315263502,10.395784932555406,8.603423853848671,44.0,40.0,38.0,-0.2346778263503389,0.8919493928423685,-0.3864616390117011,10.878858136771592,-0.9599099505754244,-0.14994462343575987,0.23683221210172134,10.26004331229924,-0.1532945028556693,-0.42654764154879393,-0.8913797758999216,7.967441311914162,48.92045021151793,45.74234307342019,36.02907790232996,16.301730507038496,4.620795025202641,39430.0,80623.56527707039, 0.0, 0.0,0.0,NaN, 94.60510506193364,94.60510506193364,0.0, 105.00691781613588, -5.47057146765966, -4.523739954251718, -5.47057146765966, 108.07234436394602, -20.397702124665216, -4.523739954251718, -20.397702124665216, 74.01890200897232, 10.0, 0.0
96872, 0 ,1.0,1.0,1.0,74.58931580721267,65.09285473542299,128.26272328951802,6.2959823513478055,5.117392329457134,4.9932785018909325,25.0,23.0,23.0,-0.7341695920419472,-0.4616462879054123,0.4978731916704438,7.06407536023905,-0.6719886533964582,0.5989063711565662,-0.4355943161870782,5.286645726334626,-0.09708892741902211,-0.6543652370436761,-0.7499199135383706,3.5930689512737315,31.623669922269222,25.07282245640834,15.652054267710838,9.087949487478877,2.8581641542338447,5934.0,12410.430268515449, 0.0, 0.0,0.0,NaN, 122.2574441088609,122.2574441088609,0.0, 39.63939376848304, 6.484881528517987, -9.11910066455081, 6.484881528517987, 26.187704253586716, -12.42530511164886, -9.11910066455081, -12.42530511164886, 24.932830197446158, 7.0, 0.0
97422, 0 ,1.0,1.0,1.0,25.562114764957506,131.77783516150402,85.79280108679788,13.867110521032403,79.22543511121991,10.414545367559567,56.0,199.0,47.0,-0.004425401325217851,0.9995064966638347,0.031099500798232697,79.26384176216699,0.9453569059464574,0.01432046271437099,-0.32572265000608663,14.292733785662142,-0.3260072640332605,0.027958674404106085,-0.9449537429541792,9.507377557031433,200.34073390938542,61.99543673066769,47.28909395768485,73.63064088003146,33.99937942922535,89069.0,587340.538839942, 0.0, 0.0,0.0,NaN, 112.55261083078724,112.55261083078724,NaN, 192.29675420252758, -25.8483184164078, -35.92234303755752, -25.8483184164078, 6276.669568562117, 191.9532154611296, -35.92234303755752, 191.9532154611296, 108.46275521295644, 14.0, 0.0
97526, 0 ,1.0,1.0,1.0,95.03401787113968,101.06086377175106,44.741691487694,8.03820940825648,9.122660670451399,72.20218833047672,35.0,38.0,198.0,-0.018694403076117527,-0.009813920941057042,0.9997770782776478,72.21808076105593,0.012809449631512404,-0.9998721072982854,-0.009575335347846605,9.095700452042701,0.9997431856700822,0.012627588948356291,0.018817723124383304,7.925199832504236,198.6998782398388,38.9296127178047,36.71124417156459,57.619036666225156,45.17785255592817,25516.0,283972.8287100863, 0.0, 0.0,0.0,NaN, 144.29912053614217,144.29912053614217,0.0, 64.61281049098298, 0.6901618688712975, -96.30654445098382, 0.6901618688712975, 83.22293770820076, -50.36560773163481, -96.30654445098382, -50.36560773163481, 5213.155999709627, 9.0, 0.0
98056, 0 ,1.0,1.0,1.0,181.93738259236068,66.01471509079524,152.79073262366938,28.03402684956392,7.4519691074784955,7.195605997753747,199.0,33.0,31.0,0.999767248133852,-0.0010731196192490865,0.02154757464652205,28.040126523936852,0.0012085219217443765,-0.9944082707519633,-0.10559701953585003,7.455046103079371,0.021540404676544972,0.10559848234881411,-0.9941755234826483,7.168601173057956,199.3070285299349,33.769471676402674,32.07139323457302,16.158313020065414,25.142079687278436,15970.0,215856.28942464472, 0.0, 0.0,0.0,NaN, 83.14394555434266,83.14394555434266,0.0, 785.9066614020707, -0.7934430124736848, 15.830227465477066, -0.7934430124736848, 55.53184357881384, 0.42286648925721193, 15.830227465477066, 0.42286648925721193, 51.77674567490969, 9.0, 0.0
98919, 0 ,1.0,1.0,1.0,107.20044082466468,180.83358868908422,163.67577883504018,11.451032885642434,8.141054720937808,57.84132410198111,44.0,38.0,198.0,-0.03235035198332502,-0.01882726201230086,0.9992992489398137,57.88037904125126,-0.976891724428489,-0.21074988390483956,-0.03559557805725894,11.437945978391634,-0.2112723679748222,0.9773586959961104,0.011574363528697122,7.877614729362264,199.30827289166734,46.325285608151134,35.189864281141126,40.49499476050621,43.625418041946126,37203.0,324908.4626146376, -1.4210854715202004E-14, 0.0,0.0,88.14613791122414, 101.48181388266902,101.48181388266902,0.0, 131.12615414806447, 16.160979736728223, -103.90471958640138, 16.160979736728223, 66.27677196930377, -61.346296084516524, -103.90471958640138, -61.346296084516524, 3345.6187738704207, 8.0, 0.0
99270, 0 ,1.0,1.0,1.0,154.8171206225681,162.49760550733313,127.06779407363065,4.904696656953854,5.465360726166498,5.525380058934088,20.0,21.0,23.0,0.3863860369205695,-0.698501818018326,0.6023296777495772,5.744248780888134,0.17899808307436682,-0.5838430452307672,-0.7918882400890712,5.4071011989341455,-0.9048013686597287,-0.4137904164679961,0.1005583139811124,4.714117576734174,26.63099637054092,25.103357617682093,21.364248565186017,8.87265318689605,2.394173632923804,6682.0,14282.586093266613, 0.0, 0.0,0.0,NaN, 93.63241341974219,93.63241341974219,NaN, 24.05604929673432, -3.640665380131537, 1.5131464169375373, -3.640665380131537, 29.870167867123186, -1.2899454197578393, 1.5131464169375373, -1.2899454197578393, 30.529824795666467, 8.0, 0.0
100151, 0 ,1.0,1.0,1.0,45.456063799991156,140.43212406209,26.592139982605364,68.38427396543868,10.894566537546194,26.73132972949574,199.0,47.0,198.0,-0.9995859960184595,0.003738576527817702,0.028528224784062653,68.40838656383049,-0.02835942641857757,0.039318664825061155,-0.9988242015137523,26.68798341266433,0.004855872423534099,0.9992197284090821,0.03919636285532383,10.849363300540299,204.63349609241857,204.1622906774969,46.80168591138204,57.56125339843919,46.86540944159954,67837.0,1955301.5817347092, 0.0, 0.0,0.0,NaN, 79.5092918393667,79.5092918393667,0.0, 4676.408925780174, -17.711264564071698, -113.25086054486533, -17.711264564071698, 118.69158004102124, -22.862464310775994, -113.25086054486533, -22.862464310775994, 714.5639891070228, 12.0, 0.0
100412, 0 ,1.0,1.0,1.0,153.53481529911735,45.150095736234995,128.7615000233503,6.954392710779298,9.000826542741441,87.51535587364197,31.0,36.0,198.0,0.002703091592283461,-0.005570285958693661,0.9999808324213931,87.51701743273352,-0.07218232093859596,-0.9973770479810639,-0.005360662691975156,8.997256931071503,-0.997387791102218,0.07216644701603367,0.003098077681524289,6.938083129608603,198.22343782432338,37.506918868994326,30.85614931019731,83.27912882465174,29.204497467413326,21413.0,229407.76843910138, 0.0, 0.0,0.0,NaN, 96.29365718053003,96.29365718053003,0.0, 48.36357797574023, 2.2477515354521462, 20.585779747471026, 2.2477515354521462, 81.01487845251886, -42.219701166349296, 20.585779747471026, -42.219701166349296, 7658.9375136902, 7.0, 0.0
100449, 0 ,1.0,1.0,1.0,81.20712992088457,64.94042512629873,178.1255361738633,6.66117570086894,6.476354458133467,44.38980122992384,29.0,28.0,198.0,0.004537713505687811,-0.007433622053633928,0.99996207449048,44.39145255271894,-0.7831094456514127,-0.6218829894814525,-0.001069357353347496,6.970749117333806,0.6218673534506194,-0.7830748933893718,-0.008643266485930882,6.129965662242621,198.19561575225595,32.318034080115936,30.047912668857585,24.138176872453542,38.39423523514414,10491.0,192465.67459869495, 0.0, 0.0,0.0,NaN, 106.25605363108872,106.25605363108872,0.0, 44.37126171784681, 5.299061691025908, 8.780403192659625, 5.299061691025908, 41.94316706738523, -14.361504136053169, 8.780403192659625, -14.361504136053169, 1970.4544532321481, 8.0, 0.0
100533, 0 ,1.0,1.0,1.0,102.59847764034254,113.04947668886774,127.53853472882969,2.7085791677058864,3.8651665029229436,2.5539263523090057,11.0,16.0,12.0,0.1415179178306895,0.9338631599890649,0.3284391531899091,4.0106346487500115,-0.8224278881146164,0.2955755341693907,-0.48605295231261747,2.9089728652872715,-0.5509855241149249,-0.20133231736538884,0.8098643406151943,2.061829187720095,17.19548131462585,13.209625334207601,9.607814160266216,5.115947111478922,1.6203512485312832,1051.0,2182.3752640303865, 0.0, 0.0,0.0,NaN, 149.32553033993761,149.32553033993761,0.0, 7.336401107730313, 0.5403227047594512, 2.233360281223734, 0.5403227047594512, 14.939512095317577, 3.0247347232167767, 2.233360281223734, 3.0247347232167767, 6.5225398130183825, 3.0, 0.0
100767, 0 ,1.0,1.0,1.0,52.34884026258206,87.26901531728666,99.00595185995624,74.89053408829139,10.672058781534512,9.220900031890102,199.0,50.0,42.0,-0.9998502390587878,-0.014837517102682357,0.008907723632513034,74.9015053400535,-0.017275686295842727,0.8862056633918165,-0.4629698400925029,11.100995756447205,-0.0010247522106635737,-0.4630543923325831,-0.8863292726884346,8.604784894083762,199.66763907708838,53.688882021820454,38.358891404572375,63.55730351316756,42.04734358076544,45700.0,411204.7196499611, 0.0, 0.0,0.0,NaN, 141.9804937834142,141.9804937834142,0.0, 5608.592096029535, 81.37797281863936, -48.914067495654805, 81.37797281863936, 113.89283863652788, -20.913614270597517, -48.914067495654805, -20.913614270597517, 85.02499739811087, 10.0, 0.0
101975, 0 ,1.0,1.0,1.0,101.34999793482301,37.889256949320554,108.13393911858246,15.938279808962765,55.52926671631273,87.82404421709401,63.0,199.0,198.0,-0.023321094500701328,-0.034602990599193764,0.9991290004763557,87.87900376669663,0.007147994063513636,-0.9993810368242274,-0.034444875046953496,55.480192126360585,0.9997024721046543,0.006338475978054492,0.02355400157336953,15.805693485618049,205.99619742109658,206.09719925487482,67.73728652249085,100.60398431955488,30.486543047682225,121055.0,2875802.7119366974, 0.0, 0.0,0.0,NaN, 140.02425447578494,140.02425447578494,0.0, 254.02876326879016, -14.173193405359283, -174.8207415349634, -14.173193405359283, 3083.499462051397, -161.00164728574973, -174.8207415349634, -161.00164728574973, 7713.062742646085, 14.0, 0.0
103564, 0 ,1.0,1.0,1.0,49.36023126449135,98.56021932312346,34.59653103262979,70.36152557938385,12.928503219929537,43.47019442895551,199.0,51.0,198.0,-0.9983311020293755,0.0078039811363202136,0.05721982697663908,70.43506001482804,0.05735213429091429,0.01793941566955109,0.9981928220828438,43.360673122918016,-0.006763387693270902,-0.9998086193086454,0.018357051589279985,12.895837626623429,210.25494642271883,209.6113753820511,52.35740795200333,68.03486241337207,48.7730025470099,100491.0,2307486.7039937912, 0.0, -1.4210854715202004E-14,0.0,89.55286027878455, 115.53124782065667,115.53124782065667,NaN, 4950.744281858288, -35.592729095113285, -175.78441276713647, -35.592729095113285, 167.1461955077284, 32.83090119967023, -175.78441276713647, 32.83090119967023, 1889.6578036911947, 12.0, 0.0
103592, 0 ,1.0,1.0,1.0,129.41224256541207,38.56125984707644,39.84513053479843,81.16195507299541,16.181557882152163,58.6522056855102,199.0,69.0,198.0,0.9948514319004622,-0.01852462912411855,0.09963667277370558,81.37310055672371,0.09924507487556938,-0.02097891922162952,-0.9948418467581845,58.389495316255555,0.02051934595798028,0.9996082848116589,-0.019032429622896946,16.07085377439727,218.75940001746042,218.02914855009988,71.9996159239622,92.35090575150153,41.958279342915105,138239.0,3434088.333203736, 0.0, 0.0,0.0,NaN, 89.76211165059064,89.76211165059064,NaN, 6587.262951270925, -123.831719530415, 319.64049002872525, -123.831719530415, 261.8428154934408, 54.0199004048497, 319.64049002872525, 54.0199004048497, 3440.0812317753944, 12.0, 0.0
104929, 0 ,1.0,1.0,1.0,167.33587090097666,93.28826725308842,78.81655132268288,13.833466159192108,16.356055252142532,83.64313610811682,58.0,64.0,198.0,0.013417076660130029,-0.016918365222786724,0.9997668483061861,83.66200275034547,-0.09523445291813008,-0.9953331710082075,-0.015565271219332641,16.318299933919608,-0.9953644463367579,0.09500340840693744,0.014965672714048639,13.763790555564132,199.4076120416232,69.11741215524839,61.394072317187636,82.99741160328897,23.80103389653649,154610.0,846166.1413399534, 0.0, 0.0,0.0,NaN, 126.41872843563335,126.41872843563335,2.3360154559928683E-6, 191.36478597751324, 5.738325915622393, 91.46140810015272, 5.738325915622393, 267.5205434111393, -113.99479254835174, 91.46140810015272, -113.99479254835174, 6996.174218000956, 13.0, 0.0
105395, 0 ,1.0,1.0,1.0,117.47468147664162,113.64760971360121,156.05412174670587,8.28593640939131,7.730477443342912,6.969489843936582,34.0,33.0,32.0,0.9310757484238632,-0.20930809977424744,0.298811094281717,8.479013169544066,-0.14139835295774314,-0.9620668625737134,-0.2333106463889059,7.723973698679019,-0.3363100600305926,-0.17497848812487013,0.9253529446734117,6.740725357115381,39.03441279189785,34.21454878726976,31.024769050767276,12.768209662282924,3.7367946675233497,18366.0,41434.969623844925, 0.0, 0.0,0.0,NaN, 127.27294968299293,127.27294968299293,0.0, 68.65674218047654, -3.2211075619718725, 7.829748808244094, -3.2211075619718725, 59.760281502033564, 1.5376933433888675, 7.829748808244094, 1.5376933433888675, 48.57378868473517, 5.0, 0.0
105416, 0 ,1.0,1.0,1.0,32.03033629743477,47.3362425440041,90.9628938412559,49.41310061173347,12.053970336688518,9.502862795026974,199.0,51.0,41.0,-0.9995589250134572,-4.3422720789020475E-5,0.0296977026116401,49.43411751092697,0.0022931648272310427,0.9969004046448889,0.07864047694369568,12.06879743064561,-0.029609066534040766,0.07867389232346458,-0.996460597236869,9.373860930165105,199.83363646761302,51.14501672052797,41.62901189440369,33.470080996844366,39.458976067667834,54654.0,425469.09453629993, 0.0, 0.0,0.0,NaN, 107.42862913342579,107.42862913342579,1.3486991523486091E-6, 2441.6545120652945, 0.2343563117437162, -69.92242979450282, 0.2343563117437162, 145.29820087776673, 4.527242285637699, -69.92242979450282, 4.527242285637699, 90.30440130110789, 9.0, 0.0
105665, 0 ,1.0,1.0,1.0,96.2967032967033,111.67032967032966,29.824175824175825,1.1625521894890711,1.4529616971948274,1.2717851656421382,4.0,5.0,5.0,-0.04957790423734823,-0.9781290283424491,0.2020040477943193,1.4605496268342062,0.2951025610470943,-0.20756868785540938,-0.9326466202616237,1.274146676212847,-0.9541784476055194,-0.01337324701936634,-0.29893920182753,1.1503946407206203,5.595813093569902,5.461006911257716,4.713531395904667,2.1653371824645626,0.6256018546846984,91.0,144.03974056608956, -1.4210854715202004E-14, 0.0,0.0,87.15823035489784, 134.032336359376,134.032336359376,0.0, 1.351527593285833, 0.020891196715372613, -0.09068953024996972, 0.020891196715372613, 2.111097693515273, -0.10192005796401368, -0.09068953024996972, -0.10192005796401368, 1.6174375075474008, 4.0, 0.0
107258, 0 ,1.0,1.0,1.0,95.74114884393063,136.3448338150289,187.91040462427745,4.414408929246192,6.445143019495046,5.049315338282188,18.0,28.0,23.0,0.3294722687291142,-0.8476071635376938,0.4159448526644793,7.113180581035365,0.08694775014241597,-0.4114324068485611,-0.9072835628071151,4.501721140258591,-0.9401532390433286,-0.3350902429411891,0.06185803263887803,3.9572249012023923,31.210073935288193,20.22108163218377,18.42941220699724,8.84869924457289,2.8675742014571255,5536.0,11630.82881793772, 0.0, 0.0,0.0,NaN, 115.60495698861992,115.60495698861992,0.0, 19.487006194608508, -9.921577518616985, 4.424604376190319, -9.921577518616985, 41.539868541745726, -10.598259109058088, 4.424604376190319, -10.598259109058088, 25.495585385411765, 5.0, 0.0
107690, 0 ,1.0,1.0,1.0,168.71850027959667,60.65065750311164,115.36636181611559,30.712826516763236,12.170703191357783,14.14087548174744,199.0,54.0,61.0,-0.9984349470099865,-0.005934285922524476,0.055609718932532734,30.75065986075629,-0.05380877952106961,0.3729101934863069,-0.9263058905353341,14.395017489313059,0.01524046704069448,0.9278484638369539,0.37264588595580467,11.770661741025869,200.94854892782374,66.45849700910487,53.19867351774053,26.841169000845454,23.89392673629042,110874.0,710454.3753927285, 0.0, 0.0,0.0,NaN, 108.71930459931208,108.71930459931208,0.0, 943.277712648795, 3.403914996569278, -41.387191599087956, 3.403914996569278, 148.1260161721265, -23.986261051070827, -41.387191599087956, -23.986261051070827, 199.96435939028586, 10.0, 0.0
107794, 0 ,1.0,1.0,1.0,90.26160128696944,90.07441323268573,111.95606979334241,7.938012446786038,9.338134129551896,7.699819853054882,36.0,39.0,34.0,-0.2886113034706408,0.8908447129682852,0.35085497414947847,9.63755739620706,0.7541414189314379,0.4372872059459456,-0.4899496094171988,8.158962110201584,-0.5898934105082501,0.12318927263541168,-0.798028926384566,7.074520557284405,42.879092715721455,38.906554618411704,32.640026723856494,13.910719922197925,3.998985826743236,24243.0,54452.6307583931, 0.0, 0.0,0.0,NaN, 154.95899532565144,154.95899532565144,0.0, 63.01204160533006, -5.565026140398997, -10.441298297627274, -5.565026140398997, 87.20074902150195, 9.848626411451287, -10.441298297627274, 9.848626411451287, 59.2872257694981, 9.0, 0.0
108518, 0 ,1.0,1.0,1.0,156.55337009299646,140.24561764463832,128.26055468685706,5.88989124017347,80.50626343533827,9.583139546287121,26.0,199.0,38.0,-0.004874561442492511,0.9998909672478669,0.013938876097750496,80.5149236627389,-0.08606082077995587,-0.014306798012041428,0.9961871564406578,9.540269469704265,-0.9962779600981968,-0.0036563843845694123,-0.08612117669777043,5.840904102407724,199.5580950049244,39.231865044516596,27.061453338571283,71.43459173828086,38.792846478310246,24302.0,211865.09921336555, 0.0, 0.0,0.0,NaN, 102.97933712538803,102.97933712538803,0.0, 34.69081882107218, -31.360302283148542, -5.3163912200170715, -31.360302283148542, 6481.258452320083, 89.06459341100124, -5.3163912200170715, 89.06459341100124, 91.83656356361215, 9.0, 0.0
109055, 0 ,1.0,1.0,1.0,33.30312671671855,120.2619025819447,94.57482603918696,11.080058060148067,9.3920286482765,9.975759616800854,50.0,40.0,44.0,-0.8520302056038074,0.5178836921320511,0.07642650170201817,11.869636049126978,-0.2710327558361778,-0.3115001338663694,-0.9107737984072009,10.31695677460026,-0.44786803190513685,-0.796720872090664,0.40577096738494084,7.947692221694827,53.74211883251091,47.84405852417936,38.185816641853606,16.933187186540383,4.874509245459746,43688.0,98184.94037079824, 0.0, 1.4210854715202004E-14,0.0,58.80959948514192, 128.10800189411887,128.10800189411887,0.0, 122.76768661625215, -30.641763777071326, 5.621007571027464, -30.641763777071326, 88.21020213004651, 15.353297025719444, 5.621007571027464, 15.353297025719444, 99.51577993219472, 11.0, 0.0
109399, 0 ,1.0,1.0,1.0,38.73208186500407,45.32625372729737,52.94692328544321,47.687750538256076,16.697411000169577,12.948947941820936,199.0,71.0,55.0,0.9997098250717725,0.005375780046007648,0.023481197666715192,47.700542992078844,-0.005530938422729808,0.9999632666418177,0.006547830723906911,16.69583291937612,-0.023445135425720465,-0.0066758037659831035,0.9997028354810981,12.903786254298822,199.88348117343406,71.19447193018497,55.716652019955035,37.62897966138251,36.120080674757006,147560.0,792881.3263735143, 0.0, 0.0,0.0,NaN, 79.7371941313671,79.7371941313671,0.0, 2274.1215513989428, 10.712551605143336, 49.49951657066157, 10.712551605143336, 278.803534108584, 1.0011196746556246, 49.49951657066157, 1.0011196746556246, 167.67525279998864, 11.0, 0.0
109459, 0 ,1.0,1.0,1.0,56.27541323504003,75.87214191096008,92.84138685710995,13.950337467734096,14.03579021500951,14.201685709038287,58.0,59.0,59.0,-0.33477495160845205,0.7193229603607608,0.6086872846325846,15.703800982251176,0.8082822127899697,-0.11282575969875398,0.577884255223958,14.30117750727672,-0.4843610185212143,-0.6854522788978308,0.5436447158676903,11.923512738154571,73.56360103205387,67.89038343882889,57.453898146073904,23.48077316884332,6.477383020569375,121541.0,286939.7674745775, 0.0, 0.0,0.0,NaN, 132.45009311617312,132.45009311617312,0.0, 194.61191546366575, -30.836475578837494, 7.843011134885355, -30.836475578837494, 197.0034069597567, 41.66248551319754, 7.843011134885355, 41.66248551319754, 201.6878769783023, 10.0, 0.0
109981, 0 ,1.0,1.0,1.0,118.7469998032658,115.67241786346645,51.6534723588432,11.630587134857269,9.216761913709302,10.642631081796834,50.0,37.0,42.0,0.9015620286749411,0.08737585903391709,0.42373502063153834,11.913962624228992,-0.425549488968062,0.002379028263826223,0.9049320265431771,10.345638961514267,-0.07806113559605833,0.996172575150814,-0.03932759370783903,9.192937652633702,56.57785089279092,47.32729596482288,38.46249989712686,17.593039989719934,4.895895989388294,50830.0,102990.13957738863, 0.0, 0.0,0.0,NaN, 127.98934469982288,127.98934469982288,0.0, 135.27055710150742, 4.501422264886555, 13.267394344575115, 4.501422264886555, 84.94870017400237, 2.1748764164292638, 13.267394344575115, 2.1748764164292638, 113.26559634322805, 13.0, 0.0
110382, 0 ,1.0,1.0,1.0,115.67711373405983,155.3387581408054,61.68211682504996,9.784370494165438,12.30854492102686,13.539402294115881,40.0,50.0,57.0,0.08923754938956571,-0.43568376597790637,0.8956652923063694,13.993232926125131,-0.30488039980871384,-0.8680364954339818,-0.39186807015521175,12.040895555760011,-0.9482007179871907,0.23810144614848464,0.21029289039474566,9.473957199208147,61.944276501457246,57.225547425614366,44.484074632815314,19.92600630576435,5.7882528646142095,69557.0,157686.93124015583, 0.0, 0.0,0.0,NaN, 113.6206812540889,113.6206812540889,0.0, 95.73390596709524, 10.492418722549068, 15.0747970984056, 10.492418722549068, 151.5002780729361, -22.599504273453984, 15.0747970984056, -22.599504273453984, 183.31541448191038, 11.0, 0.0
110592, 0 ,1.0,1.0,1.0,44.64283956968084,149.69296146362194,121.77137617141196,11.279285581137975,8.378219384983067,10.813421497420496,45.0,35.0,47.0,0.7787744469694348,0.08563972486926011,0.6214307670784959,11.9837048219169,-0.6257284825031948,0.17621883064949917,0.7598755094808436,10.106163652274702,0.04443227353736519,0.9806185605263853,-0.19082193746909765,8.282705037562065,56.40853564656835,47.84455447051616,37.1888092374968,17.047569515297912,4.871067787018521,44711.0,100366.69264447407, 0.0, 0.0,0.0,NaN, 103.16733415795728,103.16733415795728,0.0, 127.22228322086701, 1.305112871834142, 20.356133973323985, 1.305112871834142, 70.19456006290605, 8.481748385881229, 20.356133973323985, 8.481748385881229, 116.93008448087572, 9.0, 0.0
110697, 0 ,1.0,1.0,1.0,79.45314574884254,180.51860890787066,180.51835767864193,88.73803919543438,34.34742203945754,7.769741901093437,199.0,199.0,33.0,-0.9996893039614161,-0.02491975689795923,-5.488727415286178E-4,88.7615048606702,-0.0249143933683923,0.999655628787185,-0.008239953712436134,34.28787455004568,7.540213689212812E-4,-0.00822371876006793,-0.999965900369373,7.764715315207412,203.90927831132933,204.1036732054832,33.08412798526567,90.83392545344168,29.38965595128947,27863.0,1376916.1709516102, 0.0, 0.0,0.0,NaN, 84.09435983351466,84.09435983351466,0.0, 7874.439600250448, 166.9908137648227, 4.518903777391836, 166.9908137648227, 1179.7454007566134, -9.080474767841668, 4.518903777391836, -9.080474767841668, 60.36888920960706, 7.0, 0.0
110864, 0 ,1.0,1.0,1.0,128.54259982193,98.17824121635505,24.2910759537018,8.78860763703475,9.123706082860332,8.641752134446143,38.0,40.0,37.0,-0.7124583259887597,0.21328170622782958,-0.6685163031054967,9.920634560501663,0.14392849671243815,0.9768507742331927,0.15826292273969098,9.08442819306273,-0.6867952544706412,-0.016537190467477557,0.7266627827046395,7.363130527122253,45.69943091307226,38.46964813042344,37.53976961526246,14.750101744374437,4.194760466098181,29202.0,65996.45512725206, 0.0, 0.0,0.0,NaN, 123.83530780651432,123.83530780651432,0.0, 77.23962419774551, -2.736430110031696, 21.698476183603592, -2.736430110031696, 83.24201268642263, -1.9257259892821152, 21.698476183603592, -1.9257259892821152, 74.67987995320448, 5.0, 0.0
110985, 0 ,1.0,1.0,1.0,148.53982869379016,116.72740899357602,75.45182012847965,6.183699160095077,3.3427985700998746,5.05343310974104,26.0,14.0,21.0,-0.9927497804143441,-0.06947406014820956,0.09808786088907306,6.205079450957506,-0.09579640212485174,-0.03558838955217612,-0.9947645529817679,5.042140661867123,0.07260112139082164,-0.9969487557019192,0.028675000910018966,3.320155166660193,26.18747839225486,21.858988400397322,14.115908703947738,8.288326525269438,2.5006533522189156,4670.0,8080.394836228861, 0.0, 0.0,0.0,NaN, 123.59389468937401,123.59389468937401,0.0, 38.23813530256055, 1.9443687210267357, -1.3036485104704931, 1.9443687210267357, 11.174302280261767, 0.3225197052579438, -1.3036485104704931, 0.3225197052579438, 25.537186194627, 3.0, 0.0
112181, 0 ,1.0,1.0,1.0,166.16359074307988,111.58704511291087,80.14830733706368,21.252306962810362,86.03718983654765,15.081233375408589,199.0,199.0,61.0,-0.00510578884086266,0.9998165307192121,0.018461739379360468,86.05244688198793,0.9977013877023162,0.006340765851071478,-0.06746655219658787,21.272585991475395,-0.06757123572338719,0.018074833028849636,-0.9975507147577982,14.965148084570489,200.70387675797937,202.14669558645153,64.07409360081246,88.26557028871531,17.049671197510772,174961.0,2599590.128415501, 0.0, 0.0,0.0,NaN, 124.03831808060227,124.03831808060227,0.0, 451.6605512415178, -35.21232963472824, -16.062098711149506, -35.21232963472824, 7402.398034970138, 132.4529029521424, -16.062098711149506, 132.4529029521424, 227.44360012353795, 13.0, 0.0
112201, 0 ,1.0,1.0,1.0,121.2312343893782,120.60273432364927,79.12186144340738,6.66721255420476,6.631083743139078,3.870692149411976,28.0,27.0,16.0,0.7323401723866055,-0.6802035067993342,-0.03163955193496177,6.922962874200021,-0.6791391483969597,-0.7329916717845,0.038642285248372724,6.3692182983283985,0.049476146004003435,0.0068116394834343615,0.9987520776169323,3.861462919370758,30.688080315162644,28.61259563817282,16.18474946537036,9.743619534612803,2.9098334886561514,7607.0,14211.272283763521, 0.0, 0.0,0.0,NaN, 136.99895324772322,136.99895324772322,0.0, 44.45172324294556, -3.6751951722491327, -1.4383271038456134, -3.6751951722491327, 43.97127160852336, -0.016134444330493766, -1.4383271038456134, -0.016134444330493766, 14.982257715519504, 3.0, 0.0
112469, 0 ,1.0,1.0,1.0,125.1811890765682,139.8466403750279,184.8729816206563,90.24359960810726,6.902534530599701,11.818316633647756,199.0,32.0,198.0,0.999726250906146,-0.01925211688439922,0.01329583561165695,90.26806613991295,0.014505759888088542,0.0641346555284736,-0.9978358226132765,11.774893205919595,-0.018357728051474696,-0.9977555321599142,-0.0643963653095005,6.652291828922165,199.73997062584004,200.83455288441723,38.13062597344614,87.25846104567549,26.780325561276307,13439.0,1529598.152493403, 1.4210854715202004E-14, 0.0,0.0,1.3406761488706673, 97.1859445970273,97.1859445970273,0.0, 8143.907270228377, -155.88998953145222, 106.35458663246474, -155.88998953145222, 47.64498294612124, -8.115319955340992, 106.35458663246474, -8.115319955340992, 139.67260805315522, 7.0, 0.0
113568, 0 ,1.0,1.0,1.0,169.49759309718436,103.80334922797456,125.50006811989101,9.886780439016565,12.232437415057104,17.48917402246589,45.0,51.0,69.0,-0.16945047191345672,0.021388950675101524,0.9853065768365317,17.674767169026527,0.22678160691731236,0.9737818197098793,0.017862540875199482,12.364854437921023,-0.9590915703582783,0.22647622478206098,-0.16985840949495834,9.37897333402927,71.85406632532381,53.19315616054989,39.8392018285557,22.431341231513223,7.077223403716636,88080.0,152271.1889745558, 0.0, 0.0,-1.4210854715202004E-14,9.83404824106039, 125.43696543188868,125.43696543188868,NaN, 97.7484274493206, 13.524225817851097, -37.2083558760057, 13.524225817851097, 149.63252511328892, 5.859147137881853, -37.2083558760057, 5.859147137881853, 305.8712079880957, 8.0, 0.0
114913, 0 ,1.0,1.0,1.0,109.80965696917065,25.562857142857144,170.47102909248807,87.32449126280702,13.765305471993576,13.421201771665466,199.0,199.0,198.0,-0.9995808895846949,-0.01677478766605957,0.023593466803943013,87.36022723396273,0.02227256941797123,-0.9662564812419727,0.2566171177248373,13.720697483481946,0.0184926425529669,0.2570350539452548,0.9662251307095923,13.232997553021658,200.8070863083065,199.2622950812534,221.41286846707902,88.38242988327326,13.554525221056526,115150.0,8859455.29783068, 0.0, 0.0,0.0,NaN, 98.28386319320929,98.28386319320929,0.0, 7625.5667743080585, 124.74918543514512, -175.78046881763746, 124.74918543514512, 189.4836347372963, -6.210662688418794, -175.78046881763746, -6.210662688418794, 180.12865699575622, 11.0, 0.0
114919, 0 ,1.0,1.0,1.0,182.9807868252516,59.84172003659652,177.03293687099725,2.8542830729134887,2.9387802933155562,2.9865226810265018,12.0,12.0,13.0,0.14278830019950914,-0.6661031337409372,0.7320642844358951,3.374388374230639,0.9393005735968039,0.32433405171419283,0.1119010962384694,2.8823596657817245,-0.31197104635983564,0.6716502349580173,0.6719821635385799,2.4511599405011997,15.52262990014465,12.58031232701964,11.32562506703465,4.886180440016536,1.3520058818606226,1093.0,2211.662765875438, 0.0, 0.0,0.0,NaN, 66.3187082413215,66.3187082413215,0.0, 8.146931860320468, 0.18909068688794609, 0.8039265089578632, 0.18909068688794609, 8.636429612379867, -2.5391600378019024, 0.8039265089578632, -2.5391600378019024, 8.919317724285724, 2.0, 0.0
115439, 0 ,1.0,1.0,1.0,127.78386672984149,116.9053777567195,67.97205590971744,81.80314000692803,10.475650256778126,13.310043856297924,199.0,45.0,56.0,-0.99998248696856,0.0053331612962964625,0.0025657643617934918,81.8045491078715,-0.0013538458122660862,0.2158996622403236,-0.9764146163111395,13.43826894649463,0.005761324299948129,0.9764009899806031,0.21588866090466394,10.2994613321036,199.2791169963637,58.47019646195925,46.24974973098301,77.82858675652965,30.353934081656003,92864.0,538896.9557645341, 0.0, 0.0,0.0,NaN, 129.38348632974973,129.38348632974973,0.0, 6691.753714993069, -35.14485875091487, -16.799091852989473, -35.14485875091487, 109.73924830233561, -15.616768012591539, -16.799091852989473, -15.616768012591539, 177.15726745657412, 7.0, 0.0
115512, 0 ,1.0,1.0,1.0,125.3279036226351,71.73598031729873,161.7166369729363,6.4398572557457,88.43336874998683,5.871243458127141,30.0,199.0,26.0,-0.017826738541994194,-0.9997569766259529,0.012969004614437077,88.45473252162176,-0.7864613785067185,0.02203046711992436,0.6172464326634786,6.954234213646179,-0.6173821405825306,8.038695241402408E-4,-0.7866629813862611,4.878820628003666,199.6356066291019,35.60406469429576,23.199174928775562,84.26510561752879,28.209855457918888,11787.0,164896.00157254338, 0.0, 0.0,0.0,NaN, 110.39741271486523,110.39741271486523,1.9073486328125E-6, 41.471761474380536, 138.59705065526788, -13.72510408928473, 138.59705065526788, 7820.460708471146, -100.80536402309492, -13.72510408928473, -100.80536402309492, 34.47149974460075, 6.0, 0.0
115823, 0 ,1.0,1.0,1.0,168.21784609787156,120.58813898490085,169.80980534837184,6.319802197670569,6.735585970553148,5.893460939306923,25.0,26.0,25.0,0.2636755761003287,0.8940828795661399,0.3620649044506792,6.855126320430881,-0.8622899544170322,0.38670961855386626,-0.326973554633086,6.43065103499446,0.4323554383601903,0.22598998956733213,-0.8729245669218646,5.62981975063066,31.934957854119318,30.003441567971407,27.517216504997023,10.559614213874104,2.9215488497848003,10994.0,26365.85879671881, 0.0, 0.0,0.0,NaN, 90.70720384645973,90.70720384645973,0.0, 39.93989981768175, 0.38579289895965396, 4.183601618214411, 0.38579289895965396, 45.36811836671239, 3.7309258338573317, 4.183601618214411, 3.7309258338573317, 34.73288184313644, 5.0, 0.0
115968, 0 ,1.0,1.0,1.0,56.24928909952607,94.93641997812614,163.635435654393,8.526866380941627,8.86390213622832,68.4371204746404,36.0,35.0,198.0,-0.025066749623775048,-0.022798954662161277,0.9994257679936075,68.47585317052261,0.3323879028512189,-0.9430507241955725,-0.013176252592272838,8.779025174969236,0.942809599071556,0.3318667492541541,0.03121731311328595,8.300718027122304,199.10347582958323,37.81609241004042,38.31091834913205,51.03286931016669,47.22882509856697,13715.0,288454.98909005837, 0.0, 0.0,0.0,NaN, 116.18643596612729,116.18643596612729,1.9073486328125E-6, 72.70745027843256, 0.07957565401288011, -115.77867695970559, 0.07957565401288011, 78.56876108063298, -105.17009844034641, -115.77867695970559, -105.17009844034641, 4683.6394588604435, 7.0, 0.0
117226, 0 ,1.0,1.0,1.0,142.16658923475146,29.2442202606137,32.875821331386476,10.127225006671482,8.18153829761616,12.722120423516897,44.0,39.0,53.0,-0.35641035145254235,0.21487821541662333,0.9092848915036709,13.297545813611213,0.9040536643062428,-0.16642287084443044,0.3936882016448462,9.688770922403215,-0.2359208202595323,-0.9623568883731562,0.13494660413957998,7.788041902152468,58.00385897403617,45.54481329287462,37.12127212877242,17.42799482411988,5.255054684018529,45201.0,98066.045976996, 0.0, 0.0,0.0,NaN, 72.66875152090134,72.66875152090134,0.0, 102.56068633575221, -13.894869108259167, -25.82553338699016, -13.894869108259167, 66.93756891535996, 20.521709880817188, -25.82553338699016, 20.521709880817188, 161.85234807046575, 6.0, 0.0
