// Sample: .//bubblelabels.tif, Map: .//bubblelabels.tif, Thickness:(8.191250068658265):/gpfs/home/mader/Foam/NewValid/InSilicoTest/LatticeDataPhi_16.0/out_Step_05000.vtk/distmap.tif, Neighbors:(1.0):
//LACUNA_NUMBER, TRIANGLES, SCALE_X, SCALE_Y, SCALE_Z, POS_X, POS_Y, POS_Z , STD_X, STD_Y, STD_Z,PROJ_X, PROJ_Y, PROJ_Z, PCA1_X, PCA1_Y, PCA1_Z, PCA1_S, PCA2_X, PCA2_Y, PCA2_Z, PCA2_S, PCA3_X, PCA3_Y, PCA3_Z, PCA3_S,PROJ_PCA1, PROJ_PCA2, PROJ_PCA3,OBJ_RADIUS, OBJ_RADIUS_STD, VOLUME, VOLUME_BOX, Mask_Grad_X,Mask_Grad_Y,Mask_Grad_Z,Mask_Angle, Mask_Distance_Mean,Mask_Distance_COV, Mask_Distance_STD, SHAPET_XX, SHAPET_XY, SHAPET_XZ, SHAPET_YX, SHAPET_YY, SHAPET_YZ, SHAPET_ZX, SHAPET_ZY, SHAPET_ZZ, Thickness, Thickness_STD, Neighbors, Neighbors_STD
1, 0 ,1.0,1.0,1.0,128.89266913750865,15.041371945473962,183.03302971292166,22.441874742860044,9.442691854095123,9.683465815834813,90.0,39.0,41.0,-0.9923051679551012,-0.03932937181745105,0.11740380812410968,22.588245916641423,0.05397487635122191,0.7159682221271659,0.6960432584451444,10.043897008151692,0.11143233988599714,-0.6970241785020866,0.7083361689275947,8.686941978108795,90.95287135168138,55.86681061934695,46.50865956905808,24.339887512272963,9.702657240264402,79595.0,236321.97942559904, 0.0, 0.0,0.0,NaN, 74.63493453546072,74.63493453546072,0.0, 503.6377419742195, 17.949713430871153, -49.69551890398323, 17.949713430871153, 89.16442945139441, 10.65888853766373, -49.69551890398323, 10.65888853766373, 93.76951020644138, 11.712560419287392, 6.446557584545277, 10.0, 0.0
2, 0 ,1.0,1.0,1.0,180.52155910167528,165.352034024308,91.91506889576598,11.73076230030254,16.293747579455978,15.458474196153176,56.0,72.0,80.0,0.21135645026518451,0.9258263054807984,0.313327469289042,16.61497041300712,0.03878663301910218,0.3123722866269011,-0.9491676098806379,15.330723108535427,-0.976639159582669,0.21276561429717913,0.030112212512565694,11.444348209779198,78.32339087024371,83.97918045834788,62.46784364795971,24.15822420394339,7.6447120360658625,115682.0,410884.37649559905, 0.0, 0.0,0.0,NaN, 100.141255715093,100.141255715093,0.0, 137.61078414619934, 29.650723769846643, 5.777124515257065, 29.650723769846643, 265.48621018302754, 11.234468061486618, 5.777124515257065, 11.234468061486618, 238.9644244731336, 7.805030196490363, 5.531105713735938, 20.0, 0.0
3, 0 ,1.0,1.0,1.0,170.73142385017903,62.85527402919306,168.20364224731478,15.648783387854083,15.362295946238818,15.358449141100754,61.0,83.0,71.0,-0.676020113598871,-0.6204967183492607,0.39746777042619164,17.419676060042836,-0.3000036268956261,-0.2609098017792938,-0.9175641117572984,14.940195355619782,-0.6730487574160134,0.7395335677663916,0.009770992143714869,13.788109623101702,96.57979287867468,73.43791475635041,71.5249857011861,25.573771476920683,7.921409642581803,145240.0,507299.44370650325, 0.0, 7.105427357601002E-15,0.0,51.6475834416918, 76.27872173456741,76.27872173456741,0.0, 244.8844215199779, 50.13032586980601, -21.34136135511389, 50.13032586980601, 236.00013673982562, -20.027481685221726, -21.34136135511389, -20.027481685221726, 235.8819600197785, 7.931306653049975, 5.474659441801823, 18.0, 0.0
4, 0 ,1.0,1.0,1.0,15.52303487766788,42.986391016583624,15.759425894251505,10.19553791870729,13.392924173012945,10.269901000987137,45.0,67.0,41.0,-0.26633197940959025,-0.9401312981205886,0.21265093237008406,13.7265811927585,0.5945503872501189,-0.3338823439683127,-0.731459101663899,10.555622138514561,-0.7586679865161724,0.06837925621357478,-0.6478789729225475,9.43133542789457,71.15348751134853,61.57489189836383,46.829773120972035,18.760477405606945,6.0691651353118985,53788.0,205173.8005508517, -1.7763568394002505E-15, 0.0,0.0,74.55388573962276, 48.344119900566184,48.344119900566184,0.0, 103.94899345179819, 20.445003746755006, -15.405925646667878, 20.445003746755006, 179.3704179040745, -14.397897305076317, -15.405925646667878, -14.397897305076317, 105.4708665700766, 9.236909926778177, 5.871013985681738, 6.0, 0.0
5, 0 ,1.0,1.0,1.0,29.506637723534016,108.5229551529113,173.30941094818294,16.30316355044876,14.392269514925536,13.966011164117397,74.0,70.0,63.0,-0.9827120265168273,0.16209893899274858,-0.08944834775788511,16.359610443656923,-0.18460770634215182,-0.8212980332243419,0.539805090176923,14.628993547732614,0.014038080291846305,0.5469858084075407,0.8370241679321259,13.650484434311354,76.61694312430865,77.44532512811332,70.51832697203977,24.776541849770304,7.355474515330185,135438.0,418429.2423386258, 3.552713678800501E-15, 0.0,0.0,10.669334700060233, 99.7550948455122,99.7550948455122,0.0, 265.79314175268104, -8.75546107209549, 4.38898122799765, -8.75546107209549, 207.1374217902549, -13.446831455262986, 4.38898122799765, -13.446831455262986, 195.04946783625178, 7.576924055291259, 5.175551055865768, 18.0, 0.0
6, 0 ,1.0,1.0,1.0,38.0074932966157,13.113182114645989,24.76446119284006,15.70940226750737,8.222298412599528,14.350346620610479,91.0,33.0,62.0,-0.9738997759425723,-0.2024925380750602,-0.10254754235440122,15.985666183055587,0.09622253784773008,0.040863453696318365,-0.9945206892579714,14.334090732488557,0.2055734652846754,-0.9784308612139793,-0.020312562490273738,7.701706205547425,93.6819879693831,68.70564894478183,38.63970326009708,21.472272152400393,7.698408116820907,68995.0,248703.74593606222, 0.0, 0.0,0.0,NaN, 47.22079658408824,47.22079658408824,0.0, 246.78531960236572, 39.27173686276845, 5.611359860327581, 39.27173686276845, 67.6061911858367, -1.8648261099338574, 5.611359860327581, -1.8648261099338574, 205.93244813166658, 7.602782830670481, 5.204669636247554, 10.0, 0.0
7, 0 ,1.0,1.0,1.0,161.57483408503816,176.07836834367447,138.5284028141171,15.481937247591036,14.115943253428403,15.029809359241073,74.0,59.0,80.0,-0.8051924697837993,0.40096989916975595,-0.4369075721056583,16.73738499137816,-0.1659261459354826,0.5549963633516626,0.8151365227748211,14.988155896921802,0.5693273229860502,0.7288361795535574,-0.3803475025227754,12.651503100716749,89.84588673439089,82.97273189512995,73.63125771519333,24.55488111699753,7.86785978380338,120393.0,548903.2569747132, 0.0, 0.0,0.0,NaN, 76.3380317880721,76.3380317880721,0.0, 239.69038093834672, -44.716092792707464, 33.5081554147361, -44.716092792707464, 199.25985393401083, 8.181443434824645, 33.5081554147361, 8.181443434824645, 225.89516937513056, 7.585464270467468, 5.037996308291459, 19.0, 0.0
8, 0 ,1.0,1.0,1.0,90.08546651778727,124.41006188235049,79.43308253415009,14.099185920561853,12.82655516393035,12.51809657392921,71.0,63.0,65.0,-0.8389064214838565,-0.5034667008666768,-0.2067783767988665,14.65305215254373,0.4773667661933472,-0.49811216261605085,-0.7238820649719585,12.964270672305286,0.2614516906184693,-0.7059784377531548,0.6582077627165748,11.714352367082652,72.21719028535834,70.37777568595966,58.212031586931566,21.90579615401809,6.33611850336874,95827.0,295861.7900836967, 0.0, 1.4210854715202004E-14,0.0,59.770378651651676, 141.91139708717745,141.91139708717745,0.0, 198.7870436225696, 25.392359076080066, 2.7821496451449925, 25.392359076080066, 164.5205173733483, 19.18912229142695, 2.7821496451449925, 19.18912229142695, 156.70274183421822, 7.290922501217013, 4.945619897980065, 23.0, 0.0
9, 0 ,1.0,1.0,1.0,171.2484217207494,38.67661426515092,16.25032585657777,15.816840709161498,14.017270334922577,11.186098722236066,72.0,69.0,52.0,0.8560005619494189,0.3864715343437579,0.3433697585464701,16.876919599776038,-0.41583918562012784,0.9093427418368015,0.013173821446997287,13.534679503445231,0.30714949071269626,0.15406339932219526,-0.9391079061237968,10.186616604477441,88.76547362468844,75.50964882717707,56.06579511519536,22.60288089719663,7.8035182726760475,88229.0,375789.38712903135, 0.0, 0.0,0.0,NaN, 50.85869478278134,50.85869478278134,0.0, 250.17245001898843, 29.867265508352318, 52.78388463969411, 29.867265508352318, 196.4838676423005, 24.97898987112961, 52.78388463969411, 24.97898987112961, 125.12880462361133, 7.53098007878328, 5.0212653591138015, 12.0, 0.0
10, 0 ,1.0,1.0,1.0,76.33973557339866,54.33555269989392,43.14822896273362,12.718489424147208,14.470011824237039,16.506768604568993,64.0,67.0,80.0,-0.21177105916757455,0.5565491146481043,0.8033717081671816,18.333170144945136,0.6782654284479145,-0.5081314655331846,0.5308092146030108,12.59675202467967,-0.7036398418732487,-0.6573092854353346,0.26988048504676926,12.199644915148548,88.93607907576575,65.6439963965873,63.57373633462085,24.18543382826564,7.660249064430201,115949.0,371151.0795972784, 0.0, 7.105427357601002E-15,0.0,56.182519631319806, 103.15947449090586,103.15947449090586,1.9073486328125E-6, 161.75997323214438, -25.46596427700295, -28.315906435588463, -25.46596427700295, 209.38124219355973, 81.07717924041341, -28.315906435588463, 81.07717924041341, 272.47340976478455, 7.551128940488604, 4.78946022341753, 19.0, 0.0
11, 0 ,1.0,1.0,1.0,60.2814923887345,74.08266622423162,139.00103695715293,12.199933008820851,14.983654520304164,12.143615482706897,63.0,65.0,61.0,-0.010886448693855933,0.9583969100007818,0.285231218725774,15.234493379086238,0.8238045322139445,-0.15308327911743091,0.5458127905778859,12.524180909637684,0.5667694221979523,0.24091673365627603,-0.7878651848544845,11.483499868099065,68.42825648364081,64.85595933441817,54.142677258438624,21.950153360110807,6.245513002386556,96436.0,240284.13072148975, 0.0, 0.0,0.0,NaN, 113.32684259171162,113.32684259171162,0.0, 148.83836541971658, -4.1964313878944575, 10.922838470707395, -4.1964313878944575, 224.5099027838314, 25.3087823362397, 10.922838470707395, 25.3087823362397, 147.46739699183868, 8.16377608030676, 5.137902306120352, 21.0, 0.0
12, 0 ,1.0,1.0,1.0,41.43989860757461,55.309327185557315,176.69423990090152,13.424475542143094,12.1828352779807,12.580900112349028,67.0,61.0,52.0,0.8196414997196358,0.27073413638632526,0.504867150181607,13.922359449588859,-0.5566413885403623,0.5846951879347947,0.5901541339088913,12.372351076874658,-0.1354185234788954,-0.7647447708883318,0.6299422663210891,11.832578029149664,70.43485097292265,70.83371422132755,64.02670607743214,21.214271507538644,6.072211379178055,87186.0,319439.6156719177, 0.0, 0.0,0.0,NaN, 72.93521319720554,72.93521319720554,0.0, 180.21654358159813, 7.6911473682967495, 17.98020114560526, 7.6911473682967495, 148.4214754104111, 11.864944418972936, 17.98020114560526, 11.864944418972936, 158.27904763690378, 7.390682467372931, 4.8903025099915425, 11.0, 0.0
13, 0 ,1.0,1.0,1.0,78.45274301573848,186.40537800601618,27.481095544365225,12.263077963200244,7.916916650791595,14.923018098425528,59.0,31.0,59.0,-0.2204223050423473,0.009150072971780207,0.9753616168398408,15.05363897014326,0.9750981978527373,0.02712641626915856,0.22010829626512343,12.105494740013416,0.02444405825883692,-0.9995901328569643,0.014901486866590093,7.91214701640055,60.64215113648265,60.09237864458437,31.967406968032236,19.86156410231856,6.4245926689947686,60171.0,116493.42217160508, 0.0, 0.0,0.0,NaN, 84.23097557413983,84.23097557413983,0.0, 150.38308113152746, 1.889526389125984, -17.244735916299266, 1.889526389125984, 62.677569255581204, 1.9649186066684232, -17.244735916299266, 1.9649186066684232, 222.69646916593587, 7.444672036634753, 4.898666545816769, 10.0, 0.0
14, 0 ,1.0,1.0,1.0,183.88216537817522,19.474152980156045,176.69188428515443,9.523678069785763,11.857988983770584,12.542911148838307,40.0,49.0,54.0,0.17857641060545595,0.6058043438599767,0.7753138477646682,13.495409158351825,-0.18410899854483004,-0.75348883166297,0.6311564443258051,10.954183894120114,-0.9665476409521117,0.25545190842809645,0.023021299927503715,9.30143825793992,75.48004166175096,59.584991496036636,42.67785466392593,18.81498284869601,5.8850137813827805,56138.0,191942.69709704857, 0.0, 0.0,0.0,NaN, 34.38452392236433,34.38452392236433,0.0, 90.70044397691828, 14.987361893258582, 9.347248112620616, 14.987361893258582, 140.61190273922452, 28.98577477105996, 9.347248112620616, 28.98577477105996, 157.3246200876523, 7.908224307456925, 5.184006953704218, 3.0, 0.0
15, 0 ,1.0,1.0,1.0,185.68665209869798,14.388987526176818,94.21676682145133,8.420529586089746,8.590576041568152,16.265593537653352,33.0,35.0,77.0,-0.23036596549761187,-0.06570092168319638,0.9708835722321865,16.650431852238025,0.3901175840663274,-0.9202667141857699,0.030289360573948123,8.709564699618294,0.8914817959681537,0.3857363914018291,0.23762921496669923,7.49529520735964,81.50104706614091,42.23487884332567,41.43562328291753,18.955030363241207,7.069630280069921,43932.0,142629.15752148256, 0.0, 0.0,0.0,NaN, 96.37797487216625,96.37797487216625,1.9073486328125E-6, 70.90531851021275, -3.718546793104164, -49.208867976324385, -3.718546793104164, 73.79799672596475, -14.649283624960672, -49.208867976324385, -14.649283624960672, 264.5695331321505, 7.836113176710085, 5.205560908026803, 7.0, 0.0
16, 0 ,1.0,1.0,1.0,101.55989271571968,84.65704714982964,13.573222672437609,14.521364261278274,17.469185177583956,9.320439574876664,73.0,84.0,37.0,-0.15569632561238345,0.978431136232429,0.13576142987505382,17.671351409902776,0.9863799064396036,0.14661655070398028,0.0745537875085213,14.447016909145475,-0.053040874455472904,-0.14552009727382562,0.9879324708331105,9.050971573315639,87.53791236127083,71.58332068817055,42.27096202269697,23.132077163973705,8.235292995776781,86872.0,264880.6040043521, -1.4210854715202004E-14, 0.0,0.0,81.04281692249964, 130.54310678080506,130.54310678080506,0.0, 210.8700200087299, -16.75487057188236, 4.455210222342119, -16.75487057188236, 305.172430768719, 31.984989675383805, 4.455210222342119, 31.984989675383805, 86.87059386892709, 7.671566327407891, 4.8601849284423215, 16.0, 0.0
17, 0 ,1.0,1.0,1.0,77.11819394690674,124.07792753516614,126.46742864346419,11.217197569771006,14.005938652808707,14.560247470601311,59.0,63.0,71.0,0.015801095983783923,-0.6187408845146789,0.7854362120476135,15.378961250350796,0.36824601281074615,-0.7267180536036577,-0.5798928733960259,13.42471271897344,-0.9295941046578876,-0.29839669635655264,-0.21636592196738486,10.828540277614104,71.930621483759,63.36449904808623,60.71437755436018,22.156155107855533,6.564863753900578,95191.0,276726.89195418917, 0.0, 0.0,1.4210854715202004E-14,38.23895944169978, 130.83736459930793,130.83736459930793,0.0, 125.82552131927656, -18.016228033092997, -11.965837523165094, -18.016228033092997, 196.16631754624098, -31.420915692420632, -11.965837523165094, -31.420915692420632, 212.0008064051519, 7.103154507468528, 4.589898046906515, 21.0, 0.0
18, 0 ,1.0,1.0,1.0,182.9645758587983,150.9102918333402,35.396167539554895,10.59448111602891,15.2753515597133,11.427239535165366,45.0,77.0,52.0,-0.10602937435270995,-0.9813077175922885,0.16060179067552846,15.422265860537136,-0.34388576621462946,-0.11535890404748393,-0.9318985476176799,11.40714699915669,-0.9330060833506659,0.15403728980599732,0.32522632393438444,10.401534110472188,76.52430499865937,53.660941946063375,51.87829219610411,20.787694873999108,6.635732108093006,72747.0,213031.27015288314, 0.0, 0.0,0.0,NaN, 62.87204307199427,62.87204307199427,6.743495761743046E-7, 112.24303011789317, 14.360218593955494, 4.820362678178479, 14.360218593955494, 233.33636527283556, -18.07584657287433, 4.820362678178479, -18.07584657287433, 130.58180339404637, 7.825212459200864, 5.169056307962513, 13.0, 0.0
19, 0 ,1.0,1.0,1.0,188.58239254484997,56.09854673837185,94.32269387084855,7.2190950025467675,13.5424200280952,14.911460526320543,28.0,62.0,78.0,-0.043013342478810085,0.6015724292126312,0.7976593663839311,16.59274111112642,-0.09706639302833049,-0.7971374818691965,0.595944586638478,11.471917241851216,-0.994348011368892,0.05179234895667796,-0.09268001335929679,7.137239320382734,95.7227112943814,55.86971673178411,31.344506530687738,19.86742990401487,7.946656964424171,48718.0,167630.44489888058, 0.0, 7.105427357601002E-15,0.0,53.01740220470646, 110.33666337718846,110.33666337718846,0.0, 52.11533265579572, 0.4355050164657801, -12.36458379238861, 0.4355050164657801, 183.39714021735404, 69.34842864497803, -12.36458379238861, 69.34842864497803, 222.3516550280157, 8.313712271025915, 5.077624177783083, 10.0, 0.0
20, 0 ,1.0,1.0,1.0,155.90586835567063,188.0745354655842,10.053889491549148,17.552437731892592,7.300610939614733,6.436347347355142,83.0,28.0,25.0,-0.9950450994715179,-0.09933814762732804,-0.004145171129004043,17.625555728375797,-0.0939355219506558,0.9529540174939505,-0.288192224492609,7.187394178347866,0.032578639222279215,-0.2863748818735884,-0.9575636058760342,6.363545221837026,83.25109487996403,35.8282357699064,31.097759151152133,18.11130965815839,8.648353604339958,28577.0,92756.52563570578, 0.0, 0.0,0.0,NaN, 46.77167779476528,46.77167779476528,0.0, 308.0880703319667, 25.705409959142774, 1.4165574669233374, 25.705409959142774, 53.29892009162232, -2.9547462860691946, 1.4165574669233374, -2.9547462860691946, 41.42656717580557, 7.6499130555600345, 5.016440239850122, 4.0, 0.0
21, 0 ,1.0,1.0,1.0,18.91452584624172,84.69491778977574,25.835824346194123,11.308762037831446,11.418533222961761,13.634037825006434,45.0,54.0,58.0,-0.10507894011520527,-0.3979082323196818,0.9113876535242792,14.14479630607767,-0.9637966344097657,0.2665863542583448,0.005269081860541449,11.303936099754583,-0.2450601229181808,-0.8778386835720284,-0.41151522666829193,10.784421788771155,66.11683152163653,51.32101743944493,50.40943193435251,20.237754204346018,5.881436216628171,73531.0,171048.4306834642, 0.0, 0.0,0.0,NaN, 90.54544829560686,90.54544829560686,0.0, 127.88809882829764, 0.5542500211984117, -8.080875331277584, 0.5542500211984117, 130.3829009638815, -30.363505901481183, -8.080875331277584, -30.363505901481183, 185.88698741370618, 8.031174153506175, 4.918638608754784, 10.0, 0.0
22, 0 ,1.0,1.0,1.0,66.61593552153025,189.0775672399084,74.33498720308921,14.441982211095306,6.678003443347731,11.527362359906807,71.0,27.0,51.0,0.9937929245125129,0.009272530558137326,0.1108586639190432,14.47496518157625,0.11124363409084581,-0.07664563732848781,-0.990833134363588,11.509119828330924,-6.906975669419517E-4,0.9970152789478993,-0.07720140206830896,6.637936947638836,71.02127735718085,50.68578112719996,27.873843928928295,18.595558727577966,6.3444352594012265,44542.0,100339.39704235627, 0.0, 0.0,0.0,NaN, 100.41251279243455,100.41251279243455,1.9073486328125E-6, 208.57085018559326, 0.7710238151208487, 8.485555791909755, 0.7710238151208487, 44.59572998936415, 6.883270154311023, 8.485555791909755, 6.883270154311023, 132.88008297659624, 6.814275021720793, 4.676820957987568, 10.0, 0.0
23, 0 ,1.0,1.0,1.0,113.71495441871217,83.64914688588064,64.46346995680251,11.23596224651416,12.269370314404325,11.408833877307812,54.0,55.0,57.0,-0.3925573275688489,0.9057835548240071,-0.15954590681803085,12.555638337809604,-0.3980666549779782,-0.010945138272669519,0.9172911981169527,11.456230468064,0.8291210302281844,0.4235992867777002,0.36485882403304565,10.865381509630106,60.446661617914884,55.37086392087448,46.02980999436602,19.451885005578333,5.345087060734157,69217.0,154061.03181662314, 0.0, 0.0,0.0,NaN, 136.37385315584558,136.37385315584558,0.0, 126.24684760509156, -14.018757414241804, -2.3363586655343305, -14.018757414241804, 150.53744791198608, -5.853368855903045, -2.3363586655343305, -5.853368855903045, 130.1614904400064, 6.926784455935093, 4.506686914481126, 14.0, 0.0
24, 0 ,1.0,1.0,1.0,50.46431911084988,85.32715274252585,77.31745438029336,12.96511348100479,11.76113377490732,11.788281663368682,64.0,63.0,57.0,-0.8452679507013436,-0.05996240108075201,0.5309676091568883,13.677109239991188,0.09605687043694901,-0.9945474125458842,0.04060199305632984,11.759323719648537,0.5256378688403359,0.08532265030411397,0.8464188538696852,10.956140210647686,64.5223533281966,63.842831864199205,57.15472712223203,20.273548919081225,5.862186797346467,74858.0,235436.88188526034, 0.0, 0.0,0.0,NaN, 125.71936704548258,125.71936704548258,NaN, 168.09416757533216, 1.6542096365814258, -30.010915057179393, 1.6542096365814258, 138.3242676712657, -2.8707213360414015, -30.010915057179393, -2.8707213360414015, 138.9635845749143, 6.939759699475925, 4.443557858245797, 16.0, 0.0
25, 0 ,1.0,1.0,1.0,102.70433627348929,21.06097627787213,103.68774995891087,11.510599391911315,12.538262555390089,11.687532370541863,55.0,51.0,59.0,0.004844270933189844,-0.9666389665945437,0.256096937311165,12.599421238374333,0.6391038533512167,0.1999628836006848,0.742671602940173,11.865581499734288,-0.7691051928512465,0.1600748370079818,0.6187513627347541,11.258903113207587,58.80247466533766,59.923992381270864,59.44339209040703,19.87355103977465,5.598420156690509,73012.0,209459.43500406257, 0.0, 0.0,0.0,NaN, 138.5137553087657,138.5137553087657,0.0, 132.49389836106914, 1.643117500005825, 6.698521590464773, 1.643117500005825, 157.20802790789722, -5.833956922383639, 6.698521590464773, -5.833956922383639, 136.5984129124639, 7.391227177803317, 4.797897320778482, 14.0, 0.0
26, 0 ,1.0,1.0,1.0,143.6165601904046,72.79797695102091,113.1339878491795,12.92550753068574,9.915675013041716,11.563575544550494,58.0,46.0,58.0,-0.8648741405716459,0.27431224769793217,0.4204111222760001,13.402275926457929,0.49097826939847367,0.2878007604323642,0.822259728597378,11.476746892914925,-0.1045612736577815,-0.9175639013482721,0.3835927879843432,9.368506605198816,61.45021234179629,58.79541567488005,43.68005570122094,19.216535321182832,5.4617218452009295,63864.0,157815.63842865947, 0.0, 0.0,0.0,NaN, 126.58728925097549,126.58728925097549,0.0, 167.06874492581377, -15.581644438547542, -15.65582966223987, -15.581644438547542, 98.32061096425984, 20.99262043138707, -15.65582966223987, 20.99262043138707, 133.71627937452624, 6.713390345150283, 4.544870203152324, 15.0, 0.0
27, 0 ,1.0,1.0,1.0,41.085663530495424,174.55157137530978,187.07031164330988,11.83332667510647,13.08687719825043,7.088917312598413,58.0,60.0,30.0,-0.1424372045144722,-0.9867257549308572,0.07799953414112282,13.152541183686889,0.9809892285274724,-0.13023634577965804,0.1438701767255313,11.874425559284772,-0.1318020344424802,0.09700916860839004,0.986517838116844,6.8960424676154455,63.14120013838749,58.74795175740037,32.63966651483483,18.119093733146396,5.765862117341709,45597.0,121074.10706799783, 0.0, 0.0,0.0,NaN, 50.0283030714431,50.0283030714431,0.0, 140.02762019978633, 5.6905182842740105, 11.795016398474283, 5.6905182842740105, 171.26635480208702, -11.404836674106564, 11.795016398474283, -11.404836674106564, 50.25274866485751, 7.5370546504778355, 4.876021928009324, 10.0, 0.0
28, 0 ,1.0,1.0,1.0,136.99284179279852,140.93954948130053,18.227315594996984,10.341482966011512,13.718759097559468,10.867081266219225,46.0,68.0,44.0,-0.11726517628087134,-0.9882248028012095,0.09828844062414661,13.793944981122563,0.47333390140073817,0.031389673753343596,0.8803236371735197,11.042357166554254,-0.8730428948319622,0.14975455756059247,0.4640793857447867,10.051741462244308,68.40648706226389,51.46930011655444,54.42294137267887,19.47352309740231,5.833178767597216,64681.0,191614.14304668293, 0.0, 0.0,0.0,NaN, 88.26252791880984,88.26252791880984,0.0, 106.94626993630624, 10.651458873700747, 7.678642060581711, 10.651458873700747, 188.20435117687066, -8.090106770513168, 7.678642060581711, -8.090106770513168, 118.09345524661282, 7.498294051424256, 4.684745354423587, 8.0, 0.0
29, 0 ,1.0,1.0,1.0,182.5767686342094,94.28973718224903,80.17638948728997,10.07946563429678,9.734563284249711,14.63575953589508,37.0,51.0,81.0,0.10429094042442844,-0.04697361500306435,0.993436902495036,14.69312769789918,0.7653549528178631,0.6416627928112829,-0.05000656475694891,10.65891846776184,-0.6351025082162364,0.7655470853025097,0.10287110499200863,9.003458366172943,80.65628356211019,56.65660627501441,48.91168638372999,19.28912791905193,6.2042204283076625,58025.0,223512.2860375001, 2.8421709430404007E-14, 1.4210854715202004E-14,0.0,84.92861828314214, 124.98950740098579,124.98950740098579,1.9073486328125E-6, 101.5956274729698, 15.324935212781888, 12.723029263746005, 15.324935212781888, 94.76172233506254, -7.33613890668351, 12.723029263746005, -7.33613890668351, 214.20545719254375, 7.362894989559744, 4.586786389479871, 12.0, 0.0
30, 0 ,1.0,1.0,1.0,60.1262620596814,10.573349038964924,108.74947647894697,12.122852266909614,6.97435290576236,15.677573014581007,60.0,28.0,75.0,0.14209262082874058,0.01983006839029082,0.9896547152889514,15.747208420159712,-0.9886083880407652,0.05297174056457539,0.14088097741355463,12.04680491134702,0.0496300534097931,0.99839910010436,-0.02713106539274418,6.949198483778279,75.80695254417782,57.46795975304853,29.471207470608622,19.82478194163122,6.954815751241018,53484.0,128390.4576690292, -7.105427357601002E-15, 0.0,0.0,81.8310446596944, 109.7889846115516,109.7889846115516,1.3486991523486091E-6, 146.96354708531558, -4.508391781843734, 14.593294916940922, -4.508391781843734, 48.64159845411587, 4.641412455558303, 14.593294916940922, 4.641412455558303, 245.7862956275186, 6.71727573785355, 4.478459319630522, 13.0, 0.0
31, 0 ,1.0,1.0,1.0,56.46102843890764,148.38414081198806,21.436662851026508,11.308092799456668,12.185629588056413,12.385365598786102,55.0,63.0,51.0,-0.47110040906245954,0.42522259142085755,0.7728196117636466,13.935011793710155,-0.5160175095232414,-0.8434281226675756,0.1495156572365601,12.073480273032459,-0.7153952295386194,0.3283515640876091,-0.6167616362214873,9.476620317385773,65.60648834220122,60.65914205745963,51.95771707000445,19.84035974660951,6.009986469133197,67267.0,206772.66084844107, -7.105427357601002E-15, 0.0,0.0,61.894249797973295, 79.44542256344536,79.44542256344536,0.0, 127.87296276112374, 3.446935720912572, -42.31923213962408, 3.446935720912572, 148.48956845731593, 27.24360580863525, -42.31923213962408, 27.24360580863525, 153.39728101559422, 7.180094598978614, 4.549373625936077, 12.0, 0.0
32, 0 ,1.0,1.0,1.0,12.511678600081742,103.51295015213212,109.65964790118224,8.734136135999275,14.746179645199861,13.775470043863889,35.0,76.0,66.0,-0.09592906257485652,0.8335679407835688,0.5440239912461119,15.395573624139379,-0.11367997924294529,-0.5521431909885888,0.8259629283232159,13.152194709653472,-0.988875359826926,-0.017389213403107336,-0.14772656492448613,8.572899754641561,75.15212654476296,66.10988322070537,41.34527908255982,20.83430500579255,7.030665546425714,66061.0,205415.6801783836, 0.0, 0.0,0.0,NaN, 132.76924382956713,132.76924382956713,0.0, 76.28513404216837, -6.831863596408927, -17.875454782031255, -6.831863596408927, 217.4498141285067, 28.78692679827071, -17.875454782031255, 28.78692679827071, 189.76357492939138, 7.05901219026787, 4.508291550512846, 17.0, 0.0
33, 0 ,1.0,1.0,1.0,31.797575817057613,40.29353551215363,104.01581771191154,10.126731552416224,11.76132968662798,11.658219654883085,45.0,56.0,53.0,-0.13639615701949948,-0.83158056944446,0.5383956211492986,11.909522194135265,-0.10428558646192297,-0.5284022887213563,-0.8425648566907624,11.55448824218292,-0.98515004177364,0.17106951159239123,0.014649825832954355,10.072275612909795,59.16890254461803,59.04278462144964,46.90976192981446,18.710023508450924,5.169978120552193,61134.0,163879.10174712833, 0.0, 0.0,0.0,NaN, 108.84676422119175,108.84676422119175,0.0, 102.5506919347023, 6.347163639920544, -0.14911924322135306, 6.347163639920544, 138.3288759975566, -3.8100704818963775, -0.14911924322135306, -3.8100704818963775, 135.91408552150227, 6.924361214404891, 4.487345477834767, 11.0, 0.0
34, 0 ,1.0,1.0,1.0,90.97976993256644,74.77280840936136,100.53857596191988,11.557783208164366,12.748888713678022,10.623798941550428,56.0,56.0,53.0,0.16173808872854775,0.9741353301969865,0.1578009794533754,12.815767711826325,-0.9302967577281812,0.2038573946897159,-0.3049427900291374,11.650483211395166,-0.32922444200707457,-0.09748087552094292,0.9392064446610234,10.440496107401716,59.313397951008184,54.32358138672426,50.58170581583423,19.512927419448694,5.31293549692155,70588.0,162980.13377910366, 0.0, 0.0,-1.4210854715202004E-14,80.920719815436, 154.14560093005755,154.14560093005755,0.0, 133.58235268692619, 3.6340676943470283, 8.992762034249699, 3.6340676943470283, 162.53416343374687, 6.8298031209456145, 8.992762034249699, 6.8298031209456145, 112.865103950488, 6.865096532811948, 4.439749122499325, 7.0, 0.0
35, 0 ,1.0,1.0,1.0,133.1141523936496,42.69777028038146,32.754581196348646,11.67380298953695,11.041517357774845,15.157288918522465,63.0,51.0,65.0,0.47844395959026464,0.00476134485461471,0.878105179990851,16.409700725131575,0.2774562920389072,-0.9495759401258391,-0.14602581943666404,11.179907085941702,0.8331322725351658,0.31350097851410913,-0.4556399378139345,9.67820173490177,77.26931112080457,52.92479448946919,51.32530885137412,20.970771118924603,6.939953014094455,73507.0,209892.92130177724, 0.0, -7.105427357601002E-15,0.0,89.72719400424724, 85.84683329211599,85.84683329211599,0.0, 136.27767623852182, -7.852422088000876, 72.50922101543209, -7.852422088000876, 121.91510556204321, 5.077513377747543, 72.50922101543209, 5.077513377747543, 229.7434073595639, 6.526540774692752, 4.256227580439988, 11.0, 0.0
36, 0 ,1.0,1.0,1.0,18.571945471569357,131.7766651325917,16.19613413105232,11.181151834049578,14.005348219540558,9.85917132927695,53.0,63.0,41.0,-0.25914858636603905,0.9643759884194513,0.05311273994523502,14.206211415038045,0.9392236715322148,0.26444668617831135,-0.21892200666642914,10.993480550002689,-0.2251686146380752,-0.006848585935522233,-0.9742957414731184,9.782542461683981,66.17035529760759,56.483088829735905,45.03680664114596,19.52082665893978,6.108070148446308,63013.0,168325.3375718383, 0.0, 0.0,0.0,NaN, 72.5372686266895,72.5372686266895,1.3486991523486091E-6, 125.01815633607025, -20.272007544135448, -6.633625983258528, -20.272007544135448, 196.1497787505879, 3.9789439580134895, -6.633625983258528, 3.9789439580134895, 97.20325930003662, 6.86470410732135, 4.4218753565751525, 7.0, 0.0
37, 0 ,1.0,1.0,1.0,98.4432272441186,134.78638134281388,16.340109207818056,10.87246569701095,13.175448771066703,10.829374291772988,51.0,61.0,44.0,-0.052467545658506295,-0.9377888746988086,0.34321885604336305,13.546868203280587,-0.7797915593944693,-0.17622920544430357,-0.6007232233280234,11.691754412348113,0.6238367419042529,-0.29915764011572843,-0.7220335351011574,9.426746461387449,68.26464625923963,64.13451985717411,45.86827714649236,19.261985910161417,6.168809204354815,58787.0,200816.83580821176, 0.0, 0.0,0.0,NaN, 119.20941329243044,119.20941329243044,0.0, 118.21051033267982, 11.230698074942412, 20.70258925410539, 11.230698074942412, 173.59245031900312, -25.402111156688264, 20.70258925410539, -25.402111156688264, 117.2753475513137, 7.015938221437984, 4.510068143214422, 7.0, 0.0
38, 0 ,1.0,1.0,1.0,145.7125302761182,103.41592120135637,82.74582593250445,9.685246059034064,13.144047051802161,10.980850326359848,46.0,71.0,52.0,-0.0885364173252414,0.9709269232473078,0.22240101735542253,13.282426837431956,0.1070438268074106,-0.21271034790605006,0.971234228719371,10.85650316758252,-0.9903044592193029,-0.10979625497804303,0.08509912128312958,9.636519822761697,70.31554583739631,50.37732457456821,47.18725953526207,18.923942394034995,5.388268950340854,61930.0,167151.85768974997, 0.0, 0.0,0.0,NaN, 138.28407484470623,138.28407484470623,0.0, 93.80399122403487, -7.752306714875707, 0.9538824330111418, -7.752306714875707, 172.76597289998907, 12.8785889816019, 0.9538824330111418, 12.8785889816019, 120.57907388991717, 7.429718131392872, 4.506158885445682, 11.0, 0.0
39, 0 ,1.0,1.0,1.0,22.121821094135043,179.27327501232133,100.73877525874815,12.786488561540207,12.566677773381457,12.848750869026315,51.0,55.0,66.0,-0.7159598056319156,-0.6916719246470512,-0.09482354862877405,13.556760190285136,0.3926081229424306,-0.2865866496819349,-0.8739147292635046,13.281999438843016,0.5772871196546225,-0.6629163151402506,0.47674053803063715,11.238719808696034,74.93520013733063,70.86817751937508,70.18256745780411,21.086041130936486,6.471858180857074,81160.0,372706.00293535227, 0.0, 0.0,0.0,NaN, 103.78710341063137,103.78710341063137,0.0, 163.49428973439854, 22.825740881631173, -13.288433600089334, 22.825740881631173, 157.92139025999953, 16.318059432432555, -13.288433600089334, 16.318059432432555, 165.09039889430449, 7.046328106240547, 4.5616043710832, 9.0, 0.0
40, 0 ,1.0,1.0,1.0,28.729468363680652,146.79280190000608,126.84376103769563,15.424136546388317,11.256150377970823,11.388652417756234,65.0,65.0,59.0,-0.9735669553750572,-0.22377908409253308,0.04571985262933512,15.628954308042848,-0.11849378063000218,0.32373187695597555,-0.9386995769651599,11.437563204829727,-0.19526035786546644,0.9193044073457214,0.3416910875059253,10.91898569456996,69.95914512763366,57.62615279380835,66.14943234873817,21.277386201065024,6.448189658836292,82105.0,266679.8744909588, 0.0, -2.8421709430404007E-14,0.0,77.06890569311457, 94.91166198745813,94.91166198745813,0.0, 237.90398820163173, 26.7969638365867, -4.276138844537041, 26.7969638365867, 126.7009213314927, -4.802447320220727, -4.276138844537041, -4.802447320220727, 129.70140389246492, 7.062027137913706, 4.457382039432902, 12.0, 0.0
41, 0 ,1.0,1.0,1.0,125.16350993377483,73.58645695364238,166.22854304635763,10.644422392864616,9.771560065942065,13.3160369826629,48.0,44.0,64.0,-0.09076648570140552,-0.019979791238089368,0.9956717596755967,13.335759288730719,-0.8870015069844713,-0.4529211588711847,-0.08994859895551381,10.902016887186258,-0.4527579614768729,0.8913266695150918,-0.023387956953125004,9.455554299363701,64.27843885419567,53.80597454398509,47.224292794085684,18.876058772057796,5.458787443883442,60400.0,163328.24109476348, 0.0, 0.0,0.0,NaN, 110.25415274353253,110.25415274353253,0.0, 113.30372807771768, 11.990250846454114, -5.642816078242148, 11.990250846454114, 95.4833861223137, -0.5596266852331657, -5.642816078242148, -0.5596266852331657, 177.31684092364608, 7.267943543092107, 4.539213084782687, 14.0, 0.0
42, 0 ,1.0,1.0,1.0,179.6046993780235,83.20622987847017,20.39063158427023,11.410103409751272,10.901454218189615,11.10801378662896,50.0,54.0,45.0,0.8589853535661646,0.49563784747684897,0.1284028290472113,11.663663187606296,0.1170074342983134,0.054119515948579056,-0.9916553525859766,11.098522468544488,-0.4984510233490723,0.8668415092403038,-0.011505441332485032,10.639637880949323,64.62893013824237,47.33470776157411,56.35460883677031,18.563861300014533,5.272872823257783,59327.0,172399.54152479843, 0.0, 0.0,0.0,NaN, 88.06260747022573,88.06260747022573,NaN, 130.19045982121762, 9.786834040316833, 1.3616244191398108, 9.786834040316833, 118.84170407128417, 0.9181590602331859, 1.3616244191398108, 0.9181590602331859, 123.38797028393907, 7.029477493312813, 4.408190682175053, 8.0, 0.0
43, 0 ,1.0,1.0,1.0,149.08457753647778,114.03028503562945,129.9010179843909,11.959425083880978,10.705735598578766,10.474232394978577,58.0,54.0,50.0,-0.9907641963618949,-0.09078033355756063,0.10072357344011552,11.986420012825311,0.038730822738018436,-0.9013366833684687,-0.4313839433548311,10.761353260379796,0.12994702989066143,-0.4234986590929256,0.8965281117561731,10.386008790151818,59.37936245896665,51.45527285827089,54.39581477317033,18.472630426796655,5.1099992585750655,58940.0,166199.95511892944, 0.0, 0.0,0.0,NaN, 122.0534285275049,122.0534285275049,0.0, 143.02784833696154, 2.9432817966981397, -3.7057274287781943, 2.9432817966981397, 114.61277470667665, 2.758901983336695, -3.7057274287781943, 2.758901983336695, 109.70954426401865, 6.589720130325739, 4.380711098416067, 15.0, 0.0
44, 0 ,1.0,1.0,1.0,9.740090510085734,169.60864621472268,160.37791371978258,6.325793010266752,15.353657420514159,11.322545118801068,26.0,64.0,58.0,-0.03809986197286186,-0.9861726079995943,0.16128232311362312,15.46250412151377,-0.09868957401120577,-0.15689699428877957,-0.9826717158668166,11.224295987676122,-0.9943886405722541,0.053356540502782046,0.09134720075864038,6.235112447722368,66.5508138767658,58.03260827081775,28.5202355185719,18.889368623025685,6.866020272760701,43973.0,110148.49533330195, 0.0, 0.0,0.0,NaN, 50.87645299392977,50.87645299392977,0.0, 40.0156572087397, 8.871380565075514, 7.217432877070493, 8.871380565075514, 235.73479618650947, -18.414037768545683, 7.217432877070493, -18.414037768545683, 128.2000279672859, 8.076542913402031, 4.830035672284999, 6.0, 0.0
45, 0 ,1.0,1.0,1.0,118.55173209495514,178.92654821310103,31.666474371917275,11.313547202273309,10.689939753639656,13.774955006135615,59.0,45.0,61.0,0.22593004421583512,0.18632728781386226,0.9561578096405225,13.992070400806517,-0.8957107953568975,-0.3461308352590277,0.2790978609090431,11.275509077841635,-0.3829592487481484,0.9194974642155459,-0.08869400824991196,10.44535344495137,65.52706784875727,57.29637925113761,50.957679494312174,19.902366423902862,5.993025812090732,69338.0,191318.75946087966, -1.4210854715202004E-14, 0.0,0.0,76.94242587446291, 89.89258208603205,89.89258208603205,NaN, 127.99635029806622, 9.239074844379818, 14.215673316621913, 9.239074844379818, 114.27481193644547, 13.699506100207502, 14.215673316621913, 13.699506100207502, 189.74938542106062, 6.138764942721581, 4.158239704296029, 8.0, 0.0
46, 0 ,1.0,1.0,1.0,15.87802716082419,150.211048300776,60.80933904201231,10.278552402208193,10.30850211101972,13.701334235226055,41.0,52.0,68.0,-0.1028454553590279,0.060582346642450505,0.9928507398331775,13.740695811860654,0.6772322100730542,-0.7268054659831567,0.11450042906719769,10.697238648730261,-0.7285460493006328,-0.6841663495761099,-0.03372032259838957,9.818491685653246,67.57298731596714,56.41914368612909,52.518802584974324,19.104450904174406,5.887305897709081,59792.0,200223.2124002267, 0.0, 0.0,0.0,NaN, 80.17996740180138,80.17996740180138,0.0, 105.6486394849398, -9.449471915012692, -8.037421233051406, -9.449471915012692, 106.26521577289803, 4.057732650335362, -8.037421233051406, 4.057732650335362, 187.72655982537754, 6.947819374682138, 4.397336876848515, 10.0, 0.0
47, 0 ,1.0,1.0,1.0,123.56475620644164,152.65395839718562,104.80729714963421,11.31974216138807,11.602535000286334,13.449761233453302,59.0,56.0,62.0,-0.3900866761754104,-0.04819988216240494,0.9195157184246228,13.879929270514332,0.06190456271002381,-0.9977423592591483,-0.0260386185437982,11.598415409617257,0.9186948406223364,0.046764900294120185,0.39218979323075154,10.792394623138637,61.89432874590798,57.088565363144454,57.5348881653664,20.24773465795466,5.803507516238657,75043.0,203297.13573467484, 0.0, 0.0,0.0,NaN, 130.94137934661515,130.94137934661515,0.0, 128.1365626003067, 0.317585773075091, -27.35295844380776, 0.317585773075091, 134.6188184328694, -2.9073212374012742, -27.35295844380776, -2.9073212374012742, 180.89607723690327, 7.015419244649477, 4.36744861786798, 19.0, 0.0
48, 0 ,1.0,1.0,1.0,112.74185560314206,30.015933586376278,65.18480930440253,9.382357818141411,12.956779824682794,9.851156793986476,44.0,56.0,53.0,0.2452717409284215,-0.9692560259948519,0.019609415458113427,13.166521622827599,-0.07788913234824169,-0.039863782155629524,-0.9961647263049856,9.855074935349197,-0.9663203693206411,-0.24280369631641943,0.08527197013734635,9.081424899591342,58.26151355694079,54.474104487595966,43.055752499123514,17.999337830904185,5.382927593942356,49267.0,136647.92656272146, 0.0, 0.0,0.0,NaN, 112.97787126997916,112.97787126997916,1.9073486328125E-6, 88.02863822763925, -21.56070709904132, 1.5738405978320278, -21.56070709904132, 167.87814342530712, -1.145636537722097, 1.5738405978320278, -1.145636537722097, 97.0452901797059, 6.493879295118077, 4.1880022953220255, 8.0, 0.0
49, 0 ,1.0,1.0,1.0,79.60879873081517,158.87516711527834,174.79748302108771,9.22243810134691,12.212052380448414,11.785433999827857,41.0,63.0,48.0,-0.1557494779258619,-0.8100252529660206,0.5653328132022377,12.581633449623656,0.11254257877656591,-0.5831418311835592,-0.8045369927394302,11.497741792202332,-0.9813644929831843,0.06168220392641841,-0.18198636660650652,9.08782019295302,57.29779034528924,55.761353905363535,41.45371734446921,18.528280656086565,5.457733812633265,56099.0,132444.72497181862, 0.0, 0.0,0.0,NaN, 93.08050052095813,93.08050052095813,0.0, 85.0533645331752, 6.2957346389757065, -11.158085484932503, 6.2957346389757065, 149.13422334281577, -11.394930861572005, -11.158085484932503, -11.394930861572005, 138.89645456429847, 6.614521235667456, 4.242322466311155, 12.0, 0.0
