// Sample: , Map: , Neighbors:(1.0):
//LACUNA_NUMBER, TRIANGLES, SCALE_X, SCALE_Y, SCALE_Z, POS_X, POS_Y, POS_Z , STD_X, STD_Y, STD_Z,PROJ_X, PROJ_Y, PROJ_Z, PCA1_X, PCA1_Y, PCA1_Z, PCA1_S, PCA2_X, PCA2_Y, PCA2_Z, PCA2_S, PCA3_X, PCA3_Y, PCA3_Z, PCA3_S,PROJ_PCA1, PROJ_PCA2, PROJ_PCA3,OBJ_RADIUS, OBJ_RADIUS_STD, VOLUME, VOLUME_BOX, Mask_Grad_X,Mask_Grad_Y,Mask_Grad_Z,Mask_Angle, Mask_Distance_Mean,Mask_Distance_COV, Mask_Distance_STD, SHAPET_XX, SHAPET_XY, SHAPET_XZ, SHAPET_YX, SHAPET_YY, SHAPET_YZ, SHAPET_ZX, SHAPET_ZY, SHAPET_ZZ, Neighbors, Neighbors_STD
181761, 0 ,1.0,1.0,1.0,70.27267001239409,151.76416685291667,112.10364305016559,11.592424842178344,9.15967588981834,10.554774341960576,49.0,39.0,44.0,0.9037298420542135,0.30598120004347334,0.29941255451404025,11.972795872282973,-0.3149402580992495,0.0014554685022851455,0.9491103810620856,10.420198387583874,-0.2899741478288111,0.95203644196606,-0.09768114843489449,8.818098553646392,52.79434745316085,46.79859902530251,39.00751012699814,17.485847079415848,4.892074146316406,49217.0,96375.91367527499, 0.0, 0.0,1.4210854715202004E-14,72.57767678779872, 122.43656853700531,122.43656853700531,NaN, 134.3843137215536, 18.122820993434292, 8.53459394653827, 18.122820993434292, 83.89966240651941, 6.051485967923159, 8.53459394653827, 6.051485967923159, 111.4032614097093, 12.0, 0.0
182399, 0 ,1.0,1.0,1.0,131.3942493779375,145.54465026264862,178.20624827204867,4.92256320714677,6.240127153384002,5.497407808700891,22.0,27.0,25.0,-0.288792662233961,-0.9037921325619699,0.3158458158008569,6.588151579357985,-0.5427614662109808,-0.11720987422432202,-0.8316681045830874,5.657994046365046,0.7886753381692163,-0.41160858409829854,-0.45669419140193357,4.239772419909065,28.614134940830567,25.044255643808327,17.995493095480157,9.296376952894583,2.6400158301821293,7234.0,12895.92505211041, 0.0, 0.0,0.0,NaN, 90.2612970647634,90.2612970647634,9.5367431640625E-7, 24.231628528355092, 7.529949882627343, 4.016972619313941, 7.529949882627343, 38.93918689040033, -5.890325987264525, 4.016972619313941, -5.890325987264525, 30.22149261516553, 8.0, 0.0
182809, 0 ,1.0,1.0,1.0,174.5611609215059,157.8503163706545,76.98028485573987,10.917276146894833,10.386077946586346,89.57830630485489,44.0,44.0,198.0,-0.002576038876479233,-0.012436706023675468,0.9999193429307123,89.58543887691037,-0.881469439940608,0.47222732675204304,0.0036025434640437077,11.142799627687278,-0.4722340420538295,-0.881389062906898,-0.012179052245644329,10.080558105338168,198.52742335264594,50.07231324903874,47.914077006092214,87.89622381072425,22.92562613844635,40933.0,476300.77481676504, 0.0, 0.0,0.0,NaN, 91.37666343321082,91.37666343321082,0.0, 119.1869184675589, -9.130304816014757, -20.482303841312554, -9.130304816014757, 107.87061511256722, -98.50132642828463, -20.482303841312554, -98.50132642828463, 8024.272960446407, 12.0, 0.0
182942, 0 ,1.0,1.0,1.0,21.46061677470045,120.19436260066784,77.1045963464938,46.4050235819812,5.935341685904083,6.3697965494988615,199.0,26.0,26.0,-0.9999028469866057,-5.468459498211523E-4,0.013928300240415421,46.40944803611309,-0.013410361029509155,0.31032290933078477,-0.9505366137932486,6.383814889269821,0.0038024735552287243,0.9506310498316286,0.31030009392663277,5.885477304138211,199.27534823918256,28.538952234058584,26.87638213216752,25.439542879693526,39.77509850053181,10182.0,152848.93204180978, 0.0, 1.4210854715202004E-14,0.0,89.96866803346984, 113.02484952796875,113.02484952796875,1.3486991523486091E-6, 2153.426213644231, 1.133317560682368, -29.43602012031584, 1.133317560682368, 35.22828092843073, -1.8196814152142256, -29.43602012031584, -1.8196814152142256, 40.5743080820076, 9.0, 0.0
183240, 0 ,1.0,1.0,1.0,185.1525974025974,183.83766233766235,123.04545454545455,44.790487304714155,1.9220888908075895,1.7648844158132933,199.0,9.0,8.0,0.9999979499127694,-0.002022410593399739,1.0012816713852691E-4,44.79057896130278,-0.0019442887060199178,-0.9728316122456837,-0.23150566722413315,1.9288696661424147,5.65607360094791E-4,0.23150499793925644,-0.9728335500060935,1.7551335622800994,199.0098042137752,9.683451467813654,8.245112788567155,20.741870256495645,39.78406482452248,308.0,15889.171537111308, 0.0, 0.0,0.0,NaN, 80.02292539464224,80.02292539464224,0.0, 2006.1877529937597, -4.049903019058862, 0.20085596221960078, -4.049903019058862, 3.69442570416595, 0.1437426210153498, 0.20085596221960078, 0.1437426210153498, 3.1148170011806293, 5.0, 0.0
183310, 0 ,1.0,1.0,1.0,117.61111111111111,19.27777777777778,12.0,0.8906233078822999,0.7307192465536614,0.6666666666666666,3.0,2.0,2.0,0.9582865250427942,0.12133557936918041,0.2587752173229716,0.910965291389678,-0.0018727541694091951,-0.90272713714348,0.43020949391727464,0.7486891095529383,0.2858031292922223,-0.41274858333358566,-0.864844019602894,0.6174235121792436,3.2549703718205336,2.6658732621215115,2.1424366225393765,1.2809176645621727,0.36173868314598806,18.0,18.59064775265097, 0.0, 0.0,1.7763568394002505E-15,75.00259971465839, 85.46087835024316,85.46087835024316,0.0, 0.7932098765432101, 0.05246913580246917, 0.1111111111111111, 0.05246913580246917, 0.5339506172839505, -0.05555555555555555, 0.1111111111111111, -0.05555555555555555, 0.4444444444444444, 3.0, 0.0
183614, 0 ,1.0,1.0,1.0,125.62047546261667,125.6382646590133,57.26091905427819,8.99227818645689,8.777662827932902,8.736035015741388,40.0,36.0,39.0,-0.7987463559471376,-0.5949700907469546,-0.08952569451129339,9.361741029844396,0.2631430573708031,-0.47925806786612085,0.8372976983981143,8.96603238775666,-0.5410729989739973,0.6452304204714727,0.5393678839896676,8.136019150148906,44.17464142116259,41.23254645342071,37.72270250954217,14.771203478296075,4.00478305311859,30749.0,68709.37348221967, 0.0, 0.0,0.0,NaN, 119.75305509368336,119.75305509368336,0.0, 80.8610669826284, 8.402274824244218, 4.661222327992014, 8.402274824244218, 77.04736472087504, -4.553767516318043, 4.661222327992014, -4.553767516318043, 76.31830779625962, 11.0, 0.0
183809, 0 ,1.0,1.0,1.0,106.09702495201536,58.399328214971206,37.64913627639155,5.108373576048213,6.984678841023108,6.514071894851656,22.0,31.0,28.0,-0.04924897475519965,-0.9987231115197761,0.011255443208451968,6.989255159602217,-0.34720544681885385,0.006552905460246854,-0.9377661953436738,6.710851278984893,0.9364950166364376,-0.05009197486909479,-0.34708482805912455,4.840365604096485,31.0518861653364,30.540874787482487,21.21060262578993,10.432167944312438,2.912769084163452,10420.0,20115.112485468613, 0.0, 0.0,0.0,NaN, 116.81484375361147,116.81484375361147,1.3486991523486091E-6, 26.09548059246761, 1.2011784236721796, 7.0208947432406745, 1.2011784236721796, 48.78573851223591, -0.41852745163773736, 7.0208947432406745, -0.41852745163773736, 42.43313265129625, 9.0, 0.0
184037, 0 ,1.0,1.0,1.0,55.450357194926376,185.29085872576178,163.76928123633184,6.729261734904332,7.301484018961689,6.333727844323678,32.0,29.0,28.0,-0.0870854386315263,0.9059358821605519,0.4143625270126837,7.547421076035921,0.9928728028399657,0.04495926387944541,0.11037328468487914,6.72696919957317,0.08136168483423667,0.4210211894969189,-0.9033943957295361,6.0411142408469924,34.07900782341042,32.60995670447848,27.311667427864506,11.354659901514585,3.12768913143524,13718.0,30351.864858769997, 0.0, 0.0,0.0,NaN, 67.85105697188834,67.85105697188834,0.0, 45.282963496847664, -1.2239338976349479, 0.2210512116884172, -1.2239338976349479, 53.31166887915295, 7.727042416316983, 0.2210512116884172, 7.727042416316983, 40.11610840596107, 8.0, 0.0
184040, 0 ,1.0,1.0,1.0,23.787974683544302,64.4360759493671,82.23291139240506,3.13493701297305,3.644880549768377,3.08900547343856,13.0,15.0,14.0,-0.2439178125200964,-0.9664302334953008,0.08072610805452393,3.678833740136518,0.7227633494553841,-0.23665583429045514,-0.6493128342950901,3.1395359462400876,0.646619858509964,-0.100033093936497,0.7562249259962586,3.04375351614107,16.530261599001335,15.524253707858513,14.328547126871712,5.510441522842185,1.5132657848700728,1580.0,3676.9914043402596, 0.0, 0.0,0.0,NaN, 107.14535612600618,107.14535612600618,1.3486991523486091E-6, 9.82783007530839, 0.9051173690113766, -0.3620092933824708, 0.9051173690113766, 13.285154222079827, -0.2420733856753775, -0.3620092933824708, -0.2420733856753775, 9.541954814933382, 4.0, 0.0
184105, 0 ,1.0,1.0,1.0,169.00563152594478,40.12052790586739,37.97235914559813,11.67328364469329,12.235283982901592,58.595562341160566,47.0,49.0,198.0,-5.932740696493373E-4,0.007090878844104536,0.9999746834110836,58.596981387566125,-0.1409866700473333,-0.9899871943968221,0.00693641112344651,12.23976221428409,-0.9900113165488781,0.14097898555290891,-0.001587053127659914,11.661459791619533,198.3335980876943,51.08567054897148,50.21820424596012,43.25532618995477,42.99284135143115,75468.0,508811.0890135148, 0.0, 0.0,0.0,NaN, 63.34198998794783,63.34198998794783,0.0, 136.26555104946388, 1.9153518794721798, -1.9698581204868169, 1.9153518794721798, 149.70217414224823, 23.287491668146153, -1.9698581204868169, 23.287491668146153, 3433.4399260768346, 12.0, 0.0
184203, 0 ,1.0,1.0,1.0,173.54607191364644,58.18507398670384,129.20537565229824,6.317891997018335,7.148116108714783,6.966916067413135,29.0,31.0,26.0,-0.20612196023140303,-0.9111784639742281,-0.35674576984167616,7.306186235051723,-0.48640300570404443,-0.22093693224029648,0.8453395696489769,7.108438742637166,-0.8490735265879126,0.34776526388041257,-0.39765999004897645,5.969839530586318,33.87620911355981,32.760923463021086,26.69042975272498,11.39462286593377,3.11637809374524,13989.0,29621.46315690783, 0.0, 0.0,0.0,NaN, 95.3792009956488,95.3792009956488,0.0, 39.91575928598832, 4.93231966656444, -4.818204632776403, 4.93231966656444, 51.095563903667774, 2.9858662117519854, -4.818204632776403, 2.9858662117519854, 48.5379194903793, 8.0, 0.0
184468, 0 ,1.0,1.0,1.0,16.350523126179176,86.99273912297753,63.875421645417646,25.481412457085106,8.306145767308807,7.290533630051116,199.0,36.0,31.0,-0.9997627621080262,0.006098550418658037,0.02090997811862042,25.48700711931892,-0.0037626955577752686,0.897212354141008,-0.4415833258841305,8.608752088659081,-0.021453708869787338,-0.441557243468547,-0.8969765543848892,6.910005390922292,199.2751522085578,38.02442974735616,32.244620544883006,15.79910516246057,22.84369924053983,17491.0,244327.93794942103, 0.0, 0.0,0.0,NaN, 109.15651953501465,109.15651953501465,0.0, 649.302380808092, -3.7584748478060312, -12.53765994557513, -3.7584748478060312, 68.99205750778201, -10.367893285177017, -12.53765994557513, -10.367893285177017, 53.151880610906304, 9.0, 0.0
184965, 0 ,1.0,1.0,1.0,47.12893526706756,120.22727272727273,121.65458082773257,4.816458014836824,4.765549540612033,5.523759600096847,20.0,22.0,24.0,-0.21326525224159784,-0.4403553397660672,0.8721267722790296,5.7997329052592,-0.975506299820641,0.04672843510336327,-0.21495095338944717,4.765384794844263,0.05390168083250385,-0.896606729894607,-0.4395349596006314,4.480497331446175,26.168591178011127,20.418895448065086,20.5167339234159,8.431020155211561,2.310530132846291,5654.0,10962.782909053787, 0.0, 0.0,0.0,NaN, 121.33766629210675,121.33766629210675,0.0, 23.19826780868588, 1.1535759076438235, -1.9701431594300132, 1.1535759076438235, 22.71046242402756, -5.2349020805865685, -1.9701431594300132, -5.2349020805865685, 30.51192011966208, 5.0, 0.0
185110, 0 ,1.0,1.0,1.0,79.37184311947404,173.9776921333031,135.4677397415552,8.658977816671916,49.860305886846106,83.83035270303296,37.0,199.0,198.0,-0.006465974376581036,-0.02970925680696551,0.9995376687425737,83.85589090328908,-0.0261140187674591,-0.9992126546002474,-0.029868527090195544,49.83675918511768,-0.9996380590989791,0.026295074571157432,-0.0056850553315763615,8.54652145698155,203.9628519519005,205.33179504219206,37.23676417055251,86.88586395911585,45.15974621665729,22055.0,1559477.8623052884, 0.0, 0.0,0.0,NaN, 105.55312691225782,105.55312691225782,1.9073486328125E-6, 74.97789682961634, 64.23921772000814, -43.09412530584869, 64.23921772000814, 2486.0501031298604, -134.6980671977912, -43.09412530584869, -134.6980671977912, 7027.528034314904, 7.0, 0.0
185117, 0 ,1.0,1.0,1.0,79.09976287003748,118.6428210816186,124.94330299089727,11.314913571236069,10.91656916571157,11.7435093213904,46.0,47.0,49.0,-0.55770442614168,-0.0638421644561652,0.8275807822197969,12.13007644336709,-0.6080298115703563,0.71013941961244,-0.3549672561719245,11.164474432242981,-0.5650358584228936,-0.7011605969748007,-0.43486583672006746,10.64539894911194,56.78110918454546,52.12070347793196,50.06808003953353,18.9508391907108,5.096514163984325,65365.0,148175.04867463236, 0.0, 0.0,0.0,NaN, 136.0487810072914,136.0487810072914,0.0, 128.0272691245422, -3.6842780734833034, -13.163394458863955, -3.6842780734833034, 119.17148234976462, -4.640307581603719, -13.163394458863955, -4.640307581603719, 137.91001118158323, 12.0, 0.0
185258, 0 ,1.0,1.0,1.0,145.7855967803531,105.14651449722393,84.05671102494051,9.74293524111915,13.464101721312321,11.485690911689733,41.0,56.0,49.0,-0.10288251972058433,0.9502368631076961,0.2940494705439708,13.689156241444081,-0.04522722391551691,-0.29978126801412647,0.9529353018776969,11.263551217006407,-0.9936647751394021,-0.08474134374134179,-0.07381882759887526,9.688515540193197,59.933411676306676,50.3649309081681,42.178219838919915,19.45857679263525,5.43062677768448,68082.0,127316.73389669246, 0.0, 0.0,0.0,NaN, 137.84743703391138,137.84743703391138,0.0, 94.92478711264148, -8.695900941276998, -4.251655197687222, -8.695900941276998, 181.2820351618454, 16.705374512003424, -4.251655197687222, 16.705374512003424, 131.92109571887212, 12.0, 0.0
186736, 0 ,1.0,1.0,1.0,73.76047982190224,60.9123602690413,50.374810534293296,12.920878741135164,12.098061490336796,12.237896488779262,55.0,51.0,51.0,-0.7106521423582598,0.26857048911912207,-0.6502641193668386,13.879290855341662,-0.5534675631958811,-0.7840169001818885,0.2810536545202636,12.587284635541542,0.43433534170227045,-0.5596314792821239,-0.7058083439184276,10.583187638601794,64.88044257931429,57.668626022229134,48.44999238725829,20.757351383207176,5.675444765932576,84448.0,181278.84321172602, 0.0, -7.105427357601002E-15,0.0,74.42077967747706, 108.11357710051348,108.11357710051348,1.3486991523486091E-6, 166.94910744311863, 4.760601922625736, 30.03716242749444, 4.760601922625736, 146.3630918239702, -24.313696324788417, 30.03716242749444, -24.313696324788417, 149.7661104700758, 14.0, 0.0
187850, 0 ,1.0,1.0,1.0,31.668378422161023,39.821918030131215,104.52755548355742,9.99618619537572,11.833979899737006,11.591579326954392,41.0,48.0,46.0,-0.15913271964211367,-0.8469118935366831,0.5073628111375671,12.118721079196098,-0.24261401041779126,-0.4646051264931748,-0.8516340284331393,11.438035250868586,-0.9569823506670853,0.2586161654312641,0.131538813622933,9.830538083828966,56.1357507429237,53.49040803677613,44.8578721680398,18.667925113342466,5.083316041298532,61730.0,134695.81888871462, -3.552713678800501E-15, 0.0,0.0,80.84344023526143, 108.18345071882709,108.18345071882709,0.0, 99.92373845262011, 10.622541454638226, 3.009129893146138, 10.622541454638226, 140.04308026737948, -8.053046858403603, 3.009129893146138, -8.053046858403603, 134.36471129307643, 12.0, 0.0
187903, 0 ,1.0,1.0,1.0,141.53432070635148,176.9008829393335,62.62176018228425,5.169571554070859,3.9828565718480706,4.547408347387583,23.0,19.0,21.0,0.7827124256987615,0.24682112732242073,0.5713497963280022,6.022683833074706,0.11587182866988553,0.8441639251468261,-0.5234128263630919,3.9382902498037273,-0.6115022305580388,0.47588506867519265,0.6321379781618487,3.3887591471781646,25.232269016237723,17.315010454949373,15.284586159034795,7.583374599854414,2.399785173874003,3511.0,6677.789866915044, 0.0, 0.0,-7.105427357601002E-15,55.15559511026684, 88.73155984528648,88.73155984528648,0.0, 26.7244700526586, 5.182837825636669, 10.841520335526837, 5.182837825636669, 15.863146471913366, 1.7167110633537295, 10.841520335526837, 1.7167110633537295, 20.678922677890263, 7.0, 0.0
187913, 0 ,1.0,1.0,1.0,27.937961595273265,151.88050221565732,153.16533727227966,54.249574545209754,9.100172811181723,73.66750417727354,199.0,40.0,198.0,0.09836725276894276,-0.02916943045766008,0.9947225884182317,73.86527512438052,0.9951491119628268,0.004348729790343796,-0.09828190834943935,54.02284856826694,0.0014589524625371127,-0.9995650218349912,-0.029455705418912435,8.842150112270518,217.34689986064396,217.6206042977115,40.162253010838214,74.02864714745674,54.52054710618159,20310.0,1899640.9793151182, 0.0, 0.0,0.0,NaN, 72.72895845490737,72.72895845490737,0.0, 2943.01633833627, -3.139171206709594, 248.42251723107208, -3.139171206709594, 82.81314519337106, -157.2562149896685, 248.42251723107208, -157.2562149896685, 5426.901171708614, 8.0, 0.0
188251, 0 ,1.0,1.0,1.0,25.60849539406346,120.29887410440122,142.0102354145343,3.5583668882208506,3.3465374582671616,3.6076652225630306,15.0,14.0,15.0,-0.5586192288588869,0.30173128881284084,0.7725948398096145,3.7540900345181343,0.8195745964006105,0.34392953045542846,0.4582684355434974,3.470381520881272,0.1274442548092237,-0.8891966640918363,0.4394169483350308,3.277162849343918,16.969449387994132,16.234189439205807,14.752556758926538,5.867288558719846,1.565714277120131,1954.0,4064.1118760322684, 0.0, 0.0,0.0,NaN, 101.83750439819107,101.83750439819107,0.0, 12.661974911186539, -0.19772840846113623, -0.9576099835625717, -0.19772840846113623, 11.199312959585235, 0.9872172558403087, -0.9576099835625717, 0.9872172558403087, 13.01524835809076, 4.0, 0.0
188561, 0 ,1.0,1.0,1.0,152.4170353982301,141.71994837758112,135.17311946902655,5.11740238210169,4.207899264659744,5.5584259436443,22.0,16.0,23.0,-0.36095642010605056,0.06584142501679278,0.9302555399114709,5.632418761068408,0.9197539719482567,-0.1397508236487474,0.3667728702820064,5.057622237750449,-0.1541528263433051,-0.9879952500094595,0.010113955166804647,4.181702826961627,25.137124469057937,22.167767343113667,17.069093915449372,8.338468040860885,2.2935285183279057,5424.0,9511.478231215515, 0.0, 0.0,0.0,NaN, 99.31378241101385,99.31378241101385,0.0, 26.187807140340055, -1.3785994155767796, -2.0506261502466603, -1.3785994155767796, 17.706416221524012, 0.45722132622626305, -2.0506261502466603, 0.45722132622626305, 30.89609897097803, 6.0, 0.0
189355, 0 ,1.0,1.0,1.0,149.291505377267,161.88423211940707,91.4217356599061,66.83887227592959,13.305416372942418,13.568202771567746,199.0,52.0,57.0,0.9999597955700287,0.008648335804058839,0.0023692892112626386,66.8414499950772,-0.0068712084417772495,0.5692485191863288,0.8221367951251919,13.81486331712336,-0.005761400706079863,0.8221200214640152,-0.569285057392087,13.035919319732171,199.48376551283195,68.02345163288018,64.14200085584969,55.15549742319713,42.26625347041651,116509.0,870379.6447545966, 0.0, 0.0,0.0,NaN, 111.27487110350086,111.27487110350086,0.0, 4467.434847118028, 37.08589743735419, 10.064274792357324, 37.08589743735419, 177.03410485736416, 9.876407578649081, 10.064274792357324, 9.876407578649081, 184.09612645037865, 18.0, 0.0
189379, 0 ,1.0,1.0,1.0,32.918198098911695,98.32442485190798,99.60093676814988,7.692846717752139,10.4375667284648,11.068057030697478,34.0,44.0,46.0,0.37207239226577593,0.4137936472076373,0.8308651830737792,11.893358711742476,-0.041261914052438516,0.9016209884741339,-0.43055434917284907,10.164938088683975,0.9272861421170662,-0.12591429892402206,-0.352542196005131,6.77101384401172,53.555213152620794,44.28588446337793,31.278791006111298,16.32446126587468,4.912895342637477,36295.0,74185.15922058567, 0.0, 0.0,0.0,NaN, 143.7763780794004,143.7763780794004,0.0, 59.17989062282985, 12.581132866381456, 30.576778654487807, 12.581132866381456, 108.9427992111554, 10.55646699421489, 30.576778654487807, 10.55646699421489, 122.50188643477189, 10.0, 0.0
189426, 0 ,1.0,1.0,1.0,124.64235964198535,74.01980471928397,166.61912123677786,10.487799209926072,10.054206943388596,13.092274713016456,43.0,41.0,53.0,-0.07778642312212725,-0.10103083393225257,0.9918377099973663,13.127997609957538,-0.8264378221813652,-0.5499097226614922,-0.12082972726313417,10.826212658251588,-0.5576287281390618,0.829091109298197,0.0407201920022195,9.640407922933646,55.27290189648622,50.99240939430217,45.04237014224599,18.83125573879656,5.279438794920005,61450.0,126951.85006615681, 0.0, 0.0,0.0,NaN, 110.7790075691859,110.7790075691859,0.0, 109.99393226772592, 11.653673691061087, -3.702857161583908, 11.653673691061087, 101.08707726048347, -6.344466567049075, -3.702857161583908, -6.344466567049075, 171.40765716109013, 16.0, 0.0
189879, 0 ,1.0,1.0,1.0,175.19477607859577,59.39768149754844,98.07618978182018,40.4812969998732,78.86386384384171,12.180399410149287,199.0,199.0,50.0,0.04319653351943019,0.9990472364216121,0.006219235503222238,78.91977970761373,-0.9990235134908857,0.043136024751458266,0.009555253056180308,40.376767036890115,-0.009277876062483956,0.006625916312584253,-0.9999350070123499,12.165180291024686,207.64284116738986,207.7528477263613,49.39893856735941,76.89056093735275,45.76514170961931,54863.0,2130990.754691511, 0.0, 0.0,0.0,NaN, 117.31292641135,117.31292641135,0.0, 1638.7354067919432, 198.52163344179394, -12.516361919846565, 198.52163344179394, 6219.509020380005, 38.39000221169508, -12.516361919846565, 38.39000221169508, 148.3621297907651, 11.0, 0.0
190160, 0 ,1.0,1.0,1.0,107.27989385588896,96.87054500918555,138.8996529904062,8.294495447861788,8.776893754705489,7.477566222616178,35.0,37.0,30.0,-0.5114769247297939,-0.8592389391051726,-0.009990044763195443,9.040200361053962,-0.7236349705384372,0.4244284638684239,0.5442544519543466,8.370766102624115,-0.4634045585476998,0.28560273910400114,-0.8388607098520611,7.0676422954729015,40.49623430378077,40.12013741298784,33.848453615861274,13.707981040558781,3.719915472330168,24495.0,54994.07288373607, 0.0, 0.0,0.0,NaN, 147.3572969976195,147.3572969976195,0.0, 68.79865473459992, 7.784998710635787, -7.7610133048468715, 7.784998710635787, 77.03386398138822, 4.919975490205236, -7.7610133048468715, 4.919975490205236, 55.91399661361038, 11.0, 0.0
190471, 0 ,1.0,1.0,1.0,155.7637628662626,160.6076462360578,54.09062869849012,7.879769589513569,8.48251173940375,9.515890065035197,37.0,34.0,43.0,0.3693641534723002,-0.23004945611587416,0.9003595780967072,9.941273835883715,0.3283457102044021,0.9386875398203783,0.10514179557308789,8.466139262137093,-0.8693441302039474,0.25679359479308816,0.42225328057125333,7.354692273430313,43.36649938264959,38.384737382745215,32.95293480375591,14.435761771262785,4.025508664274472,27883.0,54853.840494534954, 0.0, 0.0,0.0,NaN, 80.21470141946389,80.21470141946389,0.0, 62.09076878382284, 1.6182105855508147, 15.48495395893401, 1.6182105855508147, 71.95300540912243, -7.530879820627289, 15.48495395893401, -7.530879820627289, 90.55216372983558, 8.0, 0.0
191403, 0 ,1.0,1.0,1.0,160.74870591483193,126.61094623507489,151.20846849333978,62.66864253800529,8.228729049752989,8.273592375556863,199.0,35.0,36.0,-0.9999724901148659,2.3544075921619827E-4,0.007413742720327635,62.67033641510987,0.005492282470564994,0.6952736821558113,0.7187241068273444,8.71421289967165,0.004985363250339525,-0.7187450531789064,0.6952558483638331,7.746902431524326,199.20517105889732,41.14916812143275,37.46071689991169,45.05256723389711,45.09755265824061,28978.0,307070.2567327435, 0.0, 0.0,0.0,NaN, 96.47399051887942,96.47399051887942,0.0, 3927.358757556286, -0.8497511738624133, -28.60942551009355, -0.8497511738624133, 67.71198177424871, 7.963637027880309, -28.60942551009355, 7.963637027880309, 68.45233079687264, 11.0, 0.0
191466, 0 ,1.0,1.0,1.0,100.65205741180857,100.50631436693229,171.85677338179784,10.319400735165065,9.558648763162813,9.699185617350672,44.0,41.0,38.0,0.833371401360848,0.2935158777947684,0.46833805832563186,10.824130782090005,0.08763613949052244,0.7664541551646671,-0.636292334612019,9.634025019878864,0.545721553953162,-0.5713111739789294,-0.6130183749593181,9.052941736188354,49.45349169632922,46.04741206704284,42.89797444227939,16.494357618214774,4.457372108396714,42918.0,97687.4952008558, 0.0, 0.0,0.0,NaN, 143.39124234708956,143.39124234708956,0.0, 106.49003153292529, 9.341040878917985, 13.135402323276775, 9.341040878917985, 91.36776617751396, -0.4560717085251141, 13.135402323276775, -0.4560717085251141, 94.07420163982215, 11.0, 0.0
191471, 0 ,1.0,1.0,1.0,120.99547365883708,66.45892814098616,141.32905696761924,9.146389063246627,84.70170356033012,9.538679138816923,37.0,199.0,42.0,0.006257920318812762,-0.9999804183450632,-3.687432022730219E-5,84.70334290026493,-0.47791556063131285,-0.003023207121186722,0.8784005789644951,9.70492209754076,0.878383489906169,0.005479338019734483,0.4779251212429874,8.954306630466986,199.215941696871,46.248760502463654,42.40691392784538,78.95576788620339,33.39173754286505,37337.0,390715.69334206363, 0.0, 0.0,0.0,NaN, 118.74672150568678,118.74672150568678,0.0, 83.65643289627751, -44.37556421630405, -5.881334584258833, -44.37556421630405, 7174.3785860220405, 0.22440498325599775, -5.881334584258833, 0.22440498325599775, 90.98639971330115, 11.0, 0.0
191550, 0 ,1.0,1.0,1.0,65.43578111709668,18.626311312730365,60.836971930819395,4.448973670460207,5.064748842386481,88.1968332138944,18.0,22.0,198.0,-0.0026293603460871592,8.322538294823602E-4,0.999996196901635,88.197167665967,0.44354296954565964,-0.8962510685344699,0.0019121499519689277,5.249966654033534,0.8962492513976166,0.4435463104393769,0.0019874266847984268,4.221836371680999,198.0565625187071,22.820807764942682,18.827474380289722,80.84317778989006,35.89578027218028,3527.0,85096.62090780913, 0.0, 0.0,-7.105427357601002E-15,0.15801799502283403, 91.2683848724992,91.2683848724992,0.0, 19.793366720448166, -3.888188400245698, -20.39790923098087, -3.888188400245698, 25.651680836455206, 6.4423388162233755, -20.39790923098087, 6.4423388162233755, 7778.681388959506, 6.0, 0.0
192101, 0 ,1.0,1.0,1.0,31.351067073170732,71.95284552845528,117.63993902439024,7.9808315758347215,6.739114380589964,8.809549419345764,37.0,31.0,39.0,-0.585615708177511,-0.027411413670154504,0.8101252105300486,9.632280201203137,-0.768746385242508,-0.29817293413141616,-0.5657931570176852,6.992885098673553,-0.25706660131633063,0.9541181875177024,-0.15354232880741736,6.710903990571588,42.02064174531684,31.702052468766254,32.141353506388256,13.105584636075179,3.8679642701400296,19680.0,42816.8016035116, 0.0, 0.0,0.0,NaN, 113.76854147862825,113.76854147862825,0.0, 63.69367264184052, 1.6521743010113046, -20.970342414609483, 1.6521743010113046, 45.41566263467445, -0.4083402736466758, -20.970342414609483, -0.4083402736466758, 77.60816097189529, 7.0, 0.0
192862, 0 ,1.0,1.0,1.0,131.07454045447966,79.88840642640035,35.42707579485695,8.362429549085427,7.981019373487891,7.1697014146516835,36.0,34.0,32.0,-0.8593202492025996,0.5110464993164733,-0.02000462063524335,8.55454796486162,-0.47800479164495163,-0.7886211657001534,0.38676617765026755,7.898742192086054,0.18187943389742747,0.34191831268025075,0.9219608120625532,7.0328584145072925,39.51783694175883,37.51913094085239,33.706273134106695,13.095893634495676,3.6781906547434193,20727.0,49975.44510524267, 0.0, 0.0,0.0,NaN, 111.30118667060754,111.30118667060754,0.0, 69.93022796341708, -5.542557433723579, -1.9825267575169334, -5.542557433723579, 63.696670239989054, -4.185997669054669, -1.9825267575169334, -4.185997669054669, 51.40461837525835, 9.0, 0.0
193093, 0 ,1.0,1.0,1.0,26.418599973179564,95.9564838406866,139.8945956819096,6.443749240595575,8.519919461232936,6.086323637236913,28.0,36.0,25.0,-0.175603831552841,-0.9737757721725668,0.14465144269478508,8.623744927800226,0.9482866474017163,-0.20678039443860452,-0.2408200631912301,6.389693354050306,0.2644158253652273,0.09488210582368198,0.9597299918679678,5.996424733139386,37.34950899406639,28.52610983079036,26.58603813250869,11.818673613500785,3.3872143918420807,14914.0,28325.727326391407, 0.0, 0.0,0.0,NaN, 116.26800438578083,116.26800438578083,1.3486991523486091E-6, 41.52190427567605, 5.613227261807256, -2.088102510537864, 5.613227261807256, 72.58902762589571, -5.168057355668541, -2.088102510537864, -5.168057355668541, 37.043335417188764, 6.0, 0.0
193223, 0 ,1.0,1.0,1.0,161.0645770987557,71.35103953378484,53.66195463852575,7.95572212140841,8.683668958114199,8.287747401563072,32.0,38.0,38.0,-0.315137489559827,0.7955397371946183,0.5174986852333517,9.27375915319981,0.6783988330627678,-0.19248936829727553,0.7090295243440792,8.071181809798944,-0.6636741564751524,-0.5745122884994133,0.4790326130757293,7.499319529191436,41.479720106971705,39.23297274398627,37.183719330305934,13.89196824631333,3.794679997407362,25396.0,60511.77077806203, 0.0, 0.0,0.0,NaN, 97.39888795400933,97.39888795400933,0.0, 63.293514473067134, -8.624417421460372, -0.5708617737904529, -8.624417421460372, 75.40610657411612, 11.037827783806211, -0.5708617737904529, 11.037827783806211, 68.68675699211546, 7.0, 0.0
193768, 0 ,1.0,1.0,1.0,12.30889515508844,17.707938135520806,86.20302486541912,5.956637462978418,29.24111466211023,5.821019678272627,25.0,199.0,23.0,0.014603694034688676,-0.9997951588403922,0.014013296537783416,29.24685573053946,-0.8870656968449446,-0.019421829903515004,-0.4612344761660728,5.991151150330682,0.46141216022286835,-0.005694987490204389,-0.8871676197404593,5.756398562797335,199.27697549301976,27.87937179560847,27.373084333059282,15.40865050578427,26.2103429247587,11703.0,152077.10696260445, 0.0, 0.0,0.0,NaN, 88.85967290564635,88.85967290564635,0.0, 35.48152986535796, -11.957805379809233, 1.2965961814500415, -11.957805379809233, 855.042786682678, -11.495262839442876, 1.2965961814500415, -11.495262839442876, 33.884270094837156, 4.0, 0.0
193925, 0 ,1.0,1.0,1.0,118.00516514648977,178.40118850193477,35.10826077943615,9.989686375435978,10.95300245694642,11.768539566272977,40.0,44.0,47.0,0.08027057805078357,-0.2870903434073773,0.9545343205048349,11.866674940025401,-0.2015008940538748,-0.9425269487766231,-0.2665339387870085,10.896473956581382,-0.9761936406240733,0.1709446856502465,0.13350614387756138,9.935265542787208,52.57628027080332,48.60885976206123,44.16056857489503,18.26470489936465,4.9660019294682485,57888.0,112859.97429479584, 0.0, 0.0,0.0,NaN, 91.77282591126998,91.77282591126998,0.0, 99.7938338795712, 2.832504917045344, 4.301800546347075, 2.832504917045344, 119.96826282187432, -6.509056252446471, 4.301800546347075, -6.509056252446471, 138.49852352293254, 13.0, 0.0
193939, 0 ,1.0,1.0,1.0,120.06926140477914,108.13986241853729,108.00322230267922,7.251129161070101,9.802508049732358,8.56105286235605,33.0,42.0,37.0,0.005002939440631765,-0.9644179073273396,0.26433514829342836,9.896201129736065,-0.1265874045651326,-0.2628227108973127,-0.9565039736676748,8.471098999097501,-0.9919428408947852,0.028676168902821327,0.12339804591094633,7.229477798219139,43.08542263240375,38.62965852462624,33.06693834805827,14.358972627218805,3.9723506112165055,27620.0,55035.79092541155, 0.0, 0.0,0.0,NaN, 152.61263039327068,152.61263039327068,0.0, 52.578874110521184, 0.4282202459572006, 2.420776094677012, 0.4282202459572006, 96.08916406506768, -6.741833734802778, 2.420776094677012, -6.741833734802778, 73.2916261120547, 7.0, 0.0
193987, 0 ,1.0,1.0,1.0,52.96932068359282,83.5049337155709,74.63100875873101,11.61624150075254,11.331465968408123,11.119261287091165,50.0,47.0,46.0,-0.6269114848815597,-0.6959582214833376,0.35017730376674533,13.035414405721312,-0.5986627574104768,0.14268407921964174,-0.7881904315753439,11.370737355821667,0.4985828847977858,-0.7037637440839023,-0.50609455588825,9.368108796530732,61.811710708018225,53.48645831865257,44.70894835694951,18.944137569727104,5.30064249943722,63137.0,147811.78419983867, 0.0, 0.0,1.4210854715202004E-14,69.50183981446938, 123.88950866344159,123.88950866344159,0.0, 134.93706660380565, 32.299334092640684, 1.5606738357169685, 32.299334092640684, 128.40212099319143, -24.694055137690263, 1.5606738357169685, -24.694055137690263, 123.63797157060428, 10.0, 0.0
194642, 0 ,1.0,1.0,1.0,34.25408706305755,148.93811018798576,129.8105402197634,10.449293151744955,11.634533038125532,9.869691507596064,46.0,47.0,43.0,-0.47415404265102024,0.8745381213881631,-0.10178908623500334,12.183498208909944,-0.6527057034790265,-0.27156136339585113,0.7072691782882498,10.357371707887305,0.5908918754591604,0.401792857265344,0.6995779380218528,9.286986569366626,55.96315148765882,47.91611741383879,45.5066713780117,17.804943419422457,4.994485626432222,52238.0,122027.82020422799, 0.0, 0.0,0.0,NaN, 93.31248220864806,93.31248220864806,0.0, 109.18772737110403, -22.06082806625706, -6.705392632507368, -22.06082806625706, 135.36235901523452, -9.574610886127061, -6.705392632507368, -9.574610886127061, 97.41081045511386, 9.0, 0.0
194670, 0 ,1.0,1.0,1.0,159.78067053755385,183.02921895486045,176.47675594680652,64.41488569137218,13.96819388834997,39.710873658036505,199.0,199.0,198.0,-0.9953441357457138,5.061426382427063E-4,0.09638358395622687,64.60364241125177,-0.09634143750953889,0.02480706135666726,-0.995039163613896,39.41367540305021,0.0028946252284036433,0.9996921293710759,0.024642800537089712,13.938185112909268,217.17059234532428,220.32788030057634,203.83827062778667,55.28256095213854,53.52737505607346,26695.0,9753403.65403447, 0.0, 0.0,0.0,NaN, 49.58774931852583,49.58774931852583,9.5367431640625E-7, 4149.277498632545, -5.2530782176172774, -251.4647160116654, -5.2530782176172774, 195.11044050253747, -33.35549240076794, -251.4647160116654, -33.35549240076794, 1576.9534866845374, 7.0, 0.0
194753, 0 ,1.0,1.0,1.0,38.44028144239226,60.44167608996105,25.23624827239603,11.686335792195953,79.48907812652263,13.793381723345991,47.0,199.0,198.0,0.003542582718841816,-0.9999922078902742,0.001741914583155456,79.48968294631959,-0.03986464621477987,-0.0018817652993216505,-0.9992033171189578,13.795814463520509,-0.9991988090914892,-0.003470319595241161,0.03987100189431267,11.679348158181627,199.20466227204753,198.84828177141975,48.16194440372461,72.53280891301746,37.206625703043855,79590.0,1907767.0925830072, 0.0, 0.0,3.552713678800501E-15,89.90019559564067, 75.9455046253569,75.9455046253569,0.0, 136.5704442479602, -21.896748505394946, 2.185832240717387, -21.896748505394946, 6318.513541404418, -10.667405899228463, 2.185832240717387, -10.667405899228463, 190.2573793659352, 13.0, 0.0
194883, 0 ,1.0,1.0,1.0,75.70252270433905,123.17709384460142,170.16770938446015,6.5578619744798,7.913739028995335,4.27884367900574,28.0,34.0,18.0,0.36488814432829214,0.9292727737081978,0.05752177129859734,8.150242660069356,0.9305598609324747,-0.36199163197938417,-0.05495819864438073,6.279394273002519,0.03024875782554564,-0.07358104661918614,0.996830397925563,4.252537415580057,35.582112722534106,27.662854305708855,17.327105528798597,10.650887037226262,3.240359184563084,9910.0,17055.118490192468, 0.0, -1.4210854715202004E-14,0.0,21.67826397756357, 111.90440749734645,111.90440749734645,1.3486991523486091E-6, 43.005553676328105, 9.201218229453591, -0.07705274819490392, 9.201218229453591, 62.62726541904402, 3.0087457144573477, -0.07705274819490392, 3.0087457144573477, 18.308503229367375, 6.0, 0.0
194915, 0 ,1.0,1.0,1.0,102.9548861864671,90.26576863111943,42.47040848144683,13.480951382671485,11.25019543994506,63.521103647491,53.0,45.0,198.0,0.01171265800662479,0.002909065852210255,0.9999271728372457,63.5255215385971,-0.9893871200461082,-0.1448063364812431,0.012010478830997318,13.50572101301668,-0.14483072992044393,0.989455740420333,-0.0011821251891457447,11.195408406217428,198.64401616300893,56.28655546277304,47.55513239535285,49.344071177565,43.68519424058352,80175.0,531713.3376921887, 0.0, 0.0,0.0,NaN, 139.1739871464107,139.1739871464107,0.0, 181.73605018195224, 8.309239602603812, 45.116837760865494, 8.309239602603812, 126.56689743696062, 11.274818036511872, 45.116837760865494, 11.274818036511872, 4034.930608595295, 12.0, 0.0
195026, 0 ,1.0,1.0,1.0,79.42464579420506,150.51995769588447,47.66388286136285,10.74268995036763,11.65598438559603,10.110960898585315,44.0,47.0,45.0,-0.4930860259929022,-0.8688374889380489,0.04458238201748848,12.008878540464506,0.6383962024789271,-0.39616763302878,-0.6599253709328491,11.146639274420277,0.5910299989264602,-0.29693875522774116,0.7500072773065526,9.221613673649092,54.84093484417511,48.6547165228956,43.902309868914514,18.107952247959684,5.059738634095006,54841.0,117143.22244291232, 0.0, 0.0,0.0,NaN, 105.01616387668004,105.01616387668004,0.0, 115.4053873697297, 15.434733596729599, -17.8195237883224, 15.434733596729599, 135.86197199725848, 7.95881512387155, -17.8195237883224, 7.95881512387155, 102.23153029272115, 13.0, 0.0
196169, 0 ,1.0,1.0,1.0,120.81359700444652,56.60051486075357,15.815001170138077,7.529138808600019,7.82944179834657,6.904445574624578,33.0,35.0,31.0,-0.6537484027650656,-0.7566471716620611,0.009903711320959668,8.61231421383779,-0.4797677523131445,0.42457273021840347,0.767828692219354,7.515570038441569,-0.5851802540435882,0.497215299815577,-0.6405786570802895,5.916393297036903,38.35966568226054,34.2001278003965,27.25603668301764,12.376164459837968,3.53412111123287,17092.0,35757.34357991463, 0.0, 0.0,1.7763568394002505E-15,89.43254986328623, 98.61145452678434,98.61145452678434,0.0, 56.68793119916691, 14.99942899288328, -8.166417404162198, 14.99942899288328, 61.300158873696375, 6.708976596636033, -8.166417404162198, 6.708976596636033, 47.671368692952925, 4.0, 0.0
196327, 0 ,1.0,1.0,1.0,58.1952083952084,38.625482625482626,108.93022473022474,11.173014040840272,65.03569785831579,11.701068358555158,45.0,199.0,47.0,0.020666267708137648,-0.999742249555787,0.009398927180793016,65.05198597177088,0.3545459093737481,-0.001461585095946526,-0.9350374655142696,11.781934276488403,-0.934810196524063,-0.022656085763908314,-0.35442431949924214,10.991741683626302,199.87500974222274,51.55354170216948,49.83426333430597,49.76229190944192,44.88994924619902,50505.0,513505.4380328462, 0.0, 0.0,-1.4210854715202004E-14,89.46147321149695, 114.77070251549637,114.77070251549637,1.3486991523486091E-6, 124.83624275681386, -84.94526548272154, -5.167272262454831, -84.94526548272154, 4229.641995918141, -38.603896628608204, -5.167272262454831, -38.603896628608204, 136.9150007315807, 11.0, 0.0
196362, 0 ,1.0,1.0,1.0,179.6458224490616,123.64067837479404,88.58662540690432,9.293885433116667,6.864516094675241,8.87406030099848,199.0,27.0,36.0,-0.8133914712681802,-0.08697831252726734,0.5751774401157377,9.63064596030874,-0.5781794913942978,0.22975138290374864,-0.7828938483503658,8.617903248668444,0.06405302646413565,0.969354978944104,0.2371668918653289,6.7252684606259105,169.7136648845487,121.18048030799008,29.034347952882797,13.958830895438554,4.1710758703536905,24883.0,597119.9187703164, 0.0, 0.0,0.0,NaN, 118.71237822493475,118.71237822493475,NaN, 86.37630644389819, -0.4955472203085906, -9.087411899246586, -0.4955472203085906, 47.12158121405542, -7.600610144953209, -9.087411899246586, -7.600610144953209, 78.74894622575722, 7.0, 0.0
196462, 0 ,1.0,1.0,1.0,51.30864090316978,118.17577073382544,25.973425966131135,6.2348110894314965,6.051869012465898,6.6979097221249395,25.0,25.0,29.0,0.32406828407310273,-0.27886173099845496,0.903999934868615,6.802394308763534,0.8323315346179052,-0.3701586636331618,-0.41256124420250045,6.228695771545223,-0.4496709505166174,-0.8861256675674493,-0.11214872954975794,5.940602929359517,31.243262808336937,29.44619183978344,27.91422381560166,10.599914949323978,2.828742755674407,11515.0,25680.94941971031, 0.0, -1.4210854715202004E-14,0.0,73.807718991471, 100.01199919385684,100.01199919385684,0.0, 38.87286932089797, -2.0725739633534954, 2.0133255854424594, -2.0725739633534954, 36.62511854404496, -2.2330190321709895, 2.0133255854424594, -2.2330190321709895, 44.861994645735784, 8.0, 0.0
