// Sample: .//bubblelabels.tif, Map: .//bubblelabels.tif, Thickness:(8.191250068658265):/gpfs/home/mader/Foam/NewValid/InSilicoTest/LatticeData_Phi_6.65/out_Step_06000.vtk/distmap.tif, Neighbors:(1.0):
//LACUNA_NUMBER, TRIANGLES, SCALE_X, SCALE_Y, SCALE_Z, POS_X, POS_Y, POS_Z , STD_X, STD_Y, STD_Z,PROJ_X, PROJ_Y, PROJ_Z, PCA1_X, PCA1_Y, PCA1_Z, PCA1_S, PCA2_X, PCA2_Y, PCA2_Z, PCA2_S, PCA3_X, PCA3_Y, PCA3_Z, PCA3_S,PROJ_PCA1, PROJ_PCA2, PROJ_PCA3,OBJ_RADIUS, OBJ_RADIUS_STD, VOLUME, VOLUME_BOX, Mask_Grad_X,Mask_Grad_Y,Mask_Grad_Z,Mask_Angle, Mask_Distance_Mean,Mask_Distance_COV, Mask_Distance_STD, SHAPET_XX, SHAPET_XY, SHAPET_XZ, SHAPET_YX, SHAPET_YY, SHAPET_YZ, SHAPET_ZX, SHAPET_ZY, SHAPET_ZZ, Thickness, Thickness_STD, Neighbors, Neighbors_STD
1, 0 ,1.0,1.0,1.0,182.7501561584071,35.2769145020709,20.773267602656134,11.469395288381845,18.664163270536626,13.993113771602875,49.0,84.0,64.0,0.18412111645925175,0.9698730904410184,0.15951677940639183,18.903605178805545,-0.45438880900468337,0.22789761219446675,-0.8611582250709602,14.875412518783511,-0.8715676822399419,0.08607477443739932,0.4826602412468285,9.85297242131941,96.6878243633453,76.75716875596844,54.58721106213751,24.558879203407454,8.518609286018913,104061.0,405118.0944679743, 0.0, 0.0,0.0,NaN, 44.424615431507384,44.424615431507384,0.0, 131.54702828115566, 33.615538003088076, 56.24239805884549, 33.615538003088076, 348.3509905892484, 15.89153977726369, 56.24239805884549, 15.89153977726369, 195.80723302502201, 10.1395761466463, 7.032623987831578, 8.0, 0.0
2, 0 ,1.0,1.0,1.0,60.75604915063218,83.50129355776295,32.96472488513116,16.41301050090391,17.762631248048116,17.506548047542854,79.0,84.0,71.0,-0.08318500000932859,0.7446960767416945,0.6621993725902926,18.49304741078149,-0.5225001187664399,-0.5984322250491714,0.6073487448836579,16.958795604344747,-0.8485716714942257,0.2954769454766771,-0.4388843731887346,16.179729794112426,92.54151597672723,89.62520346460121,76.6327095150866,28.73374591756837,8.108578953339904,219163.0,635595.6928181112, 0.0, 0.0,0.0,NaN, 108.39943090702148,108.39943090702148,0.0, 269.386913702782, 3.1037522760029685, -12.611115854485043, 3.1037522760029685, 315.5110688541353, 30.17071540586276, -12.611115854485043, 30.17071540586276, 306.47922454092645, 10.703536813661621, 6.707597383846707, 20.0, 0.0
3, 0 ,1.0,1.0,1.0,56.66441443257408,151.67963716992543,14.1589195726668,15.544095736337466,21.917286747328692,9.392982105909569,80.0,89.0,40.0,-0.1490758913290859,0.9887755366144682,-0.009965782317970406,22.042620658687763,0.9734542588901831,0.14852117404780718,0.1741501269250898,15.521803577047166,0.17367551489200322,0.016260352155830465,-0.9846686836061993,9.132960729125536,93.37339112439558,73.61632952690907,42.96958702404615,26.805212179683725,9.575754981677544,124025.0,295364.6192858868, 0.0, 0.0,0.0,NaN, 75.80361686939357,75.80361686939357,0.0, 241.6189122604246, -36.55120194598257, 27.30107148989302, -36.55120194598257, 480.36745836462995, 0.10826326450927817, 27.30107148989302, 0.10826326450927817, 88.22811284193737, 10.149072893226707, 6.64501162320078, 10.0, 0.0
4, 0 ,1.0,1.0,1.0,167.37420890726335,185.26326978466602,83.55374532202129,17.63505635692841,8.351530794367687,18.050898046495146,72.0,35.0,84.0,-0.6525382131614004,-0.018082298422942386,0.7575400391054391,19.155059172324332,0.7550128848202122,0.06946961039394772,0.6520195679480593,16.46170488674616,0.06441602377970553,-0.9974201741069092,0.03167920713899959,8.28698859252902,89.32091544224338,82.10467263979425,36.635189812271705,25.151264239837772,8.601866468628616,102074.0,268670.19179296255, 0.0, 0.0,0.0,NaN, 90.90017502295376,90.90017502295376,0.0, 310.99521271204105, 14.130512021034907, -47.83262544884362, 14.130512021034907, 69.74806660927176, 5.078562630653402, -47.83262544884362, 5.078562630653402, 325.8349202849622, 10.780266411747752, 6.757187460209714, 12.0, 0.0
5, 0 ,1.0,1.0,1.0,13.827821862348179,115.96195141700404,143.58545748987854,8.785338727177727,17.45626906395629,20.62319104208548,35.0,86.0,103.0,-0.010828590053709519,0.0621524474033131,0.9980079232747736,20.63506426275245,0.06636467406973971,-0.9958212098958267,0.06273633681710253,17.472312407921613,-0.9977366745154085,-0.06691181662001214,-0.006658612734193416,8.725361707969821,102.12997726305372,85.84475341984805,37.54829949936062,26.78198801474286,9.48391443028738,123500.0,329198.0591074212, 0.0, 0.0,0.0,NaN, 102.15773526131599,102.15773526131599,0.0, 77.18217655124876, -15.379239393269787, -2.824873133078949, -15.379239393269787, 304.7213296332375, 7.373854775262857, -2.824873133078949, 7.373854775262857, 425.3160087583548, 11.365871579540887, 6.92751257821207, 17.0, 0.0
6, 0 ,1.0,1.0,1.0,58.129699071904,150.42583825505454,185.2926861660573,18.1163078152258,21.737827206067646,8.388375538044262,89.0,90.0,36.0,0.048952408243014514,0.9973601818484515,0.05363142167082001,21.774280857468288,0.9975214874974483,-0.046101984054624436,-0.05315532943275778,18.12501062623018,0.050542494082574656,-0.056100576908363564,0.997145015312448,8.274253295812217,92.16108437026836,89.09834436386944,39.49529455081108,27.680279427194147,10.242105032493155,128004.0,324311.66294508567, -7.105427357601002E-15, 0.0,0.0,87.19411220614258, 77.800800170141,77.800800170141,0.0, 328.2006088560114, 7.846186316752611, -12.723924062755318, 7.846186316752611, 472.53313164085466, 22.335754896522392, -12.723924062755318, 22.335754896522392, 70.36484416725936, 9.648969714927329, 6.448093342366175, 17.0, 0.0
7, 0 ,1.0,1.0,1.0,184.5272506827385,177.5559256992184,138.6887889631792,10.05599079057248,14.127153648443059,16.480436613495353,42.0,58.0,77.0,0.007278264969421345,0.3948897863203903,0.9186996699242206,16.97603374307595,0.32712124935764725,-0.8691154683510702,0.3709851626299807,13.933969492603314,-0.94495434549915,-0.2978260554967244,0.13550249292738206,9.48488189127212,79.37859070059378,69.54972081756513,48.41542182871541,22.673212503963544,7.630835256274693,84952.0,267289.8671874483, 0.0, 0.0,0.0,NaN, 67.09848762420356,67.09848762420356,0.0, 101.12295078007853, -29.052858884942736, 13.969929531385192, -29.052858884942736, 199.57647020671806, 38.31757420232474, 13.969929531385192, 38.31757420232474, 271.6047909714382, 10.959546877630283, 6.739129761426323, 7.0, 0.0
8, 0 ,1.0,1.0,1.0,81.63198568206741,22.272625230183525,43.2950849351348,17.811191388793166,13.868905095916865,19.67878198300279,97.0,57.0,86.0,-0.3395753187994359,0.05722008598769129,0.9388367614350336,19.9811590887843,0.9340496949924175,0.1379195697729626,0.3294379449277392,17.555426794303774,0.11063349468778794,-0.9887891858395308,0.1002804857385778,13.76225995688417,95.42094311009552,92.43434189295921,63.556618746690276,28.57236553854331,8.969919459726553,193324.0,560580.3141171021, 0.0, 0.0,0.0,NaN, 95.0490152530893,95.0490152530893,0.0, 317.23853868821976, 11.22594812142636, -30.346386828346233, 11.22594812142636, 192.34652855954877, 16.67052486237351, -30.346386828346233, 16.67052486237351, 387.2544603345552, 9.40041290009366, 6.171473489485355, 14.0, 0.0
9, 0 ,1.0,1.0,1.0,51.7727186960245,183.3395213144259,121.83967371583668,14.939969675547696,9.535376563438334,12.336250277170345,64.0,35.0,56.0,-0.9835088738741413,0.03477897924507085,0.1774844151284541,15.027582294221926,-0.17367755522850248,0.092187546403566,-0.9804782318327832,12.256887225475909,0.05046188483072062,0.9951341009586403,0.0846269418599646,9.499981944519282,63.107363161738206,59.44788278553828,38.75136188114175,20.630311072529544,6.379610964979284,68897.0,145379.57544766113, 0.0, -2.8421709430404007E-14,0.0,88.00690933612685, 95.2209144886617,95.2209144886617,0.0, 223.2026939062847, -5.597884316260595, -13.452161186753026, -5.597884316260595, 90.92340620656904, -4.584722811745747, -13.452161186753026, -4.584722811745747, 152.18307090098543, 10.988051589892917, 6.54015787509644, 9.0, 0.0
10, 0 ,1.0,1.0,1.0,169.86376899084414,95.85758581895014,16.623082622177098,16.093645731053673,15.541729618101298,10.505149524456728,66.0,75.0,41.0,0.8796425615155661,0.4523437418827113,0.1470173566279891,16.381683681197263,0.45929756095712404,-0.8881483464436033,-0.01543584167872689,15.352951505864574,-0.1235909158035935,-0.08110273663102313,0.9890134638324132,10.336163640238517,77.76344272100206,69.07056303875633,45.09142692814896,23.638057048014478,7.221580018593071,109329.0,242193.48386146422, 0.0, 0.0,0.0,NaN, 101.84888833138203,101.84888833138203,NaN, 259.0054329166621, 11.698240020373545, 19.974939792504298, 11.698240020373545, 241.54535952216713, 12.50849634065344, 19.974939792504298, 12.50849634065344, 110.35816653119342, 9.723699151492934, 6.073996880675681, 12.0, 0.0
11, 0 ,1.0,1.0,1.0,88.48810561538677,180.04411185782976,79.13057812895426,16.228869267337867,11.402951593812869,19.24987268961245,81.0,50.0,91.0,0.5030963974892984,-0.1052291346693489,0.8578000023607074,20.755355211536273,0.8640932185292272,0.04356960754776275,-0.5014425181313756,14.376040378226191,-0.015392352812058292,-0.9934930893140993,-0.11284749425678518,11.247479468753616,91.81010789844157,70.83051805776272,54.46051556202107,26.312921841828505,8.46116099949202,142252.0,354154.41842122015, 0.0, 0.0,0.0,NaN, 120.3745434133197,120.3745434133197,0.0, 263.37619769634347, -13.090591785961248, 96.57861708935194, -13.090591785961248, 130.02730505083943, -29.217321216989493, 96.57861708935194, -29.217321216989493, 370.5575985662872, 10.324257564707713, 6.203943241936812, 14.0, 0.0
12, 0 ,1.0,1.0,1.0,154.99566510951658,181.09534066584996,183.9050497435414,17.706195462755105,12.322268479163842,9.49166033078577,78.0,54.0,42.0,-0.9873129972561766,-0.1587442358428295,-0.0036487032903872187,17.82835602780946,-0.13982846610100963,0.8800951181102243,-0.45374065626345306,12.945837661836677,0.07523991970266834,-0.44747385472810175,-0.8911263119322143,8.36625858146505,82.04443564088197,66.55079611731601,42.753043948199036,22.22927422704493,7.829344890331567,74281.0,233436.85758540675, 0.0, 0.0,0.0,NaN, 51.3986743723311,51.3986743723311,0.0, 313.5093577652895, 26.8355932162249, 7.0852226816737325, 26.8355932162249, 151.8383004725948, -38.83170073482792, 7.0852226816737325, -38.83170073482792, 90.09161583501222, 10.905115774610207, 6.60197424047509, 7.0, 0.0
13, 0 ,1.0,1.0,1.0,21.683253199346684,45.943195607826674,57.28497963306724,12.586095600123931,16.432317830224545,17.237108904689237,55.0,85.0,84.0,0.1642304817123593,-0.05806368150416114,-0.9847116114714549,17.337240500492147,0.2299023572818852,-0.9685214414377884,0.09545220579693595,16.660461093335314,0.9592566158191241,0.24206368245866958,0.14571176562580535,12.14075463497416,86.96584676252331,90.01409476610985,64.87887245825642,25.84559118348154,7.5864492021798,152453.0,507881.6733685385, 0.0, 0.0,7.105427357601002E-15,10.031672567612297, 76.56702673819149,76.56702673819149,0.0, 158.409802455459, -30.445744113226553, -21.915932244683425, -30.445744113226553, 270.02106927351554, -3.275842891761073, -21.915932244683425, -3.275842891761073, 297.117923392117, 11.016757055105128, 6.237364483008493, 13.0, 0.0
14, 0 ,1.0,1.0,1.0,133.19378886939882,117.29351379365332,118.11065486631584,13.161124948888627,17.251197197215657,17.24788151009617,67.0,87.0,85.0,0.37498893945068157,0.8648798518411157,0.33371565316739754,18.083056232500926,0.07821536182879095,0.32918286397376434,-0.9410212533412952,17.155391335338873,-0.9237237966316797,0.37897425235142257,0.05579304249667589,12.12452294597138,90.22172197995212,86.522454373578,65.52113058751695,26.553808541715423,7.950074413068636,150504.0,511471.3656344996, 0.0, 1.4210854715202004E-14,1.4210854715202004E-14,32.98824631424878, 134.19872410962302,134.19872410962302,0.0, 173.21520992025867, 62.167998037887614, 11.682378143896665, 62.167998037887614, 297.60380473722137, 6.320362390903515, 11.682378143896665, 6.320362390903515, 297.48941658631736, 9.433413372471456, 6.179002589554169, 28.0, 0.0
15, 0 ,1.0,1.0,1.0,77.60148639994607,92.115243744874,159.10640174368308,14.331220470772847,17.225395867159136,18.014467710970337,77.0,82.0,84.0,0.11240580992916444,0.45509781750641526,0.8833181252499388,18.264971960859455,-0.18189533920747056,-0.8645069255671288,0.4685529438826215,17.097914708417417,-0.9768720589047312,0.21333952317226484,0.014395429269836054,14.165849842651012,90.28302004223323,93.82477119914245,77.87624061439436,27.539517273804574,8.257976640658185,178014.0,659672.789507009, 0.0, 0.0,0.0,NaN, 127.19864464689711,127.19864464689711,2.3360154559928683E-6, 205.3838801818987, 21.21519940288429, 5.386824890731194, 21.21519940288429, 296.714262780343, 16.309066524140768, 5.386824890731194, 16.309066524140768, 324.5210469095928, 10.053961331009635, 6.306221189297268, 21.0, 0.0
16, 0 ,1.0,1.0,1.0,119.64517500956917,49.92232382086505,13.883902522009102,17.166520276727553,18.8069982344198,9.190632596122539,80.0,95.0,39.0,-0.5672083967565186,0.8225527651994751,0.04100711050045886,20.222942244793252,0.8227965692338634,0.5638064909254605,0.0716103794662655,15.517142252531267,-0.03578324057270407,-0.07435851836215787,0.9965893690187051,9.116536173138531,102.17719206047612,72.08716939559865,42.67602205150005,25.635421061856697,8.699742266238609,117565.0,314337.26286346174, 0.0, 0.0,1.7763568394002505E-15,87.64980664996011, 95.61327870206485,95.61327870206485,0.0, 294.6894184112983, -78.88804713828621, 1.710789722328996, -78.88804713828621, 353.7031825894695, 17.35714539047313, 1.710789722328996, 17.35714539047313, 84.46772751691012, 9.529134878759681, 5.896152378267707, 9.0, 0.0
17, 0 ,1.0,1.0,1.0,49.75883441035866,12.853976986090759,118.55826747063205,16.06956609234026,8.28482983171801,15.768581013207223,72.0,33.0,73.0,-0.760051412555286,0.08917986208066209,0.643714845620317,17.101241496087827,0.6362314713394557,-0.09970396720429289,0.7650285182925909,14.756299261391783,-0.13240606160575122,-0.9910126493254257,-0.019041106245559353,8.081873440448579,84.40432636097839,78.86281001450119,38.11566989366879,22.71732060143125,7.709789335545854,83254.0,253711.71018562827, 0.0, 0.0,1.4210854715202004E-14,49.9306127392982, 96.30120520336988,96.30120520336988,0.0, 258.2309543960918, -25.06502810763796, -36.93375820650829, -25.06502810763796, 68.63840534052467, 1.4121106209968464, -36.93375820650829, 1.4121106209968464, 248.64814717007934, 8.616739734298507, 5.687059766304583, 9.0, 0.0
18, 0 ,1.0,1.0,1.0,186.9672804889366,28.083402935210596,172.2960399846213,7.720744869567869,15.680162903452903,15.068384699914855,32.0,73.0,58.0,0.01315712838890256,0.8056353239939444,0.5922656622713574,16.382413721411506,-0.05816685502197354,-0.5906972256532869,0.8047940137590254,14.32028008884887,-0.9982201695765373,0.04503900907747877,-0.039089393854447624,7.686333737344064,81.27082893856182,73.6269997145354,33.889897924329574,21.90145149258433,7.27049173044209,75429.0,202787.90737215235, 0.0, 0.0,0.0,NaN, 41.54562189700798,41.54562189700798,0.0, 59.609901340958565, 7.234682130799751, -5.2031628858654, 7.234682130799751, 245.86750867882054, 30.46685773981809, -5.2031628858654, 30.46685773981809, 227.05621746462808, 8.950756933409178, 5.635875396089401, 9.0, 0.0
19, 0 ,1.0,1.0,1.0,23.02144170928973,178.3739491210831,41.06800372899292,14.826865025670989,12.628388723965196,17.223288265574173,66.0,55.0,75.0,0.32387627962379545,-0.3212811390004464,0.8898778484823774,18.301293102305667,-0.9257923368585791,-0.3014529178937201,0.22811112929292532,14.480120833281218,0.19496847055608926,-0.89772187676136,-0.39507306599296454,11.460478103865308,86.49393558435722,77.05447167337583,64.7525376101797,24.70046388092075,8.114238781196265,119067.0,431559.1195073983, 0.0, 0.0,0.0,NaN, 51.80978464804022,51.80978464804022,0.0, 219.83592648946555, 0.6758069649346784, 42.13582593397212, 0.6758069649346784, 159.47620176357134, -63.59437850985827, 42.13582593397212, -63.59437850985827, 296.641658679065, 9.973886474397949, 5.964140869834591, 7.0, 0.0
20, 0 ,1.0,1.0,1.0,109.98925134910293,71.87203951969727,63.19382173436108,12.86510317669836,14.231205360235766,17.02035811794638,63.0,71.0,81.0,-0.1292148575797223,0.2531338285294524,0.9587631539826059,17.275570114920416,0.01477397424414601,-0.9662700234514758,0.25710692613019603,14.001391993756181,-0.9915065558359591,-0.047386776985848665,-0.12111665080082118,12.776790506895289,76.69943065849702,69.25323464014343,62.12260674541969,24.65446003541513,7.063163354889907,135831.0,329975.6356730667, 0.0, 0.0,0.0,NaN, 131.38106424751666,131.38106424751666,0.0, 165.51087974709424, -4.890310917987669, -16.6247544394714, -4.890310917987669, 202.5272060052032, 24.665340132701473, -16.6247544394714, 24.665340132701473, 289.69259046314323, 9.10579281835589, 5.672168595103191, 11.0, 0.0
21, 0 ,1.0,1.0,1.0,141.15819494529558,40.67364923321925,87.04465933190926,15.448211723508765,12.826267748815432,16.39482414898956,87.0,67.0,82.0,-0.46905387645620167,0.01679545411342333,0.8830098378288518,16.76715188497958,0.8527574797972426,0.268728379817329,0.4478724578835029,15.216946994706314,0.22976758176746168,-0.9630695564713269,0.1403705373889257,12.619738132040307,79.61649730274982,73.73849243097337,62.602318341787395,24.833320080231488,7.433495980218817,130611.0,367525.7208041752, 0.0, -7.105427357601002E-15,0.0,89.03764611604711, 112.66532954840602,112.66532954840602,0.0, 238.64724545435362, 15.607583278155932, -22.867581988621204, 15.607583278155932, 164.5131443643029, 10.509004632248708, -22.867581988621204, 10.509004632248708, 268.79025887629126, 8.838622739159764, 5.688229561869817, 14.0, 0.0
22, 0 ,1.0,1.0,1.0,54.786203962367146,76.94400025687956,93.69328581061555,14.174171219982865,14.929739801527367,14.430722851028543,69.0,74.0,64.0,-0.19920243352958836,0.7798963764627292,0.5933633224729966,16.26007967714359,-0.8445607318059625,0.17047344910482934,-0.50759824018773,14.61507776501419,0.49702672037554185,0.6022461665553437,-0.624711128524317,12.412064015844754,76.57252804297164,71.5442886570674,62.91293454535398,24.161984383704137,6.946116394032296,124572.0,344657.63108372333, 0.0, 0.0,0.0,NaN, 133.0426214644257,133.0426214644257,0.0, 200.90712977339055, -25.713149352651588, 12.484107833174015, -25.713149352651588, 222.89713054131042, 45.90470058933701, 12.484107833174015, 45.90470058933701, 208.24576200319734, 8.718847982637824, 5.618954036176788, 11.0, 0.0
23, 0 ,1.0,1.0,1.0,116.92811932962809,151.49433498592677,159.34506579417354,16.733430797445635,13.517498716618487,15.125682851176586,77.0,73.0,78.0,-0.913215332851859,-0.40509570598140426,0.04399119047827872,17.426023374119335,-0.07793438838176509,0.06767449623515243,-0.9946589333368897,15.141280705046514,-0.39995498115641576,0.9117662154054327,0.09337227368670681,12.593335042660245,88.92190002487277,80.7540421908454,67.28020440306204,25.20760783571114,7.4895438260349385,139982.0,483125.8846226711, 0.0, 0.0,0.0,NaN, 104.43447980360737,104.43447980360737,0.0, 280.0077062529021, 53.29598804580859, -0.3502089409997094, 53.29598804580859, 182.72277155378242, -7.342078716014934, -0.3502089409997094, -7.342078716014934, 228.78628171437748, 9.00806355635161, 5.783227783254116, 15.0, 0.0
24, 0 ,1.0,1.0,1.0,184.29612060935239,20.804425400192034,114.2072113386549,10.01966728470302,11.69433157979249,16.444745528640052,40.0,46.0,81.0,-0.22215008161277855,-0.3233615794351917,0.9198296745510085,17.283417987886445,-0.15724036711562145,-0.9191724165351218,-0.36110598946892114,10.934004681760364,-0.9622498678559436,0.22485408074162716,-0.15334873388801556,9.450491170899667,92.37822367527505,56.042038916105255,45.73287771863585,21.184197349662117,7.668804453535669,69779.0,236762.03513757308, -2.8421709430404007E-14, 0.0,0.0,77.16465091040793, 89.66514668720721,89.66514668720721,9.5367431640625E-7, 100.393732496148, 19.413264133275526, -41.07273832944946, 19.413264133275526, 136.7573910981319, -52.24739802607382, -41.07273832944946, -52.24739802607382, 270.429655501727, 9.163543694235411, 5.820619309175055, 8.0, 0.0
25, 0 ,1.0,1.0,1.0,175.07790028275596,61.46318069936329,113.77139486157164,14.045111011598248,11.779186917299437,14.606240291248344,60.0,57.0,72.0,-0.5858276803890468,-0.002419294884409104,0.8104320304024584,15.200402737174434,-0.7674388777328588,0.32304697298128054,-0.5537853575093535,13.599177475791253,0.2604678441461038,0.9463798393139479,0.19110651978932247,11.548453221800518,79.34348784681673,71.91711127131319,59.76003529925035,22.466694017891843,6.6786453052175485,98318.0,340999.99100439844, 0.0, 0.0,-1.4210854715202004E-14,35.861836546624154, 108.78513676103842,108.78513676103842,NaN, 197.26514332811837, -12.646936481380894, -24.461045924904933, -12.646936481380894, 138.7492444326782, -9.417487648254895, -24.461045924904933, -9.417487648254895, 213.3422554456865, 9.795751177721302, 5.595781234106399, 10.0, 0.0
26, 0 ,1.0,1.0,1.0,11.372826004404951,24.700341763499658,170.91229589124325,7.103853699557054,14.034662003793168,15.974731126955527,29.0,51.0,60.0,0.038609173616486483,-0.2780501701263076,0.9597903076221299,16.146423150062805,0.0382670601002939,-0.9593904759650458,-0.2794736959694841,13.855647403668463,-0.998521388766376,-0.04751860183438259,0.026401110881417705,7.06700530693725,71.77544248814235,65.22998127021344,29.151233789763047,21.266696883037856,7.096204140872118,65835.0,136483.47541467435, 0.0, 0.0,0.0,NaN, 39.81887222007599,39.81887222007599,0.0, 50.464737384710446, -7.477206479609738, 6.291208283579079, -7.477206479609738, 196.97173756071564, -18.16324487973798, 6.291208283579079, -18.16324487973798, 255.1920345785218, 8.590483160386318, 5.225848543833781, 5.0, 0.0
27, 0 ,1.0,1.0,1.0,98.80351296283285,185.65060071664442,142.29092952996558,13.535935461569268,8.661797114131959,15.100305668880864,67.0,35.0,65.0,-0.2435613086828874,0.07080519056362239,0.9672975312187706,15.253827460605857,0.9543122044347133,0.19550122014785679,0.2259811704272222,13.554706849002441,0.17310720776338945,-0.9781441089685861,0.11518679052050379,8.358120566219519,70.96003588590656,69.88605895778605,38.33038829504841,21.004799371046673,6.713114980534564,71165.0,190084.88985331607, 0.0, 0.0,0.0,NaN, 115.31858587454688,115.31858587454688,0.0, 183.22154881976843, 18.437073699442845, -13.802809420115066, 18.437073699442845, 75.02672924638472, 16.1823784551758, -13.802809420115066, 16.1823784551758, 228.01923129363556, 9.696989317614289, 5.539690206269453, 7.0, 0.0
28, 0 ,1.0,1.0,1.0,175.89960893613343,150.70594589923084,92.94228026963961,14.144883815657925,11.438097272626084,14.138550519362957,60.0,53.0,70.0,-0.6928231567348465,-0.13568682732073498,0.7082267704511004,15.217829442223065,-0.721105244137587,0.1278899918650791,-0.680919508354711,13.076558710744596,-0.001816691837822749,0.9824628414715662,0.18644963062013095,11.323766931412656,77.01853922454416,64.93133026851805,54.04219477703836,22.068524678478518,6.617147170830011,92568.0,270260.487732485, 0.0, 0.0,0.0,NaN, 107.93053358916139,107.93053358916139,1.3486991523486091E-6, 200.0777381584615, 5.771836436365736, -29.7135769321402, 5.771836436365736, 130.83006921805625, -13.656491779669132, -29.7135769321402, -13.656491779669132, 199.89861078857854, 9.263960298988815, 5.534985438086402, 8.0, 0.0
29, 0 ,1.0,1.0,1.0,19.862163000855723,75.88847408856248,174.8320434819405,11.610746465522357,15.547115189386197,14.521685641498465,47.0,73.0,60.0,0.034471881844268804,0.8093551014186359,0.5863070945927095,16.60590587953923,0.03864161133069172,-0.5872964714912136,0.8084489349660483,13.306661533978483,-0.9986583576157977,0.005212905293595974,0.0515199998303326,11.60078561172508,85.09831341804386,67.27169848333807,48.04154158487075,23.157237904537272,7.1514970951282235,106343.0,275023.8013682001, 0.0, 0.0,0.0,NaN, 82.38320249819081,82.38320249819081,0.0, 134.80943348663993, 2.974612839492341, 4.18070858785518, 2.974612839492341, 241.71279071204302, 46.81948069638649, 4.18070858785518, 46.81948069638649, 210.87935387050268, 8.461916447134186, 5.130719836337706, 8.0, 0.0
30, 0 ,1.0,1.0,1.0,89.47684788633043,34.72892628608858,104.90370500999312,13.149788470293608,15.546308526796098,13.76945034353547,67.0,70.0,61.0,-0.36013414217514633,0.817897464733176,0.4487172125323626,16.572085505432003,-0.39017213310916166,-0.5689562824208766,0.7239160553813282,13.251044791163212,-0.8473895834767018,-0.08562993563502151,-0.5240213811843217,12.408795361763598,82.21473737610026,60.5428749121274,61.635711074476745,23.610782549567528,6.836179911587187,119082.0,306792.7726157254, 0.0, 0.0,0.0,NaN, 135.11295256001364,135.11295256001364,0.0, 172.9169368134667, -30.741844697178003, -25.602131180929625, -30.741844697178003, 241.68770881033308, 35.37977694128908, -25.602131180929625, 35.37977694128908, 189.59776276308907, 8.148304244526184, 5.21058368965376, 9.0, 0.0
31, 0 ,1.0,1.0,1.0,104.28571428571429,161.8140329194989,18.144418852873436,11.568249439659592,17.920382022294348,11.00683132534556,55.0,84.0,45.0,-0.08316201840605841,0.9962689154635723,-0.023072207862869985,17.963218054707543,-0.7690532670558149,-0.04943725101103469,0.6372699825374244,12.530579801594477,0.6337516478285541,0.07074041485253676,0.7702951658819381,9.819480113665117,84.72155072249308,68.43141325271024,53.517034223117946,22.727081617088878,7.719752840468779,89005.0,310271.18439133227, 0.0, 0.0,0.0,NaN, 104.63561777510341,104.63561777510341,0.0, 133.82439509818448, -16.44187244697341, -29.26229505565427, -16.44187244697341, 321.14009182497045, -7.109708209056523, -29.26229505565427, -7.109708209056523, 121.15033582460832, 8.04327655524814, 5.242870624400778, 11.0, 0.0
32, 0 ,1.0,1.0,1.0,153.29028768724802,90.07888727423708,69.34895053702348,10.842659969145583,13.279632465450659,14.84389617812946,53.0,65.0,67.0,-0.13336554750899066,-0.25912228769257106,0.9565925312057355,15.067997281498373,0.2524690887293405,-0.9422536451782102,-0.22003960412742082,13.259243391981459,0.95836996508332,0.21216434236069043,0.19108454112473966,10.554671476081257,69.73028408671362,68.98126771445808,48.97184451759176,21.784879496774156,6.298586562247016,91523.0,235558.6561067567, 0.0, 0.0,0.0,NaN, 122.90353980862918,122.90353980862918,NaN, 117.56327520651207, -11.32523930708029, -18.33136935926085, -11.32523930708029, 176.34863841745116, -15.31146731288667, -18.33136935926085, -15.31146731288667, 220.34125374708643, 7.892177460506509, 5.070771407648059, 9.0, 0.0
33, 0 ,1.0,1.0,1.0,153.23995209939375,49.527081306289446,156.9732804430806,12.379903466798085,11.416825094938288,13.086931609149895,56.0,58.0,59.0,0.5154933548050796,-0.12178058516158383,0.848195785316991,13.338969177436551,-0.6835200050158022,0.5385314901748832,0.49273140435050194,12.648385510666687,0.516785258976107,0.8337585520807097,-0.19436993835795605,10.814986328940648,65.51262028866893,58.43126380860235,57.393204248033896,20.546285473562154,5.720475266717159,80166.0,219700.336377771, 0.0, 0.0,0.0,NaN, 80.56508212753579,80.56508212753579,0.0, 153.26200984723923, -19.661850859563728, 12.167913796333778, -19.661850859563728, 130.34389524841262, 5.117593595265765, 12.167913796333778, 5.117593595265765, 171.26777894256668, 8.046272024177709, 5.018766323324036, 13.0, 0.0
34, 0 ,1.0,1.0,1.0,119.68360947054826,79.23916792975487,179.34198766529033,13.271828926445435,12.004471299666616,12.39709967044233,62.0,57.0,50.0,0.7556099828444369,0.19272862194769633,-0.6260265426545207,14.147107366653964,-0.5215081008801834,0.7552981677649959,-0.39693069733542247,12.813571830041655,-0.3963367943330203,-0.6264027107643947,-0.6712203732045408,10.469411854968866,68.95168158748757,62.55627892269367,56.399807132404106,20.83953322249685,6.296880937783236,76532.0,243272.70737497168, 0.0, 0.0,0.0,NaN, 114.70101043800928,114.70101043800928,0.0, 176.14144305283378, -8.314388592339327, -31.52655243130536, -8.314388592339327, 144.10733118451947, -27.28583784855238, -31.52655243130536, -27.28583784855238, 153.68808023888133, 8.434396470294141, 5.055918895357205, 9.0, 0.0
35, 0 ,1.0,1.0,1.0,48.8553677354321,32.0662195169232,11.0246966231148,12.66446788938067,13.600417082749985,7.450968634772809,58.0,59.0,31.0,-0.5359348192976608,0.8411418064843227,0.07248676326526682,14.18109426551489,0.835142752081677,0.5407734424049241,-0.1005020777644487,12.08144615273418,0.12373541574596529,-0.006674232077118652,0.992292800294527,7.335683310602028,70.71775734853881,60.54087123304177,33.372869003949845,19.018692554878452,6.258303192182558,51586.0,142879.75269638578, 0.0, 0.0,0.0,NaN, 59.46960001802202,59.46960001802202,0.0, 160.38874692115408, -24.781800026833483, -13.456397830708806, -24.781800026833483, 184.9713448247576, 3.972388561536836, -13.456397830708806, 3.972388561536836, 55.51693359636818, 8.038481231652483, 4.870139347908243, 2.0, 0.0
36, 0 ,1.0,1.0,1.0,11.162770292376788,174.69762945777936,137.09498527705898,7.016701638801182,13.574663899600957,16.612126189003376,28.0,49.0,75.0,0.036972654625952776,0.1128510982396212,0.9929237898429173,16.656597180743464,-0.02866725775745229,-0.9930744430268162,0.11393567895811338,13.535693372090282,-0.9989050060654305,0.03267690672462507,0.03348146687844411,6.986495093368104,77.84321837923686,53.934768960055095,30.019445191373382,21.396246362297337,7.1881137997633004,67242.0,126035.31973209906, 0.0, 0.0,0.0,NaN, 68.71577892267271,68.71577892267271,0.0, 49.23410188795519, 4.78024814230101, 7.954290267133107, 4.78024814230101, 184.27149998712943, 10.411353627988039, 7.954290267133107, 10.411353627988039, 275.96273651937184, 10.131472675823671, 5.928973541476075, 8.0, 0.0
37, 0 ,1.0,1.0,1.0,46.130176418427986,22.707261874826294,166.62041583398403,12.017760817106227,13.216300571423204,11.591083183493229,52.0,53.0,58.0,0.37471730241323564,-0.8901823476139724,0.25915696260881027,13.488978603068626,0.7267920464718745,0.4555845154350702,0.5140195234434358,12.119139089503713,-0.5756390053300522,-0.004258790000569057,0.8176928508005671,11.163525840578082,64.52880546654922,66.59406433509488,62.357264283948126,20.455683827274452,5.917379857390671,75559.0,267963.84494403406, 0.0, 0.0,0.0,NaN, 61.30097517448947,61.30097517448947,NaN, 144.42657505717372, -11.75573562118081, 13.879161845139883, -11.75573562118081, 174.6706007942013, -8.015140779630457, 13.879161845139883, -8.015140779630457, 134.35320936665954, 8.006795176106888, 4.874792156721129, 6.0, 0.0
38, 0 ,1.0,1.0,1.0,114.40797755365132,155.11101842723895,61.81049518465155,9.866130107611768,12.236805142385505,14.074007951377489,46.0,54.0,62.0,0.12490424576310089,-0.3896129416948606,0.9124695529464135,14.596435410618424,-0.351063305854546,-0.8775314261870203,-0.32663917605922804,11.97738125634372,0.9279835584065205,-0.27953595782662916,-0.24638620823642032,9.415096109562723,63.26306057069822,56.055735113711705,48.66948286195993,20.227113535180933,6.001791502825441,65935.0,172594.5120905453, 0.0, 0.0,-7.105427357601002E-15,24.1511120938312, 114.7238087236811,114.7238087236811,0.0, 97.3405233003234, 10.831964879157827, 20.464922719843464, 10.831964879157827, 149.73940009271232, -28.518098502337782, 20.464922719843464, -28.518098502337782, 198.0776998154368, 8.041353127726687, 4.982610354083209, 9.0, 0.0
39, 0 ,1.0,1.0,1.0,34.77864995314437,54.56758799286585,127.93106679698914,14.334679004899419,13.3031606139363,12.494687831627399,71.0,64.0,61.0,-0.9289694535289335,-0.1916409133653573,-0.3166851981615915,14.48195272617602,-0.32551862190746417,0.8302532765517247,0.4524567643063701,13.806998529312276,0.17621969583908648,0.5234054423672113,-0.8336626186286407,11.756452073303391,73.11554647347464,65.75102349263662,53.403708095444365,22.29991194920289,6.425593790561866,99241.0,256734.1619194934, 0.0, 0.0,0.0,NaN, 96.8561164043993,96.8561164043993,0.0, 205.4830221735042, -1.4356041813435918, 13.317970841985328, -1.4356041813435918, 176.974082320186, 24.03150783909075, 13.317970841985328, 24.03150783909075, 156.1172240098178, 8.298834875403049, 4.922582364292506, 6.0, 0.0
40, 0 ,1.0,1.0,1.0,59.142950981197146,144.62314913649178,86.7542354325752,12.13322891557789,12.74942692093561,10.945081148803252,62.0,60.0,52.0,-0.44744829841405254,0.8652855073170418,-0.22598896228236154,13.060449342820512,0.8836781683668513,0.46662858381174743,0.037022419176086015,11.914562290444247,-0.13748787218578842,0.18313589379729112,0.9734260780382304,10.817846388016635,58.62280258781474,54.34352989653196,48.38531718480222,19.95574893063785,5.5969649544486835,73074.0,154144.49313985062, 0.0, 0.0,0.0,NaN, 118.70459817468826,118.70459817468826,1.3486991523486091E-6, 147.2152439178154, -10.452519581243543, 6.230482205316769, -10.452519581243543, 162.54788681227768, -10.040641878886312, 6.230482205316769, -10.040641878886312, 119.79480135388832, 7.226029926923792, 4.686377286664986, 12.0, 0.0
41, 0 ,1.0,1.0,1.0,130.83123087385243,120.39437266235974,183.72114926895614,14.947336788327034,10.740355294350607,9.240069787000687,70.0,51.0,37.0,-0.9808931326476668,-0.10435013405326718,0.1641941285421384,15.140856314095704,0.032628254540750454,-0.9202645122391718,-0.38993412843559083,10.991848911704832,0.19179170818956484,-0.37712634094725483,0.9060859030100097,8.607597002611374,70.70501582683762,55.31924996546206,43.15804279410507,19.580564587643213,6.384237543381291,58820.0,168806.14354334315, 0.0, 0.0,0.0,NaN, 106.70696091337796,106.70696091337796,0.0, 223.42287706367475, 14.477931612023824, -25.583290567954396, 14.477931612023824, 115.35523184888511, 14.1103451276442, -25.583290567954396, 14.1103451276442, 85.37888966864293, 7.760729763083051, 4.913777016364863, 6.0, 0.0
42, 0 ,1.0,1.0,1.0,125.38659649274175,10.404866159056104,43.11063178102284,9.579178543606943,7.124853961614948,18.130137168937033,44.0,29.0,84.0,-0.16338444962918622,0.01105608110803453,0.9865005244245442,18.316082207263864,0.9195201679422037,0.36402754742647936,0.1482113540259463,9.549974125570936,0.35747472968995986,-0.9313225584002547,0.06964273004338033,6.6742195114327565,86.99487961682351,48.65305758245351,32.9219882409965,20.099880299755586,8.19883474919575,46361.0,139344.5172954214, 0.0, 0.0,0.0,NaN, 86.79831677678862,86.79831677678862,9.5367431640625E-7, 91.76066157029965, 15.091921740929678, -40.53380758420368, 15.091921740929678, 50.76354397434022, 5.690438978240326, -40.53380758420368, 5.690438978240326, 328.7018737644721, 8.357224545496871, 4.539931591739352, 4.0, 0.0
43, 0 ,1.0,1.0,1.0,170.33718668574994,103.56583727843224,120.89186759147125,7.829689983614007,12.808694295761468,16.3035930018744,41.0,54.0,69.0,-0.08068279025774663,0.04585131215312992,0.9956846611905102,16.355242567818063,0.14899898287530977,0.9882718875840908,-0.0334361976471835,12.890085418072836,-0.9855402530888061,0.14565827606014925,-0.08656833229788921,7.584561822225714,67.81473092931,55.726012897120754,37.73693392128371,21.118011272045027,6.723350317090229,54498.0,142609.55523807276, 0.0, 0.0,0.0,NaN, 128.20891874862363,128.20891874862363,0.0, 61.30404523950552, 15.218983708971415, -17.408913333716487, 15.218983708971415, 164.06264956227238, 5.9962471848839405, -17.408913333716487, 5.9962471848839405, 265.80714477076793, 9.627672601687395, 5.397896361302711, 9.0, 0.0
44, 0 ,1.0,1.0,1.0,48.65333448813442,183.27372250129915,164.21157110687685,15.035149753103955,9.923271056146097,9.556088466967195,62.0,42.0,43.0,-0.9940901374367533,0.05049032775214898,0.09610164126828061,15.07956335824075,-0.10093819584196141,-0.7557088808238568,-0.6470823502956357,11.00949909414962,0.039953463819130564,-0.6529585088253576,0.7563391477911341,8.200217189881862,63.72002918701684,53.2569252726106,41.9547998639256,19.44343706859742,6.148058091786005,57730.0,142374.99083100926, 0.0, 0.0,2.8421709430404007E-14,84.48527066213786, 62.67158014934655,62.67158014934655,NaN, 226.0557280982619, -3.921738984609383, -11.774914731302106, -3.921738984609383, 98.47130845374689, 27.166529592398412, -11.774914731302106, 27.166529592398412, 91.31882678850343, 8.51900401495677, 5.162644690633698, 5.0, 0.0
45, 0 ,1.0,1.0,1.0,118.77684772278675,116.29243731266905,51.44400175451422,12.773034112694214,9.037042417524074,10.981664850462275,61.0,42.0,55.0,-0.9910233897800079,-0.13140884396531372,-0.02458366605374079,12.831366632463038,0.020130903030953964,0.03510670327211554,-0.9991807975179077,10.98235652995136,-0.13216424498365792,0.9907064323567616,0.03214618538545741,8.953176775893965,61.61052270621457,55.78350795803097,41.14635635986163,18.357267003459242,5.3316270642060175,54716.0,141413.89944489728, 0.0, 0.0,0.0,NaN, 127.47800529275344,127.47800529275344,0.0, 163.15040044405006, 11.030953644047212, 1.2446133018243306, 11.030953644047212, 81.66813565612937, -1.1460719364350642, 1.2446133018243306, -1.1460719364350642, 120.59696288787862, 6.755627132843279, 4.284915646145723, 9.0, 0.0
47, 0 ,1.0,1.0,1.0,159.6572186353042,52.038189514292604,42.2797572802529,12.786621354167208,12.822870986238264,11.06915615006105,66.0,60.0,57.0,-0.7963554600186599,-0.45217755249839686,-0.4016882402000682,14.042807134462885,-0.263231062212045,0.8570507534562634,-0.442914680143669,12.701328820394826,0.5445432849509636,-0.24698070170887795,-0.801544224480598,9.587791082385783,66.24939712593289,60.09843468269573,48.62813790082493,20.360638534862723,5.991187053641481,74654.0,193612.2048366466, 0.0, 0.0,0.0,NaN, 78.25018243967345,78.25018243967345,0.0, 163.49768565484484, 22.25243482828494, 41.76700496693453, 22.25243482828494, 164.42602032971106, -7.222005358131899, 41.76700496693453, -7.222005358131899, 122.52621787443434, 7.334318426774132, 4.39395044544451, 4.0, 0.0
48, 0 ,1.0,1.0,1.0,8.532586036020643,118.29315471104884,68.77427292300331,6.014933568220104,9.655933406994743,12.634996843402737,24.0,46.0,54.0,-0.07121103496098807,0.032141443967276834,0.9969432862903903,12.6620379466872,-0.06656429828353061,0.9970995441554018,-0.03690112788399334,9.666682466777544,-0.995237751843149,-0.06898859778824407,-0.06886501783493439,5.940342258352149,54.732968326068175,46.61978884425896,26.298947587337707,16.10910452187502,5.436577280468055,29261.0,67105.43153091364, 0.0, 0.0,0.0,NaN, 107.13876146205182,107.13876146205182,0.0, 36.17942583010103, -4.1461509523592825, -8.734126285228967, -4.1461509523592825, 93.2370499603171, 1.8668291195269597, -8.734126285228967, 1.8668291195269597, 159.64314523279714, 7.495664035926445, 4.588380477771374, 9.0, 0.0
49, 0 ,1.0,1.0,1.0,50.69514853225523,140.2007734223941,49.841712075936016,10.50963444936823,13.621992164199783,9.509743379633981,49.0,58.0,40.0,-0.3824180768381613,-0.917439060334536,0.10982706897612227,14.248229331802142,-0.8714164303436315,0.318580626113535,-0.373014462980018,9.768069540650291,0.3072292620089517,-0.23835258596791428,-0.921302461370772,9.381848660298955,67.00053728527419,49.57334720643981,45.88474702274259,18.813475543852668,5.700828351058134,56890.0,152403.47534933905, 0.0, 0.0,0.0,NaN, 92.89855675223255,92.89855675223255,1.9073486328125E-6, 110.45241625934744, 38.29145743477918, -2.425578967604885, 38.29145743477918, 185.5586705215203, -12.465565746727691, -2.425578967604885, -12.465565746727691, 90.43521914649234, 7.25341294059688, 4.3410585929258465, 6.0, 0.0
50, 0 ,1.0,1.0,1.0,141.23837774937525,147.90830010873506,17.58642528757559,8.784196891203418,13.677208302415044,10.334673337940247,38.0,56.0,40.0,-0.07748433017385128,-0.9705256719035885,0.22820188157330729,13.862498748187253,0.25815685164035085,-0.24061444374193328,-0.935660050132473,10.217878391685472,-0.9629907676237872,0.013587112969577505,-0.26919170089826394,8.629003685376764,60.424901881009916,48.68529330616005,40.788590631775236,18.437233525999734,5.576919838116845,52421.0,119992.04197388273, 0.0, 0.0,0.0,NaN, 80.47208088201901,80.47208088201901,NaN, 77.16211502342779, 6.991699544862621, -9.31454894781768, 6.991699544862621, 187.06602694765104, -19.328037497236203, -9.31454894781768, -19.328037497236203, 106.80547300193301, 7.892138198058155, 4.442055037987627, 5.0, 0.0
