// Sample: .//bubblelabels.tif, Map: .//bubblelabels.tif, Thickness:(8.191250068658265):/afs/psi.ch/project/tipl/test/LabelValidation/SmallStep0500//distmap.tif, Neighbors:(1.0):
//LACUNA_NUMBER, TRIANGLES, SCALE_X, SCALE_Y, SCALE_Z, POS_X, POS_Y, POS_Z , STD_X, STD_Y, STD_Z,PROJ_X, PROJ_Y, PROJ_Z, PCA1_X, PCA1_Y, PCA1_Z, PCA1_S, PCA2_X, PCA2_Y, PCA2_Z, PCA2_S, PCA3_X, PCA3_Y, PCA3_Z, PCA3_S,PROJ_PCA1, PROJ_PCA2, PROJ_PCA3,OBJ_RADIUS, OBJ_RADIUS_STD, VOLUME, VOLUME_BOX, Mask_Grad_X,Mask_Grad_Y,Mask_Grad_Z,Mask_Angle, Mask_Distance_Mean,Mask_Distance_COV, Mask_Distance_STD, SHAPET_XX, SHAPET_XY, SHAPET_XZ, SHAPET_YX, SHAPET_YY, SHAPET_YZ, SHAPET_ZX, SHAPET_ZY, SHAPET_ZZ, Thickness, Thickness_STD, Neighbors, Neighbors_STD
1, 0 ,0.3333333432674408,0.3333333432674408,0.3333333432674408,163.96014403614322,15.769094853615442,155.94191585963185,16.461693120728658,10.491398456247504,19.915026496017845,91.0,44.0,94.0,-0.16128429909863576,-0.08391927053883003,0.9833335806818013,20.052847999323923,0.9866760153797655,0.007890756180425349,0.16250592801867345,16.35726834097753,-0.021396624466747154,0.9964413138761017,0.08152847638891131,10.391733341611266,93.89802375993509,84.883976486047,47.92795767295019,26.437562073053652,8.872450278214927,134133.0,382006.7978891238, 0.0, 0.0,0.0,NaN, 198.76679393038117,198.76679393038117,0.0, 270.98734040104523, 5.223357272911541, -21.061793278420538, 5.223357272911541, 110.0694415677525, -24.067060171587077, -21.061793278420538, -24.067060171587077, 396.60828033709276, 3.3388654058360125, 4.439943725862851, 29.0, 0.0
2, 0 ,0.3333333432674408,0.3333333432674408,0.3333333432674408,229.29769961756867,269.81032564607716,217.56351836829296,16.76945064542381,16.669559041281694,15.723327609814007,94.0,72.0,78.0,0.6873253747748994,0.697008086221996,0.20436133913168267,18.435064252290964,-0.43289366098322823,0.1671622223846445,0.8858102898973141,15.774720526116807,-0.5832554392983241,0.697306617743283,-0.4166252193282842,14.751891507275717,102.13505237154646,87.51168777416346,88.46854316463163,27.121314108917435,8.411065670356118,172580.0,790732.795498695, 0.0, 0.0,0.0,NaN, 112.72091740568041,112.72091740568041,1.3486991523486091E-6, 281.214474949305, 56.29902595481293, 5.196205335452735, 56.29902595481293, 277.8741986307763, 22.03448377719062, 5.196205335452735, 22.03448377719062, 247.22303112553942, 3.322278144461232, 3.9485815103308726, 30.0, 0.0
3, 0 ,0.3333333432674408,0.3333333432674408,0.3333333432674408,125.15140517783428,154.15457639629295,207.81158588261025,15.718479790140663,15.646559746772693,14.835784220925161,80.0,74.0,76.0,0.659364389006485,0.5118387776424652,-0.5506901744280271,16.5830987535226,-0.6103989985296926,0.7920761088032705,0.005338581929518888,15.517184522856178,-0.43892102376629516,-0.33262066015889113,-0.8346926568093254,14.007274984335455,85.60648059567801,78.73499418215333,78.46542195014524,25.572791870649215,7.616971065505676,146316.0,528874.6576428703, 0.0, 0.0,0.0,NaN, 213.14892798606925,213.14892798606925,0.0, 247.07060691306043, 5.0392347323117885, -28.756315522960257, 5.0392347323117885, 244.81483190932758, -22.021129868960394, -28.756315522960257, -22.021129868960394, 220.100493449852, 3.123478359104127, 3.955827605202391, 41.0, 0.0
4, 0 ,0.3333333432674408,0.3333333432674408,0.3333333432674408,120.05486908473374,31.644196892505008,269.9590145236104,16.184433808596665,15.435099571523166,15.281185100117781,80.0,67.0,64.0,0.8096684101459988,0.003566590736152002,-0.5868767715987496,17.120719973055895,-0.27355437623184375,0.8870037418068883,-0.3720112434658199,15.861597025745516,-0.5192350805329481,-0.46174846123306085,-0.719154565926438,13.747127043451997,90.34525984047693,80.51848613666446,82.22057863947313,26.003380389226642,7.583997816783851,157812.0,598110.6025354532, -1.4210854715202004E-14, -3.552713678800501E-15,0.0,40.12331514388042, 127.73796458499261,127.73796458499261,1.9073486328125E-6, 261.93589770484675, -14.890420886193542, -43.11147508909313, -14.890420886193542, 238.24229878283464, -20.876659154559047, -43.11147508909313, -20.876659154559047, 233.5146180640617, 3.215197773983934, 3.9493320236914666, 28.0, 0.0
5, 0 ,0.3333333432674408,0.3333333432674408,0.3333333432674408,198.86785267999082,126.92944551658866,69.73716199729375,15.499550029949349,13.727669189574913,15.513974543836987,76.0,74.0,90.0,-0.7360410230564463,-0.08447424725375773,0.6716455269924243,16.32588918751318,-0.5314197375011563,-0.5425029543037165,-0.6506024955116159,15.318151021648882,0.4193288387080267,-0.8357958160475865,0.3544131471956521,12.968729705376962,86.87773698207579,93.38160894674144,72.15501285938787,24.804270816789145,7.356392315771024,135243.0,585377.9516636225, 2.8421709430404007E-14, 0.0,0.0,42.60474546253564, 176.64106862262094,176.64106862262094,0.0, 240.23605113090287, 25.274424926040403, -25.641226834543605, 25.274424926040403, 188.44890137840434, 17.876659049105648, -25.641226834543605, 17.876659049105648, 240.68340614682205, 3.059658557558917, 4.049085308521259, 37.0, 0.0
6, 0 ,0.3333333432674408,0.3333333432674408,0.3333333432674408,112.11752514708674,112.14206111216549,167.88553425697475,14.468492766154515,14.584644366050828,16.220293596418063,79.0,81.0,75.0,0.3594769059019367,-0.3895706558896697,0.8479451976353563,16.946973091957997,0.4798317621005749,-0.7021833969767566,-0.5260227724059485,14.195124169290121,-0.8003360757848088,-0.5959640770045419,0.06549034064269882,14.015905657549633,98.4270120475894,79.08839719256136,72.17734579343814,24.992865458152284,7.778414668369343,131725.0,561859.8296121035, 0.0, -1.4210854715202004E-14,2.8421709430404007E-14,21.111958213237894, 206.3986758052417,206.3986758052417,0.0, 209.33728292426554, -14.412877191705784, 26.387292041509454, -14.412877191705784, 212.71185128417815, -28.111793528568075, 26.387292041509454, -28.111793528568075, 263.0979243540008, 3.831733144179176, 4.4552805064971155, 41.0, 0.0
7, 0 ,0.3333333432674408,0.3333333432674408,0.3333333432674408,13.699186782644501,280.855255031139,73.95058932523547,9.839523516152992,11.277143990364348,19.763714457800372,46.0,48.0,99.0,-0.12216499314308076,-0.14154567172330648,0.9823647679282627,19.99387502889225,-0.5106226066611423,-0.8397762083119042,-0.18450060574388988,11.819584361055613,-0.8510818221633757,0.524157173727194,-0.03031483487318904,8.668159875932982,96.02658117180547,63.53848736067903,46.40894696339183,23.256253708163182,8.587273853515459,77716.0,283158.793189762, 0.0, 0.0,0.0,NaN, 77.60720739711061,77.60720739711061,0.0, 96.81622302492775, 33.29955417311683, -32.874866472215096, 33.29955417311683, 127.17397657941073, -35.13423002574005, -32.874866472215096, -35.13423002574005, 390.60440916946743, 6.0707751829885614, 5.557918386819509, 12.0, 0.0
8, 0 ,0.3333333432674408,0.3333333432674408,0.3333333432674408,270.92464282583927,108.53152481958688,105.84370526192772,15.892956585837577,16.917573840074603,14.059369649172027,69.0,85.0,73.0,0.6458009687314195,0.7540415911576981,0.11984317915478895,19.223452378862838,0.26530950724253893,-0.36880970304786526,0.8908368359606976,14.234972008797957,-0.7159273525660838,0.5435077568371148,0.4382320664962873,12.817203250010728,97.50493975845623,74.2495603552155,70.23572854218388,25.848506909098514,8.265043204724108,136908.0,508485.5273366933, 0.0, 1.4210854715202004E-14,0.0,41.05830355349172, 154.36112923285916,154.36112923285916,0.0, 252.586069039318, 96.20091405588889, 24.950905039787873, 96.20091405588889, 286.20430463437657, 5.947625910023696, 24.950905039787873, 5.947625910023696, 197.66587493205955, 2.693230451923318, 3.625161561103152, 35.0, 0.0
9, 0 ,0.3333333432674408,0.3333333432674408,0.3333333432674408,25.18439173166193,89.20835432663563,219.88772446038817,15.375446441546316,17.928407788128474,13.331704289318408,64.0,93.0,64.0,-0.2847073827077966,-0.957423160955752,-0.04777653291285083,18.184567946463595,0.9056574899824587,-0.25230905429565736,-0.3407706735608329,15.33319384096779,0.3142072836048666,-0.14028910145099444,0.9389317072842536,13.03000973092008,99.57257531430409,73.76173593529921,68.5662954657999,25.941212110786385,7.9132807719303715,148857.0,503595.1681892519, 0.0, 0.0,0.0,NaN, 122.51677746617015,122.51677746617015,1.9073486328125E-6, 236.40435327685927, 28.93099478319785, -17.97233090139362, 28.93099478319785, 321.4278058174257, 12.97649573658689, -17.97233090139362, 12.97649573658689, 177.7343392578308, 3.4333892144891993, 4.050237116745899, 28.0, 0.0
10, 0 ,0.3333333432674408,0.3333333432674408,0.3333333432674408,98.41806324774029,258.4451796974274,50.53790948396429,12.873969032263595,14.29318054006779,17.20657258760269,82.0,76.0,75.0,-0.09280110468753222,0.3288938878797769,0.9397961297452226,17.65223962778649,-0.4756076260071606,-0.8438692722960971,0.24835868689918794,14.168682798391073,-0.8747487302377789,0.4239262456958527,-0.23473644190370752,12.399479532983474,81.05162467391492,63.75918213584541,71.99750472056061,24.65736989571611,7.6232761089259595,125127.0,372067.646530897, 0.0, 0.0,0.0,NaN, 118.18205683954174,118.18205683954174,0.0, 165.73907864368203, 14.047289592557, -19.319368186048134, 14.047289592557, 204.29500995097254, 38.940438834985486, -19.319368186048134, 38.940438834985486, 296.06614021244036, 3.7480139915256645, 4.062454332980848, 26.0, 0.0
11, 0 ,0.3333333432674408,0.3333333432674408,0.3333333432674408,227.72932708898202,97.36134089228494,133.52389450332757,13.476810240650142,12.590596793162053,14.107180256729912,68.0,59.0,76.0,0.4483028412146637,0.45250444939299944,0.7708853908580693,15.303739219004466,-0.8935647706415847,0.24982554995751557,0.37300026173808115,12.977741864036965,-0.02380258866409628,-0.856053104584034,0.5163395383901225,11.684770374015583,75.64457666735865,61.47122461976949,58.89008381899923,22.320926653615675,6.398148950301993,101425.0,273836.8146830065, 0.0, 0.0,0.0,NaN, 180.36327582601402,180.36327582601402,0.0, 181.62441426249254, 12.69484734055602, 23.125742921369014, 12.69484734055602, 158.52312760798256, 37.04181208131624, 23.125742921369014, 37.04181208131624, 199.01253479587024, 3.5118977437913785, 3.971086849621181, 25.0, 0.0
12, 0 ,0.3333333432674408,0.3333333432674408,0.3333333432674408,257.19340820066236,36.69452616714019,265.69032328564464,14.209990650761856,14.149357773382118,15.596358273883792,82.0,71.0,76.0,0.42776580629634825,0.30410993123371727,0.851195373982177,16.395985274970517,0.6036333475875665,-0.7970452730882766,-0.018590705415952508,14.163918434139333,0.6727876311614704,0.5217623811397852,-0.524519609722533,13.263846823423808,86.3295748223104,75.0591077456651,75.38915612858159,24.261475891145714,7.533613919272609,118966.0,488508.2263659832, 0.0, -7.105427357601002E-15,0.0,72.29537674081153, 66.00035203201294,66.00035203201294,0.0, 201.92383429473938, 0.2075269187858237, 33.548521018784214, 0.2075269187858237, 200.20432539916894, 24.41327806704166, 33.548521018784214, 24.41327806704166, 243.24639140734342, 3.1459128927127753, 3.6250298616363223, 19.0, 0.0
13, 0 ,0.3333333432674408,0.3333333432674408,0.3333333432674408,52.84152706666004,66.6898642938808,282.12332852811056,14.957775216713042,13.532467669692585,9.7604491620105,73.0,67.0,41.0,-0.9392685509567201,-0.32773736428742506,0.10179788422945832,15.227168087951682,-0.3106241044483275,0.9380031910980119,0.15382678318687046,13.360404661395995,0.145901524732736,-0.11286378311875533,0.9828400233714463,9.579249856549074,71.91322013816247,74.46620780706667,43.536220068140835,21.386678571854326,6.68872694714,80468.0,233141.02083801464, 0.0, 0.0,0.0,NaN, 86.94446713383589,86.94446713383589,NaN, 223.73503943371492, 17.85623042048496, -17.54074060010821, 17.85623042048496, 183.12768123127506, 7.841176452099196, -17.54074060010821, 7.841176452099196, 95.26636784419149, 3.838387761510775, 4.02354728734318, 17.0, 0.0
14, 0 ,0.3333333432674408,0.3333333432674408,0.3333333432674408,87.80292522778413,287.7201667342949,174.58605998008042,11.110172368654437,7.592017161969056,15.93083684734878,57.0,31.0,69.0,0.23716511161378762,0.041694147009474235,0.9705742155746627,16.206339402717884,-0.959294161499422,0.16772993813774453,0.22720338810288188,10.800973892712735,0.15332130167181576,0.9849508952011061,-0.07977664129429911,7.4538408514364285,73.32925134998499,53.2614785415957,33.59491091437775,19.726581512046145,6.762262872321273,54218.0,131209.1020108382, 0.0, 0.0,0.0,NaN, 153.58647184862784,153.58647184862784,1.9073486328125E-6, 123.43593006121255, -7.78359619395884, 34.35097294048382, -7.78359619395884, 57.63872458763268, 10.708689033490375, 34.35097294048382, 10.708689033490375, 253.79156265684566, 4.356916246709602, 4.218025236458919, 12.0, 0.0
15, 0 ,0.3333333432674408,0.3333333432674408,0.3333333432674408,178.2242153243557,272.0247837917468,285.89800516473423,11.7896139420989,15.813537970350094,7.527144890057576,56.0,72.0,31.0,0.030180813968608774,-0.9994360208544821,0.014722726878920242,15.817780543869256,0.9920169540215013,0.03175456466042487,0.12204101997741867,11.83918289529234,-0.12243970516990811,0.010921897352839187,0.9924158557561037,7.43992320371422,72.14194910575591,56.40225932638174,35.15490251433701,20.007549756581206,6.739350337925104,57699.0,143044.2057788136, 0.0, 0.0,0.0,NaN, 125.74108602044623,125.74108602044623,0.0, 138.99499690373275, -3.205681691430174, 10.354711644635824, -3.205681691430174, 250.06798313970418, -2.5384174315944668, 10.354711644635824, -2.5384174315944668, 56.657910195919875, 3.788831861067191, 4.1899727593830285, 16.0, 0.0
16, 0 ,0.3333333432674408,0.3333333432674408,0.3333333432674408,201.89687028099368,193.99531183687165,13.456696177419833,19.279848171095043,16.549619329485278,8.722077340505278,100.0,88.0,39.0,-0.9377846240164281,0.3467712115710972,0.01759902792428761,19.68294979647207,-0.3458329421024051,-0.937366467345399,0.04175741913960678,16.081028654460535,0.030977009461226074,0.03307314200253376,0.9989727684791607,8.698222997203784,101.32157810665133,88.37709700553015,40.865603411586385,25.181592966900233,9.357588056464875,101319.0,365931.3292372116, -2.8421709430404007E-14, 0.0,-1.7763568394002505E-15,29.74758870037721, 145.05964512998662,145.05964512998662,0.0, 371.71254550047695, -42.07894853498883, -7.787167082601785, -42.07894853498883, 273.88989995087275, -5.258037182717128, -7.787167082601785, -5.258037182717128, 76.07463313375563, 3.185271455332963, 3.9141044705173313, 31.0, 0.0
17, 0 ,0.3333333432674408,0.3333333432674408,0.3333333432674408,72.83868348220945,29.30606884208084,28.57848726404932,13.112471960556745,16.27221262124851,14.60209352976767,64.0,65.0,70.0,0.06747653893004978,0.8888661716146032,0.4531708790878114,16.829784994548504,0.07253312822425385,-0.4573744833600363,0.8863111909939668,13.978585309646588,-0.9950808318945878,0.02693531010286914,0.09533429113197855,13.088179771755556,80.83721621215622,79.23259605278152,63.05336128294171,24.341525195125275,7.578463639465387,120682.0,403853.1533335257, 0.0, 3.552713678800501E-15,0.0,27.268885481989763, 83.5526745035711,83.5526745035711,1.6518123698891422E-6, 171.93692091638684, 5.914440829764329, 4.9723238764397575, 5.914440829764329, 264.7849035911193, 35.321120100162275, 4.9723238764397575, 35.321120100162275, 213.22113545208282, 2.9783009290579123, 3.493570401941129, 19.0, 0.0
18, 0 ,0.3333333432674408,0.3333333432674408,0.3333333432674408,81.07562148590827,9.536847130379433,267.2320096184448,14.32053112762826,6.3404377780930465,16.05766068037795,65.0,27.0,68.0,0.3847954217310401,0.050188919889756226,0.9216363467958124,16.44024613143753,-0.9207873522811703,0.09000091003160185,0.37953983726680945,13.946087925987188,0.06389941544226918,0.9946762832770185,-0.08084526079092798,6.192912741173019,72.39153496517076,66.30335513181181,27.937255763506517,21.142759778386992,7.4907234947520065,56558.0,134093.28634738227, 0.0, 0.0,0.0,NaN, 87.96561286184613,87.96561286184613,1.6518123698891422E-6, 205.07761177736992, -8.46055545062824, 27.684300980620172, -8.46055545062824, 40.201151217869494, 16.061732945916816, 27.684300980620172, 16.061732945916816, 257.848466526156, 3.5683850497044256, 3.9616580020653616, 12.0, 0.0
19, 0 ,0.3333333432674408,0.3333333432674408,0.3333333432674408,263.2225717202991,271.7428691413326,54.762343137577815,15.662035209773064,15.268247333063618,14.547335463999078,78.0,70.0,85.0,0.7655260193141427,0.20698116862217755,0.6092033400998731,16.92453975574206,-0.3499445955501142,0.928489773854671,0.12428000600486386,15.42414451483727,0.5399154506015832,0.30832699473626973,-0.7832150218928325,12.87242839093007,91.3128587384389,77.96512962764564,80.02392631427972,24.993458140874367,8.085217547984108,121444.0,569707.8461251297, 0.0, 0.0,0.0,NaN, 71.76321412221037,71.76321412221037,0.0, 245.2993469121712, -4.329499628554884, 53.168455131516474, -4.329499628554884, 233.1193766236043, 23.556533786413294, 53.168455131516474, 23.556533786413294, 211.62496910212525, 2.8130713710872746, 3.4711578500236415, 30.0, 0.0
20, 0 ,0.3333333432674408,0.3333333432674408,0.3333333432674408,164.98012046786357,102.13965867438657,211.75863236289777,14.831321543356546,11.400829263421066,12.846965578097944,67.0,56.0,62.0,0.9000215466494231,0.12878986799984407,0.41638249899264806,15.424916953713373,0.3612199849744181,0.31417123636439376,-0.877961591811595,12.3089657229843,0.24388796202736404,-0.9405900297907962,-0.23623940788168235,11.205035965242898,74.33568884065949,69.28097817837892,61.161034711284685,21.718732075358055,6.579377494848909,85666.0,314982.34011500695, 0.0, 0.0,0.0,NaN, 190.91730331601443,190.91730331601443,0.0, 219.968098722432, 15.971643811109221, 33.88079227364551, 15.971643811109221, 129.97890789367813, -1.1337319075212007, 33.88079227364551, -1.1337319075212007, 165.04452456483344, 3.2147550485981053, 3.751713395796642, 25.0, 0.0
21, 0 ,0.3333333432674408,0.3333333432674408,0.3333333432674408,147.32536625461344,287.25553209663644,23.93556497493835,13.749237254137222,8.106080192503093,14.454039051676482,68.0,33.0,62.0,-0.5887150295309952,0.007747163143083161,0.8083035292930215,15.22311175522973,0.8006858563238148,0.14287731690450156,0.5817974147391608,12.975641933466228,0.11098096002161802,-0.9897100857207659,0.09031706779604279,7.972383016858508,80.54714766773249,64.61837684059978,38.06715418874285,20.396377958953867,6.903410187779229,62047.0,198132.91163794548, 0.0, 0.0,0.0,NaN, 149.80018783321117,149.80018783321117,0.0, 189.04152507055485, 11.222997373492685, -31.20860292542911, 11.222997373492685, 65.70853608729098, 9.765445828522667, -31.20860292542911, 9.765445828522667, 208.91924490738876, 3.8864204138101903, 4.026467672384998, 12.0, 0.0
22, 0 ,0.3333333432674408,0.3333333432674408,0.3333333432674408,182.0456676714033,284.63443136692024,120.06053538108225,13.99069268667256,9.404271123596015,16.653198219489703,68.0,36.0,88.0,-0.4534902181688162,0.04560392375358158,0.8900937614450944,17.459772074487578,-0.8523904889079593,0.26952850053702593,-0.4480902161591037,13.24954689478001,0.2603403089121036,0.9619119863774129,0.08335618764681312,9.006368543791607,83.361359605905,65.27340687770794,42.34905293242497,22.41204796707104,7.694732878951896,83604.0,230433.0523446781, 0.0, 0.0,0.0,NaN, 169.0084535474336,169.0084535474336,1.9073486328125E-6, 195.73948185291306, -26.32294219126962, -54.238375246220784, -26.32294219126962, 88.44031536610186, -2.32375074335228, -54.238375246220784, -2.32375074335228, 277.32901093761495, 3.6521587556663024, 3.921664630298762, 22.0, 0.0
23, 0 ,0.3333333432674408,0.3333333432674408,0.3333333432674408,104.35912712402171,35.639797645068036,165.1185398011704,13.783678632989654,12.50292658744551,16.533894421359314,70.0,73.0,81.0,-0.40333926951992116,-0.2546787732916391,0.8788948492839187,17.446927635973225,-0.8682808086416008,-0.1966207599964858,-0.4554434257765638,13.049107352776687,-0.28880074620371843,0.9468257491075481,0.14182781750808107,12.041932901576349,87.15310019526918,66.55389718853303,70.60858941655762,23.780718211315495,7.35935296063249,113464.0,409556.5418529563, 0.0, 0.0,0.0,NaN, 174.2240824215687,174.2240824215687,0.0, 189.98979665753552, 20.686883289490577, -46.50808414843498, 20.686883289490577, 156.32317325105183, -33.41354331176554, -46.50808414843498, -33.41354331176554, 273.36966473665666, 3.1336866824666467, 3.6090256083793895, 25.0, 0.0
24, 0 ,0.3333333432674408,0.3333333432674408,0.3333333432674408,256.84329322638143,10.85427807486631,25.916532976827096,14.172955153464088,7.05523941951665,11.412934125001199,71.0,30.0,47.0,-0.9888661961559,-0.052876679436922966,-0.13909602033086965,14.24205964568674,0.13405051271564677,0.08929846036378039,-0.9869428782950563,11.37390159880246,0.06460732265643701,-0.9946003427248465,-0.08121608283328959,6.978698006066938,70.1791118193893,52.23450903969092,32.65665354852979,18.438398775577582,6.397622760306924,44880.0,119711.82825449518, 0.0, 0.0,0.0,NaN, 51.49741132920745,51.49741132920745,0.0, 200.87265778210426, 9.024936223273867, 10.528943325000531, 9.024936223273867, 49.77640326670164, -5.975420551059472, 10.528943325000531, -5.975420551059472, 130.25506534161687, 4.681019906997149, 4.076641087769942, 12.0, 0.0
25, 0 ,0.3333333432674408,0.3333333432674408,0.3333333432674408,150.69566865808824,95.36224724264706,159.01341911764706,12.016733300585868,13.022469068821518,13.857214159616444,56.0,65.0,66.0,0.34473548148250577,0.618994134502094,0.7056937786738864,14.17318723433333,-0.47401484714641084,-0.5340955846722075,0.70003702124846,13.592956800941387,-0.8102267414074834,0.5758369282059431,-0.10929071151088117,10.970927634414927,73.7262910416149,73.02099143412275,52.05385757568898,21.543670649769783,6.471415538011249,87040.0,280235.42292420455, 0.0, 0.0,0.0,NaN, 226.41324507528125,226.41324507528125,0.0, 144.40187921740932, 33.48759842842905, -1.7838871897135768, 33.48759842842905, 169.58470064841316, 11.09088804251654, -1.7838871897135768, 11.09088804251654, 192.02238426547447, 2.696176122588119, 3.377461987347515, 22.0, 0.0
26, 0 ,0.3333333432674408,0.3333333432674408,0.3333333432674408,57.992341081370114,131.47707042430724,284.7511716415563,13.660621369384943,13.794023247579283,9.348758559268195,74.0,67.0,39.0,-0.5037962321460422,-0.8504611746921816,0.15134446410967783,14.151960601371131,0.8589782455733319,-0.4746931924611114,0.1918925393621096,13.531722367708044,-0.09135496761102634,0.22667634056573413,0.9696762895526092,8.994522836285078,72.12783168552589,66.4070496089252,44.35044492053805,20.411753700507596,6.902698821598897,63586.0,212429.605717455, 0.0, 0.0,0.0,NaN, 144.5055654214103,144.5055654214103,0.0, 186.61257619769654, 9.473332703687037, 7.744705133039738, 9.473332703687037, 190.27507735475768, -24.675223976136902, 7.744705133039738, -24.675223976136902, 87.39928659949034, 3.8154679390540327, 3.877550648510019, 17.0, 0.0
27, 0 ,0.3333333432674408,0.3333333432674408,0.3333333432674408,83.09186731153402,212.26654663021765,66.24793659972663,11.608805971509982,12.246353661465502,12.643722006708535,53.0,58.0,60.0,0.3994140467787416,-0.411640961720351,0.8191581885507664,13.198561901118987,-0.3100672508201972,-0.9015250611242045,-0.3018457621597565,12.06110999843876,0.8627437158302769,-0.13343269014354703,-0.4877181542616821,11.177157492702337,62.35106211065053,59.50543927422663,57.16117680919383,20.28011657802823,5.772186054725411,76088.0,212080.96099026682, 0.0, 2.8421709430404007E-14,0.0,65.69204078822051, 137.80495766563243,137.80495766563243,0.0, 134.76437608416583, -2.359217760293647, 18.04389553106802, -2.359217760293647, 149.97317800168952, -11.025081513235529, 18.04389553106802, -11.025081513235529, 159.86370618292568, 3.621347562977191, 3.7695454863910367, 21.0, 0.0
28, 0 ,0.3333333432674408,0.3333333432674408,0.3333333432674408,185.9396918402778,14.183203125,10.505772569444444,17.633787582036227,9.773737351868425,6.972239199513408,86.0,38.0,30.0,-0.9992378956649138,0.027540005242720055,-0.027661814444929093,17.64356230492801,-0.033643667899874524,-0.9669874566325651,0.2525932745057283,9.940853964515325,-0.019792207491780362,0.2533314169749071,0.9671770580902385,6.7061656268852845,85.74265346410124,43.71667250398491,29.385870987192916,19.872331542381996,7.75751022149301,46080.0,110149.51397422269, 0.0, 0.0,0.0,NaN, 115.41788598677716,115.41788598677716,0.0, 310.9504644883751, -5.577102398342533, 6.903744400401132, -5.577102398342533, 95.525941823308, -13.355484636095154, 6.903744400401132, -13.355484636095154, 48.61211945523136, 4.013087165609856, 4.0651515437152055, 11.0, 0.0
29, 0 ,0.3333333432674408,0.3333333432674408,0.3333333432674408,25.27832241153342,129.19703276539974,61.086500655307994,14.032185781794379,12.327533296321386,12.996719969148057,61.0,57.0,62.0,-0.8260560190446025,0.4762802815478194,-0.30131137849227263,14.677681895953985,0.45135606755649343,0.23890903476473538,-0.8597675112422664,13.11837563537286,-0.3375043017209134,-0.8462148465469703,-0.41232424110566895,11.413102987075737,71.65877565706434,66.03052087121473,60.09556741892041,21.875046771572755,6.266368460651056,95375.0,284352.1700314969, -3.552713678800501E-15, 0.0,7.105427357601002E-15,83.62551161723411, 145.1290026894561,145.1290026894561,0.0, 196.90223781479233, -28.99996052170419, 4.966457039107305, -28.99996052170419, 151.96807717191243, -20.816141759523003, 4.966457039107305, -20.816141759523003, 168.91472995645188, 3.6455279648850816, 3.734950761633375, 22.0, 0.0
30, 0 ,0.3333333432674408,0.3333333432674408,0.3333333432674408,237.81419531919204,34.221541663980254,93.86061655506535,14.402835231675725,13.346270136223275,13.684843507993957,70.0,70.0,76.0,0.82666348052612,-0.3524243282421227,0.43866226510554723,14.884262593518551,0.4656372169793563,-0.009247281661439332,-0.8849273811706776,13.391546223414547,-0.3159263713718128,-0.9357946252490249,-0.15645749335483036,13.113533005695496,76.27554109966948,73.8106124222899,65.84238563230987,22.964620565256176,6.742828293229073,108571.0,370688.97036597924, 0.0, 0.0,0.0,NaN, 117.67754058339315,117.67754058339315,0.0, 207.44166271079956, -14.475171454741238, 14.941404406013772, -14.475171454741238, 178.12292654904525, -7.603995634183931, 14.941404406013772, -7.603995634183931, 187.27494183828435, 3.9270904123337878, 3.975699957367715, 24.0, 0.0
31, 0 ,0.3333333432674408,0.3333333432674408,0.3333333432674408,143.35235238809346,276.09371466657143,83.79865747848753,12.452616471456066,12.477234880221028,13.232951996352812,62.0,51.0,69.0,-0.5497306186215521,0.09864693930753768,-0.8294968525047096,13.998161078115645,-0.4824964828152243,-0.848102639499111,0.2189042186564221,12.952783622543745,0.6819042388934851,-0.5205676653806838,-0.5138247899227916,11.051558651966324,65.30012280757262,63.857447221291295,65.34332092130668,21.174637511118178,6.1232991150107665,84021.0,272475.05808881397, 0.0, 0.0,0.0,NaN, 167.76061042104104,167.76061042104104,1.9073486328125E-6, 155.06765698517893, 14.672481609313728, 28.83778752156452, 14.672481609313728, 155.68139025620425, -14.512581723445305, 28.83778752156452, -14.512581723445305, 175.11101853777785, 3.5234460257413827, 3.723089074187435, 15.0, 0.0
32, 0 ,0.3333333432674408,0.3333333432674408,0.3333333432674408,9.252559726962458,170.18563473530241,94.58957119761862,6.071875486453449,12.585499752972362,13.275138427056412,25.0,64.0,66.0,0.13642953692819268,0.6243367386571493,0.7691492821400241,14.506666793941116,-0.05703880381289961,-0.770170266378276,0.6352828784458228,11.304252492317492,-0.9890063479640321,0.13054270393159018,0.0694625520484002,5.767345171920221,66.77664796670473,58.50536131239524,28.491728962059778,18.193872472116713,6.3619793052871865,38969.0,111311.25639673036, 0.0, 0.0,0.0,NaN, 160.88681198260687,160.88681198260687,0.0, 36.86767192299431, 19.24432197221257, 15.167298115759726, 19.24432197221257, 158.39480403206738, 38.83556267690809, 15.167298115759726, 38.83556267690809, 176.22930025750978, 4.530345068774123, 4.156635383363062, 11.0, 0.0
33, 0 ,0.3333333432674408,0.3333333432674408,0.3333333432674408,196.7636352248528,167.38290116497558,185.4054490792935,13.003819591822822,12.248310316142828,11.88154921277128,62.0,59.0,57.0,-0.7823630989239192,-0.58368094173726,-0.21731207903581273,13.708240610458503,0.5032656329209829,-0.38689563783316766,-0.7726807025843915,12.112656256312338,0.3669219047192529,-0.7138825699499686,0.5964394287426207,11.209787645397457,64.55753125464645,68.01538313886385,59.52180051806526,20.624724678849486,5.908669325181651,79830.0,261354.58476427756, 0.0, 0.0,0.0,NaN, 203.4132567364386,203.4132567364386,0.0, 169.09932397667507, 24.329412026580354, 2.3963224186043637, 24.329412026580354, 150.0211056005308, 14.191627683743222, 2.3963224186043637, 14.191627683743222, 141.1712116955058, 3.42995457931724, 3.581551845721617, 24.0, 0.0
34, 0 ,0.3333333432674408,0.3333333432674408,0.3333333432674408,75.72378461082869,245.16348650115987,186.90518730566112,14.028791754274224,14.215248396376891,12.072423605797292,72.0,68.0,69.0,0.5956990797060904,0.706304772663362,0.38246068366601393,14.904104197616387,0.7520322093710455,-0.6577036377849304,0.043283725728884614,13.782684720439534,-0.28211728501781197,-0.26183867735196575,0.9229573904231723,11.512123033431163,71.5392564870844,67.74424523304698,57.12032930929283,22.427406477676385,6.452529384541914,101305.0,276826.41801717505, -1.4210854715202004E-14, 0.0,0.0,53.43751603484395, 146.73640116502534,146.73640116502534,0.0, 196.80699808479247, 9.292776065104988, 22.28396378448399, 9.292776065104988, 202.0732869706958, 22.569885867860396, 22.28396378448399, 22.569885867860396, 145.74341171781168, 2.5493261146142965, 3.327809124898112, 33.0, 0.0
35, 0 ,0.3333333432674408,0.3333333432674408,0.3333333432674408,29.194245853715014,174.70816328499617,228.9438189238473,13.836011708891808,15.083185652924268,13.076034575820332,65.0,81.0,65.0,-0.3241578230405523,0.8180746943770606,0.47505315511160195,16.03484113036725,0.90255975698407,0.4178789866649371,-0.1037450604932203,13.693497254737794,-0.28338593972613824,0.39513408727135013,-0.8738200399634756,12.053729403615769,80.45421820141274,69.68319698994083,60.550285667292,23.199299925628125,7.191166291908417,103647.0,339463.49859920156, 0.0, 0.0,0.0,NaN, 146.96710246688997,146.96710246688997,0.0, 191.43522000859124, -13.730483771038418, -21.173250614043837, -13.730483771038418, 227.50248944058046, 41.62760750247001, -21.173250614043837, 41.62760750247001, 170.9826802280488, 2.7268446425667032, 3.435603396729076, 27.0, 0.0
36, 0 ,0.3333333432674408,0.3333333432674408,0.3333333432674408,233.69514398943195,83.82726552179656,280.85380184940556,13.603106653745305,15.275828258472385,11.458783064704527,64.0,73.0,52.0,-0.290708588895163,0.9351021359185006,0.2026635432021316,15.623049063765908,0.9562201500432919,0.27649034558157565,0.0958963682908036,13.4037746838772,-0.033638385718813626,-0.2216688615950379,0.9745416229209467,11.223115036142536,69.59004612806032,66.0267337643325,55.808186594293915,22.417758482840842,6.866094489921642,94625.0,256427.64820934608, 0.0, 0.0,0.0,NaN, 108.58140392841572,108.58140392841572,NaN, 185.0445106331698, -17.912104322248222, -2.0347939556164056, -17.912104322248222, 233.35092898234348, 23.809208890129792, -2.0347939556164056, 23.809208890129792, 131.30370932395928, 2.957741919211069, 3.702591919743803, 17.0, 0.0
37, 0 ,0.3333333432674408,0.3333333432674408,0.3333333432674408,164.05999622190038,146.28359675083433,45.09831874567093,11.486327706170385,12.568823534427322,12.564116740787595,59.0,62.0,60.0,-0.14294730070325717,0.6680818620884964,0.7302278375753831,13.205243862472589,-0.5012152484582983,-0.6850660566863537,0.5286471154646514,12.177150962698017,-0.8534338544577071,0.29043264886127657,-0.4327811601039071,11.185106510603447,63.86558562998087,59.469180587126914,53.32395906974213,20.392209210243866,5.650299303124339,79405.0,202526.21196810322, 0.0, 0.0,0.0,NaN, 204.72526385191588,204.72526385191588,0.0, 131.93572417353744, 3.252489705673757, -11.284155789992797, 3.252489705673757, 157.97532503957413, 15.643850641222325, -11.284155789992797, 15.643850641222325, 157.8570294761391, 2.8065212735259166, 3.383974763558771, 18.0, 0.0
38, 0 ,0.3333333432674408,0.3333333432674408,0.3333333432674408,132.48598884670477,171.11004491913167,133.1579262102438,12.09407305934153,13.892075209770448,10.797727091472858,62.0,67.0,53.0,0.48505851372101366,0.8740728496100257,0.02673746138603078,14.619639319065236,-0.838930290143837,0.4737506068605128,-0.267873721701986,11.240665725075042,-0.2468080358212396,0.10750356307538937,0.9630829545683784,10.759221504277201,73.61174243412461,56.549080030241264,54.6722025277476,20.433181951312022,6.191311854939308,71907.0,227582.68250044703, 0.0, 0.0,0.0,NaN, 227.807355179876,227.807355179876,0.0, 146.2666031646906, 37.328637966484834, 3.65088392864146, 37.328637966484834, 192.98975363391867, 0.9455314489318694, 3.65088392864146, 0.9455314489318694, 116.59091034192691, 2.9259710566378363, 3.5069915271157552, 28.0, 0.0
39, 0 ,0.3333333432674408,0.3333333432674408,0.3333333432674408,252.88871004088466,50.57344750989924,9.346247947719151,14.003980135448023,17.267459396965258,6.564691561322853,72.0,70.0,29.0,0.13228091957773427,0.990805724277493,-0.028386177175208468,17.328114305304034,0.9907809785907283,-0.13132441971950015,0.03327084682023866,13.94232692950764,-0.02923714723546292,0.03252558261261396,0.999043180096457,6.536035753284567,72.83374075191912,67.65562877126354,30.7019674297023,21.83933685162766,7.772718625831779,62126.0,151287.3992897084, 0.0, 0.0,0.0,NaN, 69.74596465279278,69.74596465279278,0.0, 196.11145963402282, 14.020713003950707, 4.032562185084072, 14.020713003950707, 298.16515402584383, -7.906149267382921, 4.032562185084072, -7.906149267382921, 43.09517529530348, 3.1043078784071403, 3.3624897395311004, 13.0, 0.0
40, 0 ,0.3333333432674408,0.3333333432674408,0.3333333432674408,128.8263595612505,209.4870061546001,105.37014082070944,12.343829576819276,12.0012545383898,11.843241420345311,65.0,59.0,57.0,0.682596107812116,0.47116111167385083,0.5586320438768361,13.97324596162472,-0.3060868781622422,0.8784611533640371,-0.3669016558251247,11.382376544596683,-0.6636063416036974,0.07945570386439703,0.7438503979341342,10.576034604251095,62.33398295101975,49.426351473846424,52.261498462980086,20.025950412730293,5.968577428856309,69379.0,161014.6116328798, 0.0, 0.0,0.0,NaN, 189.45104789691226,189.45104789691226,0.0, 152.37012862155837, 22.061329265980515, 33.79019712689858, 22.061329265980515, 144.03011049522175, 16.24432006730955, 33.79019712689858, 16.24432006730955, 140.2623673405828, 3.5524835059707534, 3.684247872649122, 19.0, 0.0
41, 0 ,0.3333333432674408,0.3333333432674408,0.3333333432674408,76.4645959075519,46.029736493449136,94.01330781687031,11.56852315560357,12.577775663218478,11.091720420354738,58.0,58.0,49.0,0.25775533666238926,0.8786662433056418,0.4018803544554124,12.90859891792973,-0.8535098230148199,0.4020082066452315,-0.33152735001368316,11.71342526230591,-0.4528610917701681,-0.2575558864888053,0.8535700304577806,10.546144941147848,63.38149194220806,61.22543315087165,55.26000536079906,19.588350381169768,5.59946067615465,67930.0,214439.72760541464, 0.0, 0.0,0.0,NaN, 129.6305254005829,129.6305254005829,0.0, 133.83072800173596, 3.6341898464117106, 13.092065439416809, 3.6341898464117106, 158.200440634251, 16.103623115117422, 13.092065439416809, 16.103623115117422, 123.02626188331429, 3.52658788514132, 3.7066410706340167, 22.0, 0.0
42, 0 ,0.3333333432674408,0.3333333432674408,0.3333333432674408,280.7945793166103,226.95937011053348,277.16192398929996,12.00644088030862,16.982492808080423,13.095926525025666,52.0,85.0,59.0,0.15257596941945734,0.9502989319021281,0.27138996588191516,17.417177150896944,-0.3327868234944387,-0.2091668504635915,0.9195119133407808,12.777924768649356,-0.9305769735299676,0.23061042624481606,-0.2843331279379699,11.723035222958726,87.30521532800992,72.87739396590612,63.25392337369374,23.291722188168777,7.845932299402619,99065.0,402457.9309912059, 0.0, 0.0,-5.6843418860808015E-14,74.25300533226384, 78.90094748573375,78.90094748573375,0.0, 144.15462261234603, 25.857509531614074, -1.0381552194793453, 25.857509531614074, 288.40506197650325, 37.82226562415685, -1.0381552194793453, 37.82226562415685, 171.50329154887083, 2.9702395928376544, 3.644062171088923, 14.0, 0.0
43, 0 ,0.3333333432674408,0.3333333432674408,0.3333333432674408,157.82283671663916,280.0907993209478,183.994954929106,13.527534336479716,12.287123517603225,12.896771248684393,65.0,53.0,67.0,-0.7800202603571292,-0.21296290204420623,0.5884005402659878,14.911371958427875,-0.18176362020446932,-0.8226538598811767,-0.5387045694931192,12.632466037723566,0.5987740640697141,-0.5271502908806097,0.6029777699235077,10.879617931046106,67.1503871256488,64.28755434434083,62.86979978737244,21.40696914636646,6.4835152632622295,83646.0,271404.78643403406, 0.0, 0.0,0.0,NaN, 184.5748967570682,184.5748967570682,0.0, 182.9941852246377, 23.435699915562928, -43.68899604171878, 23.435699915562928, 150.97340433683826, 5.234468083513198, -43.68899604171878, 5.234468083513198, 166.3267086408924, 3.1766523927848516, 3.415468733863694, 20.0, 0.0
44, 0 ,0.3333333432674408,0.3333333432674408,0.3333333432674408,103.43453926635573,86.23999747888567,260.6511660153788,12.785469426006385,12.456780539906314,11.512608096348973,60.0,57.0,53.0,-0.9002784929542059,0.24834724351005644,0.3575224213459351,12.944050884562728,-0.3447014653952135,-0.9082835679852898,-0.23706931451013163,12.583843200380068,-0.26585622971541617,0.33666690774245683,-0.9033138205256442,11.192774099790974,62.78445596363655,63.00619505350923,54.34593972695987,20.455833361786542,5.721768652935954,79330.0,214982.19437394073, 0.0, 0.0,0.0,NaN, 140.30100432409873,140.30100432409873,0.0, 163.46822844334403, 0.9044599383317021, -10.902697527822228, 0.9044599383317021, 155.17138141938864, 10.875059249126442, -10.902697527822228, 10.875059249126442, 132.54014518011994, 2.7482785219715202, 3.186027838908934, 26.0, 0.0
45, 0 ,0.3333333432674408,0.3333333432674408,0.3333333432674408,127.59511207757218,158.6337203736375,15.052831685334866,12.895792251833527,14.71781848575366,9.205932985796663,63.0,71.0,42.0,0.1267885910341793,0.9836322242930382,0.1280324197845888,14.811651897835398,0.9835507138569481,-0.14140734889139192,0.112391970135753,12.917892576302311,-0.128657088631196,-0.11167635833889701,0.9853810149039339,9.022630457105262,72.75651317609265,64.8098486949108,45.73158862459711,20.67131771299933,6.353067363820499,73119.0,215639.9255616072, 0.0, 0.0,0.0,NaN, 191.0275513721362,191.0275513721362,0.0, 166.30145780244962, 5.321138030628738, 11.687264350501819, 5.321138030628738, 216.6141809795922, 16.018120299739323, 11.687264350501819, 16.018120299739323, 84.74920213897907, 3.7342403004305567, 3.914926670464797, 18.0, 0.0
46, 0 ,0.3333333432674408,0.3333333432674408,0.3333333432674408,43.62706037209485,20.920306084359837,165.4777312822931,14.156112546413583,12.047231122467203,14.988618701007589,67.0,51.0,71.0,0.639298116670179,0.2354493110362785,0.7320256415963197,16.366300033503062,-0.5687662666367317,-0.4958733152833362,0.6562123049181771,13.37065570318962,-0.5174967168572915,0.8358667819230853,0.1830952509473401,11.115744688916944,78.80203002627867,63.509840268864025,61.77658440179714,22.859597926691293,6.901360252812246,101802.0,309173.54005562165, -7.105427357601002E-15, 0.0,0.0,50.260498282454094, 142.958806599428,142.958806599428,0.0, 200.39552242672804, 37.29228640693517, 46.92017392451511, 37.29228640693517, 145.13577771814238, 6.903379441398409, 46.92017392451511, 6.903379441398409, 224.65869056419442, 3.5027752747822785, 3.7061411952730174, 19.0, 0.0
