// Sample: .//bubblelabels.tif, Map: .//bubblelabels.tif, Thickness:(8.191250068658265):/gpfs/home/mader/Foam/NewValid/InSilicoTest/LatticeDataPhi_16.0/out_Step_02000.vtk/distmap.tif, Neighbors:(1.0):
//LACUNA_NUMBER, TRIANGLES, SCALE_X, SCALE_Y, SCALE_Z, POS_X, POS_Y, POS_Z , STD_X, STD_Y, STD_Z,PROJ_X, PROJ_Y, PROJ_Z, PCA1_X, PCA1_Y, PCA1_Z, PCA1_S, PCA2_X, PCA2_Y, PCA2_Z, PCA2_S, PCA3_X, PCA3_Y, PCA3_Z, PCA3_S,PROJ_PCA1, PROJ_PCA2, PROJ_PCA3,OBJ_RADIUS, OBJ_RADIUS_STD, VOLUME, VOLUME_BOX, Mask_Grad_X,Mask_Grad_Y,Mask_Grad_Z,Mask_Angle, Mask_Distance_Mean,Mask_Distance_COV, Mask_Distance_STD, SHAPET_XX, SHAPET_XY, SHAPET_XZ, SHAPET_YX, SHAPET_YY, SHAPET_YZ, SHAPET_ZX, SHAPET_ZY, SHAPET_ZZ, Thickness, Thickness_STD, Neighbors, Neighbors_STD
1, 0 ,1.0,1.0,1.0,169.17661915091415,62.88720173535792,166.32294700960645,12.495201259421512,11.234709561230641,11.44745193491862,60.0,57.0,60.0,-0.883725285954577,-0.02366687415536164,0.4674072079378058,12.905791232222752,0.2900408755745803,0.7561091873919005,0.5866644588156761,11.946215984329605,-0.3672953980931854,0.6540174124664222,-0.6613284469386557,10.203988708684388,67.5916519890333,59.58312969228433,60.44431829676651,19.502304113695796,5.749177636660329,64540.0,243428.74292028323, 0.0, 0.0,0.0,NaN, 77.71116295095044,77.71116295095044,0.0, 156.13005451344893, 9.76893070062991, -19.224175286062422, 9.76893070062991, 126.21869892520719, 16.42745668159153, -19.224175286062422, 16.42745668159153, 131.04415580227206, 6.149076598430607, 4.322344672294828, 32.0, 0.0
2, 0 ,1.0,1.0,1.0,38.53544890287613,9.424804032986566,25.680974444153044,11.448872050313694,6.104449731043914,12.609603763277212,57.0,25.0,57.0,0.5140506892079891,0.07912296933189458,0.8541027131726581,13.277350492098847,-0.85775956460379,0.046667185319562085,0.5119284160359399,10.716290446365095,-6.467267645675077E-4,0.9957719264663237,-0.09185778250120279,6.017987021360034,68.2733436634399,53.072000096381615,27.02319532829994,17.114526377261996,5.868225599974419,34317.0,97915.92435999513, 0.0, 0.0,0.0,NaN, 47.25801732624443,47.25801732624443,0.0, 131.0766712244541, 2.5499672434615697, 26.974709170052517, 2.5499672434615697, 37.26430651884212, 11.344253709623061, 26.974709170052517, 11.344253709623061, 159.00210706685482, 6.140702066773541, 4.318517847938881, 13.0, 0.0
3, 0 ,1.0,1.0,1.0,171.72470903077584,42.1519351662501,13.219470322401474,11.135844123584016,10.751722035469822,8.36917558149197,55.0,54.0,33.0,-0.8689648865577251,0.4936052324978077,0.03541045580764781,11.335068321782868,-0.48300059554934494,-0.8615224396680382,0.1564912478300645,10.59524237913389,0.10775180104619299,0.11888212817416119,0.9870443703157847,8.301006930157884,61.15582049392333,62.276952807312355,36.60332625121441,16.785709360984093,5.28106165796009,39609.0,139407.36052681753, 0.0, 0.0,0.0,NaN, 52.45028229913443,52.45028229913443,0.0, 124.00702434476068, -7.514486579999778, -5.110022863605111, -7.514486579999778, 115.59952672800733, -4.8034732611331155, -5.110022863605111, -4.8034732611331155, 70.04309991384146, 6.225949401835485, 4.342744139927928, 19.0, 0.0
4, 0 ,1.0,1.0,1.0,9.451866785561974,30.7469468460435,134.42558058387934,6.1743384600044235,9.927678858041268,10.273289263717013,24.0,43.0,55.0,0.061832997041966944,-0.5628062988579198,0.8242728616439208,10.581610287414541,-0.005661310047776036,-0.8260376080903715,-0.5635865679635036,9.613219422595167,-0.9980704534477268,-0.03018178235604587,0.05426260193228136,6.151200799958855,59.330713213861245,48.00249661117503,26.25199214686971,14.837466791848367,4.6980117522083225,25793.0,74766.26062848733, 0.0, 0.0,0.0,NaN, 73.03914709145182,73.03914709145182,0.0, 38.122455418689796, -2.3246099907198468, 3.952501000073061, -2.3246099907198468, 98.55880750839958, -8.982989009770836, 3.952501000073061, -8.982989009770836, 105.54047229600324, 6.328594927301478, 4.127867884309906, 14.0, 0.0
5, 0 ,1.0,1.0,1.0,59.87705969412926,73.86050814010854,141.6348544647262,9.527742663110164,9.883203191098403,10.034415065611263,48.0,50.0,53.0,-0.6420049730680244,0.4257615178575362,0.6376180239513088,10.396361685286937,-0.141556394698179,0.7515176778985797,-0.6443469305630157,10.163041610179084,-0.7535193439295226,-0.5039328424676974,-0.42220882109028474,8.818918313399879,50.50169273899447,52.967425128468406,48.840989187513046,16.375334415152434,4.5818657850131075,40540.0,130646.94170284962, 0.0, 0.0,0.0,NaN, 111.56669374720688,111.56669374720688,NaN, 90.77788025444957, -10.99948760310064, -10.080756915337945, -10.99948760310064, 97.67770531653764, -4.126267834286578, -10.080756915337945, -4.126267834286578, 100.68948570896627, 6.027889426578926, 3.915673566577375, 20.0, 0.0
6, 0 ,1.0,1.0,1.0,30.727477257165216,107.70510124229678,176.70810916560697,10.295484070064603,9.43554774152791,9.88058158081055,52.0,49.0,46.0,-0.8653932336159252,0.44892500648933037,0.2226227521174039,10.537395498212625,-0.357566236677905,-0.24198071693843076,-0.9019931923346004,9.970013249792135,-0.35105688655796635,-0.8601811850874892,0.3699289002250426,9.067225469121011,56.82676446812737,49.35826268412464,50.329820091642645,16.461039651493273,4.656889453985025,40892.0,141168.62100719026, 0.0, 0.0,0.0,NaN, 100.02518869727552,100.02518869727552,0.0, 105.996992236954, -9.710245323189003, -0.00970437881435262, -9.710245323189003, 89.02956118265247, 6.631739421599659, -0.00970437881435262, 6.631739421599659, 97.6258923750527, 5.996764993278129, 4.018661557383403, 20.0, 0.0
7, 0 ,1.0,1.0,1.0,137.26791950452449,17.013004302610508,180.6098130390322,12.710322206965353,9.92543661025277,9.633434939195716,66.0,42.0,39.0,-0.9672369126151447,-0.24815479602081542,0.053590596997885084,12.889322857924434,-0.2314909292306492,0.7754134503751339,-0.5874912175184073,9.792248367806735,0.10423389352150765,-0.5806489285180821,-0.8074540960650026,9.531362935284358,66.6463118572945,54.42003465271699,52.309029627362975,18.006648278943555,5.350726025050331,51829.0,189719.3371259415, 0.0, 0.0,0.0,NaN, 67.82872244906835,67.82872244906835,0.0, 161.55229060487662, 17.16599630040998, -3.2169222608964954, 17.16599630040998, 98.514291904146, -3.2977679289260204, -3.2169222608964954, -3.2977679289260204, 92.80306872771678, 6.258051282748312, 3.9791201597781667, 16.0, 0.0
8, 0 ,1.0,1.0,1.0,185.29240585122938,155.71052495072104,91.46599751011516,8.269803615705436,10.770869224217135,10.444179256838645,32.0,57.0,53.0,0.16592653372299598,0.7850659368996629,0.5967745471503683,11.494836726937812,-0.2538416899902382,-0.5507682571728476,0.7951218292272475,9.844710662355041,-0.9529075410707859,0.2834180686029737,-0.10789539637903378,8.026989263232874,55.6531699930992,47.5665487859125,38.172688321856214,16.411873729011294,4.912489871695185,38556.0,101051.85614409448, 0.0, 0.0,0.0,NaN, 102.68349247228615,102.68349247228615,0.0, 68.3896518423347, 13.360424880837536, 0.14680838445277963, 13.360424880837536, 116.01162384518784, 17.49092224842809, 0.14680838445277963, 17.49092224842809, 109.08088034897862, 6.1591561067826595, 4.074553549472888, 19.0, 0.0
9, 0 ,1.0,1.0,1.0,79.36445543194615,146.59285812388407,44.83818156846587,9.58856161330204,8.805467304247324,10.44959350068819,45.0,40.0,50.0,-0.5753002465065868,-0.08372377985991285,0.8136460871014064,11.265455653473497,0.19603908259915825,-0.9798678587951409,0.0377843538241227,8.790924621075785,0.7941022002633796,0.1812437805448646,0.5801313537041972,8.630175306102918,55.55579405784762,41.11020351049453,41.97293368925206,16.037785355219818,4.6325169711243825,36405.0,95862.40297824224, 0.0, 0.0,0.0,NaN, 105.64801046755048,105.64801046755048,0.0, 91.94051381208942, 1.9874456369264446, -24.521521578091107, 1.9874456369264446, 77.53625444616863, -3.67533231128147, -24.521521578091107, -3.67533231128147, 109.19400432962486, 6.030748396714856, 3.9390910728955704, 15.0, 0.0
10, 0 ,1.0,1.0,1.0,40.20245030050855,173.1904761904762,190.36208969024503,10.02938924572873,10.227828287530448,4.960398481944431,51.0,49.0,20.0,-0.5268504362989098,0.8498656066239411,0.012532695215681526,10.352132768742397,-0.8498997040167796,-0.5265843159440811,-0.01947951010406829,9.903097172922518,-0.009955444934245867,-0.02091432235155764,0.9997317041270304,4.956277508696173,47.012180687319216,45.52667463648254,20.405896502190302,14.430471085358446,4.643724526268721,21630.0,43674.90871601168, 0.0, 0.0,0.0,NaN, 49.27349076529046,49.27349076529046,0.0, 100.58864864233911, -4.087752900512964, 0.6715399559138728, -4.087752900512964, 104.60847147920802, 1.6338044602954769, 0.6715399559138728, 1.6338044602954769, 24.605553099676616, 6.157258600926598, 4.0375020248696645, 11.0, 0.0
11, 0 ,1.0,1.0,1.0,153.47431158366905,10.568301698716617,87.11405075383146,8.934885477652127,6.8491265158910615,9.669607059572883,46.0,26.0,45.0,-0.3249198778474145,-0.01602068118761124,0.9456058432316851,9.760595282743996,0.9290473093542709,0.18162885230154607,0.3223073951885255,8.89821233113667,0.17691288805853153,-0.9832366438380478,0.044130853752011624,6.767319281108702,44.30657474386185,41.779219220410624,28.658375652086356,14.181189725028696,4.374685268532044,24077.0,53049.350060208235, 0.0, 0.0,0.0,NaN, 99.32364533256788,99.32364533256788,0.0, 79.83217849875888, 5.8903930971738605, -5.204529617840875, 5.8903930971738605, 46.91053403068204, 1.2046950839109591, -5.204529617840875, 1.2046950839109591, 93.50130068654173, 6.437619480970081, 4.051864882558152, 15.0, 0.0
12, 0 ,1.0,1.0,1.0,99.87444695127311,89.457733891998,14.263383046675848,11.044269362997078,8.605848660544229,8.25327105113798,51.0,44.0,33.0,-0.9950632888261743,-0.07934932155467662,0.05960483536802813,11.06761607241632,-0.061755222291759664,0.9652293274997147,0.25400519257319176,8.612249135309332,-0.07768747486006061,0.24907033244298973,-0.9653645040846517,8.2152321500451,50.72774049033208,44.90060049794816,38.066680047967125,15.622365104408312,4.482712183349254,34129.0,86704.70592295608, 0.0, 0.0,0.0,NaN, 134.8370698393079,134.8370698393079,0.0, 121.97588576243587, 3.944603994468383, -3.3670017769343916, 3.944603994468383, 74.06063116819091, 1.3778144699472616, -3.3670017769343916, 1.3778144699472616, 68.11648304355222, 6.448212651475671, 4.041526781340742, 13.0, 0.0
13, 0 ,1.0,1.0,1.0,154.85958877933194,9.809218069250171,40.287166552014064,10.193376266559612,6.222091604266685,9.664315799233846,46.0,24.0,46.0,-0.9468484678360513,0.016677771785703684,0.32124730486773917,10.260430109886336,-0.3215439825270675,-0.020038412057562505,-0.9466825916551145,9.59517889689153,-0.009351270349801247,-0.9996600992189673,0.024335976914223227,6.2188792726385165,53.98504322229735,46.1484532302035,24.811603188021042,14.690835268585355,4.494185423649878,26166.0,61813.79813522353, 0.0, 0.0,0.0,NaN, 61.293827365329705,61.293827365329705,NaN, 103.90491971166078, -0.7077097307030067, -4.005654287544948, -0.7077097307030067, 38.714423931885975, 1.3696986710867103, -4.005654287544948, 1.3696986710867103, 93.39899986732094, 5.8456625361435455, 3.8815624216658433, 15.0, 0.0
14, 0 ,1.0,1.0,1.0,189.31408606105185,58.131666053696215,94.22033835969107,6.6767416042093135,9.877619364388908,10.533553724163617,27.0,47.0,55.0,0.15906543860705746,-0.5618948376590365,0.8117711362526195,11.149824660334426,0.0542879621078474,-0.8160177132110099,-0.5754719010482181,9.295568792005287,-0.985774316672392,-0.13560709103139865,0.09929608980760854,6.509670321442326,49.54948399347735,46.34846363616259,29.43474472022268,15.134000781387169,4.905508859022164,27190.0,67598.14096278192, 0.0, 0.0,0.0,NaN, 111.22477923333331,111.22477923333331,1.9073486328125E-6, 44.57887844937955, -9.274491654967463, 9.20523392453985, -9.274491654967463, 97.56736430775074, -16.699441387557744, 9.20523392453985, -16.699441387557744, 110.9557540598412, 6.051986616169236, 3.897798061300413, 12.0, 0.0
15, 0 ,1.0,1.0,1.0,74.35901443412706,186.91888081885324,28.621494897490116,9.487965383081198,7.2983211937731225,11.934597603046596,48.0,28.0,57.0,-0.3757843663960123,0.035324743862409066,0.9260336238190289,12.376870935446485,0.8917682799530124,0.28558450695098886,0.35098550434342174,9.052975150123075,0.25206238283804533,-0.957702277255628,0.13881967907105616,7.11184266440314,61.6156537976912,46.74299113797642,36.12198960373172,16.04153684877445,5.328291924630179,32631.0,104034.94079209784, 0.0, 0.0,-3.552713678800501E-15,22.175263678221686, 80.74384606156146,80.74384606156146,0.0, 90.02148711054713, 6.629135215198212, -25.885409969786284, 6.629135215198212, 53.26549224747794, 6.501734454771727, -25.885409969786284, 6.501734454771727, 142.43461994664557, 5.621712054668102, 3.794283542265819, 14.0, 0.0
16, 0 ,1.0,1.0,1.0,185.49052330122365,149.4286644103098,33.91994272324916,8.4683631810982,11.599548241574093,9.320053130954285,37.0,55.0,51.0,-0.1806251217718451,0.983428837178207,0.015565589973581262,11.694417426382085,-0.04154525101749522,0.008183117127318007,-0.9991031121520815,9.320851407023754,-0.9826741868507586,-0.18110979763778678,0.03937872137081698,8.335971139891818,56.9543851668151,50.85606131422834,42.01272736162028,16.38717989480876,4.95846950525694,38410.0,121688.84406833566, 0.0, 0.0,0.0,NaN, 62.5983019877209,62.5983019877209,1.1680077279964342E-6, 71.71317496697961, -11.955388340397224, 0.5326831333314986, -11.955388340397224, 134.54951940860462, 0.8875850836163026, 0.5326831333314986, 0.8875850836163026, 86.86339036381077, 5.913216014608714, 3.916287911491966, 16.0, 0.0
17, 0 ,1.0,1.0,1.0,153.7130593029236,109.3086996083396,9.738576571586819,10.971094273907187,9.85219770500331,5.7767834787405326,59.0,54.0,22.0,-0.9896741812442553,-0.1430524549718638,0.0090005613733543,10.99429985333107,-0.14269466637659733,0.9892366974972587,0.03238809213875142,9.830036062173427,-0.013536881700901712,0.030769326467109427,-0.9994348409889345,5.770415781994865,59.373186228465585,51.82989454039223,23.28232840588014,15.075871444070271,4.849746049800115,25277.0,71646.84844916424, 0.0, 1.4210854715202004E-14,0.0,81.77548260985232, 102.28505618840767,102.28505618840767,NaN, 120.36490956695907, 3.458875588847019, -1.0727975679978143, 3.458875588847019, 97.06579961847248, 1.9163621874394994, -1.0727975679978143, 1.9163621874394994, 33.37122736024957, 5.931807040010407, 3.8758987466970156, 17.0, 0.0
18, 0 ,1.0,1.0,1.0,11.380974460028593,47.60237239673892,14.989065337506279,6.920797494456848,9.865501391489342,9.55040863361313,27.0,49.0,39.0,0.03348792325197759,-0.7502300835815522,0.6603282370802319,10.874352826237129,-0.03234426954132937,-0.6611662524566493,-0.7495418833129127,8.389846483145863,-0.9989156156673633,-0.0037427665766516962,0.04640672876044171,6.913377418708174,53.61244856659526,40.93650747062047,28.775347748258763,14.649418394211665,4.672301514784181,25881.0,63153.439901720776, 0.0, 0.0,0.0,NaN, 51.18773795695281,51.18773795695281,0.0, 47.89743795928019, -1.2869437746549908, 2.1057847754023435, -1.2869437746549908, 97.32811770547814, -23.7068323716905, 2.1057847754023435, -23.7068323716905, 91.21030506899223, 6.98971592264388, 4.105887798937169, 10.0, 0.0
19, 0 ,1.0,1.0,1.0,63.50071317212326,11.943841841642618,106.0560586459681,9.562920866049126,7.1439197749894054,10.722296114011927,46.0,27.0,53.0,-0.4676798336792305,-0.08807534114180068,0.8794988956516788,11.150574689354698,-0.8728279770206835,-0.11096632767922364,-0.4752449859297502,9.113972330388867,-0.1394521269100925,0.9899137378600938,0.02497790816119015,7.074805414736596,58.068621037665096,48.77865964051156,32.097638205242525,15.319029070622483,4.772842709726043,30147.0,90916.86518853181, 0.0, 1.7763568394002505E-15,0.0,84.94710748589509, 114.01955993791691,114.01955993791691,0.0, 91.44945549031777, 6.257097137373685, -16.860689463657657, 6.257097137373685, 51.03558975148468, -4.013171881526334, -16.860689463657657, -4.013171881526334, 114.96763395655529, 5.604786359743245, 3.809147390919719, 19.0, 0.0
20, 0 ,1.0,1.0,1.0,191.78737014762166,135.19212684527065,118.54942591580098,4.712999150205153,9.78860448769918,9.752547490643414,18.0,48.0,47.0,0.019140254024231824,0.7124882489643167,0.701422943568037,10.798302260044219,0.022002324954589623,-0.7016817278507581,0.7121507217555615,8.624703868527268,-0.9995746837392793,-0.0018021898170472782,0.02910676449526486,4.706641355003474,48.96580602991037,43.90119893552958,18.918354201704346,13.876708844519804,4.536328141582995,18290.0,40667.98372947029, 0.0, 0.0,0.0,NaN, 104.41122415994009,104.41122415994009,0.0, 22.212360989834497, 0.481639218220756, 2.08647990085019, 0.481639218220756, 95.81677781660451, 21.101329542475373, 2.08647990085019, 21.101329542475373, 95.11218255725515, 6.181648560581213, 3.823155576037919, 9.0, 0.0
21, 0 ,1.0,1.0,1.0,11.451174934725849,153.5132637075718,187.98532637075718,7.296259095718236,10.422490571535517,6.108577527580046,29.0,57.0,24.0,0.02532003985409137,0.9996245884982046,0.010467934446807603,10.42455609830546,0.9989437221592318,-0.025701669387791053,0.03809021067597839,7.295429063068984,-0.03834495456310975,-0.009492431747246344,0.9992194744895023,6.106043797342487,57.21086607404493,30.156636581252965,24.813863046092735,13.380067160076091,4.48912337855709,19150.0,42811.04269532122, 0.0, 0.0,0.0,NaN, 49.36089992012582,49.36089992012582,0.0, 53.23539679185109, 1.3976188807613428, 0.6254193293293887, 1.3976188807613428, 108.62830971374676, 0.7313956711137144, 0.6254193293293887, 0.7313956711137144, 37.31471941045595, 6.060845459137822, 4.081460659767985, 8.0, 0.0
22, 0 ,1.0,1.0,1.0,8.845599635202918,20.057409940720476,54.155449156406746,5.448014068426748,10.625891171842232,9.90484383112661,21.0,42.0,45.0,0.06141412424087955,0.9571484999208549,-0.2830106966935747,10.704215227119123,0.02565092381097722,-0.2849658075987803,-0.9581944054351487,9.838763633500042,-0.9977827095371865,0.0515871844437312,-0.042052668759535096,5.41431974861529,47.20615976732759,50.65753293209309,21.85534949822295,14.730045474760441,4.870535095459796,21930.0,52263.73741699061, 0.0, 0.0,-7.105427357601002E-15,73.56002501750572, 58.42394200812344,58.42394200812344,0.0, 29.680857289775773, 4.518804836264448, -3.1407044758962686, 4.518804836264448, 112.90956319583469, -4.669617441309377, -3.1407044758962686, -4.669617441309377, 98.10593131900687, 5.3824408874221445, 3.735509597037537, 10.0, 0.0
23, 0 ,1.0,1.0,1.0,98.81981260017261,21.922081124398964,101.05646652693872,9.62248614905264,8.680050060382628,9.927350691065755,48.0,42.0,48.0,0.6484880571101161,-0.2165751976531746,0.7297660060231879,11.006444496066054,0.30792400778321294,-0.8021059309413716,-0.5116726306725811,8.594325039805728,-0.6961652427522299,-0.5565260634598923,0.4534674139048639,8.454794920519813,53.490218254823816,47.97738593671426,44.73984209894336,15.601317345414678,4.80486186799555,32444.0,114816.78938279794, 0.0, 0.0,0.0,NaN, 141.5477156978973,141.5477156978973,0.0, 92.59223968870992, -7.561876271321795, 23.12569668710646, -7.561876271321795, 75.34326905074848, -6.872125897543478, 23.12569668710646, -6.872125897543478, 98.55229174340373, 5.474220634318797, 3.5380264995545687, 21.0, 0.0
24, 0 ,1.0,1.0,1.0,123.28990482812569,10.765981487114859,145.66624657772368,8.777395809301971,6.452208483958663,9.58084378482719,42.0,26.0,48.0,-0.5290304537043049,-0.04960698554442407,0.8471516546868172,10.054285850579525,-0.8410118756528454,-0.10257866554644215,-0.5312030142851168,8.256986888249362,-0.11325106650403007,0.9934871737269217,-0.012547174016216774,6.418702571781645,47.54067532312318,43.644917589080706,27.25274168538749,13.90346706494148,4.142444051156138,23011.0,56546.95508983203, 0.0, 0.0,0.0,NaN, 94.6176612457296,94.6176612457296,NaN, 77.0426771931518, 3.899097714113572, -14.787950585372013, 3.899097714113572, 41.630994320468155, -1.0467716387362032, -14.787950585372013, -1.0467716387362032, 91.7925676292618, 5.79713849971422, 3.78130537076754, 10.0, 0.0
25, 0 ,1.0,1.0,1.0,139.96398868215724,36.64163022664266,38.07842464774644,8.823075166773892,9.043578702016879,10.025747531111517,40.0,44.0,44.0,0.40450621939604736,0.25831218905109016,0.8772967180250651,10.304395442254963,-0.4123756811241709,-0.8047055478471145,0.42707760287967755,9.212610687150164,-0.8162848865973772,0.5345313781731709,0.21898673398404245,8.312389764222194,48.66494281443974,45.87206664015307,43.34062907424543,15.533618026667837,4.342268496682863,34989.0,96751.9517234643, 0.0, 0.0,0.0,NaN, 79.98061105215602,79.98061105215602,0.0, 77.84665539854215, 9.11019046230445, 10.381857585417151, 9.11019046230445, 81.7863157395733, 2.9821191419614705, 10.381857585417151, 2.9821191419614705, 100.51561355758865, 5.501248875979496, 3.570067026654838, 16.0, 0.0
26, 0 ,1.0,1.0,1.0,70.64494742360233,63.497147614789235,45.98248481297604,9.139571914981321,9.333922674667381,8.615385194441213,42.0,40.0,44.0,-0.6247307214707515,-0.7797138495612066,0.0419265840855021,9.664454887937996,0.7398197667056094,-0.6082317728455903,-0.28761227945407164,8.808710315915093,0.24975635816189243,-0.1486621111902903,0.9568287925507643,8.595561856195582,50.643857725321496,44.38667916337725,42.397791094614206,15.088700365372215,4.14847810869983,32429.0,95306.53154627045, 0.0, 7.105427357601002E-15,0.0,38.76561679972235, 105.53191584195486,105.53191584195486,0.0, 83.53177478911533, 7.838143563991592, -1.3005849660302138, 7.838143563991592, 87.12211249666987, 0.010897031829580095, -1.3005849660302138, 0.010897031829580095, 74.22486204859686, 5.764302463414634, 3.6340567037090117, 20.0, 0.0
27, 0 ,1.0,1.0,1.0,68.26230494777114,191.1032111077677,72.96075312728367,10.695263473042917,5.241078828185039,10.055122903703051,50.0,21.0,46.0,-0.9455520510009776,0.0011316289257854474,0.32546895130537257,10.778199865331013,-0.3247349144311892,-0.0704927613161535,-0.9431744302892188,9.984254193104476,0.02187588163281183,-0.997511649063808,0.0670220544655941,5.206547850551593,48.38308676025449,49.72800300313331,22.409680142478607,14.81783719255924,4.836813577597365,23263.0,53917.56232268048, 0.0, 0.0,0.0,NaN, 100.31035154098444,100.31035154098444,0.0, 114.38866075780605, 1.566100925091419, -5.179405733683748, 1.566100925091419, 27.46890728324946, 4.8582397687913, -5.179405733683748, 4.8582397687913, 101.10549660857367, 5.474349521560117, 3.6666673341940332, 15.0, 0.0
28, 0 ,1.0,1.0,1.0,92.07600145225705,126.72270966961152,77.13808544112308,9.031372372360172,8.081186052661181,10.249660585447263,44.0,38.0,47.0,-0.07019528237592729,-0.10437054523452313,0.9920581694737524,10.275320612593305,0.9869231903959794,0.13739833880919802,0.08428708531616291,9.045020913144773,-0.14510423353846436,0.9850017694298422,0.09336099629552853,8.033192394808939,46.417992874797314,45.26995104852723,38.020961081446615,15.29101901348181,4.255764865704811,33052.0,79894.97644253867, 0.0, 0.0,0.0,NaN, 140.70478153610165,140.70478153610165,0.0, 81.56568692823062, 2.643971720620116, -1.4211808855168002, 2.643971720620116, 65.30556801772559, -4.050267667073336, -1.4211808855168002, -4.050267667073336, 105.05554211687114, 5.802641882405945, 3.6252060903858014, 18.0, 0.0
29, 0 ,1.0,1.0,1.0,125.90700306812427,74.75428196955706,165.60963331446786,9.006750425808994,8.941760588460376,9.406316155139779,44.0,42.0,44.0,-0.4986628446931703,-0.3493429093877113,0.7932810970791155,9.849633865805394,0.5554250654689669,-0.8313931739657366,-0.0169819590145677,8.863190714855167,0.6654610161168796,0.4321399332897942,0.6086186935060272,8.60139420828286,49.726435962018215,41.277170914138054,45.29102744864423,15.23977983228472,4.159871383598474,33571.0,92962.85004663392, 0.0, 0.0,0.0,NaN, 110.7279196404247,110.7279196404247,0.0, 81.12155323281048, 1.9008331092001147, -9.153844830128207, 1.9008331092001147, 79.95508242134323, -6.318046373028988, -9.153844830128207, -6.318046373028988, 88.47878361044359, 5.654630097233647, 3.6346409035516527, 17.0, 0.0
30, 0 ,1.0,1.0,1.0,45.2992700729927,53.50538068722772,170.79184097400537,9.433998978899364,10.145171481319803,8.641902056422216,44.0,46.0,41.0,-0.39070149207350885,0.8924849389910614,0.22543952130372802,10.460931759794189,-0.8839313027715318,-0.29538872750043804,-0.3625064849713655,9.303889741532187,-0.25693928479731726,-0.3409048743268302,0.9043041914024565,8.403205023465429,52.277749293286476,45.51659926597918,39.24964707243211,15.67127896449261,4.584574995473247,34661.0,93394.74578752021, 0.0, 7.105427357601002E-15,0.0,26.812816535289695, 75.94712756463463,75.94712756463463,0.0, 89.00033673387424, -9.371175496050846, 1.6913889840640013, -9.371175496050846, 102.92450438538465, 9.517853543127618, 1.6913889840640013, 9.517853543127618, 74.68247115279452, 5.506374919624489, 3.5682103077314546, 20.0, 0.0
31, 0 ,1.0,1.0,1.0,188.47604072277596,183.5828580566068,186.13853206119077,6.614264370807667,10.161589403919512,7.6887820071119615,26.0,49.0,29.0,0.1592977830689347,-0.905319172972205,0.3937275852137442,10.753420560209907,0.17198604746404583,-0.3672728854111291,-0.9140740818552286,6.987738998030367,-0.9721342581079108,-0.213325625958785,-0.09719650982558457,6.454394710918616,59.048860872208365,35.98113700998681,30.93808610186727,13.506556203957585,4.867925702289311,18761.0,65732.45468953268, -2.8421709430404007E-14, 0.0,0.0,80.83386059866878, 24.38164228330968,24.38164228330968,0.0, 43.74849316693574, -11.12144903275705, 3.5127535931723, -11.12144903275705, 103.2578992138493, -23.962147438256245, 3.5127535931723, -23.962147438256245, 59.117368752888645, 6.176479979074749, 3.838653272523953, 7.0, 0.0
32, 0 ,1.0,1.0,1.0,89.40769647696477,76.18124661246613,100.28368563685636,10.554787524163281,8.868561174607136,7.192990123860613,48.0,45.0,36.0,-0.9677460489205476,-0.24363499168400357,0.06410597184197846,10.681613817443303,0.22260201113663633,-0.9461003169956513,-0.2352499411660991,8.8182591237768,0.117965797740675,-0.21339208281439073,0.9698184827871359,7.066502401532867,48.5744243236319,42.037953926700695,34.37557800181186,14.922072490368386,4.3733026995762465,27675.0,70193.87879033637, 0.0, 0.0,0.0,NaN, 154.08005021713788,154.08005021713788,0.0, 111.40353968023283, 9.2674614081859, -5.43764498791866, 9.2674614081859, 78.6513773077491, 5.191184565330734, -5.43764498791866, 5.191184565330734, 51.73910692195632, 5.972288168677362, 3.6681274613795005, 20.0, 0.0
33, 0 ,1.0,1.0,1.0,143.6469414261729,71.57971932714544,115.96857477745748,9.392002864817265,9.684978740343839,8.109626850254774,45.0,44.0,37.0,-0.586764193667634,-0.8007504300618612,0.12044305619384878,10.199838022181964,0.757477201379371,-0.49019662401009473,0.43120245732089857,9.087084076226406,-0.28624477361175826,0.34424703130869433,0.894180021592467,7.8206640368235085,49.9121777895765,44.66248050910217,41.473851078044774,15.139909246054776,4.307867997658135,31567.0,92453.57798886183, 0.0, 0.0,0.0,NaN, 123.93790321975705,123.93790321975705,0.0, 88.20971781273572, 12.193714065354216, 3.9638472422074886, 12.193714065354216, 93.79881320091212, -8.660972484793344, 3.9638472422074886, -8.660972484793344, 65.76604765037315, 5.599408797421975, 3.5650450437266956, 19.0, 0.0
34, 0 ,1.0,1.0,1.0,146.68094927926143,105.17612075557192,83.47744328962646,9.401276735870068,9.338076593423613,9.560865512424966,43.0,46.0,45.0,-0.636378136092347,-0.7238064450425721,-0.26669664043340435,9.830822089218234,0.4627363143783229,-0.08158697540545005,-0.8827336341160661,9.684179648568565,0.617169321385304,-0.68516260519604,0.38685169404020847,8.750167407548503,49.289656777690055,46.262675040379655,41.80687359043998,15.71597145567791,4.4723673015587,35311.0,95331.01709968883, 0.0, 0.0,0.0,NaN, 137.1239322033006,137.1239322033006,0.0, 88.38400426441176, 8.598940172531858, -3.6251344878102603, 8.598940172531858, 87.19967446464597, 5.116133221426734, -3.6251344878102603, 5.116133221426734, 91.41014934667712, 5.323082721466142, 3.4185588231915593, 21.0, 0.0
35, 0 ,1.0,1.0,1.0,9.53642201473427,99.3334909191191,109.06965291730685,5.855298814159956,10.68026208675247,10.118801176182291,24.0,51.0,47.0,0.06068735317195792,-0.7777272323691135,0.625665563377481,11.542468441347491,-0.18114478327696729,-0.62499371193527,-0.7593216890968632,9.238331117339444,-0.981582198624508,0.06725482936452651,0.1788104450825673,5.671624117907341,51.42830013228259,44.63788472596225,25.061604655514145,15.054308899107918,4.910238615198893,25383.0,57532.68608418917, 0.0, 0.0,0.0,NaN, 135.00523613401396,135.00523613401396,0.0, 34.28452420310298, 1.2507657741509846, 11.15197596335928, 1.2507657741509846, 114.06799824172222, -23.938683841350603, 11.15197596335928, -23.938683841350603, 102.39013724310811, 5.242366587950613, 3.516350121544166, 17.0, 0.0
36, 0 ,1.0,1.0,1.0,101.53129823357915,96.98014062767965,171.94488080946664,9.313783764455605,8.490707342676975,8.88812770184298,42.0,40.0,46.0,-0.8770006826652718,-0.286568269821231,0.38567917928806345,9.558662168315648,0.25670681007803314,0.39907493493896407,0.8802504245741791,8.810544741891766,0.4061667345613234,-0.8709866950965026,0.2764249639606808,8.297214721665867,45.1483778433403,50.30220403025862,41.50646679076878,14.80546547832146,4.316906902463268,29155.0,94263.79741598983, 0.0, 0.0,0.0,NaN, 141.02596433467096,141.02596433467096,0.0, 86.74656801103683, 6.560474075707182, -5.6342035238771535, 6.560474075707182, 72.09211117898872, 0.5955097235013757, -5.6342035238771535, 0.5955097235013757, 78.99881404426857, 5.315039838552271, 3.5182055525671476, 16.0, 0.0
37, 0 ,1.0,1.0,1.0,116.72098014666429,37.934895367555,158.38505335956597,9.241357157546169,8.556519668678511,9.91938120373118,46.0,41.0,47.0,-0.5754454126116197,-0.23594737792775278,0.7830653944296482,10.521261700612014,-0.5670325912807718,-0.5748758694898632,-0.5899082768563991,8.962744202548514,-0.5893527106323134,0.7834836115243836,-0.19701982880678093,8.12299839995461,51.97422363485222,45.09520808597813,40.79209925441004,15.402706578383961,4.4460616818614005,33546.0,95608.0502646681, 0.0, 0.0,0.0,NaN, 100.52987226772846,100.52987226772846,0.0, 85.40268211332982, 10.747976528954739, -15.349308428857794, 10.747976528954739, 73.21402884048223, -3.395786188001783, -15.349308428857794, -3.395786188001783, 98.39412346493543, 5.2394742920265385, 3.3990616267341047, 13.0, 0.0
38, 0 ,1.0,1.0,1.0,181.68701806274427,160.61772472800254,8.088782085137847,9.466762248193282,9.400283319159717,5.2292726000245215,39.0,48.0,20.0,-0.7381546267347319,0.6725568622117369,0.05286789311113778,9.823395888302734,0.672689759297493,0.739707974507037,-0.017905311697301068,9.03864905978047,0.05114914238175418,-0.02234680161900655,0.9984409775700371,5.2090231584687485,54.64966869395552,50.99416394212113,20.586084614937747,13.6195042876141,4.454133903388319,18934.0,57369.59220190115, 0.0, 0.0,0.0,NaN, 44.17869745312195,44.17869745312195,NaN, 89.61958746381754, -7.28606545166669, -3.3641532356328967, -7.28606545166669, 88.36532648047243, 1.7437205414718215, -3.3641532356328967, 1.7437205414718215, 27.345291925367217, 5.973494810301008, 3.638553535127986, 10.0, 0.0
39, 0 ,1.0,1.0,1.0,52.642874145611586,83.60237358452069,71.36923181555412,8.231140477269332,8.663753035890958,9.722900832050081,40.0,42.0,48.0,0.34949307145773584,0.3931196032056777,0.8504772604711123,10.18972124020439,-0.25471032615790445,-0.8336684131308596,0.49002002683197377,8.454787770946234,-0.9016525066518543,0.38788394465778686,0.19122971193081667,7.87611805450611,49.61684089137469,40.74236665384105,37.72539025282306,14.804484308684861,4.263136775572447,29407.0,76262.16023443644, 0.0, 0.0,0.0,NaN, 121.8777925514684,121.8777925514684,0.0, 67.75167355654159, 7.7493157202243115, 11.244114412451053, 7.7493157202243115, 75.0606166669098, 10.113898990691833, 11.244114412451053, 10.113898990691833, 94.53480058988015, 5.111717602185044, 3.4029799259777485, 16.0, 0.0
40, 0 ,1.0,1.0,1.0,155.21763378037446,178.41783959633514,135.78518789005443,9.27280443926742,9.429369790156832,8.348541550735913,44.0,43.0,41.0,0.6503884746504748,0.7446576325373775,0.1499327927628083,9.773785035752658,0.7031392788365955,-0.6648768746670457,0.2520593106594831,8.987568752873598,-0.28738473619693194,0.058512834804073766,0.9560262870675734,8.263945596387444,48.29704817723402,47.95444661748896,41.792052494295305,15.00434663609274,4.411988764345148,30124.0,96792.82665146918, 0.0, 0.0,0.0,NaN, 81.20832510422679,81.20832510422679,0.0, 85.98490216889758, 7.353825640898507, 4.868221623715316, 7.353825640898507, 88.9130146395223, 0.9485406993720472, 4.868221623715316, 0.9485406993720472, 69.69814602436401, 5.6003282000481995, 3.57251208851287, 17.0, 0.0
41, 0 ,1.0,1.0,1.0,133.84684382341277,137.36687311224335,18.41825060255667,9.470860624246322,8.415161430724591,9.485519498823441,50.0,40.0,38.0,0.7335902414339712,0.12761382012285702,0.667502861856411,9.708921227246819,0.6301851434581546,0.23992350313846528,-0.7384466112092272,9.317507890130424,0.25438561798472864,-0.9623676145607859,-0.09558520705166512,8.331153482686975,46.327032610370026,47.389636669336255,41.31422643201218,15.231016812878043,4.301552031241264,32777.0,90702.13036240017, 0.0, 0.0,0.0,NaN, 92.94288897554425,92.94288897554425,0.0, 89.69720096389945, 4.95883403067586, 4.0699764476564155, 4.95883403067586, 70.81494190515475, -0.9669421696843132, 4.0699764476564155, -0.9669421696843132, 89.97508016255969, 5.299201449359151, 3.3987423552338436, 16.0, 0.0
42, 0 ,1.0,1.0,1.0,16.279784658511723,152.8769113149847,57.382740825688074,9.274538441741921,8.205449138034128,9.639802333140873,37.0,40.0,51.0,0.01838737215377953,0.10948868348027307,-0.9938179575430477,9.657333312212842,-0.9686313136982083,0.24832304382371315,0.009436314397541876,9.345955879394698,-0.24782106986404806,-0.9624696847672054,-0.11062017553573006,8.103164189591233,49.75280870094951,43.599779084555635,37.01856259919313,15.09009633173595,4.308275825102884,31392.0,80301.09052635886, 0.0, 0.0,-7.105427357601002E-15,6.374228261344063, 76.01576034225678,76.01576034225678,0.0, 86.01706330734865, -5.160547657986462, -0.7026189051993635, -5.160547657986462, 67.32939555686501, -2.9526978035659615, -0.7026189051993635, -2.9526978035659615, 92.9257890220282, 5.641765448916988, 3.666256824567484, 21.0, 0.0
43, 0 ,1.0,1.0,1.0,117.91609158792511,89.28254945677178,63.30905616307464,8.361150556564521,8.856022641843333,8.67248222398832,41.0,42.0,39.0,-0.37309071981337416,-0.7601731918318297,0.5319210779893443,9.306700213659159,-0.4759897413662542,-0.33529087537795155,-0.8130275487352032,8.433776713966575,-0.7963900306402792,0.5565220097251273,0.23674072693197648,8.112130734881307,49.88013283873207,43.39954697847875,40.645639885520275,14.411840314621342,3.9810529177138068,28257.0,87988.67192901307, 0.0, -1.4210854715202004E-14,0.0,40.52053152295033, 136.81073879620027,136.81073879620027,0.0, 69.90883862953919, 6.7507847528755915, -2.069902248552572, 6.7507847528755915, 78.42913703284177, -6.963000474430718, -2.069902248552572, -6.963000474430718, 75.21194792539339, 5.257297998073606, 3.386797815023569, 16.0, 0.0
44, 0 ,1.0,1.0,1.0,184.0829125264701,11.915743606450562,94.4508063202476,8.687937440358873,6.7364963100031385,10.288368594913493,35.0,26.0,47.0,-0.3337108154350568,0.06675015250122782,0.94030926231891,10.491416269903318,0.8999665901345063,-0.27428320048722915,0.33886407683930075,8.59685932526757,-0.2805302627228273,-0.9593295278847328,-0.03145836335724214,6.537228942009414,50.99640486831956,46.108752514471945,32.27071761788183,14.390296149351823,4.430637040090579,24556.0,75880.73971623498, 0.0, 0.0,0.0,NaN, 96.52094816090232,96.52094816090232,0.0, 75.48025696758947, -9.19422764223546, -11.622977751589184, -9.19422764223546, 45.3803825346859, 1.3291545152545963, -11.622977751589184, 1.3291545152545963, 105.85052834480226, 5.754549290677209, 3.66404981557714, 9.0, 0.0
45, 0 ,1.0,1.0,1.0,187.02954496441666,24.202027172740998,177.08984257062755,7.673139215293066,8.863354648634392,8.504341475662368,31.0,47.0,44.0,-0.5106802572707778,0.7535501877286112,0.41396592783467895,9.211906095963347,0.2117228285848041,0.5768776570352747,-0.7889141985473078,8.772038205174582,-0.8332941369587942,-0.31523686869981765,-0.45414380753504946,6.924743806489825,51.3865371050746,45.48104931282255,35.84514705416328,13.858964275351031,4.205835730738314,23185.0,83774.18168121396, 0.0, 0.0,0.0,NaN, 35.760958272099096,35.760958272099096,0.0, 58.877065417268284, -10.661133862985874, -12.64565633646233, -10.661133862985874, 78.5590556274689, -1.6835808756014121, -12.64565633646233, -1.6835808756014121, 72.32382393467118, 5.819740655743821, 3.620388913071805, 12.0, 0.0
46, 0 ,1.0,1.0,1.0,183.1397510030682,94.90656714656596,78.43583313665329,9.339518450880718,8.521050684055579,10.508446029714003,38.0,45.0,49.0,0.12407994246912767,-0.3626392761472095,0.9236324611404072,10.869777711595669,0.982840847265858,0.17294842353623127,-0.06413042758365338,9.336131770072411,-0.13648456624317565,0.9157410104345876,0.3778761238629028,8.05896542282817,47.071186976615984,41.71635035287733,38.38009674628003,15.751182332568836,4.707717359842609,33896.0,75364.62130591997, 0.0, 0.0,0.0,NaN, 124.2727017636017,124.2727017636017,NaN, 87.22660489434135, 1.3823339457965083, 4.697234435675948, 1.3823339457965083, 72.60830476024405, -18.067226706874596, 4.697234435675948, -18.067226706874596, 110.42743795941199, 5.382437256211228, 3.2923972640069294, 14.0, 0.0
47, 0 ,1.0,1.0,1.0,29.484913572670553,152.37376836793837,128.96103099110155,9.351237364801587,9.02973049304368,8.283021815204275,47.0,44.0,41.0,-0.49903874600749226,0.7097710346577462,-0.4971774415077007,9.732048729411854,-0.8656995620710521,-0.4341726517408124,0.2491151876348371,9.224483076000405,0.03904610368857428,-0.5547244242335326,-0.8311174495494108,7.6017276279770325,47.48154250451166,52.00118274120407,36.820083317013825,14.810891771350708,4.269380324862661,29331.0,90912.33401000653, 0.0, 0.0,0.0,NaN, 90.46630967219717,90.46630967219717,0.0, 87.44564025286135, -2.8166140771602537, 3.2733372954745303, -2.8166140771602537, 81.53603277700284, -15.983968591437195, 3.2733372954745303, -15.983968591437195, 68.60845039114992, 5.373595830922211, 3.4301735804145728, 20.0, 0.0
48, 0 ,1.0,1.0,1.0,178.32436029278327,82.49879015183595,18.390720464581694,10.031514614967955,8.901159529277171,9.19543398000709,48.0,43.0,41.0,-0.8822587898267306,0.46998950547481405,0.027005416438424277,10.444637558845688,-0.0560237931949291,-0.04786379587383635,-0.9972815007010807,9.198009833437945,0.46741925759378483,0.8813733157908106,-0.06855884948267243,8.409761820940906,53.5201483773249,42.175992584174956,43.11480654985718,15.566952006624655,4.699780605525528,33062.0,97321.56023635017, 0.0, 0.0,0.0,NaN, 87.25882380848437,87.25882380848437,0.0, 100.63128547031567, -15.871484652721808, -0.13865120870421693, -15.871484652721808, 79.2306409656418, 1.149465513840156, -0.13865120870421693, 1.149465513840156, 84.55600608066902, 4.616169815571041, 3.2234263485253245, 17.0, 0.0
49, 0 ,1.0,1.0,1.0,17.125124912939466,134.548678193986,12.252914635254216,9.938083129369371,10.512845737500898,7.93741923673763,42.0,51.0,31.0,-0.3024032543938817,0.9097631695236038,-0.28439980153009325,10.932293990695614,-0.9348843003636408,-0.2249102461788316,0.274602851582724,9.917000576742494,-0.18585913124077458,-0.3489217054614753,-0.9185368946276902,7.3774042581635095,55.686539650800626,50.77749464462932,37.5788843601853,15.759960070065448,4.889959561836448,33023.0,106258.91656236417, 0.0, 0.0,0.0,NaN, 68.75521323141257,68.75521323141257,0.0, 98.76549628625611, -8.671960097433631, -5.677559375976455, -8.671960097433631, 110.5199255004908, -19.553479704332506, -5.677559375976455, -19.553479704332506, 63.002624139732575, 5.643486023951865, 3.5020816539914223, 15.0, 0.0
