// Sample: .//bubblelabels.tif, Map: .//bubblelabels.tif, Thickness:(8.191250068658265):/gpfs/home/mader/Foam/NewValid/InSilicoTest/LatticeData_Phi_6.65/out_Step_06000.vtk/distmap.tif, Neighbors:(1.0):
//LACUNA_NUMBER, TRIANGLES, SCALE_X, SCALE_Y, SCALE_Z, POS_X, POS_Y, POS_Z , STD_X, STD_Y, STD_Z,PROJ_X, PROJ_Y, PROJ_Z, PCA1_X, PCA1_Y, PCA1_Z, PCA1_S, PCA2_X, PCA2_Y, PCA2_Z, PCA2_S, PCA3_X, PCA3_Y, PCA3_Z, PCA3_S,PROJ_PCA1, PROJ_PCA2, PROJ_PCA3,OBJ_RADIUS, OBJ_RADIUS_STD, VOLUME, VOLUME_BOX, Mask_Grad_X,Mask_Grad_Y,Mask_Grad_Z,Mask_Angle, Mask_Distance_Mean,Mask_Distance_COV, Mask_Distance_STD, SHAPET_XX, SHAPET_XY, SHAPET_XZ, SHAPET_YX, SHAPET_YY, SHAPET_YZ, SHAPET_ZX, SHAPET_ZY, SHAPET_ZZ, Thickness, Thickness_STD, Neighbors, Neighbors_STD
1, 0 ,1.0,1.0,1.0,182.33871385412172,34.740449815374284,20.828245336402436,11.793301253578866,18.074758052444487,13.953677954094049,50.0,81.0,64.0,0.17507220881313187,0.9766842133242831,0.12424841707006551,18.239426254738156,-0.4832805541170766,0.19519714737912086,-0.8534271964657237,14.954149923053514,-0.8577818065881218,0.08936454049666204,0.506186083558446,10.206894313915924,92.01043115040356,77.64988391003122,56.71134388378083,24.339054160213205,8.251933358001018,104265.0,405179.82766331057, 0.0, 0.0,0.0,NaN, 44.18863751570647,44.18863751570647,0.0, 139.08195445766486, 27.802659323073662, 54.235186186156206, 27.802659323073662, 326.6968786544069, 7.83024001624425, 54.235186186156206, 7.83024001624425, 194.70512844657028, 10.111734584214698, 7.033631962002481, 8.0, 0.0
2, 0 ,1.0,1.0,1.0,61.031761415793184,83.44345152957753,33.93665222124971,16.605398769926907,18.407320225471256,18.17643266406226,80.0,86.0,76.0,0.11147463501551823,0.7318340323889396,0.6723037667494521,19.849991428257376,-0.6306469367468269,-0.47074510109604795,0.6169955356126298,16.784005277790413,-0.7680220354390889,0.4927656632025174,-0.4090527524031376,16.408120480900145,100.84530266583013,88.32344037221387,83.7932447540025,29.543597121439046,8.492778091340831,234215.0,746346.7726341536, 7.105427357601002E-15, 0.0,0.0,83.59967120391293, 108.80892366285642,108.80892366285642,NaN, 275.73926830829004, 13.884875708521907, 4.498141639628904, 13.884875708521907, 338.8294378830432, 57.777603869712465, 4.498141639628904, 57.777603869712465, 330.3827043911895, 10.41554547083652, 6.6611517927814745, 21.0, 0.0
3, 0 ,1.0,1.0,1.0,167.98988365173497,184.75558656351959,80.81030308004843,18.045885747747295,8.652235438532758,15.912826339900288,73.0,35.0,69.0,0.9553373128150473,0.05445048601303076,-0.2904578511871722,18.27313912762925,-0.28997141077556726,-0.016805200575531375,-0.956887750034686,15.67748023615821,-0.056984205497242514,0.9983750446633572,-2.6555091253221334E-4,8.604778468708487,78.91390047199039,69.6318462279746,37.04578710782937,24.286065437925263,7.9950133316495196,97466.0,203563.65808911086, 0.0, 0.0,0.0,NaN, 88.24593346744706,88.24593346744706,9.5367431640625E-7, 325.653992420749, 14.354728914202175, -24.455769613640427, 14.354728914202175, 74.86117808380213, -1.3482030659623168, -24.455769613640427, -1.3482030659623168, 253.2180421238244, 10.91420605713412, 6.8620564694448785, 11.0, 0.0
4, 0 ,1.0,1.0,1.0,14.474269331846779,113.03326431472486,142.19529346181412,9.274314639626327,17.937826768326193,19.630915069318576,37.0,92.0,103.0,-0.04757812503068301,0.23398749985876982,0.971074750947839,19.739997248167846,0.055254565877007944,-0.9700706278612327,0.23645276465006415,17.857120811780064,-0.9973380845873219,-0.06490629299811758,-0.033225263895632094,9.198212468729105,96.85081621693027,96.26730199495239,39.48461063807088,26.598037212372386,9.257201743158673,125570.0,368137.4037983646, 0.0, -1.4210854715202004E-14,0.0,76.46805311948475, 105.42343992874233,105.42343992874233,NaN, 86.01291203478722, -15.953189639238614, -11.033618753085051, -15.953189639238614, 321.76562917047966, 15.579814121286985, -11.033618753085051, 15.579814121286985, 385.3728264587991, 11.300412644888409, 6.896506220252912, 16.0, 0.0
5, 0 ,1.0,1.0,1.0,58.172094184802,148.53202996789153,184.88338922582946,18.885338201990514,22.24082789338794,8.739255869410044,94.0,96.0,38.0,0.11100221158992801,0.9926500462531171,0.04821197668452399,22.305354604375598,0.9929336911608085,-0.10872409073103996,-0.047557933643932855,18.852029394814565,0.04196658170398164,-0.05315033178064686,0.9977042889813041,8.646222366328058,100.279402905647,92.23491783836243,41.2698693662762,28.543710395483895,10.627399230137618,140150.0,381715.8546093052, 7.105427357601002E-15, 0.0,0.0,83.62690811172564, 79.12936498146095,79.12936498146095,0.0, 356.6559990035623, 16.28674969107691, -10.989914125849442, 16.28674969107691, 494.654425383303, 21.683959798539323, -10.989914125849442, 21.683959798539323, 76.3745931510179, 9.20410189138346, 6.397778765015705, 15.0, 0.0
6, 0 ,1.0,1.0,1.0,185.0059021113244,174.65663387715932,136.94376199616121,9.742667339723745,14.769059074418253,15.753127205399009,44.0,61.0,75.0,0.0903809704968042,0.5232727894625215,0.8473587599005322,16.44769786102813,0.12491523991703593,-0.8500780234536361,0.5116283190731618,14.102858838121337,-0.9880422374618025,-0.05960655877729616,0.14219562279551215,9.580620921945087,78.55655855751468,73.75013073246622,48.89019388859879,22.515104352794406,7.367208804458646,83360.0,283248.0988055166, 0.0, 0.0,0.0,NaN, 69.59309110197863,69.59309110197863,0.0, 94.91956689251977, -2.9197104590638396, 20.533633266529247, -2.9197104590638396, 218.12510594365614, 32.67122480345626, 20.533633266529247, 32.67122480345626, 248.1610167494824, 10.82874517923582, 6.893753089180294, 8.0, 0.0
7, 0 ,1.0,1.0,1.0,81.08791642346023,21.70447716021359,43.14327020775234,17.20671629919042,13.51725279134976,19.7859113875935,92.0,55.0,86.0,-0.30379853081137775,0.06907673863980765,0.9502288444662874,20.097552203010505,0.9499547796272823,0.09811881234726265,0.29657817742855597,16.90321774529874,0.07274867242864116,-0.9927744471139709,0.09542812906800553,13.440205488238117,95.39887024167925,88.94786252170374,60.778905277452225,28.147054173415828,8.832487736896189,185028.0,515740.95636685245, 0.0, 0.0,0.0,NaN, 94.38048676985849,94.38048676985849,0.0, 296.07108580082524, 5.108844445353241, -34.849177294621825, 5.108844445353241, 182.71612302525287, 17.713124580927637, -34.849177294621825, 17.713124580927637, 391.4822894377022, 9.621310928854141, 6.176022579531779, 13.0, 0.0
8, 0 ,1.0,1.0,1.0,51.77768740100176,183.19293063344605,121.75508369365127,14.649989606514033,9.723827150079716,12.72093616878459,61.0,37.0,61.0,-0.9629014280889321,0.02342716272541543,0.268834536157339,14.807526866027237,-0.26429521361629754,0.11928066621334224,-0.9570371793860553,12.576555225429988,0.054487428309751854,0.9925841479261787,0.10866383686328913,9.672881354564401,61.986428710038346,64.61383384522345,41.3882141385767,20.739322821160897,6.393568318680057,70077.0,165767.2808346823, 0.0, -2.8421709430404007E-14,0.0,88.65759963873224, 95.3187988860305,95.3187988860305,0.0, 214.62219547096922, -4.872202486715242, -16.19714815326862, -4.872202486715242, 94.5528144446274, -6.5834115549776255, -16.19714815326862, -6.5834115549776255, 161.82221701029198, 10.850052599347118, 6.5747101552018234, 9.0, 0.0
9, 0 ,1.0,1.0,1.0,169.69598830106912,95.12009237875289,16.607381383362906,16.168053363298725,15.90432816502525,10.423420742745881,68.0,78.0,41.0,0.790237702270599,0.5998878282196559,0.12513579609364273,16.633059782250314,0.6027636953834103,-0.7977229181214949,0.01772211701413431,15.505178647014342,-0.1104549747083406,-0.061422629849528815,0.9919813300181347,10.292330218364238,81.22040384216166,71.77942353918786,44.464932116007375,23.865130226349926,7.311420053515567,112147.0,259228.49850736503, 0.0, 0.0,0.0,NaN, 101.20261960840682,101.20261960840682,0.0, 261.4059495584752, 16.271201454887173, 18.319179834363354, 16.271201454887173, 252.94765438081544, 10.914842015648292, 18.319179834363354, 10.914842015648292, 108.6476999803051, 9.566832390738695, 6.090664003094387, 12.0, 0.0
10, 0 ,1.0,1.0,1.0,88.02474760335015,179.31284797015974,79.3697275423758,16.173993259470492,11.954637490965137,18.80210157316064,82.0,54.0,87.0,0.5235235557091471,-0.11847187441827359,0.8437342600543561,20.412452559130283,0.8514093734866128,0.10995884336402638,-0.5128461089890207,14.252789508774583,0.032018203522132256,-0.9868502762516037,-0.15843410903384722,11.756709182635108,90.4713771896429,73.62155489151651,59.91378620206288,26.26419525021807,8.259690485949484,145307.0,399064.3683431497, 0.0, 0.0,0.0,NaN, 120.31570180109573,120.31570180109573,0.0, 261.5980579573969, -11.192151797922293, 94.64701259923868, -11.192151797922293, 142.91335754038923, -31.49439080256844, 94.64701259923868, -31.49439080256844, 353.5190235674499, 10.168717447626397, 6.242193572176098, 15.0, 0.0
11, 0 ,1.0,1.0,1.0,158.28691293938647,181.72807822254043,181.91404694247422,19.909285082625154,11.285025810589033,11.026257414380375,79.0,52.0,47.0,0.9900718005963978,-0.0045515097432625795,0.14048883736035145,20.049560011088502,0.09466176335600965,0.7604359157628263,-0.6424767455529281,12.568541369634445,-0.10390851852536967,0.6493970293872677,0.7533170102957015,9.238869184950484,82.46735741055284,68.85292382091194,52.70598116765356,23.943879288440083,8.48530713856026,89386.0,299270.8160840545, 0.0, 0.0,0.0,NaN, 48.999453625188025,48.999453625188025,NaN, 396.3796325012405, 3.8000548844866997, 39.62500114238554, 3.8000548844866997, 127.35180754566066, -35.67772553885664, 39.62500114238554, -35.67772553885664, 121.5783525681782, 9.906750390219386, 6.554694187754287, 8.0, 0.0
12, 0 ,1.0,1.0,1.0,21.503931747272496,44.96247970657206,57.164224774350444,12.385217205320421,16.833546369277514,16.925480923183706,53.0,85.0,82.0,0.2822589803679878,-0.771946599501512,-0.569586091402938,17.305311742371217,0.0526332557887803,-0.5803728960255052,0.8126481661482055,16.83576276441736,-0.9578933178526182,-0.25935641321745,-0.12318539903853319,11.845550671464945,87.25331215768809,82.00056704396243,62.46499978166456,25.77800007538371,7.663452562922134,149679.0,446925.89678742294, 0.0, 0.0,-7.105427357601002E-15,55.27863230930269, 75.84057130591593,75.84057130591593,0.0, 153.393605222965, -39.05053427205779, -19.46593140173101, -39.05053427205779, 283.3682833666162, 2.4759136975311127, -19.46593140173101, 2.4759136975311127, 286.47190448105556, 11.052148988464799, 6.266675567024772, 13.0, 0.0
13, 0 ,1.0,1.0,1.0,133.56309099618744,118.04163631710534,117.10541304932705,13.251707568720926,16.648612413750858,17.767906928233938,69.0,86.0,88.0,0.1956434159815339,0.3687127405618214,0.9087213922487286,17.87855591013719,-0.35256732507597177,-0.8382283098422862,0.41601632403995703,17.262098542221853,-0.9151065156974081,0.4017763252437048,0.03399778524866036,12.282498031235287,86.98145803151766,84.65599675467087,66.036966519127,26.580173500895786,7.87254355738103,152391.0,486263.33694154874, 0.0, 0.0,0.0,NaN, 134.1735771352958,134.1735771352958,0.0, 175.60775348689546, 55.65410810106337, 8.428460383075311, 55.65410810106337, 277.1762953032991, 5.248657428601314, 8.428460383075311, 5.248657428601314, 315.6985166103836, 9.30786131076862, 6.217186874444397, 26.0, 0.0
14, 0 ,1.0,1.0,1.0,78.11885138384854,90.66781076472388,159.4352291111014,13.948153233639186,18.13551059244519,18.133223808631794,75.0,95.0,83.0,0.18137360928877638,0.8297094636363226,0.5279070181441889,18.32775828102988,-0.03965237724323234,-0.530203706057652,0.8469425712890408,18.07858793263054,0.9826145240288905,-0.17454579924781322,-0.06326500717157443,13.766606826883232,89.21924435690133,95.62849463417139,75.5344378925328,27.92876410439283,8.499744959278376,182968.0,644452.4240089997, 0.0, 0.0,0.0,NaN, 126.36735135179669,126.36735135179669,0.0, 194.55097862907925, 24.91634486418603, 9.40482766248737, 24.91634486418603, 328.89674444869166, 2.4570210385026114, 9.40482766248737, 2.4570210385026114, 328.81380569393093, 9.87514722713208, 6.304193183557126, 22.0, 0.0
15, 0 ,1.0,1.0,1.0,119.18625583187271,50.79163597259972,14.476693677445576,16.609674004225727,18.633083436703394,9.498734205699755,77.0,94.0,39.0,-0.5122368563563954,0.8579713692902712,0.038710883073045446,19.696687557574734,0.8575493636068487,0.5084706180933892,0.0778891488797738,15.377159627584827,-0.04714331307414098,-0.07309418591039984,0.9962101926895196,9.427750603584554,98.10939958192304,72.41051743043496,43.044516984620316,25.35360112889706,8.396066352353543,118101.0,305794.80814882286, -1.4210854715202004E-14, 7.105427357601002E-15,-1.7763568394002505E-15,47.12366917847925, 96.54131856917641,96.54131856917641,0.0, 275.88127052665186, -67.09152010981518, 3.926623560996324, -67.09152010981518, 347.19179835915037, 15.7777874701697, 3.926623560996324, 15.7777874701697, 90.22595151053054, 9.468786445155096, 5.8916580945630175, 8.0, 0.0
16, 0 ,1.0,1.0,1.0,15.40306188456839,98.0007187522461,23.137497304679076,9.39355053992478,13.238367191738096,14.572310859161536,38.0,61.0,57.0,-0.0625773883095251,0.23921618366153075,0.9689477219885353,14.709855673831564,0.33251320386049393,0.9203811028645746,-0.2057512934302464,13.554128911347856,0.9410202121797323,-0.3093125328275635,0.13713758531128148,8.703512907731884,63.35227702826199,66.44560035769692,44.31741875889533,20.845257657101026,6.428112836169403,69565.0,186553.29151443954, 0.0, 0.0,0.0,NaN, 101.86627986188911,101.86627986188911,0.0, 88.23879174612112, 30.935813223686786, -15.913221978378456, 30.935813223686786, 175.2543659032876, 12.151083520948115, -15.913221978378456, 12.151083520948115, 212.35224377603726, 11.04965667165149, 6.521930772552554, 6.0, 0.0
17, 0 ,1.0,1.0,1.0,186.3703359278462,28.009490566758814,171.95357902648442,8.062123412091248,15.502954832853945,15.09370251345434,32.0,73.0,59.0,0.011488908000432004,0.7842817134491245,0.6202984756891338,16.173688683340377,-0.0438970618164436,-0.6193457800924427,0.7838902044582309,14.383087709995495,-0.9989699960243257,0.0362353229734321,-0.027312056168844665,8.043499258837597,79.95256130871849,73.6545152183524,33.80044834534479,21.949405587042936,7.1681861304986825,78499.0,199046.34970185292, 0.0, 0.0,0.0,NaN, 41.91540330180261,41.91540330180261,NaN, 64.99783391178984, 5.639474384816934, -3.4891717840856007, 5.639474384816934, 240.34160854950946, 26.758934300122156, -3.4891717840856007, 26.758934300122156, 227.81985556465787, 8.742865968529443, 5.645380360587752, 9.0, 0.0
18, 0 ,1.0,1.0,1.0,23.923691109875268,176.25389290537856,46.538551680305076,15.235172055825803,12.44474119933851,13.190220968452323,66.0,53.0,72.0,0.9648199965517161,0.16377830448160666,0.205667307161533,15.430497081310154,0.1107399733162534,0.4563339909789205,-0.8828906766905884,13.300764447346758,0.2384513211619129,-0.8746061717472501,-0.422143354534639,12.081117714251581,72.39236926608132,70.8694725773851,64.86933820965214,22.670114237923013,6.857834988186673,100696.0,332806.23842455907, 0.0, 0.0,7.105427357601002E-15,78.13143464277947, 57.46353096504236,57.46353096504236,0.0, 232.11046757061544, 16.12511830742958, 15.258175410259618, 16.12511830742958, 154.87158351851332, -9.368471560525467, 15.258175410259618, -9.368471560525467, 173.98192919659934, 10.236265349590385, 6.1379555817703935, 8.0, 0.0
19, 0 ,1.0,1.0,1.0,108.99144541308156,72.76576320960157,62.90743170871844,13.265456940952214,16.02482057850146,15.757371068784284,61.0,78.0,68.0,-0.32193025088741584,0.6894065519459472,0.6489064028791558,17.627617472028557,-0.09792073215818871,-0.7059641336142229,0.7014457728605423,14.507915323724761,-0.9416859581501521,-0.1622752235688482,-0.2947784049731436,12.643158649809271,91.62624874647153,71.03727741499213,62.07336484070291,25.05776725770842,7.291794393919282,140977.0,404028.0364326687, 0.0, 0.0,0.0,NaN, 132.41887428785594,132.41887428785594,0.0, 175.9723478522573, -29.987207059089034, -34.997528939892746, -29.987207059089034, 256.7948745731638, 42.42744000713079, -34.997528939892746, 42.42744000713079, 248.29474299935998, 9.196547110328419, 5.664824237376243, 12.0, 0.0
20, 0 ,1.0,1.0,1.0,141.27461419336944,40.1862427095452,86.19195180017412,15.178994624406624,12.633065583439112,16.802555475987198,87.0,65.0,88.0,-0.344541686853135,-0.0018693931242859847,0.9387691576685628,17.040163338211272,0.8813714358520393,0.34366338981185585,0.3241602482833733,15.233736540076515,0.32322657391450704,-0.9390910391822358,0.11675873433331939,12.242883598298429,79.82731148314417,78.63392703023693,63.79462390858592,24.831794782872734,7.46351540683034,129793.0,400447.46566713403, 0.0, 0.0,-1.4210854715202004E-14,20.154130667039233, 111.7705578243735,111.7705578243735,0.0, 230.4018778077652, 24.981953965959008, -21.958370158742497, 24.981953965959008, 159.59434603547382, 8.908322861281954, -21.958370158742497, 8.908322861281954, 282.3258705236274, 8.898915890426737, 5.68332335694753, 15.0, 0.0
21, 0 ,1.0,1.0,1.0,57.63311841909628,79.74779341200005,91.92131976264818,14.991241707861658,16.63510389201407,13.973708662192896,71.0,76.0,63.0,0.3928373217986776,0.9062290019652585,0.15629406450372485,17.114986620938883,-0.8617164358380957,0.30340246088721506,0.40668382182485563,14.684909708224913,0.3211286701752607,-0.29444174759132613,0.9001002357886788,13.717113509913164,85.48435624275243,70.62741450991436,74.65392739948635,25.374831332345927,7.269558313441439,147966.0,450726.00284120283, 0.0, 0.0,0.0,NaN, 134.6507182294236,134.6507182294236,0.0, 224.73732794353091, 30.10940157308982, -3.200554420372786, 30.10940157308982, 276.7266814981016, 18.230159704949205, -3.200554420372786, 18.230159704949205, 195.2645337758448, 8.752141915186316, 5.508939568773639, 12.0, 0.0
22, 0 ,1.0,1.0,1.0,117.70650673870276,150.98290366150866,159.65476260386998,16.497158385186665,12.746079478848205,15.676882521546236,79.0,65.0,76.0,0.9041968092390641,0.34213357276722633,-0.25568095069329905,17.1261024025565,-0.24719926443718315,-0.0689801956219816,-0.9665062111924936,15.572128222910319,-0.34831114513264105,0.9371159752119728,0.022203494745241643,12.024510866051907,87.48608744124633,80.40477297292139,62.36442764405588,24.988714950655943,7.479809327537044,136228.0,438690.03094994987, 0.0, 0.0,0.0,NaN, 103.93571545505522,103.93571545505522,0.0, 272.15623478593466, 47.67515822146997, -10.989916034677634, 47.67515822146997, 162.46254208111534, -6.481979166512021, -10.989916034677634, -6.481979166512021, 245.7646455943619, 9.144195446482422, 5.78482937268416, 16.0, 0.0
23, 0 ,1.0,1.0,1.0,183.64972270911755,20.302089020430447,114.75680296543203,10.348738086551004,11.463065045509682,15.830653365730429,42.0,43.0,81.0,-0.23446201208589745,-0.3141766304586547,0.9199568521198581,16.584045215527876,-0.2653948651449437,-0.8897000759185829,-0.3714826247150268,10.883509816725743,-0.9351968404797624,0.3312503883531524,-0.12522000548057913,9.778879514857033,91.63595428428323,53.35513206017083,47.93498207034855,20.885769106735896,7.272721294515833,69602.0,234366.03641902027, 2.8421709430404007E-14, 0.0,1.4210854715202004E-14,84.0177563102819, 89.13982850979917,89.13982850979917,NaN, 107.09637998403132, 18.604665531422782, -36.44631107874399, 18.604665531422782, 131.40186023758588, -44.30935230526817, -36.44631107874399, -44.30935230526817, 250.60958598591216, 9.173458628190536, 5.824903168651554, 8.0, 0.0
24, 0 ,1.0,1.0,1.0,174.80405220585362,61.293501621663864,113.84470126216247,14.409097493263673,11.993843114172787,15.020864644316015,61.0,54.0,77.0,-0.6110433594296126,-0.012264399358141574,0.7915021145931055,15.905974927730664,-0.7391133933134184,0.36685546410521214,-0.5649145601600948,13.673866254260759,0.2834385378202779,0.9301971043625824,0.23322937703850544,11.71008459148023,84.14087610900603,73.38023839354193,60.0181814038142,22.98462346644593,6.98625951322276,102364.0,370568.9098845727, 0.0, 0.0,0.0,NaN, 108.6943633630387,108.6943633630387,NaN, 207.62209057037745, -12.647951862692576, -35.22797059594776, -12.647951862692576, 143.85227264738998, -11.455533241377877, -35.22797059594776, -11.455533241377877, 225.6263746628629, 9.503959909133574, 5.665905476071368, 10.0, 0.0
25, 0 ,1.0,1.0,1.0,98.08923639317628,184.52962361223936,141.80885458976442,13.018943499040143,9.357767171624666,15.043230154397733,60.0,38.0,63.0,-0.3466047803998783,0.024555798549239182,0.9376897882357264,15.358562225671253,0.9002937760705045,0.2893317501542648,0.32520494326098814,12.93415672144933,0.26331776045809147,-0.9569138681774237,0.12239120032525258,8.954419356546145,70.60781400553316,64.18133947493482,42.708249350777905,21.007767929799762,6.483298262104422,73860.0,193541.14784420194, 0.0, 0.0,0.0,NaN, 115.09578726404621,115.09578726404621,0.0, 169.4928898311996, 21.3657087838035, -25.10065205254712, 21.3657087838035, 87.56780643833629, 11.78163046517192, -25.10065205254712, 11.78163046517192, 226.29877347818123, 9.399271308276232, 5.630606892707274, 7.0, 0.0
26, 0 ,1.0,1.0,1.0,174.83992817643042,150.21165921258455,93.17612196787768,14.727148561765917,10.943893804541792,14.163329581864588,62.0,51.0,70.0,-0.7691579107287234,-0.030356581438994102,0.6383373609046894,15.864365429350798,-0.6328184584691444,0.17542949432754473,-0.7541652943093566,12.940315276617778,0.08908932025872417,0.9840238668260641,0.154143188407788,10.868660049688021,78.97973814774215,65.31831744079653,53.28923844082479,22.147970817389176,6.8355694628939645,90778.0,274909.78130622464, 0.0, 0.0,0.0,NaN, 108.59879279947735,108.59879279947735,0.0, 216.8889047603239, -2.357436603383369, -42.03097415326133, -2.357436603383369, 119.76881160508822, -9.113606903553375, -42.03097415326133, -9.113606903553375, 200.59990484452052, 9.30789784547418, 5.557992302500726, 8.0, 0.0
27, 0 ,1.0,1.0,1.0,20.361835694475676,75.24755453114459,175.44602166254404,11.807063173047545,15.84225513740805,14.277041190954572,49.0,75.0,59.0,-0.006504999000388034,0.8527174057734306,0.5223319929690646,16.712556974508537,0.03134512084830324,-0.5219124888615497,0.8524229216588134,13.249258817119374,-0.9994874528412099,-0.02191756969584883,0.023333489915085402,11.80530702481182,83.63612848355899,68.41371587990042,49.894744350037634,23.2672306192418,7.270053169706194,106728.0,285490.65865079174, 0.0, 0.0,0.0,NaN, 81.72941127869855,81.72941127869855,9.5367431640625E-7, 139.40674077233555, -1.3681045356770452, 0.49114136342740156, -1.3681045356770452, 250.97704783873175, 46.23635467406795, 0.49114136342740156, 46.23635467406795, 203.83390516821356, 8.395361441565438, 5.165206697174264, 7.0, 0.0
28, 0 ,1.0,1.0,1.0,49.53123766462124,13.172653437159843,119.67968086506143,15.974507011421425,8.264258102791233,15.869510252439088,69.0,33.0,72.0,-0.7453697058684579,0.08281455381968678,0.6614875291713479,16.57440797978992,0.6599151572608186,-0.04904271680203569,0.7497378189381301,15.301853669720648,-0.09453034851833486,-0.9953575044195536,0.018095623909679708,8.15269687218316,82.42266230187334,82.2809223983205,36.869193634404375,22.72948856342732,7.6612362934967955,83601.0,250039.9649178507, 0.0, 0.0,0.0,NaN, 95.27967238137992,95.27967238137992,0.0, 255.18487425795223, -18.28121534971064, -19.71349608950974, -18.28121534971064, 68.29796198955056, 5.242335455241816, -19.71349608950974, 5.242335455241816, 251.84135565226936, 8.593522757728485, 5.675153724055296, 8.0, 0.0
29, 0 ,1.0,1.0,1.0,88.42905212819863,33.822373004813784,107.76220072206739,12.983652531461328,14.383835157981604,16.57546090809121,67.0,68.0,78.0,-0.3311041588293681,0.45303547941676253,0.8277251297354218,17.763598092294984,0.2908632902615835,-0.7854871338619518,0.5462677996326909,13.716642867600083,-0.8976461342779251,-0.4216263949599926,-0.1283066665802595,12.104715712626188,83.05033753520357,65.0930473505539,63.60873545638762,24.41730031697481,7.3492378146339785,126304.0,343868.7954860125, 0.0, 0.0,0.0,NaN, 132.17965725331797,132.17965725331797,0.0, 168.57523305772213, -34.8629039104374, -39.709204928818934, -34.8629039104374, 206.89471385198766, 45.52159847035426, -39.709204928818934, 45.52159847035426, 274.74590431565986, 8.312412206970027, 5.149113213557947, 11.0, 0.0
30, 0 ,1.0,1.0,1.0,104.2939106961101,162.18486967296545,18.384752400761162,11.737545276414961,17.895839223405684,11.098593055900254,55.0,84.0,44.0,-0.08408110972025198,0.9960525011323877,-0.028456668394686482,17.94102476723528,-0.7770803549593366,-0.04766671358417038,0.6275938227487231,12.691558558321857,0.6237599609821729,0.07488190304739072,0.7780207013129655,9.91230397579148,84.56484563364866,68.558173136475,53.57018053806607,22.83413106692065,7.733838430240416,90388.0,310579.0855417985, 0.0, 0.0,0.0,NaN, 104.53534680830235,104.53534680830235,1.3486991523486091E-6, 137.76996911589114, -16.401571533079597, -30.10259472804622, -16.401571533079597, 320.2610615099854, -8.217885257076922, -30.10259472804622, -8.217885257076922, 123.17876782047735, 8.001519887183756, 5.224706925151382, 12.0, 0.0
31, 0 ,1.0,1.0,1.0,153.64736630015543,89.22777042196765,68.66616775084911,10.665418093659104,12.601471632448694,14.998944768952429,51.0,61.0,69.0,-0.08767071653707952,-0.26262380075803543,0.960907167595954,15.228381725733891,0.28505090460821336,-0.9308988080279816,-0.22841495352564448,12.517507398427224,-0.9544945401854923,-0.25388215472436587,-0.15647371750105163,10.436712755638116,69.03725429800906,64.29405486695552,48.199611986360196,21.428153492315545,6.192803283480184,86855.0,213942.8954864186, 0.0, 0.0,0.0,NaN, 121.75879540704679,121.75879540704679,1.9073486328125E-6, 113.75114311255102, -9.842574952690912, -13.469985770848039, -9.842574952690912, 158.79708730340914, -20.878622953370904, -13.469985770848039, -20.878622953370904, 224.96834418208542, 8.099180126027543, 5.087602823389307, 8.0, 0.0
32, 0 ,1.0,1.0,1.0,152.78714688514125,49.71569931372027,157.83841836463264,12.244197791820067,11.489924476692662,12.36598100021564,55.0,56.0,56.0,-0.715754351223318,0.17007576796466178,-0.6773255803940359,12.79508675512814,0.49119295727716245,-0.5668260406525993,-0.6613907455955317,12.20099151678483,-0.49641231594935525,-0.8060908588920536,0.32216818555603643,11.057928878370303,59.620052470558306,58.97155561993054,55.68278675261669,20.093304300870802,5.578113696905671,75188.0,195774.39944958073, 0.0, 7.105427357601002E-15,0.0,80.20777560607972, 80.48790731217466,80.48790731217466,0.0, 149.92037956521142, -12.446373732287242, 11.451202951369694, -12.446373732287242, 132.01836448010116, 5.193728134308584, 11.451202951369694, 5.193728134308584, 152.9174860976942, 8.270079100903564, 5.042010632988561, 13.0, 0.0
33, 0 ,1.0,1.0,1.0,120.89551358524456,79.25303271986381,178.48782220554133,12.312832356057312,12.00679879547211,12.85280250412877,58.0,55.0,53.0,0.3592132985197759,0.4642942106052817,-0.8095657429541848,13.939094346375574,0.8101118940980385,-0.5858044914825291,0.0234907811659051,12.52590778200552,0.4633406146750269,0.664277038408911,0.5865590260453374,10.476968702491911,67.10074685606688,59.99031338975497,58.029918225597726,20.572253227929597,6.143776304471906,74603.0,233593.33296048103, 0.0, 0.0,0.0,NaN, 114.02340443829253,114.02340443829253,1.9073486328125E-6, 151.60584062837185, -8.2688445497991, -23.685407100355203, -8.2688445497991, 144.1632173149505, -32.421988656944016, -23.685407100355203, -32.421988656944016, 165.1945322101388, 8.499382178921206, 5.092444253592563, 10.0, 0.0
34, 0 ,1.0,1.0,1.0,48.5821443537605,31.182288029054337,11.02566200387125,12.644088308181558,13.238534326321126,7.5007113567406485,59.0,59.0,30.0,-0.6089962428776386,0.7893429264719974,0.0778544834260912,14.014194801913193,0.7839456045459163,0.6139334992726502,-0.09227647362126924,11.845777871262499,0.12063525717657343,-0.004837654334726618,0.9926851121208979,7.394073423367618,70.38914252529077,59.02192470570695,33.023192344390246,18.79699382094079,6.169720772199396,50113.0,137194.94077418867, 0.0, 0.0,0.0,NaN, 58.771804969391056,58.771804969391056,0.0, 159.8729691450936, -26.905750776676935, -12.915543624187919, -26.905750776676935, 175.25879110918274, 3.85735393200644, -12.915543624187919, 3.85735393200644, 56.26067085713814, 8.139161355542958, 4.879778826522503, 2.0, 0.0
35, 0 ,1.0,1.0,1.0,50.1073336389406,25.067657707384157,169.54149554218785,14.495146939450745,12.66887393274112,14.10606472351199,64.0,52.0,59.0,-0.7755554279748095,-0.060675077337486436,0.6283568358257114,15.3857562876602,0.4863066530174351,0.5772447439320457,0.6559682498671763,13.60908588481718,0.4025166050857901,-0.8143138464946529,0.41817860064485984,12.15162533738839,75.67205495078288,77.25582981739055,64.10057396736369,22.907589376520836,6.695749581681709,106891.0,374738.83976420684, -7.105427357601002E-15, 0.0,2.8421709430404007E-14,39.061704533282665, 63.771881273373516,63.771881273373516,0.0, 210.10928479626827, 14.730480238029212, -31.423979365480246, 14.730480238029212, 160.50036672368745, 10.82120949601813, -31.423979365480246, 10.82120949601813, 198.98106198390937, 8.047640585999503, 4.779550032418483, 8.0, 0.0
36, 0 ,1.0,1.0,1.0,114.55071182513794,154.84103588086455,61.52620187178002,10.099621738571194,12.36215841807649,13.926866206650166,51.0,55.0,60.0,0.15886683998663728,-0.4337220872456757,0.8869309320279202,14.633542538072948,-0.4130452989360198,-0.8451433095873626,-0.3393027663998244,12.056432535715786,0.8967468473206444,-0.31243869365841054,-0.3134121161115374,9.449062898082383,62.77336151164446,56.144960634637584,48.5893021503569,20.299642221241953,6.0586671837414405,65606.0,171248.52088747986, 0.0, -2.8421709430404007E-14,0.0,64.29599385284162, 114.57044298889227,114.57044298889227,0.0, 102.00235926221984, 10.970953474139048, 25.45112225059577, 10.970953474139048, 152.82296075361944, -31.95031309147346, 25.45112225059577, -31.95031309147346, 193.95760233793436, 7.989493362539476, 5.018813516618667, 8.0, 0.0
37, 0 ,1.0,1.0,1.0,35.36508725649351,53.91578733766234,127.99626623376624,14.53101183831191,13.30371258773644,12.399404730966586,71.0,64.0,60.0,-0.906856195229338,-0.25669685922683505,-0.3342432701450356,14.78412123623094,-0.380097131045037,0.8407483556967855,0.38557537961400484,13.63102752828285,0.1820384908350454,0.47670632978410366,-0.8600075947329006,11.726429940105174,72.8204180258271,64.95595093927395,53.90695247184329,22.345788639175208,6.52303927919594,98560.0,254986.3271083819, 0.0, 0.0,0.0,NaN, 96.65474223843393,96.65474223843393,0.0, 211.15030504516085, 3.4362948886860347, 17.492434579042282, 3.4362948886860347, 176.98876861709698, 22.611099936487985, 17.492434579042282, 22.611099936487985, 153.74523768231654, 8.271906472925496, 4.955630916835528, 6.0, 0.0
38, 0 ,1.0,1.0,1.0,59.8306895009602,141.94628153526426,86.12786415173757,12.094518888622947,13.745186922940308,10.779852489512793,62.0,57.0,50.0,-0.499060973235707,0.8664829877199771,-0.012057237863258163,14.492147137650688,0.7974403581131797,0.46465172269786864,0.38495149284841923,11.273696990131784,0.3391563359947046,0.1824993385899379,-0.9228580449716424,10.690846454086694,64.83100952884288,56.44576957652086,56.999421687260195,20.415684232988152,5.883248055993893,76026.0,208585.74854227316, -7.105427357601002E-15, 0.0,0.0,60.06210608912867, 119.86640320408078,119.86640320408078,1.3486991523486091E-6, 146.27738714725723, -36.65194096859063, 4.505943589839856, -36.65194096859063, 188.93016354656922, 1.2897718832464342, 4.505943589839856, 1.2897718832464342, 116.20521969565517, 7.320444486535276, 4.590170976993037, 10.0, 0.0
39, 0 ,1.0,1.0,1.0,169.74117908849422,150.8647900643923,167.54220268973478,12.135453373626545,11.16739576577534,13.709815884340683,53.0,56.0,67.0,0.5033154523450248,-0.13177035694817368,0.853996562323569,14.577401889034865,-0.6836134638639054,-0.6652214334980696,0.3002550190067875,11.373416815614574,0.5285321063613031,-0.7349265388081482,-0.424896216858611,10.866634826812732,73.82717960306496,55.01997377650457,53.99956529590361,20.48712168138785,6.341675927343145,71903.0,219344.58647593722, 0.0, 0.0,0.0,NaN, 66.20705177399972,66.20705177399972,0.0, 147.26922858346387, -1.136451287173787, 38.26974385013123, -1.136451287173787, 124.71072818945703, -12.876065052228604, 38.26974385013123, -12.876065052228604, 187.9590515825201, 7.436630801136298, 4.7808182412274425, 10.0, 0.0
40, 0 ,1.0,1.0,1.0,130.60923257865335,119.74158119584206,183.41498175277167,15.59636924143658,9.965847872389448,9.433863193384383,72.0,49.0,38.0,-0.9835729808628055,-0.06190704334554227,0.16956328995648987,15.774741845628641,-0.03401350308463543,-0.8589641440904643,-0.5109047668351192,10.32951331200732,0.1772773897725453,-0.5082795659390109,0.8427482482475323,8.719019814357981,71.93158140234176,52.96966263987747,44.62480300224482,19.698626832790108,6.597479290212245,57817.0,170029.0495523666, 0.0, 1.4210854715202004E-14,2.8421709430404007E-14,81.72767627617633, 107.38507914290483,107.38507914290483,0.0, 243.24673351522907, 11.419384332595303, -28.289643483052586, 11.419384332595303, 99.31812381560928, 11.648671538961777, -28.289643483052586, 11.648671538961777, 88.9977747514926, 7.733986973283135, 4.963884789288592, 5.0, 0.0
41, 0 ,1.0,1.0,1.0,125.17532713426179,10.51874447763706,43.11088904783944,9.415043907885545,7.115736826160208,18.65658184423716,44.0,29.0,83.0,-0.12796495135082117,0.014682655712011772,0.9916700009816894,18.77712765526656,0.9324602473611604,0.3423947469794599,0.11525504037583079,9.452344291474366,0.3378503489963341,-0.939441460050659,0.05750551991714458,6.739248688879237,86.10768960492612,48.777655099688275,33.562313473578236,20.414829873215957,8.401162403203461,47534.0,140966.11946045372, 0.0, 0.0,0.0,NaN, 86.99381822489275,86.99381822489275,0.0, 88.64305178741272, 13.448179903297932, -34.257566148960564, 13.448179903297932, 50.63371057917254, 6.205972521950836, -34.257566148960564, 6.205972521950836, 348.06804611071965, 8.301695307115073, 4.601093507768397, 4.0, 0.0
42, 0 ,1.0,1.0,1.0,48.54707676572117,183.37787437672372,164.56895764460924,15.080708885543515,9.91132641379802,9.132542041936928,62.0,43.0,41.0,-0.9939602430035612,0.035168832823860345,0.10395281875018653,15.132533723049713,-0.08968104035679932,-0.8062557433183407,-0.5847298413512975,10.801516916077633,0.06324829111386232,-0.590520812134508,0.8045401320674926,7.962358403862444,62.99090482746577,52.57857592056888,41.12608804273002,19.260257488473894,6.173165913599772,54751.0,136208.4550189325, 0.0, -2.8421709430404007E-14,0.0,87.98455869774841, 62.35761769922177,62.35761769922177,0.0, 227.42778049051114, -1.9365942394843458, -14.316414098901994, -1.9365942394843458, 98.23439128085032, 25.720805744017245, -14.316414098901994, 25.720805744017245, 83.40332414774551, 8.658008184853811, 5.207808356040907, 6.0, 0.0
43, 0 ,1.0,1.0,1.0,117.01839458767599,115.9154872920095,52.221466447248126,13.12340508819543,8.559461901691726,11.562264836736828,60.0,38.0,58.0,-0.9361221185391824,-0.08260326355031822,0.34183633515551054,13.375809246450912,-0.34232341753824624,-0.008634578400297362,-0.9395425066811962,11.301655591566842,-0.0805608899320836,0.996545104301198,0.02019401165357834,8.51671446054117,66.78460437230288,58.47347537795933,38.512985926219955,18.634550624862644,5.650454877239089,54690.0,150398.13659957907, 1.4210854715202004E-14, 0.0,0.0,20.589806268870237, 129.16359267242422,129.16359267242422,0.0, 172.2237611088737, 8.388992864952325, -16.289391026621498, 8.388992864952325, 73.26438804651214, -2.556013568857519, -16.289391026621498, -2.556013568857519, 133.6859681548409, 6.99456835866879, 4.271258020322298, 8.0, 0.0
44, 0 ,1.0,1.0,1.0,171.22248131007476,103.95386258454967,120.79775720897116,8.29752265879053,12.62484709544367,16.918705018988554,43.0,53.0,73.0,-0.1398771575265435,-0.02526133607668999,0.9898465768501272,17.04744936307847,-0.18669744045648615,-0.9810708709181593,-0.051419956854137194,12.77011908210732,0.9724085800368543,-0.19199429974742738,0.1325131779680934,7.79658610021701,71.23101695342959,54.96324190319851,40.14621521874693,21.574713546474772,7.000711489811449,56180.0,157175.95002504822, 0.0, 0.0,0.0,NaN, 127.77324194644841,127.77324194644841,0.0, 68.84888227314227, 19.547733562757188, -30.83941202126962, 19.547733562757188, 159.38676418333245, -0.5866894502376039, -30.83941202126962, -0.5866894502376039, 286.2425795195484, 9.320856445863837, 5.5100846914404835, 8.0, 0.0
45, 0 ,1.0,1.0,1.0,159.73263924430083,51.51737903402694,42.49733136414816,12.47575365038271,12.561432294142534,10.849354195146338,64.0,58.0,56.0,-0.8017703848888336,-0.3927554420163407,-0.4504524532975269,13.832567747243464,-0.20140516800261687,0.887209673951747,-0.41508427186328367,12.521227021711505,0.5626723808905584,-0.24207882437954692,-0.7904414175446318,9.111610190618645,64.9400671261343,57.18040573846285,47.086234647409775,19.90889367729295,5.8973256161886125,68387.0,174845.28625026354, 0.0, 0.0,0.0,NaN, 77.98412567849581,77.98412567849581,0.0, 155.64442914503752, 20.92944211996655, 45.28656333311982, 20.92944211996655, 157.78958128032698, -7.999789116736957, 45.28656333311982, -7.999789116736957, 117.70848645173946, 7.580882510230016, 4.404762392881678, 3.0, 0.0
46, 0 ,1.0,1.0,1.0,50.6653755382204,139.95405984830742,49.476444412416456,10.522680436122839,13.625128708334252,9.297515743443103,50.0,59.0,41.0,-0.37270059703493574,-0.9224673699119986,0.10073835623754562,14.205095526660479,0.8979565917988918,-0.33114352104256983,0.28985846152294287,9.840880121193585,-0.2340261186592658,0.19848909269571785,0.9517530435286823,9.175351459086253,66.6988924906949,50.30968709458085,44.22660799708882,18.7145878586635,5.707796086001794,55507.0,148406.82396163896, 0.0, 0.0,0.0,NaN, 92.84618332933502,92.84618332933502,NaN, 110.72680356076233, 36.6673159713632, -1.1211652851672234, 36.6673159713632, 185.6441323186742, -12.142866066412093, -1.1211652851672234, -12.142866066412093, 86.44379899957235, 7.317011090652582, 4.352376061486886, 5.0, 0.0
47, 0 ,1.0,1.0,1.0,141.5477157653582,147.38122557418708,17.439135205898772,8.657957899961367,13.936672796806496,10.240519833563207,37.0,61.0,40.0,-0.0303759106045423,-0.9801597210048987,0.19586787734221112,14.07045413232358,0.23037618500857507,-0.19754779307383147,-0.9528387496489391,10.139204964681658,-0.9726274299215707,-0.016179949667946027,-0.23180615132671326,8.560267127765583,65.18291581506713,47.4642925436865,41.093224285064025,18.49146685657298,5.667890577330182,51943.0,127136.7233673934, 0.0, 0.0,0.0,NaN, 80.55760914433569,80.55760914433569,NaN, 74.96023499750346, 2.36900318453647, -7.223059827268845, 2.36900318453647, 194.2308486452462, -18.38245298398652, -7.223059827268845, -18.38245298398652, 104.8682464616014, 7.893071304297802, 4.462198593948588, 5.0, 0.0
48, 0 ,1.0,1.0,1.0,44.20940307355556,149.00125404715217,123.15000684025719,11.575154228228484,8.29100019763322,10.787968997559306,52.0,37.0,52.0,0.8288013065708962,-0.01046890348258683,0.5594450788828584,12.20192895829766,-0.5489161823541207,0.17872116289981566,0.816547469949859,10.129359530504018,0.10853303172837889,0.9838440669087812,-0.14237778279014185,8.22278298237129,59.51966366162506,47.30751821268768,38.02198202573324,17.14574798580571,5.01283161336678,43858.0,107059.54315800472, 0.0, 0.0,1.4210854715202004E-14,55.98257006674741, 102.28032487988943,102.28032487988943,1.9073486328125E-6, 133.98419540727576, -4.137774571778132, 22.000737315406333, -4.137774571778132, 68.74068427715409, 4.63020998731787, 22.000737315406333, 4.63020998731787, 116.38027509230072, 6.861771291646853, 4.292297954334015, 9.0, 0.0
49, 0 ,1.0,1.0,1.0,179.52446596001224,144.07286698940018,16.956430975219106,11.221932402644077,11.566183178985721,10.424232846361251,42.0,47.0,41.0,0.18448860179745866,0.872694484781923,-0.45207111391686305,12.040600347063986,-0.967285025880281,0.07972634294871782,-0.24083892739299448,11.232509657947631,0.17413682699131552,-0.4817136560979335,-0.8588529088348943,9.860408748166474,60.89598136831992,50.176482042649155,50.19341750575335,18.42000400225235,5.3922577063369195,55567.0,153368.3018882432, 0.0, 0.0,0.0,NaN, 61.92424607878074,61.92424607878074,0.0, 125.93176684951305, 5.455674003057771, 2.7599246331309555, 5.455674003057771, 133.77659332985223, -19.393409559966656, 2.7599246331309555, -19.393409559966656, 108.66463043515678, 7.168450905733313, 4.257198129456759, 4.0, 0.0
