// Sample: .//bubblelabels.tif, Map: .//bubblelabels.tif, Thickness:(8.191250068658265):/gpfs/home/mader/Foam/NewValid/InSilicoTest/LatticeDataPhi_16.0/out_Step_05000.vtk/distmap.tif, Neighbors:(1.0):
//LACUNA_NUMBER, TRIANGLES, SCALE_X, SCALE_Y, SCALE_Z, POS_X, POS_Y, POS_Z , STD_X, STD_Y, STD_Z,PROJ_X, PROJ_Y, PROJ_Z, PCA1_X, PCA1_Y, PCA1_Z, PCA1_S, PCA2_X, PCA2_Y, PCA2_Z, PCA2_S, PCA3_X, PCA3_Y, PCA3_Z, PCA3_S,PROJ_PCA1, PROJ_PCA2, PROJ_PCA3,OBJ_RADIUS, OBJ_RADIUS_STD, VOLUME, VOLUME_BOX, Mask_Grad_X,Mask_Grad_Y,Mask_Grad_Z,Mask_Angle, Mask_Distance_Mean,Mask_Distance_COV, Mask_Distance_STD, SHAPET_XX, SHAPET_XY, SHAPET_XZ, SHAPET_YX, SHAPET_YY, SHAPET_YZ, SHAPET_ZX, SHAPET_ZY, SHAPET_ZZ, Thickness, Thickness_STD, Neighbors, Neighbors_STD
1, 0 ,1.0,1.0,1.0,129.46398124195582,15.154804837332586,183.13966587233827,22.1184609044681,9.42880246049502,9.697172883314897,90.0,39.0,41.0,-0.9905088665914805,-0.030201036618741645,0.13408983030347388,22.295115814644664,0.06867249327185958,0.736336036202371,0.6731220769352366,9.95341753299263,0.11906415863511327,-0.6759416684721649,0.7272733921652699,8.719006868670007,90.93608217658738,55.55971314024674,46.800661899045835,24.083445221559675,9.59955503189913,78473.0,236454.85171125035, 0.0, 0.0,0.0,NaN, 74.08960061161886,74.08960061161886,0.0, 489.2263127824838, 13.761007682549652, -54.85735519748223, 13.761007682549652, 88.90231583903692, 9.719207102861377, -54.85735519748223, 9.719207102861377, 94.03516192889776, 11.840706472749785, 6.397115325332815, 11.0, 0.0
2, 0 ,1.0,1.0,1.0,180.94282137260222,165.50559004036035,92.03333887813974,11.196723965460244,16.31080964509911,15.52044594561807,48.0,72.0,80.0,0.16277596112165316,0.9413283821508963,0.29564313527984687,16.537108813309697,0.04843813922171959,0.2916541398990912,-0.9552966080482326,15.419571424432934,-0.9854733548653963,0.1698197268779372,0.0018780877092024718,11.00246474076552,78.44244463866207,83.61971964692205,54.81610694577071,23.995122854811232,7.518474603980355,114221.0,359557.2214117332, 0.0, 0.0,0.0,NaN, 100.11581214153308,100.11581214153308,0.0, 125.36662755871176, 25.003685911991575, 1.9346331779016963, 25.003685911991575, 266.04251127865814, 9.901547991405225, 1.9346331779016963, 9.901547991405225, 240.8842423508524, 7.869344245693596, 5.534062740884899, 17.0, 0.0
3, 0 ,1.0,1.0,1.0,169.69003535948812,63.646903519110964,167.69957231857214,14.729914377004745,15.84087069791541,15.579550436462519,61.0,84.0,69.0,-0.3098189743824737,-0.773760680059769,0.5525455755917662,17.071320357371274,-0.6655445373287988,-0.23853561487234295,-0.7072137083437148,15.369942825279104,-0.6790159585343983,0.5868519152485726,0.44106933426015316,13.5263015132703,88.85143307382502,76.0456233215678,72.92450588175507,25.554957952817958,7.587494833864259,148475.0,492733.5747757756, 0.0, 0.0,0.0,NaN, 77.54314871401117,77.54314871401117,0.0, 216.9703775538911, 34.46046670319265, 6.506534549556021, 34.46046670319265, 250.933184468075, -37.38754148258261, 6.506534549556021, -37.38754148258261, 242.72239180227947, 7.935699639742493, 5.425308426035264, 20.0, 0.0
4, 0 ,1.0,1.0,1.0,16.229336483559756,44.49328607993699,15.67995668438669,10.082681118037849,12.168851436175066,10.43311014410857,45.0,61.0,41.0,-0.15384740662369606,-0.9255308988526161,0.3460108824072337,12.404448605636642,0.6476930252515603,-0.3589162537739089,-0.6720661186352017,10.785933361038026,-0.7462068885474354,-0.12071320576462423,-0.6546782426798551,9.401302431270055,58.81924074487954,61.9819093889996,48.29982260655036,18.116291960013033,5.512817492209215,50790.0,176088.05673522255, 0.0, 0.0,-1.7763568394002505E-15,69.75648400096114, 49.88892573018547,49.88892573018547,0.0, 101.66045852803695, 2.8266628025377805, -15.653241493595933, 2.8266628025377805, 148.08094527569997, -14.229014269947175, -15.653241493595933, -14.229014269947175, 108.84978727910114, 9.472381762850704, 5.909456839829766, 7.0, 0.0
5, 0 ,1.0,1.0,1.0,30.18065206177747,108.63208119671087,173.9572700791941,16.00122095045939,14.504907394340519,13.56395988810855,75.0,69.0,63.0,-0.9757269463872102,0.18667590270019335,0.11449468740932452,16.111809139464317,-0.11447554792327322,-0.8804955146267313,0.4600249967663437,14.737109673277423,0.18668764024851048,0.43575194328112427,0.880493026040051,13.177238823110839,77.43314454510879,76.89456215362053,69.60092576956009,24.467248131196897,7.194872282154746,131828.0,414416.97932557116, 0.0, 0.0,-2.8421709430404007E-14,83.42551974019437, 99.68546597697453,99.68546597697453,0.0, 256.0390719054206, -11.266574731466461, -11.895070750796751, -11.266574731466461, 210.39233851839427, -15.799939971924948, -11.895070750796751, -15.799939971924948, 183.98100784621772, 7.679754262791497, 5.190591024837063, 19.0, 0.0
6, 0 ,1.0,1.0,1.0,49.0430821249461,12.636995938003494,24.438831778882157,20.16497399564278,8.193319012796826,14.153174189673459,86.0,34.0,62.0,-0.982874765876992,-0.021242911600187372,0.1830462600246041,20.350530257848828,-0.18390012373932377,0.04976385752913943,-0.9816844212742102,13.901969972669587,-0.011744747375302832,0.9985350755935244,0.052818213889946855,8.16456621242175,86.6150144711251,69.56297451493596,35.52840301940539,24.371693255502244,8.949277076578852,88134.0,214065.66438840437, 0.0, 0.0,0.0,NaN, 56.23321144455316,56.23321144455316,9.5367431640625E-7, 406.62617624494953, 6.096527179333783, -39.66020201357473, 6.096527179333783, 67.13047644545794, -7.536109275628348, -39.66020201357473, -7.536109275628348, 200.31233964323897, 7.655239587956022, 5.075279605902132, 10.0, 0.0
7, 0 ,1.0,1.0,1.0,161.59922508979645,176.0819558999601,138.55154982040708,15.466929882156084,14.121557209302447,15.019732373625988,74.0,59.0,80.0,-0.8052504831968741,0.4067732864083619,-0.43140138244532955,16.718748619108307,-0.16090894290248656,0.5503496501543796,0.8192823534465734,14.98484884345086,0.5706837753127426,0.7291438514034748,-0.37771586219710473,12.656002857161361,89.86159639227202,83.01332983417521,73.60087769011392,24.544107372877008,7.862789062358327,120272.0,549041.2283922771, 0.0, 0.0,0.0,NaN, 76.30599174867912,76.30599174867912,0.0, 239.22591997953282, -44.79151890473352, 32.97175406115622, -44.79151890473352, 199.4183780156019, 8.082017206167505, 32.97175406115622, 8.082017206167505, 225.59236057534858, 7.589928708848881, 5.038164675645382, 19.0, 0.0
8, 0 ,1.0,1.0,1.0,89.25770042648516,123.75529875500797,79.51894412613622,13.511581270051314,12.440368746759209,12.679268799582099,70.0,61.0,65.0,-0.7540719454427025,-0.4679174329418806,-0.46089996424966045,13.831258211536072,-0.6518519806740075,0.44727703175668443,0.6123987689033202,13.09909103091704,-0.08040209193565931,0.7622312856423639,-0.6422919669436624,11.627535023132186,67.38242038625381,68.72373542772223,57.74239365347534,21.49677932296833,5.998161301950316,92852.0,267391.8384425801, 0.0, 0.0,0.0,NaN, 141.7866496828874,141.7866496828874,0.0, 182.5628284172015, 9.187149564793172, 4.973793832656421, 9.187149564793172, 154.7627745553433, 22.066319836835888, 4.973793832656421, 22.066319836835888, 160.7638572920561, 7.387737891682246, 4.9717798054966655, 22.0, 0.0
9, 0 ,1.0,1.0,1.0,171.8190947137079,39.57975029809918,16.651130438848753,15.61505669803177,13.23890693526875,11.116436137061154,72.0,69.0,52.0,0.9214945313859173,0.20759217493036017,0.32825800452316717,16.245586814275455,0.23589704886087112,-0.9705709096605827,-0.048422016266990775,13.12636342618343,-0.30854563838204013,-0.12205571772068556,0.9433461670071638,10.317620712955412,85.9950549394926,75.11158859028014,55.37052724371077,22.087647154400543,7.403353841028121,85542.0,357650.7042129534, 0.0, 0.0,0.0,NaN, 51.36127141442668,51.36127141442668,0.0, 243.82999568274687, 15.04618358073332, 46.87934866546566, 15.04618358073332, 175.268656840707, 13.824980572656536, 46.87934866546566, 13.824980572656536, 123.57515238935912, 7.596730476669933, 5.06292308628683, 13.0, 0.0
10, 0 ,1.0,1.0,1.0,76.13860176658523,54.35810937793648,43.694196237891035,12.789779013016664,14.354767223134045,16.694689941202064,64.0,68.0,81.0,-0.23611769115308798,0.5199248612180634,0.8209303104477946,18.338617275517215,0.3627019043290554,-0.7366061256195915,0.5708403842544527,12.636703037146674,-0.9014964029438007,-0.43253850046796066,0.01465199960129203,12.34339152089521,88.55584688460566,60.57522682204683,63.82007446933458,24.269352382733775,7.703829981755936,117062.0,342349.41991610324, 0.0, 0.0,0.0,NaN, 103.25247463857556,103.25247463857556,0.0, 163.57844720180154, -24.539323816925965, -34.13829709008732, -24.539323816925965, 206.0593420303635, 75.4311612607963, -34.13829709008732, 75.4311612607963, 278.71267223287333, 7.490832190890316, 4.796331131909825, 18.0, 0.0
11, 0 ,1.0,1.0,1.0,60.690886024561046,73.4963462904699,138.79055110118745,12.391133275823998,15.354101530986908,12.093938869709918,63.0,74.0,61.0,-0.12532527994094095,0.9526619787169782,0.27699950995403594,15.696094273757716,-0.8769249903867928,0.024209680407155758,-0.48001713782916766,12.564451897175296,-0.4640001459513214,-0.30306607477847886,0.8323790115539421,11.459456712263716,75.65458131389444,62.75011509388435,53.25395852777972,22.222782494111737,6.457547002290379,98530.0,252814.31116928256, 0.0, 0.0,0.0,NaN, 113.27706386992591,113.27706386992591,0.0, 153.54018385923277, -14.299490317986066, 7.180471073671682, -14.299490317986066, 235.7484338238545, 30.051223976417567, 7.180471073671682, 30.051223976417567, 146.2633573842804, 8.080764897383192, 5.12548877837689, 21.0, 0.0
12, 0 ,1.0,1.0,1.0,42.6517391038572,55.50330704810808,175.6171770890641,12.938086726737154,12.346746632153863,12.246749771197845,67.0,61.0,52.0,0.7329945062350671,0.2813947909521134,0.6193028543888902,14.222413385126144,0.36587580270384235,-0.9306077911607313,-0.01019980523166349,12.251521294870301,0.573457889321465,0.23406433016579326,-0.7850859433966508,10.83708004812337,69.8008361591842,52.090036509138244,58.03317806603181,20.83320910809588,5.983019201359023,81795.0,211004.46308893446, 0.0, 7.105427357601002E-15,0.0,73.65653216367714, 74.12361293788994,74.12361293788994,0.0, 167.39408814857214, 6.378644227304923, 38.38848226125141, 6.378644227304923, 152.44215239860276, 15.094016181886397, 38.38848226125141, 15.094016181886397, 149.98287995833445, 7.513228673297754, 4.964762252474283, 12.0, 0.0
13, 0 ,1.0,1.0,1.0,77.42332192432022,186.30900995119478,26.489525892121442,12.880393777903945,7.818153130018337,15.278826661633326,61.0,31.0,59.0,0.06541786531004719,0.023153881063176906,0.9975892945947188,15.291039031738409,-0.9972153547876986,-0.03435582254497466,0.06619073676053468,12.874302149971436,-0.03580557322429975,0.9991414190438566,-0.020841921147265095,7.804298551158393,62.84936695121501,61.77697422333242,32.70915035353369,20.37570588362467,6.73061781254797,63108.0,126997.97727530617, 0.0, 0.0,-3.552713678800501E-15,3.979211160502845, 82.96691490168102,82.96691490168102,0.0, 165.9045438738667, 3.853755453410536, 4.363904984977737, 3.853755453410536, 61.12351836441552, 3.755447099856481, 4.363904984977737, 3.755447099856481, 233.44254415623737, 7.337291286502088, 4.868053481530177, 9.0, 0.0
14, 0 ,1.0,1.0,1.0,188.4690033132593,55.766488153535185,93.83567067452958,7.209494445030068,13.339192364381448,14.48138813814184,28.0,59.0,76.0,-0.06932316785237307,0.6042676030100833,0.7937600155912115,16.016954608880692,-0.09877909076453427,-0.7959218443379262,0.5972864546709951,11.528256596633799,-0.9926917898454907,0.037001103472236285,-0.1148648280162089,7.083638217302731,89.55588890726389,55.91097720349669,31.881918267986492,19.56209469953728,7.546251815361857,47989.0,159637.77861815848, 0.0, 0.0,0.0,NaN, 109.76337356562422,109.76337356562422,1.3486991523486091E-6, 51.976810152919406, -2.140872884861419, -16.236021585602533, -2.140872884861419, 177.9340529339723, 59.65572371957627, -16.236021585602533, 59.65572371957627, 209.7106024075152, 8.377254169626283, 5.084270451204938, 12.0, 0.0
15, 0 ,1.0,1.0,1.0,183.88613702727727,19.4861299052774,176.69145716117086,9.522087987662122,11.866965639916733,12.540334654804598,40.0,49.0,54.0,0.17884441244937097,0.6074747770354029,0.7739438425373167,13.495689203074729,-0.18389668158547526,-0.7521242920542754,0.6328436298199623,10.961294003072085,-0.9665385075813017,0.25550625152360246,0.02280063145765896,9.299001726554572,75.67265305808539,59.585314043542695,42.67653912776737,18.81789464528199,5.885734237741456,56164.0,192427.6100553373, 0.0, 0.0,0.0,NaN, 34.389736955355794,34.389736955355794,0.0, 90.67015964477926, 15.051257046226223, 9.321698393022041, 15.051257046226223, 140.82487349896437, 28.94550148010388, 9.321698393022041, 28.94550148010388, 157.25999325449314, 7.906389228371348, 5.183652553934146, 3.0, 0.0
16, 0 ,1.0,1.0,1.0,185.68665209869798,14.388987526176818,94.21676682145133,8.420529586089746,8.590576041568152,16.265593537653352,33.0,35.0,77.0,-0.23036596549761187,-0.06570092168319638,0.9708835722321865,16.650431852238025,0.3901175840663274,-0.9202667141857699,0.030289360573948123,8.709564699618294,0.8914817959681537,0.3857363914018291,0.23762921496669923,7.49529520735964,81.50104706614091,42.23487884332567,41.43562328291753,18.955030363241207,7.069630280069921,43932.0,142629.15752148256, 0.0, 0.0,0.0,NaN, 96.37797487216625,96.37797487216625,1.9073486328125E-6, 70.90531851021275, -3.718546793104164, -49.208867976324385, -3.718546793104164, 73.79799672596475, -14.649283624960672, -49.208867976324385, -14.649283624960672, 264.5695331321505, 7.836113176710085, 5.205560908026803, 6.0, 0.0
17, 0 ,1.0,1.0,1.0,101.56205463524698,84.655335167555,13.573842771132881,14.518981929617471,17.468228704322367,9.320335335154859,73.0,84.0,37.0,-0.15508787382371367,0.9785064335370679,0.13591508716623996,17.670033867654187,0.9864871141277435,0.14603605049446608,0.07427412480732361,14.445192099257618,-0.0528292064369325,-0.14559749820152973,0.9879324083482124,9.050681158360735,87.52675206765632,71.59303657368315,42.26920318007146,23.130583031017583,8.233142154973935,86867.0,264871.75989438663, 0.0, 0.0,0.0,NaN, 130.54043077736725,130.54043077736725,0.0, 210.80083627255868, -16.691609981013627, 4.432174479862452, -16.691609981013627, 305.1390140665119, 32.00530526630069, 4.432174479862452, 32.00530526630069, 86.86865075973623, 7.671277097408976, 4.860159462701681, 16.0, 0.0
18, 0 ,1.0,1.0,1.0,77.09206999842345,124.05383362236586,126.50680540228073,11.191172896504455,13.995740538114207,14.589875543491518,59.0,63.0,71.0,0.018730803801988185,-0.6124305525332236,0.790302458121435,15.390132801572118,0.36571067895588444,-0.7314695673457987,-0.5755067083402049,13.433670441074796,-0.930540088489775,-0.2998017517807431,-0.2102713802271732,10.801290812435733,72.48882710329526,63.35264571304563,60.63371389754735,22.154839031687736,6.5689177087471,95145.0,278451.780606942, 0.0, 0.0,-1.4210854715202004E-14,37.786214338042335, 130.81382608990282,130.81382608990282,0.0, 125.24235079945589, -18.44444356016522, -11.647849233527523, -18.44444356016522, 195.88075321021336, -31.316021412270622, -11.647849233527523, -31.316021412270622, 212.8644683745719, 7.107542038638879, 4.5885519757278574, 21.0, 0.0
19, 0 ,1.0,1.0,1.0,182.3023521485691,149.06918773250536,36.15205483464659,10.546319217271773,13.845231297168855,11.298489640964247,45.0,68.0,52.0,-0.050961672908615925,0.9981366462382806,0.033558059099905196,13.857088610635813,-0.48537739393212376,0.004612512725490556,-0.8742925769935469,11.616166367258716,-0.8728182476060039,-0.0608437356065083,0.48423790277448325,10.179239708191922,69.2914746060217,58.13725678853838,50.47169851070768,19.9005490484505,5.877014075351213,68278.0,203321.0105681188, 0.0, 0.0,0.0,NaN, 64.91629569274062,64.91629569274062,0.0, 111.22484903259588, -4.566834288494687, 13.139151410316776, -4.566834288494687, 191.69042967210396, 2.834773909035516, 13.139151410316776, 2.834773909035516, 127.65586816697642, 7.897804041778763, 5.223584717985515, 14.0, 0.0
20, 0 ,1.0,1.0,1.0,151.75654901960783,187.49458823529412,10.113490196078432,13.509712782412647,7.4073473148093765,6.579092134081119,68.0,28.0,25.0,0.9986254737541715,0.04317108592565128,0.029722390705609895,13.523389623137389,-0.035295606635128624,0.9731235417891683,-0.22756272227226387,7.43540560512697,-0.03874768795057571,0.2262008615273277,0.9733097076073884,6.519069228217461,68.19528112154322,33.069355454406605,29.809300169194238,15.644104688088467,5.9939615883281645,25500.0,67225.15845298606, 0.0, 0.0,0.0,NaN, 50.853697700840996,50.853697700840996,0.0, 182.51233946328367, 5.612996226066911, 4.269511652441295, 5.612996226066911, 54.86879424221368, -2.6515034648212334, 4.269511652441295, -2.6515034648212334, 43.28445330872805, 7.95700331149148, 5.092249198993075, 5.0, 0.0
21, 0 ,1.0,1.0,1.0,18.913271063615724,84.69959619855611,25.8310288099414,11.308841506079748,11.421393411546514,13.635479822495745,45.0,54.0,58.0,-0.10458083083386735,-0.3984930164898388,0.9111894235727976,14.14768089990097,-0.9635807827817634,0.2673426374151036,0.0063237072687208585,11.304594689545187,-0.24611973686761107,-0.877343279468627,-0.4119391279005341,10.784882832943651,66.10920058002858,51.324500982213976,50.41623480426483,20.240075985416347,5.8824958788924375,73551.0,171063.38024084867, 0.0, 0.0,0.0,NaN, 90.54819417251946,90.54819417251946,0.0, 127.88989620963207, 0.5367802497666817, -8.059616690750492, 0.5367802497666817, 130.4482274613181, -30.42426912542821, -8.059616690750492, -30.42426912542821, 185.92630998968858, 8.030065879266452, 4.918568305902634, 10.0, 0.0
22, 0 ,1.0,1.0,1.0,67.86879157558235,188.83734104317983,74.38746679829819,13.467018613408898,6.6970333011362495,11.739915317856159,66.0,27.0,51.0,0.9839809095578461,0.06199972233902147,0.16714545777734413,13.52975103618382,0.17114090412920313,-0.06595712045624108,-0.9830363417468142,11.707783342605577,-0.0499235471451359,0.9958944184455529,-0.07551123591520822,6.626469885418133,66.70313894376952,50.50053432823161,29.40167331408898,18.102003703192846,6.0294211140442355,42543.0,99040.83487849966, 0.0, 0.0,0.0,NaN, 101.31274866266352,101.31274866266352,0.0, 181.3605903339017, 7.43708806861385, 7.21135885264568, 7.43708806861385, 44.85025503652789, 7.482412388506186, 7.21135885264568, 7.482412388506186, 137.82561167043366, 6.92144044401576, 4.726438865394628, 11.0, 0.0
23, 0 ,1.0,1.0,1.0,113.71619259494676,83.65070857951837,64.46348756916053,11.236180034072236,12.270415647618295,11.408363222201322,54.0,55.0,57.0,-0.3920567515209,0.9060517125773143,-0.15925387820268175,12.555749761597324,-0.3985830413912693,-0.011281204913418053,0.917062862366036,11.455991478534823,0.82910980135454,0.4230165818870658,0.3655597198084305,10.866416175582513,60.443770600978596,55.36391311623754,46.02091869434676,19.45238903365519,5.345105631922344,69223.0,154004.57093804458, 0.0, 0.0,0.0,NaN, 136.37403600299854,136.37403600299854,0.0, 126.25174175808355, -13.996261058416748, -2.3401083919543586, -13.996261058416748, 150.5631001653159, -5.845489708121142, -2.3401083919543586, -5.845489708121142, 130.1507514096757, 6.926434498039784, 4.506673417557652, 14.0, 0.0
24, 0 ,1.0,1.0,1.0,50.49371140181951,85.1502490205193,77.3288664585962,12.935148981999466,11.949275905762407,11.75506079933494,64.0,65.0,57.0,-0.846156729923618,-0.05643027216334835,0.5299381216600102,13.63779971952187,0.10049388432767792,-0.9934343153649222,0.054673945057620486,11.95325554407752,0.5233734494772394,0.09951826686090762,0.8462720289264538,10.927709227592311,64.46631611515573,66.23735650335266,57.090481741106586,20.332824176440088,5.904319542893594,75295.0,243780.8308146555, 0.0, 0.0,0.0,NaN, 125.61820483973686,125.61820483973686,0.0, 167.31807918652186, 0.836212801795156, -29.723903071012508, 0.836212801795156, 142.785194672034, -3.26541558199212, -29.723903071012508, -3.26541558199212, 138.181454396061, 6.912476162177743, 4.444531746404663, 16.0, 0.0
25, 0 ,1.0,1.0,1.0,101.73444135490395,22.161741658240647,105.2567871587462,11.678836166224496,12.56439187848044,12.540127631017656,56.0,51.0,60.0,-0.333725781211866,0.6691450698024916,0.6639819112848999,13.358546868796818,-0.04776582898633703,-0.7154615771875413,0.6970173291601612,11.914980605736895,-0.9414592548463147,-0.2008970062677272,-0.2707302427452222,11.449734546915193,69.98860898073328,60.97211170004713,55.97444518342863,20.450671490262124,5.76922820428805,79120.0,238862.73250180396, 0.0, 0.0,0.0,NaN, 138.28788518392537,138.28788518392537,0.0, 136.39521419751327, -10.203256395585266, -10.855063763998762, -10.203256395585266, 157.86394327602522, 15.618628598704843, -10.855063763998762, 15.618628598704843, 157.25480100221247, 7.281040569486735, 4.702663941825887, 16.0, 0.0
26, 0 ,1.0,1.0,1.0,144.05065863871144,73.0308994773679,113.59204132155628,13.087914864089774,9.925041905101047,11.800448090066432,58.0,46.0,59.0,-0.9119798037617333,0.2360990607681119,0.33548482981369726,13.301352832928858,0.4017159101033686,0.3481692520146095,0.8469961626367674,12.079380132505879,0.08316949621425242,0.9072129879229035,-0.4123680751991662,9.285102899935142,61.10086101464381,63.91893087117012,43.56287945369909,19.438400514212656,5.585618397555651,65438.0,170134.90025836503, 0.0, 0.0,0.0,NaN, 126.21480261922945,126.21480261922945,0.0, 171.29351548966204, -11.182362415835998, -7.441633561247869, -11.182362415835998, 98.50645681801181, 24.79005917735677, -7.441633561247869, 24.79005917735677, 139.2505751263525, 6.6420273421703815, 4.522230044516387, 14.0, 0.0
27, 0 ,1.0,1.0,1.0,40.92201724702544,174.59486955572535,187.10614561729068,12.050879515566917,13.073517692175393,7.095373667069466,68.0,60.0,30.0,-0.12032609084949628,-0.9895760616129491,0.07912553408023723,13.126300695815752,0.986588905706361,-0.11034577905469345,0.12027526837191888,12.084455204244122,-0.11029035768372152,0.09253662695071958,0.9895822399753236,6.939096618531848,62.96141736605385,68.0414396422559,33.90379046854554,18.208823685264928,5.909621766291762,45805.0,145243.34606736928, 0.0, 0.0,0.0,NaN, 49.86264763627149,49.86264763627149,0.0, 145.22369709871035, 4.126489991333961, 10.433012818359474, 4.126489991333961, 170.91686484762303, -11.02002523261505, 10.433012818359474, -11.02002523261505, 50.344327475342794, 7.51425220296901, 4.877655561343714, 9.0, 0.0
28, 0 ,1.0,1.0,1.0,136.98813459815221,140.94734727930043,18.241525816518863,10.339715925375481,13.717045921661983,10.875943553415865,46.0,68.0,44.0,-0.11706797331195451,-0.9884185817438436,0.09655980990101774,13.790831117896056,0.46587504435571614,0.03121024463627565,0.8842999285741824,11.045217995476502,-0.8770721365265184,0.14850800615870188,0.45682583052578785,10.058298013163409,68.43014062567643,51.350550919919286,54.32231567615304,19.476513400810855,5.832550742134921,64726.0,190884.56596333598, 0.0, 0.0,0.0,NaN, 88.26360653682157,88.26360653682157,0.0, 106.90972541746335, 10.603259319446634, 7.5741045611823665, 10.603259319446634, 188.1573488169836, -7.9211581129268644, 7.5741045611823665, -7.9211581129268644, 118.28614817708811, 7.494984052188279, 4.684920892638879, 8.0, 0.0
29, 0 ,1.0,1.0,1.0,182.56266064066517,94.29176657294164,80.13850028462507,10.073469682850316,9.738777387287419,14.589748374840784,37.0,51.0,75.0,0.10052866347934547,-0.0474104739710665,0.9938039216952685,14.643672736460214,0.7646149215020049,0.6427946974804079,-0.04667974622417676,10.660819582368045,-0.6365987823076157,0.7645699600748838,0.10087004766307549,9.00494912319133,74.81975697097153,56.64659484331588,48.90438007317028,19.265989666444817,6.164493187928558,57971.0,207270.67406119686, 0.0, 0.0,0.0,NaN, 124.96870518352814,124.96870518352814,0.0, 101.47479145130444, 15.369325316516695, 12.159966150594364, 15.369325316516695, 94.84378499914075, -7.260019558298776, 12.159966150594364, -7.260019558298776, 212.86075764116933, 7.361332009059856, 4.588459089974635, 13.0, 0.0
30, 0 ,1.0,1.0,1.0,59.334048584589944,11.19219260600811,107.08764124571833,11.9238932433708,7.1840591318710425,14.342015534999794,58.0,30.0,71.0,-0.10836509682059468,0.12494406621369697,0.9862281612837115,14.462076443767124,0.9924661649437364,0.07064558458837522,0.10010051358529126,11.903408039542938,-0.05716569979398066,0.9896454828352194,-0.13165827384145096,6.974278978824942,73.01316935134112,60.20684157554575,31.162923817638116,19.002694253695875,6.195236589205308,50798.0,136988.85748071634, 7.105427357601002E-15, 0.0,-1.4210854715202004E-14,31.000214970431323, 110.8083972722862,110.8083972722862,0.0, 142.17923007930384, 4.3508343570346915, -7.910019770435687, 4.3508343570346915, 51.61070561021972, 20.43673685023129, -7.910019770435687, 20.43673685023129, 205.6934096061754, 6.776469494352365, 4.512801934550145, 12.0, 0.0
31, 0 ,1.0,1.0,1.0,54.472940879231935,151.4783097524002,19.399936836786257,11.973313365058397,13.65561072852402,12.56624055611077,57.0,68.0,52.0,-0.4447828619072975,0.892491438482838,-0.07501491843885577,14.23941352883034,-0.40715242033320687,-0.12688427962853138,0.9045038895438537,12.883472516528073,0.7977437636048093,0.43285033420107566,0.41981600232917704,10.90878440944447,73.58172460219747,62.45040949443808,52.87925462200825,21.08321552897117,6.576044554276092,79160.0,242991.21790639553, -7.105427357601002E-15, 0.0,0.0,63.590552828025004, 75.48518571075793,75.48518571075793,0.0, 143.36023293788605, -30.822346646164053, -14.507552239711918, -30.822346646164053, 186.4757043689803, -10.999732294735251, -14.507552239711918, -10.999732294735251, 157.91040171404313, 7.404703391031628, 4.577960649621781, 13.0, 0.0
32, 0 ,1.0,1.0,1.0,90.97003063284349,74.68930956111747,100.61285450105169,11.539229561432679,12.80386450491578,10.673789293041182,56.0,56.0,53.0,0.1515943638062633,0.9807917873552061,0.1227461556170062,12.851716815437806,-0.9248726016629328,0.18456206539429898,-0.3324868639670279,11.64222177709951,-0.3487546695822333,-0.06312142167260255,0.9350860209470662,10.503075263585782,58.61469045759188,54.08157419938044,49.80887109611906,19.555153536135347,5.349627387220843,70839.0,157892.86276210248, 0.0, 0.0,-1.4210854715202004E-14,82.94938233301403, 154.0514333801735,154.0514333801735,0.0, 133.1538188714418, 3.849424811166903, 8.778089613147001, 3.849424811166903, 163.93894626024218, 5.0555247069218865, 8.778089613147001, 5.0555247069218865, 113.92977787224056, 6.849890134150683, 4.439616074411527, 6.0, 0.0
33, 0 ,1.0,1.0,1.0,12.977129274207796,103.51513740102469,108.00122062862374,8.750574956467013,15.077186310261796,12.346126237281359,35.0,76.0,62.0,-0.054579927228708365,0.9429607790877135,0.32839914836369694,15.42730904594725,-0.048558377072688674,-0.3310068618001842,0.9423781308250212,11.932560661610989,-0.9973279879557053,-0.03548840012576161,-0.06385497550495466,8.713958562432365,70.13463145065819,54.582221076431544,38.41886540204344,20.25132952254467,6.79739617347054,62263.0,147071.41074407852, 0.0, 0.0,0.0,NaN, 133.9459219265962,133.9459219265962,0.0, 76.57256206874766, -7.273042486564136, -5.945830779513372, -7.273042486564136, 227.3215470343457, 29.458536362807777, -5.945830779513372, 29.458536362807777, 152.42683306688716, 7.1675909818536985, 4.552380803412088, 18.0, 0.0
34, 0 ,1.0,1.0,1.0,31.82944096346326,40.26015135487021,103.96256815037839,10.153043660399693,11.795579262546475,11.697278785034504,45.0,58.0,53.0,-0.16052619500199206,-0.8087130424708673,0.5658750353706143,11.989177022939636,-0.09291763699845879,-0.5583823653385186,-0.8243636617498263,11.557651070209015,-0.9826482857323898,0.18491173304166594,-0.014491291547777407,10.085963153597657,59.185629882749225,59.19298457325419,47.231877332737014,18.759799333112447,5.207326153136719,61445.0,165470.93463703548, 0.0, 0.0,0.0,NaN, 108.8906856229419,108.8906856229419,0.0, 103.0842955699824, 7.106833529156797, -1.3765853329650763, 7.106833529156797, 139.13569013901645, -4.564661923407955, -1.3765853329650763, -4.564661923407955, 136.8263309748183, 6.901739703958015, 4.488169169035287, 10.0, 0.0
35, 0 ,1.0,1.0,1.0,22.279049681765635,178.12251026455309,100.72663734569952,12.885300491502184,12.288847718586446,11.45061855319951,51.0,55.0,62.0,0.7493274219688899,0.6239737883711847,0.22173210437636204,13.773913393725227,0.5892076389181802,-0.47542143096371065,-0.6533060700933994,11.845749855291846,-0.3022296691688639,0.6201864029516695,-0.7238964378058156,10.868345432760247,73.421185298334,61.509663945039534,65.43498124076342,20.30981107410752,5.97285412443853,75259.0,295511.7324095875, 0.0, 0.0,0.0,NaN, 104.06815624646873,104.06815624646873,0.0, 166.0309687563064, 27.25828355325111, 3.3504549502778755, 27.25828355325111, 151.0157782506073, 16.801676924656146, 3.3504549502778755, 16.801676924656146, 131.11666525087682, 7.239508988152902, 4.625619256802325, 11.0, 0.0
36, 0 ,1.0,1.0,1.0,133.1141523936496,42.69777028038146,32.754581196348646,11.67380298953695,11.041517357774845,15.157288918522465,63.0,51.0,65.0,0.47844395959026464,0.00476134485461471,0.878105179990851,16.409700725131575,0.2774562920389072,-0.9495759401258391,-0.14602581943666404,11.179907085941702,0.8331322725351658,0.31350097851410913,-0.4556399378139345,9.67820173490177,77.26931112080457,52.92479448946919,51.32530885137412,20.970771118924603,6.939953014094455,73507.0,209892.92130177724, 0.0, -7.105427357601002E-15,0.0,89.72719400424724, 85.84683329211599,85.84683329211599,0.0, 136.27767623852182, -7.852422088000876, 72.50922101543209, -7.852422088000876, 121.91510556204321, 5.077513377747543, 72.50922101543209, 5.077513377747543, 229.7434073595639, 6.526540774692752, 4.256227580439988, 12.0, 0.0
37, 0 ,1.0,1.0,1.0,19.14388179601205,131.94233252044182,16.34138255311688,11.09109208953171,14.431199166426335,9.760422720294168,53.0,70.0,41.0,0.07563938754732696,-0.9958182564894211,-0.051231661048947955,14.455278338201637,0.9287122667792775,0.08906033295302059,-0.3599469164029503,11.290187789267277,0.363004419511885,-0.020353307757367982,0.9315650993238064,9.492853767259353,71.02238768516682,61.02946597060039,46.60768576444226,19.63883675679316,6.3916958343135235,62739.0,202019.07471122136, 0.0, 0.0,0.0,NaN, 72.5629044121382,72.5629044121382,0.0, 123.01232373847287, -5.861847266644815, -12.94750729700824, -5.861847266644815, 208.25950938106416, 4.8654923106393495, -12.94750729700824, 4.8654923106393495, 95.26585167883461, 6.903545785120599, 4.417112994484905, 8.0, 0.0
38, 0 ,1.0,1.0,1.0,98.44105390280825,134.78756952594784,16.34205915871477,10.873198897211253,13.17309779886107,10.825968719680626,51.0,61.0,44.0,-0.05258088484212351,-0.937902010327087,0.34289221276317694,13.54376545313444,-0.7804486357646695,-0.1756207112970078,-0.6000477420144158,11.687856804984262,0.623004957831224,-0.29916080088798613,-0.7227500520441164,9.429686063323782,68.26232830434779,64.12700436178612,45.857140842955474,19.26002491845542,6.165224954262043,58791.0,200737.73669710182, 0.0, 0.0,0.0,NaN, 119.20723585158588,119.20723585158588,0.0, 118.226454258316, 11.19717851698682, 20.628079230061307, 11.19717851698682, 173.53050561835838, -25.370533298750004, 20.628079230061307, -25.370533298750004, 117.20159871950337, 7.01495004639376, 4.5098980730117, 7.0, 0.0
39, 0 ,1.0,1.0,1.0,145.8089854454162,102.94859130663079,82.74674696027435,9.714770632842853,12.718054563402392,11.06399475439428,46.0,63.0,52.0,-0.06519531715425925,0.9557980566965777,0.28670480539433,12.886169790043862,0.10237737115121769,-0.2793932090640534,0.9547032568317005,10.893815419063356,-0.9926068932348402,-0.09159426589003988,0.07963696352036095,9.685508453830845,65.05877094022867,49.829056214394356,47.065638831194875,18.74027222641393,5.22875292317283,60943.0,152578.19534670646, 0.0, 0.0,0.0,NaN, 138.57368480461997,138.57368480461997,0.0, 94.37676844874595, -5.213058900936331, 1.0800400598028714, -5.213058900936331, 161.7489118776804, 13.164507133329668, 1.0800400598028714, 13.164507133329668, 122.41197992526412, 7.505903158679741, 4.499122567009476, 12.0, 0.0
40, 0 ,1.0,1.0,1.0,28.731635114392223,146.78460395195282,126.86020758716468,15.423590932364947,11.262796209108584,11.379531485861238,65.0,65.0,59.0,-0.9731942984453099,-0.22486578352423475,0.048251806946188344,15.631010609671154,-0.12371930170162285,0.33501342794655103,-0.9340554252730209,11.43058092165979,-0.19387210180942246,0.9149870941688373,0.35385339569440877,10.919926723576637,70.21300338366366,57.43907821650741,65.95466741298429,21.275701144429192,6.4479464442175445,82086.0,265993.2077770167, 0.0, 0.0,0.0,NaN, 94.90423840424481,94.90423840424481,0.0, 237.8871572489302, 26.90001998461996, -4.55478994057878, 26.90001998461996, 126.85057844791069, -4.928668343582873, -4.55478994057878, -4.928668343582873, 129.49373683770725, 7.060899944381503, 4.456614780472272, 13.0, 0.0
41, 0 ,1.0,1.0,1.0,125.2349539158986,73.50164169402824,166.18680311338522,10.614921518948515,9.754449187910796,13.326209700293322,48.0,44.0,64.0,-0.08541119635404112,-0.025927317894326306,0.9960083843643976,13.344254851445301,-0.8817714351925418,-0.46345601222280314,-0.08767930664085867,10.895843076207948,-0.46387936321403256,0.8857405370204885,-0.016722364151049357,9.414094162875765,64.20514914165706,53.24755509028904,47.523505094626586,18.856414231823646,5.463455418233406,59999.0,162471.80120694725, 0.0, 0.0,2.8421709430404007E-14,5.121020979489148, 110.16186151008927,110.16186151008927,1.9073486328125E-6, 112.67655885343626, 12.496447558114005, -5.2823440972247475, 12.496447558114005, 95.14927895953358, -1.086891449968512, -5.2823440972247475, -1.086891449968512, 177.58786497619184, 7.282455104350841, 4.543376243282462, 14.0, 0.0
42, 0 ,1.0,1.0,1.0,179.6043352211435,83.20607470334411,20.390540722761596,11.410352000269132,10.901427864961475,11.107942217945116,50.0,54.0,45.0,0.8590018487896138,0.4955905231913802,0.12847512249038429,11.66397462776778,0.11706399269311135,0.05416503864432076,-0.9916461920480539,11.098433015257903,-0.49840931511236025,0.86686572311492,-0.011487937050418583,10.639554646263848,64.62760033741105,47.335779851130425,56.35420887359027,18.56395320526756,5.272881942045642,59328.0,172398.67529394352, 0.0, 0.0,0.0,NaN, 88.06252415344775,88.06252415344775,0.0, 130.19613277004578, 9.790021534289, 1.363564470841862, 9.790021534289, 118.84112949495851, 0.9189800620873466, 1.363564470841862, 0.9189800620873466, 123.38638031720745, 7.029478357134823, 4.408153536026075, 8.0, 0.0
43, 0 ,1.0,1.0,1.0,149.92161291872927,112.95802694605982,130.3274539017318,12.201909025812371,11.334477802653009,10.393410726559598,60.0,56.0,50.0,-0.9035984741105506,0.41988785136296236,-0.08487632097870423,12.429499634515158,0.4281584570496066,0.8788482257763299,-0.21049021760333061,11.133822507363222,0.013788881099828454,0.22653915407185637,0.9739044503596965,10.340478358089582,63.19507155560785,59.23827565467036,48.09877671707133,18.90120174533433,5.303256551039409,62421.0,180060.9965689255, 0.0, 0.0,0.0,NaN, 122.22280313263863,122.22280313263863,0.0, 148.88658387420142, -11.636778874944529, 2.1127221919093313, -11.636778874944529, 128.47038705883378, -4.846783466741329, 2.1127221919093313, -4.846783466741329, 108.0229865309641, 6.459223766893416, 4.3275667163202325, 16.0, 0.0
44, 0 ,1.0,1.0,1.0,9.678488026008516,169.17704565227345,161.85241998259994,6.375963823532515,14.923689696962441,11.222482205595218,26.0,64.0,65.0,0.04956255965958201,0.9928261564551295,0.108810733563027,14.978519035223082,0.011424260447861148,0.10837395912882286,-0.9940445519472271,11.169960726482879,-0.9987056818468641,0.05051047456991375,-0.005971013775924956,6.339517377956263,66.74594784611568,64.98371479574766,27.416953383682504,18.6333548208065,6.489346949196292,43678.0,118918.28369800255, 0.0, 0.0,0.0,NaN, 49.989653993357116,49.989653993357116,0.0, 40.652914678995366, 9.167000597437573, 0.03270602627549221, 9.167000597437573, 222.71651417122294, 10.78401566634358, 0.03270602627549221, 10.78401566634358, 125.94410685490134, 8.159564669926779, 4.789025946294367, 6.0, 0.0
45, 0 ,1.0,1.0,1.0,118.54726511762159,178.93685957569636,31.64980516669072,11.314922645793521,10.688170377110833,13.771121235726655,59.0,45.0,61.0,0.22560792468430743,0.18877308575989296,0.9557540407512427,13.990375189765548,-0.8968733550468346,-0.34284137995587366,0.27942436042154023,11.276716010276294,-0.3804198329828169,0.9202306831890795,-0.09195781854027033,10.440944337208828,65.55962292078623,57.27285976911003,51.15253644930098,19.899409634024657,5.993474517905481,69290.0,192066.88348355258, -1.4210854715202004E-14, -2.8421709430404007E-14,0.0,75.80875220323006, 89.88834224437807,89.88834224437807,NaN, 128.02747448029106, 9.274343843117329, 14.149680878612878, 9.274343843117329, 114.23698601014954, 13.906752743603384, 14.149680878612878, 13.906752743603384, 189.64378008908162, 6.13967872965747, 4.159095446934106, 8.0, 0.0
46, 0 ,1.0,1.0,1.0,15.876148935459073,150.21795514555967,60.8072128079147,10.280106513170184,10.310064348444458,13.711871075282714,41.0,52.0,68.0,-0.101454958176549,0.061070391841053714,0.9929638959709333,13.750652054381272,0.6778929040031617,-0.7262787731176615,0.11393135837364533,10.69909144833703,-0.7281264328147653,-0.6846820802088254,-0.032285397277424785,9.82051095594449,67.55896823833208,56.41449167664413,52.5098802494352,19.11216110380175,5.892259593628799,59838.0,200131.1613392177, 0.0, 0.0,0.0,NaN, 80.17369409212358,80.17369409212358,0.0, 105.68058992212401, -9.449927043287754, -7.940083991452687, -9.449927043287754, 106.29742686906545, 4.12587871518395, -7.940083991452687, 4.12587871518395, 188.01540838517474, 6.9463934360636745, 4.397410490161347, 10.0, 0.0
47, 0 ,1.0,1.0,1.0,121.76635722115648,152.87136886818305,110.48422513017265,11.5195702203697,12.359742006273898,9.326063675393467,61.0,56.0,43.0,-0.24036744876139873,-0.968420676284792,0.06621845150742979,12.43447896301577,0.9622557855730614,-0.22875668251127484,0.14742517877759354,11.496103738082377,-0.12762167804533017,0.09915530218067688,0.9868540587859749,9.255404689301285,57.64901884363698,60.91471861381437,44.62179416548382,18.575019646551436,5.235248736340807,58384.0,156697.18374960654, 0.0, 0.0,0.0,NaN, 127.88543578278245,127.88543578278245,0.0, 132.7004980620284, 5.8156060347164535, 5.498703668825014, 5.8156060347164535, 152.7632224616515, -5.989936785290567, 5.498703668825014, -5.989936785290567, 86.97546367749351, 6.790954253395622, 4.420848456236507, 15.0, 0.0
48, 0 ,1.0,1.0,1.0,112.74335241342914,30.01532497056794,65.18408232858361,9.381583343705964,12.957465045717113,9.850841837822005,44.0,56.0,53.0,0.24522935105676813,-0.9692606336048661,0.01990953349955976,13.167217643105086,-0.07946609492102075,-0.040564477081524136,-0.9960118789236931,9.854937422729227,-0.9662027246588986,-0.24266921383438042,0.08697095790391232,9.080400833270502,58.261993699279465,54.499644912620724,43.07123295216974,17.99924846131788,5.382949580610954,49266.0,136762.2756450169, 0.0, 0.0,0.0,NaN, 112.97613407333155,112.97613407333155,1.3486991523486091E-6, 88.01410603490118, -21.564065097067648, 1.6047281484718354, -21.564065097067648, 167.8959004109808, -1.1620180684058008, 1.6047281484718354, -1.1620180684058008, 97.03908491378442, 6.494117662009952, 4.187837725443416, 8.0, 0.0
49, 0 ,1.0,1.0,1.0,142.09555541780313,37.32367344408629,127.89147346888173,12.608640710364856,9.902006971941573,12.235805236182893,60.0,46.0,65.0,-0.9580541806525248,0.1263664402777281,-0.25722307382067167,12.694929375351633,0.2436404275360851,-0.11346377379998021,-0.9632057485839152,12.216707660576592,-0.15090238236771805,-0.985473233937179,0.0779164693062046,9.814953617011826,56.84346568552803,62.51162276409063,45.543653473625405,19.37346494019198,5.604582823406063,64528.0,161833.7836624733, 0.0, 0.0,0.0,NaN, 99.72773385684891,99.72773385684891,0.0, 158.97782056306997, -9.311241173695715, 3.55799303544003, -9.311241173695715, 98.04974207237953, 3.6757947732598684, 3.55799303544003, 3.6757947732598684, 149.71492977780068, 6.774714756897885, 4.537325522012759, 11.0, 0.0
