// Sample: .//bubblelabels.tif, Map: .//bubblelabels.tif, Thickness:(8.191250068658265):/gpfs/home/mader/Foam/NewValid/InSilicoTest/LatticeData_OldFoam/out_Step_07000.vtk/distmap.tif, Neighbors:(1.0):
//LACUNA_NUMBER, TRIANGLES, SCALE_X, SCALE_Y, SCALE_Z, POS_X, POS_Y, POS_Z , STD_X, STD_Y, STD_Z,PROJ_X, PROJ_Y, PROJ_Z, PCA1_X, PCA1_Y, PCA1_Z, PCA1_S, PCA2_X, PCA2_Y, PCA2_Z, PCA2_S, PCA3_X, PCA3_Y, PCA3_Z, PCA3_S,PROJ_PCA1, PROJ_PCA2, PROJ_PCA3,OBJ_RADIUS, OBJ_RADIUS_STD, VOLUME, VOLUME_BOX, Mask_Grad_X,Mask_Grad_Y,Mask_Grad_Z,Mask_Angle, Mask_Distance_Mean,Mask_Distance_COV, Mask_Distance_STD, SHAPET_XX, SHAPET_XY, SHAPET_XZ, SHAPET_YX, SHAPET_YY, SHAPET_YZ, SHAPET_ZX, SHAPET_ZY, SHAPET_ZZ, Thickness, Thickness_STD, Neighbors, Neighbors_STD
1, 0 ,1.0,1.0,1.0,78.86964316742224,135.9003072330074,39.60205822420901,18.001876660681916,17.26816384064359,18.969658119412383,97.0,91.0,87.0,0.3906772305010396,-0.3884398265962873,0.8345572494933372,19.50018077341683,0.8402689363265797,-0.21975732566746567,-0.49563578609709175,17.901518272550916,-0.37592474807152065,-0.8948861485850194,-0.24053973654686284,16.774491594164434,96.39066985908538,91.34162444764256,89.76973852745327,30.160056945139797,8.513280211952992,253228.0,790375.9003730698, 0.0, 0.0,0.0,NaN, 162.04208445640273,162.04208445640273,0.0, 324.06756330640434, -22.220978162914104, 15.96108622261826, -22.220978162914104, 298.18948242731085, -27.79567441250487, 15.96108622261826, -27.79567441250487, 359.8479291673882, 7.932327001550644, 6.224946756377033, 42.0, 0.0
2, 0 ,1.0,1.0,1.0,56.79812801846338,262.4038223184648,13.697626543957375,19.674426274271873,21.08732882736149,9.147290699316061,110.0,95.0,38.0,0.5208128552576676,0.8518218800430721,-0.05615562730697962,21.885023332420857,0.8509647376790297,-0.5232710369644215,-0.045237562943186274,18.831213996891748,0.06791895924714257,0.02422615433914599,0.9973966655351922,9.04779235921602,105.51848299717955,98.87112596075396,41.85983957724043,28.431083876328625,10.349148904609791,140386.0,436712.4553724392, 7.105427357601002E-15, 0.0,0.0,58.61320797154094, 69.47751359685411,69.47751359685411,0.0, 387.08304922175944, 54.71321445518287, -22.11331802134279, 54.71321445518287, 444.67543707327087, -12.5382669668164, -22.11331802134279, -12.5382669668164, 83.67292713779412, 7.748659535870556, 5.959885330910914, 24.0, 0.0
3, 0 ,1.0,1.0,1.0,260.82594556680874,140.2135243419025,127.05612825063498,18.1760999805484,16.608864588302364,15.20931500064677,89.0,88.0,76.0,-0.95116376114951,-0.2531750676017715,0.17660658147633304,18.318991233892362,0.30275506110479494,-0.8767425351995335,0.3737136603702468,16.832108671549843,0.060223520748540586,0.4089314271570909,0.9105757604021292,14.786579524895748,99.0722342787092,86.39676204153595,79.42312338709442,27.728320261121358,8.28785326251763,188194.0,679823.8329422156, 0.0, 0.0,0.0,NaN, 193.2296526808288,193.2296526808288,0.0, 330.37061050289157, 10.993300548069712, -12.326420943399627, 10.993300548069712, 275.8543829125643, -26.420223055058443, -12.326420943399627, -26.420223055058443, 231.32326278889883, 6.733011333357078, 5.583697747987231, 39.0, 0.0
4, 0 ,1.0,1.0,1.0,78.43352994367156,17.017047858440556,260.9312859311615,16.853850886706116,10.576610766647011,17.7872165582453,81.0,45.0,81.0,-0.5470561407063641,0.1945399569645413,0.814176752345394,18.57519021665574,0.8166690365217677,-0.0895205097587582,0.5701208320339994,16.307745082684765,-0.18379680003217302,-0.9768010460051556,0.10990201463652545,10.065873863883915,111.63476515407496,91.53262181130006,50.239181806288286,25.273678378986155,8.57573548484098,120543.0,513355.14996403333, 0.0, 0.0,0.0,NaN, 89.26232663466676,89.26232663466676,0.0, 284.0522897113245, -37.972482052331806, -31.90372789358619, -37.972482052331806, 111.86469530915348, 30.200303687575797, -31.90372789358619, 30.200303687575797, 316.3850728899159, 7.6035631904356356, 5.87027538717056, 22.0, 0.0
5, 0 ,1.0,1.0,1.0,188.19237288135594,113.18364940144602,236.20226383785706,15.989858849076779,14.982849799950587,16.29590819833926,81.0,88.0,82.0,0.086231352859135,0.11563533697364639,-0.9895416224833973,16.306392503999934,0.9255995015575514,0.3581298728639262,0.12250941547032493,16.171307602394204,-0.36855083299389785,0.9264833851750708,0.07614998682892038,14.775262166344838,81.83820566496485,83.53964661369818,84.532682839655,26.29132040236023,7.3813596071670915,168740.0,577927.5328800046, 0.0, 0.0,0.0,NaN, 171.41072053155136,171.41072053155136,1.9073486328125E-6, 255.67558601339897, 14.795617854567155, 0.8381315251826464, 14.795617854567155, 224.48578812787935, -3.5500471380310836, 0.8381315251826464, -3.5500471380310836, 265.5566240087007, 6.9964123958463675, 5.68045250239495, 39.0, 0.0
6, 0 ,1.0,1.0,1.0,274.6888079913796,206.00730989894282,208.46748405510093,15.272680083600397,16.12863221230528,17.421071218435195,62.0,88.0,88.0,-0.3257257622347965,0.3291008873692396,0.8863381599307003,17.961528018652082,-0.17453681529813758,-0.9422815515746368,0.28573130326878626,15.895777666213089,-0.9292145220142356,0.061628593159948945,-0.36436559741965335,14.885866450936076,93.72502102842029,85.09630218193314,74.5204025687363,27.044053093615823,8.093234745299377,171685.0,594348.8508051276, 0.0, 0.0,-2.8421709430404007E-14,27.583351790062654, 133.61692897434,133.61692897434,0.0, 233.25475693600424, -5.717194012459942, -30.717265511765607, -5.717194012459942, 260.1327770398116, 21.099404767515296, -30.717265511765607, 21.099404767515296, 303.4937223977911, 7.743781298120364, 5.976663801286172, 34.0, 0.0
7, 0 ,1.0,1.0,1.0,264.07973927135913,280.0754056929085,27.097487666792794,18.59215258622994,11.67070673364115,16.057898309184218,80.0,50.0,68.0,0.9835945074579902,-0.10040575992160763,-0.1498683698217806,18.711833501704152,-0.1452626793042442,0.05175179488349709,-0.9880387167149317,15.996899166837913,0.10696073531827376,0.993599735859919,0.036317571494708836,11.562704511096765,84.43096987839331,74.32091289691128,55.57278713133019,25.903297164605608,8.291491274958991,140069.0,348718.5033616859, 0.0, 0.0,0.0,NaN, 49.20902790106416,49.20902790106416,0.0, 345.66813778965667, -22.29364960258225, -14.365411616777527, -22.29364960258225, 136.20539566265688, -2.991801645879281, -14.365411616777527, -2.991801645879281, 257.8560981081014, 7.07582891150058, 5.717218711982431, 17.0, 0.0
8, 0 ,1.0,1.0,1.0,277.07274401473296,206.76471171554044,285.0763139254852,13.103301934868172,15.933204130504903,8.90376839388266,53.0,83.0,39.0,0.039712982422340004,0.9870577321549489,-0.15537024303338182,16.074066627574854,0.9978866502019131,-0.04718136940301339,-0.044678313867704274,13.107899578235505,0.05143065599355714,0.15326758226835052,0.986845446789763,8.639904963119678,82.4817735227735,55.348556150496194,44.4537207646419,21.30039237143103,7.15079659168346,70590.0,202942.21861442007, 0.0, -2.8421709430404007E-14,0.0,9.228100882702748, 97.16580908195492,97.16580908195492,0.0, 171.69652159632, 2.627060565812582, -5.465814874732337, 2.627060565812582, 253.8669938643385, -27.97153282351012, -5.465814874732337, -27.97153282351012, 79.27709161190378, 6.982217165891502, 5.683818020083858, 12.0, 0.0
9, 0 ,1.0,1.0,1.0,154.17573615807555,178.02515898144244,15.353741557614516,16.845494597370653,16.520101806691528,9.63989846786518,82.0,78.0,41.0,-0.7379875156020101,-0.6745969542068382,0.01712822788353036,18.43312712038875,-0.6739420888638316,0.7380862668708743,0.03210488303159401,14.73448184864193,0.034299966084948674,-0.012149569188817032,0.9993377308473338,9.629484078593006,86.64228187120077,74.29086340282255,41.92109644593043,24.286553822935097,7.731455090078395,111491.0,269834.77608303545, 0.0, 0.0,0.0,NaN, 190.73100205881477,190.73100205881477,0.0, 283.7706882300439, 61.12497026734583, -5.8140016533921175, 61.12497026734583, 272.9137637034527, 0.09266895920658672, -5.8140016533921175, 0.09266895920658672, 92.92764247074945, 8.631437493704896, 5.9473726944415235, 17.0, 0.0
10, 0 ,1.0,1.0,1.0,44.06090182308715,256.53363486678967,213.40739252911186,17.135837029412087,20.86453438012123,14.351967140571237,85.0,89.0,78.0,0.1996234791999076,-0.9763374086017184,-0.08316087491727016,21.02417718589427,0.9230076741568403,0.21585131876295593,-0.31853577763867097,17.3035589783269,0.3289487802070472,-0.013170905556357967,0.9442559119471381,13.910984391535834,94.45164241699536,89.71509586511917,80.27180704961845,29.172004524060036,9.161813054754278,201636.0,680202.2740915895, 0.0, 0.0,0.0,NaN, 106.43762321643882,106.43762321643882,1.9073486328125E-6, 293.6369106985705, -27.33447418201185, -35.26039883878565, -27.33447418201185, 435.3287948992609, 12.895383581639884, -35.26039883878565, 12.895383581639884, 205.97896080403652, 7.510209335811804, 5.463961515772606, 32.0, 0.0
11, 0 ,1.0,1.0,1.0,14.486714387437694,168.47811340553912,12.793820035228423,9.115228904318679,17.43222506724791,8.364356253211128,36.0,82.0,34.0,0.047295227695113524,-0.9978579113869586,0.04519679324603018,17.460656713960738,0.9725401562924633,0.03567838954087811,-0.22998412318766784,9.129759094402631,0.22787892802077672,0.05483284783983416,0.9721443066550739,8.288865441019993,82.36880868713203,41.83423972204429,39.69413320460175,20.0092225610884,7.5208601107058035,53366.0,136779.4925653441, 0.0, 0.0,0.0,NaN, 132.93439501574915,132.93439501574915,0.0, 83.0873979781267, -10.637512978215943, -2.771290364558419, -10.637512978215943, 303.8824707951864, -10.771414724709816, -2.771290364558419, -10.771414724709816, 69.9624555306321, 9.06097609476464, 5.723586866455166, 11.0, 0.0
12, 0 ,1.0,1.0,1.0,22.126257119492706,131.32357287347747,188.79023141041276,14.068437771835882,15.956601516795768,15.566253756386596,61.0,75.0,75.0,-0.45703723018090614,-0.6906700440167622,-0.560438989120537,16.36382147918745,-0.16524199251341962,0.6850615011099783,-0.7094968806183287,15.815050065457054,0.8739634169338901,-0.2316584338953099,-0.427226305213539,13.302325636459878,86.168242700306,84.6517889589086,65.9617534821218,25.22841444124924,7.63998914233081,139406.0,481144.5477193408, 0.0, 0.0,0.0,NaN, 173.50234775392232,173.50234775392232,0.0, 197.92094134001854, 20.38706937903623, 31.841126902326046, 20.38706937903623, 254.61313196580903, -0.4057196853862494, 31.841126902326046, -0.4057196853862494, 242.30825600821981, 7.010931822106971, 5.185558629845574, 25.0, 0.0
13, 0 ,1.0,1.0,1.0,123.18451794316906,234.94774530141905,76.5277917531031,14.335414791812477,14.480489228196992,16.499591893824288,75.0,70.0,78.0,-0.15249107148812371,0.37535352165379343,0.9142517196584862,16.908241512437627,0.8301087436407192,-0.45338327368541187,0.3245967973864275,14.409552323680346,-0.5363449886478203,-0.8084264598121428,0.2424473390820684,13.924847898350508,80.62845583625983,69.99588449834745,71.05308730172271,25.198709645461822,7.242254511384093,145097.0,400999.47250723484, 0.0, 0.0,0.0,NaN, 158.94251858098355,158.94251858098355,0.0, 205.50411725331597, -10.433992328958537, -9.123838319233458, -10.433992328958537, 209.68456828792915, 29.545881148969283, -9.123838319233458, 29.545881148969283, 272.2365326627522, 6.578650565464761, 5.137147971001211, 32.0, 0.0
14, 0 ,1.0,1.0,1.0,191.1950151786664,279.45126052483,59.6842428259322,16.624113682620553,12.052446274037532,14.516116206670604,76.0,53.0,77.0,-0.9638038903587789,0.016179802950516672,0.2661207900667764,16.784019542478692,0.26456509712505066,0.1814956121863358,0.9471349703924566,14.406046299394216,0.03297529852018767,-0.9832586418301089,0.17920678824730632,11.962556777889155,79.03903383693424,74.25221820584444,58.17276351888401,24.113466389292586,7.133090868580451,122211.0,341405.6866745124, 0.0, 0.0,0.0,NaN, 125.78944414255865,125.78944414255865,0.0, 276.36115573269194, 0.9324701369903835, -19.404264421946085, 0.9324701369903835, 145.26146118856119, 11.672596512528857, -19.404264421946085, 11.672596512528857, 210.71762972556496, 7.151106661677837, 5.56051597783875, 28.0, 0.0
15, 0 ,1.0,1.0,1.0,173.10968830942056,99.9722359651931,11.90713308692995,14.800793564594118,15.420980094676963,7.577531432887254,80.0,76.0,30.0,-0.21257677057589952,-0.9747722992737776,-0.0680446998673308,15.494269004750041,0.9740430061581133,-0.20584393262537307,-0.09417270069286095,14.80231678089799,0.07779035136819676,-0.08629739260160067,0.9932277791444307,7.423486092459278,79.06325353344906,84.01662794171159,33.767740414274115,21.430176817628357,7.41866709077522,68722.0,224306.5364861668, 0.0, -1.4210854715202004E-14,0.0,12.897149638782217, 161.97956347379912,161.97956347379912,0.0, 219.06349014173065, 5.444941726002399, -12.368018526953179, 5.444941726002399, 237.80662708042314, 15.447452197692327, -12.368018526953179, 15.447452197692327, 57.41898261639435, 7.332901110882005, 5.259565531685905, 23.0, 0.0
16, 0 ,1.0,1.0,1.0,219.51532453295573,29.493000045676702,262.7352064586854,14.865125228148518,16.865843362461174,17.024685559769765,84.0,71.0,74.0,0.3181777559947978,0.48712324987507477,-0.8133104296769227,17.638614018168106,-0.19384455796236094,0.8731977947093235,0.4471575769940064,16.618733716306902,-0.9280017257195657,-0.015380206302876672,-0.3722583059054415,14.421009811008858,89.22693827889792,92.07423710753292,76.44988625397053,27.047268712688577,7.982092079677745,175144.0,628074.2141731526, 0.0, 0.0,0.0,NaN, 93.46809548935147,93.46809548935147,0.0, 220.9719480485375, 4.441515483701494, -32.60718491147072, 4.441515483701494, 284.4566723270757, -14.232546572429413, -32.60718491147072, -14.232546572429413, 289.8399184090332, 7.6183207999983455, 5.553520255484867, 34.0, 0.0
17, 0 ,1.0,1.0,1.0,158.65160129858734,254.33731683776432,279.5517416864087,17.210564696811897,14.864191198066822,10.982145639651874,82.0,82.0,48.0,-0.892629393425155,0.429276045149075,-0.1376039354619249,17.90315200487553,0.44688446397197035,0.8827600239684349,-0.14501384742062884,14.225277232437309,-0.05922028245394062,0.1909366836006598,0.9798143400673709,10.71792311770253,86.27813900432047,74.01990183906844,51.55330648595401,24.055318010089394,7.687451817074953,113970.0,329234.8492459969, 0.0, -2.8421709430404007E-14,0.0,64.57837507812468, 149.9419278156967,149.9419278156967,0.0, 296.20353718314794, -44.289516191303875, 19.590330851471723, -44.289516191303875, 220.94417997268715, -23.346820719420162, 19.590330851471723, -23.346820719420162, 120.60752285052467, 7.596714228242597, 5.530858752892251, 29.0, 0.0
18, 0 ,1.0,1.0,1.0,235.02140770341515,243.1401490983579,10.737432418818631,14.916502950207889,13.66810295692645,7.1839978550662975,67.0,65.0,30.0,-0.9934706556315042,0.04791510662647153,-0.10353839363291253,14.979467542613602,0.05358975946814489,0.997169431766279,-0.05273767183961383,13.681901764878322,-0.10071838997549779,0.05794192702948615,0.9932263281915424,7.024958371570939,67.96752871034286,64.85341315933417,33.31492781871846,20.368990806187956,6.784772466613631,59558.0,146849.74387854623, 2.8421709430404007E-14, -2.8421709430404007E-14,0.0,44.24226180160001, 87.00892228014011,87.00892228014011,NaN, 222.50206026356065, -0.9658935844119255, 17.614875812921987, -0.9658935844119255, 186.8170384411416, -8.117370435540211, 17.614875812921987, -8.117370435540211, 51.60982518159716, 7.12856026239066, 5.129055508273322, 11.0, 0.0
19, 0 ,1.0,1.0,1.0,272.26710950924104,65.86146152019334,238.25304192336168,15.74960586723054,16.145492314873426,13.728817198875062,72.0,82.0,70.0,-0.5901659728184073,0.8055320845190767,-0.053124244349020765,16.590735383069127,0.804814735409252,0.5922279040396813,0.03923456823901852,15.290209935276724,-0.06306636342329497,0.01960026752668302,0.9978168485836685,13.7173032454273,87.98197982387052,80.26796163755901,70.05171319781013,25.311456174697472,7.519149889347155,143166.0,494714.5982328043, 0.0, 0.0,0.0,NaN, 94.44327482815528,94.44327482815528,0.0, 248.05008497310266, -19.654527960505575, 4.171112022468495, -19.654527960505575, 260.6769220896369, -2.6666259202048432, 4.171112022468495, -2.6666259202048432, 188.48042168012768, 6.095300712260818, 4.917569041058511, 29.0, 0.0
20, 0 ,1.0,1.0,1.0,277.6663101979278,207.22068336810364,12.34606686418541,13.21283586969191,13.756257535152473,7.739899464767401,55.0,72.0,31.0,0.38692846828536764,-0.9215480078214927,0.03218120119849178,13.866949556864697,0.9197125772000914,0.38820233076005783,0.05854678242588765,13.1165996525447,-0.06644648802084799,0.00694403864457416,0.9977658265129137,7.705986008279363,66.33495662190566,62.70127252960259,32.26565817916707,19.576305703917328,6.36301436461821,57041.0,134202.1065852337, 0.0, -2.8421709430404007E-14,0.0,22.846550327059184, 96.22484430682027,96.22484430682027,0.0, 174.57903171941717, -7.1675902030384195, 7.721446620727217, -7.1675902030384195, 189.2346213734392, -1.3810467854063893, 7.721446620727217, -1.3810467854063893, 59.9060437247067, 7.53010845328424, 5.564628856097862, 12.0, 0.0
21, 0 ,1.0,1.0,1.0,40.78218046046719,85.18789867091428,36.98301926772419,13.311687012220242,13.866524566753556,17.31733219917213,62.0,70.0,81.0,0.24043683799447738,0.02504832711194146,0.9703415420583161,17.548002325765754,-0.16401400393386875,-0.9842444448087495,0.0660475539039658,13.890940992878482,0.9567076530731831,-0.17502986651428823,-0.2325403457019708,12.980018562215733,83.01567486594702,71.8515729690742,61.174596637077414,24.83406657082557,7.255387427558001,136861.0,364894.65124428406, 0.0, 0.0,0.0,NaN, 101.42932533164623,101.42932533164623,0.0, 177.20101111131308, 4.7912294026685345, 32.26969543836529, 4.7912294026685345, 192.2805035603799, 1.7982308803178302, 32.26969543836529, 1.7982308803178302, 299.8899944964839, 6.835933589154255, 4.93963439295373, 22.0, 0.0
22, 0 ,1.0,1.0,1.0,69.8679161301604,63.67935205938926,159.59287519671898,14.585911420903225,14.299021599412143,14.062747076466293,71.0,65.0,70.0,-0.8288705766477389,0.518242781192771,0.21070829814989825,14.6455821863168,-0.5338146009930883,-0.6199735820175287,-0.5750432413018559,14.519395048381007,-0.1673784303135697,-0.589115589118075,0.7905234238932008,13.771919832341476,79.05818609609543,77.99985559519823,80.45979499491575,23.868367649831022,6.728499962698132,125814.0,496157.50622528495, 0.0, 0.0,0.0,NaN, 169.2653132765213,169.2653132765213,0.0, 212.74881197843513, -3.666082689343524, 2.155351550853416, -3.666082689343524, 204.462018700455, 10.25026444740609, 2.155351550853416, 10.25026444740609, 197.76085533666128, 7.003717779868527, 5.10015923029609, 28.0, 0.0
23, 0 ,1.0,1.0,1.0,65.59370777557093,41.989884595789924,34.75286664648508,14.617223511308847,13.329312754668527,16.53206426613445,77.0,69.0,76.0,-0.12515878085783672,-0.020053772727668947,0.9919340329747571,16.55949479485733,0.9097430654395071,0.3965932715808686,0.12280607404160439,14.861625312276258,0.39585708842827216,-0.9177753663812133,0.031393349692585726,13.021450603044638,79.3077254528902,80.64303681335338,62.0035484371807,24.751857470581324,7.2103052880568494,135437.0,396550.8754843871, 0.0, 0.0,0.0,NaN, 85.28450415088972,85.28450415088972,0.0, 213.66322317956013, 18.77513072242092, -7.2608741115343625, 18.77513072242092, 177.67057851176907, 0.4171196002989298, -7.2608741115343625, 0.4171196002989298, 273.3091488995996, 6.428711646183854, 4.934643578169133, 23.0, 0.0
24, 0 ,1.0,1.0,1.0,27.710700132100396,283.5203314519035,133.36924062287338,15.004618839541724,10.593554206364463,20.255679779459896,64.0,47.0,107.0,0.1680339513122626,-0.06960481598170813,0.9833207822468416,20.42790527654086,0.9853426442846788,-0.017892028016006242,-0.16964595099073765,14.820665293920698,-0.029401778185434067,-0.9974141792282818,-0.06557812526984552,10.521554392264568,104.71122184647525,65.94591040106198,50.52835016842374,25.85371174361469,8.901692515983319,124905.0,348912.2468824256, 0.0, 0.0,0.0,NaN, 137.21084768190966,137.21084768190966,0.0, 225.1385865199304, -5.506687666510268, 32.44743212767745, -5.506687666510268, 112.22339072318219, -20.65393448270063, 32.44743212767745, -20.65393448270063, 410.2925633280205, 6.730790668813295, 4.958771460224854, 18.0, 0.0
25, 0 ,1.0,1.0,1.0,281.49702009246477,104.32761454019588,168.21635005149105,11.811548717929885,13.08540487208641,15.000725794132421,49.0,65.0,73.0,0.11292586257527465,-0.10713226603303133,0.9878109268155812,15.037453338169348,0.4829932345297876,-0.8628883430994697,-0.14879933716756055,13.636750267105256,-0.8683117441104224,-0.4939092881468008,0.04569825075685767,11.12098545040807,71.5889710487294,70.83444496091082,59.085295634621446,22.128630688858777,6.7886656987403535,91278.0,299619.4679243476, 0.0, 0.0,0.0,NaN, 169.0962501501955,169.0962501501955,0.0, 139.5126831160311, -27.19774632271824, 6.95175011737765, -27.19774632271824, 171.22782066642276, -2.8446036497271874, 6.95175011737765, -2.8446036497271874, 225.02177435074978, 6.82581946091016, 5.218765000667891, 15.0, 0.0
26, 0 ,1.0,1.0,1.0,33.77315108508033,180.52496201112373,207.39430240620806,15.193738911247827,15.619565494243297,14.340859845954164,69.0,74.0,75.0,0.5867602110049202,-0.7695672432035375,0.2519498223249406,16.83635235601705,0.6450026771551175,0.2560626512384571,-0.720002406317829,14.698430182166145,-0.4895753274463422,-0.5849770737634424,-0.6466203073883214,13.452664382101007,94.98046171682896,76.75713073159088,67.12261337277755,24.96319679907945,7.570970547025222,135566.0,489352.5609667143, 0.0, 0.0,0.0,NaN, 154.88939816363137,154.88939816363137,0.0, 230.8497021031663, -40.48672117840659, -1.1351667682301039, -40.48672117840659, 243.97082622895581, -26.33739521224107, -1.1351667682301039, -26.33739521224107, 205.66026112130046, 6.585677001919495, 4.931009080218261, 35.0, 0.0
27, 0 ,1.0,1.0,1.0,123.98319967923015,187.33422614274258,114.11041700080193,14.006744796209196,13.926783033715553,15.202497016733458,70.0,71.0,73.0,-0.16406786117060448,-0.3082512476627113,0.93705010818274,15.32669761294568,-0.7415696801302372,-0.5878756988594382,-0.3232283592169234,14.42497764371213,-0.6505045322228284,0.747919334557483,0.13213827058294095,13.351871077037883,74.61309929752815,68.09590637670684,66.05215782603591,23.95965964638241,6.869847933370992,124700.0,335600.88311420917, -1.4210854715202004E-14, 0.0,-1.4210854715202004E-14,59.04395581274629, 202.69829222184242,202.69829222184242,0.0, 196.18889978613336, 15.85888695885367, -1.5623310054793034, 15.85888695885367, 193.95528566818737, -10.694931513708251, -1.5623310054793034, -10.694931513708251, 231.11591554378973, 6.31773954022858, 4.764283778668148, 31.0, 0.0
28, 0 ,1.0,1.0,1.0,31.82246573521102,14.026525434057593,71.38129480460483,17.569529876816997,8.974633915449317,14.19571272609339,73.0,36.0,72.0,0.9955740678077211,-0.002940845948697998,-0.09393416276250652,17.596980843875514,-0.09389616391074387,0.011129907200218607,-0.9955197816058508,14.162265247621477,0.003973148831061389,0.9999337360999581,0.010804512832408887,8.97369500522272,76.21699667545191,68.86053935829894,36.62413448184151,23.079142659307287,7.62258931871577,90253.0,192216.03812677428, -3.552713678800501E-15, 0.0,0.0,5.392626210074829, 79.40215355519553,79.40215355519553,9.5367431640625E-7, 308.68838009236504, -0.7962946713138849, -10.206514058766022, -0.7962946713138849, 80.54405391633314, -1.2667813785935877, -10.206514058766022, -1.2667813785935877, 201.51825980176983, 6.8381905969559105, 5.209605829908962, 16.0, 0.0
29, 0 ,1.0,1.0,1.0,234.95659745599153,273.86261097496384,95.3033330640311,13.412037062419438,13.27739083072457,14.630916804371063,69.0,60.0,71.0,-0.3530481640865633,-0.4086633553630894,0.8416360590056063,15.20558786244504,-0.8376739824099849,-0.2626043460064707,-0.4788958724523638,13.213169024842008,-0.4167244809565475,0.8740899378450113,0.24961467811328877,12.823331628339377,76.20683274724117,70.16437520532293,63.70062602674608,22.970537450033703,6.526100001422293,111399.0,340607.55351574405, 0.0, 0.0,0.0,NaN, 118.30694236882995,118.30694236882995,0.0, 179.88273816371265, 11.86649542692428, -15.768762597827683, 11.86649542692428, 176.2891072718089, -21.689507872198583, -15.768762597827683, -21.689507872198583, 214.06372653642754, 6.132472318060519, 4.728327616478598, 24.0, 0.0
30, 0 ,1.0,1.0,1.0,134.2659920491507,24.290213855847647,249.66468157319966,15.171312804449373,13.830786390400108,14.35015027721344,75.0,60.0,71.0,-0.8961154185127477,-0.24724408926420546,-0.36857498155414237,15.578790674733973,0.15981172713236405,0.5949963593929043,-0.7876798487838578,14.499698850337989,0.4140499590323535,-0.7647546617269513,-0.49367290668235253,13.207808740599797,80.2020595155328,78.7958425530492,63.848620681046484,24.078687994934995,6.8994914166422365,127282.0,403497.0316002498, 0.0, 0.0,-2.8421709430404007E-14,68.37224047917904, 145.4338866675604,145.4338866675604,0.0, 230.1687322104495, 18.525632215839074, 18.036930128830665, 18.525632215839074, 191.29065217687685, -10.556234759293721, 18.036930128830665, -10.556234759293721, 205.92681297860898, 7.836123398823133, 5.231766449137086, 21.0, 0.0
31, 0 ,1.0,1.0,1.0,19.917787915364954,252.9831013916501,81.46295441635898,11.6541496915407,15.805957627300268,15.229050148875556,49.0,81.0,81.0,-0.18410624460921138,0.9220548015180626,0.3404700187878209,16.035559821395392,-0.014615862866880477,0.3437846288690912,-0.9389347716992902,15.129145308718623,-0.9827976736076199,-0.17784001785545067,-0.049816270440723155,11.469143535065871,83.87156905661362,78.77325001037312,53.52817052762593,23.714584775388136,7.428993129406076,112672.0,353651.84823440807, 0.0, 0.0,0.0,NaN, 96.14322634710722,96.14322634710722,1.3486991523486091E-6, 135.81920503283823, -21.81016163562597, -6.53684724901711, -21.81016163562597, 249.82829651601153, 8.005542328251659, -6.53684724901711, 8.005542328251659, 231.9239684369666, 6.826746728095615, 5.284363846244659, 17.0, 0.0
32, 0 ,1.0,1.0,1.0,165.40211278083618,11.445766998958488,219.26909686058622,16.63324350406798,7.727790404937701,13.917576313054392,85.0,32.0,73.0,0.9749973479983525,0.041107334089196465,0.21838122281977268,16.767731295500685,-0.221538761729958,0.10311796822873726,0.9696841040666462,13.820243394405354,-0.0173421004303687,0.9938193355497046,-0.10964661344613741,7.610947651852668,83.98086920114827,73.9722955953622,35.3746847587245,21.66585717016065,7.789293775443642,67210.0,219756.65710190107, 0.0, 0.0,0.0,NaN, 157.36923316761317,157.36923316761317,0.0, 276.6647894656197, 5.90697368079374, 18.9434368136561, 5.90697368079374, 59.718744542647194, 15.310130308836047, 18.9434368136561, 15.310130308836047, 193.69893042969267, 6.830500143768177, 4.814412949242626, 18.0, 0.0
33, 0 ,1.0,1.0,1.0,58.8403850537427,111.64787571671548,158.08693517560624,13.932519360831346,12.558020307195095,15.018528167171576,71.0,63.0,73.0,0.511796586425608,0.14866234090506814,0.8461464190787078,15.612914581566438,-0.8041698192870237,-0.26365010237121217,0.532728378507777,13.404622157718354,-0.302283237826663,0.9530939785332164,0.015385454583933898,12.40677883906644,74.77852055544079,64.99208309713893,61.55580942891741,23.12799843133712,6.516966061292202,114062.0,299161.9615262573, 7.105427357601002E-15, 0.0,0.0,59.21642627327066, 189.9124983595878,189.9124983595878,0.0, 194.1150957399403, 12.295797244468146, 27.869594972971957, 12.295797244468146, 157.70387403592437, 7.682853749653985, 27.869594972971957, 7.682853749653985, 225.55618830812602, 6.603056359984205, 4.937976970820076, 24.0, 0.0
34, 0 ,1.0,1.0,1.0,144.76239557945263,152.40410984390408,58.405951738637,13.319561389984502,13.923952866044187,13.68386052155884,65.0,66.0,64.0,0.5344019213672234,0.6625304253217378,0.5248504758138429,14.793881908835399,0.05655557053600938,-0.6475922718549156,0.759885331398847,13.375936078429792,-0.8433362638238473,0.3764009630125655,0.38354434054336806,12.679140739973493,75.17748144321541,66.24166473470254,64.37915229238106,22.736454769574575,6.448941178365235,107498.0,320600.550861701, 0.0, 0.0,0.0,NaN, 214.83005647108195,214.83005647108195,0.0, 177.41071562156588, 19.905224037963517, 17.07571135563755, 19.905224037963517, 193.87646341582013, 11.268470581051043, 17.07571135563755, 11.268470581051043, 187.24803877347657, 6.23379096846395, 4.7435573203728625, 19.0, 0.0
35, 0 ,1.0,1.0,1.0,24.65161331300813,14.431476541327914,264.9520134654472,13.85926062982697,9.11467055571055,19.204488210608158,50.0,41.0,79.0,0.09227026516888155,0.0717927378930344,0.9931424877385351,19.280932567240374,0.9933425095338854,0.06244844891709368,-0.09680315067585339,13.822574987767057,-0.06896997113662658,0.995462703476967,-0.06555264348400966,9.008371219098528,83.04141767615732,55.609522298436715,42.53542621140298,23.9678138569313,8.337421117798112,94464.0,196424.07111190772, 0.0, 0.0,0.0,NaN, 45.21427776956272,45.21427776956272,0.0, 192.07910520547188, 8.74324497136298, 16.061121307036004, 8.74324497136298, 83.07721933913687, 20.055713109352176, 16.061121307036004, 20.055713109352176, 368.8123674313877, 6.301592248354705, 4.821055665691009, 11.0, 0.0
36, 0 ,1.0,1.0,1.0,53.97984288755345,19.803534088126142,164.62775276453854,14.896977708214107,11.732962820041301,14.718711128889781,85.0,47.0,76.0,-0.76739861741162,0.12653473019516445,0.6285605174119449,15.47141098734712,0.6172570739646459,-0.11943915659435106,0.777642586612021,14.20629629935473,-0.1734735329534131,-0.9847452715938615,-0.013552986320141834,11.620645687169823,78.81587170193797,69.1282115505405,51.64986958935558,22.995830552332503,6.885825722423418,106166.0,281409.1625149138, 0.0, 0.0,2.8421709430404007E-14,51.05600020962939, 147.07701629460476,147.07701629460476,0.0, 221.91994483902803, -15.05353349519992, -18.26741714940679, -15.05353349519992, 137.66241653647154, 2.0949330968742075, -18.26741714940679, 2.0949330968742075, 216.6404572957039, 6.498603253130346, 4.820279282692131, 22.0, 0.0
37, 0 ,1.0,1.0,1.0,128.53292847142336,92.99859992687516,209.39251986409482,14.4776814118713,12.610107111390617,14.429695706828822,70.0,63.0,69.0,0.6854054589136984,0.06866673867559384,0.7249167096232229,15.398173742073388,-0.6185031916195007,0.5802928406794382,0.529824519074645,14.302716890684293,0.3842826548880306,0.811507916200357,-0.4402064777991815,11.625950007200178,72.76796925687054,71.0479270735149,59.00177375761973,23.104287135238305,6.559427916253703,112137.0,305039.9593605594, 0.0, 0.0,0.0,NaN, 182.69966816165118,182.69966816165118,2.6973983046972182E-6, 209.60325906364375, -20.112543854659744, 27.90672677530009, -20.112543854659744, 159.0148013607442, 26.41318766882185, 27.90672677530009, 26.41318766882185, 208.21611819167416, 6.651045472357086, 4.832292943277881, 27.0, 0.0
38, 0 ,1.0,1.0,1.0,281.2527403544353,254.29069486696605,242.9082283065334,11.046666267534787,13.778870089544965,13.190826498303913,45.0,73.0,69.0,0.16805321304844556,0.9585744079224925,-0.22998526487611443,13.872096898505182,-0.09288818314879951,0.2476636425949663,0.9643829662369136,13.189001117889118,0.9813918193134731,-0.14070474267996652,0.1306609060582225,10.93156793099722,78.21087571110243,69.70797729071523,51.03716761715668,21.13687920116657,6.254305550139688,82836.0,278250.65429351025, 0.0, 0.0,0.0,NaN, 75.50013718571601,75.50013718571601,0.0, 122.02883562629094, 10.496716551562145, -7.6966254747403715, 10.496716551562145, 189.85726094455688, -3.0741843838588347, -7.6966254747403715, -3.0741843838588347, 173.9979037083567, 6.630075913685523, 5.04936027785634, 16.0, 0.0
39, 0 ,1.0,1.0,1.0,133.85196344873765,278.446778132262,54.4472409311119,13.41826768336022,12.337650792621707,14.79134563175181,59.0,52.0,72.0,-0.07900561593832925,-0.08606460643491372,0.9931520508811376,14.818546444391332,0.9879104333882995,-0.14006146772866362,0.06645119156369657,13.428479786111845,0.13338323827508397,0.9863952903257889,0.09608976516963849,12.293821708904613,72.82479600147605,62.635459079413145,56.653193642037934,22.523650460451933,6.613366029210952,101556.0,258418.7006449968, 0.0, 0.0,-7.105427357601002E-15,6.709127417482735, 146.1006212751085,146.1006212751085,0.0, 180.04990762230926, -3.5729758710424178, -3.455001967797702, -3.5729758710424178, 152.21762708067905, -6.1225300599406225, -3.455001967797702, -6.1225300599406225, 218.78390559794335, 6.289527542490603, 4.664299487672748, 16.0, 0.0
40, 0 ,1.0,1.0,1.0,199.9859084942809,175.0317082317645,190.42704856553536,14.408780495815199,12.335902350711486,14.15485774551239,75.0,65.0,66.0,0.8975070218176757,0.2913445950055489,0.3310581108340638,14.662224520523788,0.33754443448143956,0.029274400238178414,-0.9408542736477847,14.102019250580481,-0.2838043349538052,0.956170139908033,-0.07206776678710583,12.095439849156962,75.113239212585,67.44207309207893,62.281794431012514,22.75370036760762,6.512799671394338,106660.0,315506.65142244723, 0.0, 0.0,0.0,NaN, 193.97454506518307,193.97454506518307,0.0, 207.61295537658447, 18.478451692034096, 3.7127025501036077, 18.478451692034096, 152.17448680628914, 5.176577177492336, 3.7127025501036077, 5.176577177492336, 200.3599977956921, 6.712081664626568, 4.827504672108861, 34.0, 0.0
41, 0 ,1.0,1.0,1.0,104.80667906093629,216.06849152508852,276.08720159806967,13.840734372775039,14.16075365104809,12.493769360048756,71.0,67.0,54.0,-0.5987410755952393,0.7767296959268197,-0.19544846855498033,14.473536062060024,-0.7373609480162402,-0.6298306867581812,-0.24415597137549086,13.67136043752611,0.31274263658102036,0.002070140852339121,-0.9498356477734469,12.320625082071743,71.05075484606466,63.900230279795124,57.19634171986203,22.474391486414422,6.564211459177011,101122.0,259680.519727927, 0.0, 0.0,0.0,NaN, 136.38460330282007,136.38460330282007,0.0, 191.56592797771646, -10.522458606198889, 13.071109195236035, -10.522458606198889, 200.5269439656718, -3.3584181312496986, 13.071109195236035, -3.3584181312496986, 156.0942728220931, 5.512581265156767, 4.40942311391581, 21.0, 0.0
42, 0 ,1.0,1.0,1.0,175.5001470185649,279.62654242753,173.5433806158557,13.048655836659853,11.455000846435711,16.108577778875652,70.0,50.0,75.0,0.291481602167193,-0.03383416786918427,0.9559778892226782,16.385536470095523,0.8919075547865963,-0.3516007905174902,-0.28439022103805134,12.90037454145696,-0.34574468804689096,-0.9355384188755027,0.07230821181084622,11.227879268625278,78.80234615955203,71.76123315383452,55.71889371997224,22.65271894799654,6.915566922279084,98627.0,315087.7550540027, 0.0, 0.0,0.0,NaN, 178.62409622422874,178.62409622422874,0.0, 170.26741914359724, -14.059507892009329, 29.449594137316023, -14.059507892009329, 131.21704439184285, -0.5714425236111301, 29.449594137316023, -0.5714425236111301, 259.48627805808644, 6.617964862272646, 4.950911898032619, 27.0, 0.0
43, 0 ,1.0,1.0,1.0,240.04391359593393,93.8278627700127,186.70401016518426,13.62774145489738,12.261343487704895,13.465899656172473,66.0,61.0,69.0,0.7773047193843636,-0.3719015104064567,0.5074314138681129,14.300306638738245,0.4526772459888585,-0.22950113665197974,-0.8616336456054814,13.164375771893424,-0.43689894047335315,-0.8994545540675449,0.01004096511376795,11.814684735936131,70.44931191066343,67.2500796258029,59.604578568405515,21.912900668879544,6.10009172971347,98375.0,282389.91338378884, 0.0, 0.0,0.0,NaN, 158.85333311432544,158.85333311432544,0.0, 185.71533716152857, -22.267358243115204, 12.453282603165526, -22.267358243115204, 150.34054412348323, -5.583027109151305, 12.453282603165526, -5.583027109151305, 181.33045355010594, 6.771789113781503, 4.748238141002211, 19.0, 0.0
44, 0 ,1.0,1.0,1.0,118.49964025751956,169.7387895833528,271.8324627876772,14.478127653112688,12.09978078283269,14.422422161111474,69.0,57.0,63.0,-0.8239201145114787,-0.0045779239275990586,-0.5666874689949521,14.530511568367967,0.5634742967269576,0.10002094729635895,-0.8200564169799537,14.391018583813938,0.060434773363124826,-0.994974800039907,-0.07982972788438919,12.074351080186448,72.14577196059349,75.78729707740615,58.00525631716346,22.81533128358995,6.594527636302509,107021.0,317157.2571815541, 1.4210854715202004E-14, 0.0,0.0,34.520840260486736, 178.33552039058057,178.33552039058057,0.0, 209.61618033982631, 3.7019411461205807, 2.179455899471359, 3.7019411461205807, 146.4046949926073, -4.859415467716595, 2.179455899471359, -4.859415467716595, 208.00626099331936, 6.111005461268548, 4.553625386394203, 18.0, 0.0
45, 0 ,1.0,1.0,1.0,91.93115654184983,267.9462775629822,40.705859506028986,12.269006542031889,15.222471768600522,14.791142461987832,63.0,65.0,73.0,-0.27077114607727204,-0.6829081488936036,0.6784684566188116,16.45871102633496,0.35865542574410625,-0.7256202598567116,-0.587232087057402,14.084865800884643,-0.893336035339622,-0.08433088793668526,-0.4414057422638446,11.478564820035247,83.98088780754838,65.92640339125444,58.512544880793314,23.504340244891754,6.969652305356011,113286.0,323958.09183392744, 0.0, 0.0,0.0,NaN, 105.52604258341184,105.52604258341184,0.0, 150.52852152842127, 8.387841557771448, -39.592209114211315, 8.387841557771448, 231.72364674583991, -36.074291077865055, -39.592209114211315, -36.074291077865055, 218.77789533081946, 6.7821447003956425, 4.632029489973093, 17.0, 0.0
46, 0 ,1.0,1.0,1.0,51.568096004202644,187.14559871293955,47.195365597399615,15.789537235912505,11.594457260276855,15.58654602037431,74.0,59.0,80.0,-0.964221729912738,-0.19668318321074202,0.17774189434732904,15.98458375023435,-0.15509918003504158,-0.12520209980372624,-0.9799329969733623,15.604614844629744,0.2149899995733408,-0.9724403116113747,0.09021718481878804,11.299133595652615,75.98172625298247,80.87061285955119,58.7195799373942,24.017231706660898,7.06073107251744,121828.0,360813.54331504187, 0.0, 0.0,0.0,NaN, 132.75084538047864,132.75084538047864,0.0, 249.30948612426752, 26.49304850344315, -4.3037746084318, 26.49304850344315, 134.43143916038667, 9.742568252235523, -4.3037746084318, 9.742568252235523, 242.94041684524626, 6.559248535999077, 4.74135066752303, 27.0, 0.0
47, 0 ,1.0,1.0,1.0,278.8315776312088,235.5052462671793,48.111541787794486,11.884318721130738,13.495983364973833,14.022635002268181,50.0,59.0,66.0,0.11617686846584312,0.5473780368187118,0.8287823719420944,14.432651630471389,-0.054187175594469006,-0.8296969078315789,0.5555778893510902,13.095228977724052,-0.9917493056385595,0.10945467529169889,0.0667307187300148,11.841724358991538,66.25707843134114,64.66265907217095,55.02520573443269,21.92803546715924,6.2589257393665125,95973.0,235747.7284668001, 0.0, 0.0,0.0,NaN, 83.2009364000155,83.2009364000155,0.0, 141.23703146541854, 5.734423230103141, 5.613578417449819, 5.734423230103141, 182.14156698765044, 16.473720095337526, 5.613578417449819, 16.473720095337526, 196.63429240683678, 6.3079595228872805, 4.588941167601395, 12.0, 0.0
48, 0 ,1.0,1.0,1.0,187.40648074552763,66.97246892674892,61.80873391620877,11.897690017360038,12.743960215331871,13.489900841986985,58.0,63.0,73.0,0.0993710829771929,0.3592776078502229,0.9279250984671994,13.618585342345481,-0.2227722868535816,-0.900837037465188,0.37264613259897034,12.663891517011447,-0.9697927077875794,0.2437462459779951,0.009480057682803349,11.83642510914549,69.50303707691957,63.77611650237496,57.348011774599996,21.191071466822162,6.0728464935159785,86811.0,254202.7347749013, -2.8421709430404007E-14, 0.0,0.0,84.29704420004883, 144.85486446984197,144.85486446984197,0.0, 141.5550277491887, 5.688063597721544, 2.500065732438849, 5.688063597721544, 162.40852196996153, 8.318299225441125, 2.500065732438849, 8.318299225441125, 181.9774247266412, 6.011170646370201, 4.54114580861405, 30.0, 0.0
49, 0 ,1.0,1.0,1.0,230.27478743789516,242.46132574497136,286.2256772727794,18.091748729913373,15.203424688288543,7.940026442806522,91.0,77.0,32.0,-0.9643721048920726,-0.264375660032368,0.009589248588044918,18.30990826821182,-0.2617819806330772,0.9588857499296861,0.10958244931377303,15.006636888375795,-0.03816592618890188,0.10316796481579077,-0.9939314529251557,7.813297817270093,96.22747191480244,79.62076261240779,35.806697493919046,23.620041096801184,7.974532767300013,87151.0,274340.3424133435, 0.0, 0.0,0.0,NaN, 91.44417022670513,91.44417022670513,0.0, 327.31137210632215, 28.705226228722818, -7.244707683543749, 28.705226228722818, 231.14412225246159, 16.55340323401737, -7.244707683543749, 16.55340323401737, 63.04401991246679, 6.820022652568336, 5.179548400368278, 19.0, 0.0
