// Sample: .//bubblelabels.tif, Map: .//bubblelabels.tif, Thickness:(8.191250068658265):/gpfs/home/mader/Foam/NewValid/InSilicoTest/LatticeData_Phi_6.65/out_Step_03000.vtk/distmap.tif, Neighbors:(1.0):
//LACUNA_NUMBER, TRIANGLES, SCALE_X, SCALE_Y, SCALE_Z, POS_X, POS_Y, POS_Z , STD_X, STD_Y, STD_Z,PROJ_X, PROJ_Y, PROJ_Z, PCA1_X, PCA1_Y, PCA1_Z, PCA1_S, PCA2_X, PCA2_Y, PCA2_Z, PCA2_S, PCA3_X, PCA3_Y, PCA3_Z, PCA3_S,PROJ_PCA1, PROJ_PCA2, PROJ_PCA3,OBJ_RADIUS, OBJ_RADIUS_STD, VOLUME, VOLUME_BOX, Mask_Grad_X,Mask_Grad_Y,Mask_Grad_Z,Mask_Angle, Mask_Distance_Mean,Mask_Distance_COV, Mask_Distance_STD, SHAPET_XX, SHAPET_XY, SHAPET_XZ, SHAPET_YX, SHAPET_YY, SHAPET_YZ, SHAPET_ZX, SHAPET_ZY, SHAPET_ZZ, Thickness, Thickness_STD, Neighbors, Neighbors_STD
1, 0 ,1.0,1.0,1.0,158.04099195858117,177.81150859220094,181.35660387750605,14.246770295548723,12.410581662161963,9.96103382020605,66.0,51.0,43.0,-0.9125813391100519,0.3920449115356448,0.11617265963691115,14.696424635069857,0.3874456789041474,0.9198866363757745,-0.06078175808388594,11.948858712933108,0.13069485608320391,0.010457703202532337,0.9913674853640897,9.871933661582382,73.53107909699969,61.93798411499216,45.78169752961884,20.437168081399488,6.207846375935008,72624.0,208506.6436916956, 0.0, 0.0,0.0,NaN, 50.9947421383229,50.9947421383229,0.0, 202.97046385412946, -26.25437680489895, -13.633449131742438, -26.25437680489895, 154.0225371931908, 2.8644738719869465, -13.633449131742438, 2.8644738719869465, 99.22219476728871, 9.70162881832093, 5.9977761141507, 16.0, 0.0
2, 0 ,1.0,1.0,1.0,185.48572247319802,36.17331939855708,16.82807969793001,8.506858761833357,16.694136295982993,10.300062536787427,38.0,78.0,47.0,0.013007725078600835,0.9939080946203595,0.10944175865000651,16.757661017326075,0.2757967251042558,-0.10877157239000174,0.9550418375451275,10.33650290956192,-0.9611279652106931,-0.01776075696397353,0.2755314682609222,8.33604377108095,81.43333928360987,55.930675419564466,41.68643807646927,20.151308249584357,7.146810250357538,59324.0,189865.9541166088, 0.0, 0.0,0.0,NaN, 42.45418182882505,42.45418182882505,0.0, 72.36664599378096, 1.6116040983509783, 10.1397054059764, 1.6116040983509783, 278.69418666885673, 19.10703399207541, 10.1397054059764, 19.10703399207541, 106.09128826173185, 8.51966175397337, 5.903212476848101, 15.0, 0.0
3, 0 ,1.0,1.0,1.0,168.76336468801122,186.59698527693385,81.24712257536808,15.66894265961547,7.600585550037373,14.51758123621721,64.0,33.0,62.0,0.8737699344265126,0.007005218183653432,0.48628903813522995,16.159233452823788,-0.48630348242254584,4.172905418620195E-4,0.8737898768309851,13.970150563287309,-0.005918164917643704,0.9999753760902331,-0.0037712779272399866,7.599927445715803,79.02351340662608,65.76356662213331,33.1590347665302,21.632330192116402,6.788749530154781,68464.0,172323.12962800983, 0.0, 0.0,0.0,NaN, 88.0707846908258,88.0707846908258,0.0, 245.51576407031752, 1.2168841795923713, 28.02183093075957, 1.2168841795923713, 57.76890070343691, 0.7428664129989092, 28.02183093075957, 0.7428664129989092, 210.760164950166, 8.555342104352556, 5.703035352526517, 14.0, 0.0
4, 0 ,1.0,1.0,1.0,55.587809040633424,80.62155986831675,33.22104507260298,13.671330424432552,13.766326623336482,14.30399643860859,66.0,69.0,71.0,-0.18899646838798953,0.6329844277879283,0.7507403340136034,15.438385621268006,-0.9680618010229067,0.008151239424242234,-0.25057914258001446,13.631383016197008,-0.16473215938958075,-0.7741216128450606,0.6112274897196696,12.5244953936231,81.95413917489729,68.89551047968789,72.94251213587765,23.112981187254658,6.841888557101221,107227.0,411853.2824374318, 7.105427357601002E-15, 0.0,0.0,79.10577495965038, 103.40927552813832,103.40927552813832,0.0, 186.90527557401518, -9.97614683745825, -4.538113067427895, -9.97614683745825, 189.51174870038284, 38.66109084466722, -4.538113067427895, 38.66109084466722, 204.6043141157272, 8.415071175501694, 5.3809483210399796, 25.0, 0.0
5, 0 ,1.0,1.0,1.0,13.002495110931283,104.90832827567604,134.40488232517365,7.945478569006019,15.102500020710576,15.191890781605464,32.0,72.0,73.0,0.07858219007682124,0.6900042794618695,0.7195268818654632,16.667252390869848,0.06432936616695309,-0.7237643019076337,0.6870421878842038,13.524868213173978,-0.9948299211680802,0.00770257154862236,0.10126252189359077,7.828813424884071,76.91049022957816,60.97694836350007,35.40729784632573,21.688810318065556,7.183675178717656,74145.0,166051.97669225873, 0.0, 0.0,0.0,NaN, 116.25063601206963,116.25063601206963,0.0, 63.13062969053394, 6.07636333224093, 17.61749405583228, 6.07636333224093, 228.08550687556294, 47.008469689988736, 17.61749405583228, 47.008469689988736, 230.79354552022906, 9.373635500096706, 5.413855522266246, 18.0, 0.0
6, 0 ,1.0,1.0,1.0,52.05742390996074,185.06302150970998,120.49947009389041,14.215604561411219,8.694219257494685,13.335860726078867,65.0,34.0,60.0,-0.8716770592038662,0.029541179411540944,0.4891895575098418,14.611521798167276,-0.4882535874727144,0.033765967433044046,-0.8720483322404414,12.909556755121882,0.04227929490571237,0.9989930821393539,0.015009432367349397,8.681291262084747,66.93685426694134,59.83106362709253,35.135496340386,20.388295646468425,6.31153257785629,66993.0,140714.26125788788, 0.0, 0.0,1.4210854715202004E-14,60.71267254836907, 96.19471381480878,96.19471381480878,0.0, 202.08341304641544, -5.0620131020831, -20.031189250387555, -5.0620131020831, 75.58944849739144, -0.6919642759154508, -20.031189250387555, -0.6919642759154508, 177.84518130537276, 8.983204309999113, 5.465903869634722, 11.0, 0.0
7, 0 ,1.0,1.0,1.0,25.89243167816834,48.90959400837233,50.715302761350586,13.634670883621359,14.542543003221109,12.630086617692504,63.0,73.0,63.0,-0.5011961937357647,0.8465349764761689,-0.17939038153500356,14.711792713494567,-0.6573529608294573,-0.5072820779416648,-0.5572719069609855,14.33297411149683,-0.5627516861578725,-0.16137976019835676,0.8107201198470362,11.620581024628347,69.42036062889062,74.51365290758058,61.67408553659654,22.68302751986228,6.51069563171168,105347.0,319025.52989307937, 0.0, 0.0,0.0,NaN, 75.06402825886632,75.06402825886632,0.0, 185.90425010467206, -11.061382675321722, 33.106417941580034, -11.061382675321722, 211.4855570005352, 7.539337081256272, 33.106417941580034, 7.539337081256272, 159.51908797041528, 7.784684341295589, 5.052784151095181, 18.0, 0.0
8, 0 ,1.0,1.0,1.0,90.40403897391013,180.67715238181046,86.33995340635579,13.564732940538349,11.135098165097226,12.263972403825859,69.0,47.0,60.0,-0.924274604283465,-0.19741904450281283,0.32671421264499806,13.817510537515032,-0.35657945322532775,0.14099883321628584,-0.9235639786009263,12.11345028599119,-0.1362627954144893,0.9701263061577303,0.20071721572049248,10.988090586210188,71.0916002631083,64.93424320486976,54.70737342674644,20.560773714649983,5.970929096148267,77693.0,252544.51339052513, 0.0, 0.0,0.0,NaN, 126.494467298312,126.494467298312,0.0, 184.00197974812616, 11.499613988166068, -12.632547042576725, 11.499613988166068, 123.99041114635159, -7.912372397878326, -12.632547042576725, -7.912372397878326, 150.4050191218022, 8.32183967454949, 5.221414212125827, 15.0, 0.0
9, 0 ,1.0,1.0,1.0,186.12907821921203,20.201288510778888,110.88690427025688,8.407185374523953,10.87773783770271,12.86303625249882,34.0,45.0,62.0,-0.01683481359223063,-0.36959709099574023,0.9290396005439172,13.207772699753917,0.1505777794387299,-0.9195111757821471,-0.36307785659694886,10.501753970967592,-0.9884548150475144,-0.13378037202527163,-0.07113290848941801,8.350542010276897,68.3853413189349,53.2771169270171,37.141902150086594,17.99516093382592,5.535145073636827,48428.0,135321.83412449987, 0.0, 0.0,0.0,NaN, 92.42098440875225,92.42098440875225,0.0, 70.68076592160948, -4.963662643117231, -3.8549607374530366, -4.963662643117231, 118.32518046578923, -22.41603086698726, -3.8549607374530366, -22.41603086698726, 165.45770163309888, 8.892653786286587, 5.369826317419739, 14.0, 0.0
10, 0 ,1.0,1.0,1.0,50.49384481871947,150.94977822062228,187.2831865518128,15.841393764606941,13.9547076523187,6.849572205319208,72.0,63.0,29.0,-0.9135904588537299,0.39610815660718873,0.09192824245402778,16.286768491420222,0.4009777906914207,0.9151367346070327,0.04173210209185203,13.510276410295969,0.06759648558659606,-0.07498723386038711,0.9948907627947445,6.694315864012756,69.35110589644466,61.12817244855265,31.25358310682492,21.06113030649929,7.0020748122028795,62224.0,132493.51366054488, 0.0, 0.0,0.0,NaN, 71.53509604004917,71.53509604004917,0.0, 250.94975640532766, -29.240787074786414, -16.209566076605512, -29.240787074786414, 194.73386566168205, 13.286544709025708, -16.209566076605512, 13.286544709025708, 46.91663939588144, 8.819280984921884, 5.333774734847631, 16.0, 0.0
11, 0 ,1.0,1.0,1.0,77.61250413132092,101.24660129998898,161.16642062355405,11.93846346302549,14.442423888024909,12.244799356090468,58.0,74.0,64.0,0.04593470096590234,0.9482921623366289,0.31405728473973044,14.702011763203181,-0.701312597557269,-0.19327063631336563,0.686153846922469,12.159567943842461,-0.7113723664542007,0.25177060191759,-0.656171410726957,11.70646771763431,74.27372224131072,60.577448869735804,58.92322807639553,21.520467280277675,6.157525227621814,90770.0,265114.0231907617, 0.0, 1.4210854715202004E-14,0.0,18.505685832009114, 131.468556847348,131.468556847348,0.0, 142.52690985799458, 4.9116195606974875, -4.062426874603269, 4.9116195606974875, 208.5836077613925, 22.125678536546626, -4.062426874603269, 22.125678536546626, 149.93511127091355, 7.751387713372977, 4.915185435364212, 28.0, 0.0
12, 0 ,1.0,1.0,1.0,22.018360589946823,173.87699408046552,50.024108128251804,12.427556985506776,10.89612510644951,12.562915637656918,52.0,51.0,59.0,0.6875456353177304,0.14582332039640708,0.7113484087169277,13.246072116052845,-0.6533761329426394,-0.3031935651337923,0.6936665560356668,11.849979736868763,-0.31682902054019657,0.941705485430571,0.11318193519070094,10.72921795912588,71.50718775942909,61.2042772602818,55.17895248909869,19.921760111973963,5.84123602701103,69769.0,241493.20977006486, 0.0, 0.0,0.0,NaN, 60.57747960560909,60.57747960560909,NaN, 154.44417262801826, 11.063016104328858, 18.043215718839516, 11.063016104328858, 118.72554233539934, 0.9371625787478283, 18.043215718839516, 0.9371625787478283, 157.8268493188847, 7.839582925451089, 5.03281834005961, 16.0, 0.0
13, 0 ,1.0,1.0,1.0,164.49573724370177,10.747964533867599,79.41453173622064,11.66542754214393,6.992235468602995,13.574135181283317,60.0,28.0,65.0,-0.24765645160492505,-0.004646873348084268,0.968836770847672,13.697517980519512,-0.9684177892710072,-0.02860688635666718,-0.2476865589337296,11.523413589637528,-0.028866371471187598,0.9995799380845255,-0.0025845651517834053,6.987105475420786,62.53194901972906,61.08708148174145,28.751250595574938,18.31296606070972,5.819448132635695,46918.0,109826.73726104789, 0.0, 0.0,0.0,NaN, 87.65123653647298,87.65123653647298,0.0, 136.0821997410102, 2.4859775119734255, -13.16280731601422, 2.4859775119734255, 48.891356848389734, -0.02992800671786654, -13.16280731601422, -0.02992800671786654, 184.2571459197535, 7.752913484711355, 5.0902110097069535, 13.0, 0.0
14, 0 ,1.0,1.0,1.0,171.53751928624138,60.41949419735695,111.92378077413296,11.69052472078809,12.746462146101084,11.680093280354033,54.0,59.0,57.0,-0.17650550051266714,-0.8639381794771942,0.47165308260458316,13.137331724390034,-0.8427553787720167,0.380209471086701,0.38105659638274914,11.837369576269253,-0.5085363112301888,-0.3302295870112244,-0.7951976106747237,11.083882045802683,60.81874804331713,61.839031877951406,58.2230620177163,20.08956222557574,5.654620598394676,74535.0,218975.33505782005, 0.0, 0.0,0.0,NaN, 110.53528160984855,110.53528160984855,0.0, 136.66836824735745, 2.050397591428207, -9.686903507544779, 2.050397591428207, 162.47229724198786, -17.76457843247854, -9.686903507544779, -17.76457843247854, 136.42457903777142, 7.50604686391316, 4.768741011908592, 18.0, 0.0
15, 0 ,1.0,1.0,1.0,163.3200805234021,186.75678950213424,22.67697440772428,12.664748776341153,7.542735013703934,13.844710344383113,70.0,31.0,51.0,0.31477110545094333,-0.011522606227587093,0.9490976665859601,13.983544635256848,0.9487949600820156,-0.02419711848830646,-0.3149644792350864,12.514359467107536,-0.02659464036525851,-0.9996407999889698,-0.0033160369804525977,7.53763916199589,62.817393727950204,67.09516032430275,31.706853744998426,19.22190191955839,6.283566198387436,53649.0,133636.24315007802, 0.0, 0.0,0.0,NaN, 45.11146512128673,45.11146512128673,0.0, 160.39586156783471, -2.7942103176321704, 11.621577204991258, -2.7942103176321704, 56.89285148695529, -0.7565441653716292, 11.621577204991258, -0.7565441653716292, 191.67600451986877, 8.494667938853086, 4.9938532753614755, 13.0, 0.0
16, 0 ,1.0,1.0,1.0,169.85874636683494,91.6948715006884,10.42634235888022,12.767654227838726,15.547315643591155,6.7677554605392185,56.0,68.0,27.0,-0.3421837910381762,-0.9392319412569198,0.027452024943511733,15.941076866986105,0.9373164966214231,-0.33914423393659693,0.08011849816927138,12.306717348595022,-0.0659396565966381,0.053146487281062804,0.9964072523710379,6.7053194256047,70.18065882102499,61.929751637245886,29.20064727225712,20.045292197218533,6.980028144991116,52296.0,126913.91971980323, 0.0, 0.0,0.0,NaN, 97.08322844390332,97.08322844390332,1.3486991523486091E-6, 163.0129944816481, 33.36794431267388, 6.032572108862106, 33.36794431267388, 241.71902372145422, -8.286481852901682, 6.032572108862106, -8.286481852901682, 45.80251397365841, 7.513940993668527, 4.956961438678588, 15.0, 0.0
17, 0 ,1.0,1.0,1.0,187.4790730798729,174.67959533983418,139.72964829626383,7.106902453531272,12.588855278895956,15.412753899955305,30.0,54.0,71.0,-0.14898501285068216,-0.11805986647663066,0.9817664354995042,15.589624053784176,-0.011566220053885672,-0.9925711734281132,-0.12111436014446804,12.545181319307545,0.988771808103137,-0.029399551137031944,0.14651272263320303,6.79134522940439,72.37586571373791,57.03460072420688,32.54993002492057,20.001813692333517,6.816727331695478,54762.0,134363.78717720605, 0.0, 0.0,0.0,NaN, 66.56133861023052,66.56133861023052,0.0, 50.50806248400882, 4.740838834583303, -28.646457818423478, 4.740838834583303, 158.47927723298656, -9.448770881153889, -28.646457818423478, -9.448770881153889, 237.55298278058746, 7.380149444939121, 4.761306022030238, 13.0, 0.0
18, 0 ,1.0,1.0,1.0,189.6208253816794,24.51252385496183,175.99587309160304,6.329072361123128,13.154204535807452,12.692606083464776,27.0,56.0,54.0,-0.017570377910302647,0.8419233724543117,0.5393109647830715,13.470327632276064,0.016425948641382825,-0.5390783741201299,0.8420954190394503,12.359600375674606,-0.9997106931664379,-0.023654628958319192,0.004357579319352149,6.323215570021414,75.19187902616117,60.85252472107547,27.424820463020694,18.337673961765443,6.158101719213056,41920.0,125485.43845673675, 2.8421709430404007E-14, 0.0,0.0,88.9932396958899, 35.84395625669815,35.84395625669815,0.0, 40.05715695233268, -3.0913271308535664, 0.219427547495833, -3.0913271308535664, 173.03309696985733, 13.038565520680077, 0.219427547495833, 13.038565520680077, 161.10224919000703, 7.907243047126405, 4.931884022020533, 11.0, 0.0
19, 0 ,1.0,1.0,1.0,23.201099740339085,10.01484649457767,18.862440812585916,11.41983990952472,6.375133992556732,11.744426704031497,57.0,25.0,52.0,-0.5126255295368455,0.13156511564570747,0.8484725610249286,12.017926094324123,-0.8568918990825358,-0.015867265170661386,-0.515251883240352,11.214463477670881,0.05432623448937232,0.9911805336270164,-0.12087104700907532,6.228314128874947,61.63595935909004,53.23543655543309,29.735226268047498,16.61469054061873,5.739224148615709,32735.0,97567.73599537443, 0.0, 0.0,0.0,NaN, 31.53378906632414,31.53378906632414,0.0, 130.41274355917355, -5.94213332744175, -7.547806563899622, -5.94213332744175, 40.642333423052335, 12.503432221325257, -7.547806563899622, 12.503432221325257, 137.93155860636813, 7.901314568393045, 4.76191423825394, 5.0, 0.0
20, 0 ,1.0,1.0,1.0,24.72200978892628,37.758718262465585,146.36479045579688,13.920490764956625,12.23734310368119,10.779530744789463,64.0,60.0,57.0,-0.9445278403456293,-0.30265249441648373,-0.1275485258068544,13.988988635755407,0.3192079126187205,-0.7545573730594285,-0.5733667929722247,13.553291440742953,0.07728820953820056,-0.5822753973723559,0.8093095169842279,8.963671152117719,68.65383677156666,55.18776487376866,54.108368442668336,20.484768169924255,6.332865502818559,65380.0,205008.58924651318, 0.0, 0.0,0.0,NaN, 70.0973200320711,70.0973200320711,0.0, 193.7800631372427, 8.081197681558944, -5.018506171090409, 8.081197681558944, 149.75256623721359, 49.16331553135851, -5.018506171090409, 49.16331553135851, 116.19828307786129, 7.794294305574223, 4.903963488067898, 16.0, 0.0
21, 0 ,1.0,1.0,1.0,122.00201324847383,78.88230614365501,179.4121314456423,11.376159200490772,11.188588018087287,11.627842557903195,53.0,55.0,48.0,-0.28763480527570473,0.6517237614231148,-0.701799371323824,12.575146559676476,-0.8852543263335287,0.09872814728806714,0.4545080094352974,11.460523376584764,-0.36550102120483585,-0.7520032524727351,-0.5485436279537385,10.016502158048633,60.28140744046877,54.782593952489464,50.837151606252405,18.982961877395955,5.427281170722829,61592.0,167883.17924743603, 0.0, 0.0,0.0,NaN, 112.82714430244202,112.82714430244202,0.0, 129.41699815491083, -13.546392485417131, -0.809928307235666, -13.546392485417131, 125.18450183848643, -25.046701830603315, -0.809928307235666, -25.046701830603315, 135.2067225513847, 7.750858397311724, 4.820357988676588, 17.0, 0.0
22, 0 ,1.0,1.0,1.0,15.8725959002848,101.92429942688372,22.62714039590732,9.726962102985556,11.56115239065364,12.430057492005584,39.0,52.0,54.0,-0.09762560041699758,-0.5175438759211394,0.8500691610920521,12.854819134083902,-0.32699199441510196,-0.7900486762874122,-0.5185550353481703,11.299742388266685,-0.9399709983460418,0.32859005705138533,0.09210372780356262,9.478914104273613,58.54432698939232,58.70958796493217,45.56063410629744,18.750388391072395,5.585991477912034,56882.0,156597.06213714447, 0.0, 1.4210854715202004E-14,0.0,58.83235671349309, 101.89587737498215,101.89587737498215,0.0, 94.6137917529172, 13.583565942593866, 0.1582730292384342, 13.583565942593866, 133.66024459991638, -17.670449939439997, 0.1582730292384342, -17.670449939439997, 154.50632925456415, 7.912619746004637, 4.873152685768185, 12.0, 0.0
23, 0 ,1.0,1.0,1.0,81.63964819657572,22.832646666995608,40.85708294271476,12.924662449256784,11.648339053297331,13.169528279124481,67.0,49.0,64.0,-0.6971268055591977,0.3395101075362227,0.6314642538193047,14.754559171915897,0.36257347386267874,-0.5928873444932882,0.7190445554976735,12.241830564530979,-0.6185100589497137,-0.7302174221561958,-0.29022030142218147,10.421503984272487,70.70996528616737,63.675621300950255,60.692802073828545,20.942288202571504,6.13088428066577,81068.0,273269.40031657397, 0.0, 0.0,7.105427357601002E-15,50.8417646641762, 94.10453303676921,94.10453303676921,0.0, 167.0468994272284, -34.687742301735085, -37.266899837104894, -34.687742301735085, 135.68380270057176, 5.800106630036703, -37.266899837104894, 5.800106630036703, 173.43647509465941, 6.807167894916588, 4.461088918679768, 17.0, 0.0
24, 0 ,1.0,1.0,1.0,153.3751492799438,81.61053740779768,69.40238847910081,10.933648462793798,10.311115126162703,12.255115470746722,47.0,50.0,61.0,0.31082672628451047,0.01839324987664233,0.9502886059435995,12.400000171491444,0.8184056082106086,0.5032344608363156,-0.27742987920591156,10.998278061452742,0.4833208113424024,-0.8639541456499633,-0.14136558116303954,10.066255236394989,62.01021092587662,53.051935046362246,53.462116231152145,18.62705838698161,5.392987567416017,56940.0,175877.62142928442, 0.0, 0.0,0.0,NaN, 116.83684370634587,116.83684370634587,0.0, 119.54466870795316, 8.38544626680779, 11.029075864031418, 8.38544626680779, 106.31909514498128, -1.8245281539772544, 11.029075864031418, -1.8245281539772544, 150.18785520133562, 6.7700167165949425, 4.453644768709475, 17.0, 0.0
25, 0 ,1.0,1.0,1.0,136.09976212902504,117.00686473283417,122.21936812528935,10.091805148040914,11.96878276411242,12.585559709483062,49.0,60.0,62.0,0.21802185064134189,0.5393571330429003,0.8133636060696764,12.758090682122907,-0.3615608039886826,-0.7294710176451181,0.5806425918194885,12.250562940801426,-0.9064989010815081,0.42067317177535624,-0.03596977740381033,9.520894652378761,59.54841913409555,61.096674785795685,46.58451254899873,19.306156208376684,5.54661497304135,62639.0,169484.25793426562, 2.8421709430404007E-14, 0.0,0.0,77.40712671566584, 130.46427708867483,130.46427708867483,0.0, 101.84453114602509, 24.155128630477954, 0.31301854411921887, 24.155128630477954, 143.25176085451454, 6.467403242486836, 0.31301854411921887, 6.467403242486836, 158.3963132009634, 7.332254457261843, 4.619536008069693, 24.0, 0.0
26, 0 ,1.0,1.0,1.0,117.3243190439752,58.43485127236613,16.839322055974343,13.183746242499758,10.939965891363967,10.048273504255079,66.0,59.0,41.0,0.986141396703854,-0.05561444495258541,0.1563079627517034,13.260982101089178,-0.058748040416076536,-0.9981525618002453,0.01549616465061418,10.932559062058816,0.15515738285445213,-0.024464195965201233,-0.9875868010770159,9.954261659025056,67.91994625619715,59.45141276554168,44.689338483334446,19.06051925156941,5.581973214528312,61421.0,180452.7226370491, 0.0, 7.105427357601002E-15,0.0,86.81188212477451, 102.63265967551838,102.63265967551838,0.0, 173.8111649866265, -3.0119378933187333, 11.814293232688966, -3.0119378933187333, 119.68285370420698, -0.9833843928463754, 11.814293232688966, -0.9833843928463754, 100.96780041631465, 7.1758278864452, 4.72663209532218, 15.0, 0.0
27, 0 ,1.0,1.0,1.0,150.99075920124054,151.93169087629354,54.69706319820247,10.088072715061605,14.138090372406628,10.680976109679678,47.0,64.0,50.0,0.02079547004652414,-0.9827360242523265,0.1838408416600528,14.252065862432598,0.5394357586423739,-0.1437897180469179,-0.8296587125329995,10.829521395383729,-0.8417699274287901,-0.11642346679566107,-0.5271327780131005,9.76412546714067,65.41312770276737,55.465508948281766,53.13285228610232,19.539935900357865,5.824857607544802,63198.0,192775.14925680737, 0.0, 0.0,0.0,NaN, 87.77378166737005,87.77378166737005,0.0, 101.76921110437041, -3.9045205944530488, -9.407305849745939, -3.9045205944530488, 199.885599378337, -16.85546659978709, -9.407305849745939, -16.85546659978709, 114.08325065554803, 6.726557106195101, 4.555789425462864, 21.0, 0.0
28, 0 ,1.0,1.0,1.0,53.072305978253205,71.6138463057244,91.69974755665872,12.528524036187536,12.051012363119224,11.536435198805306,66.0,57.0,53.0,0.7343399794130283,-0.6276947867854756,0.25834869707047114,13.846878161309348,0.23095918548980418,-0.1268390296454818,-0.9646604144446268,11.355012972154967,-0.6382810112118014,-0.7680567135315784,-0.051828906273538145,10.705503079522313,65.73395826719225,53.677378720897934,55.480122513933225,20.021601629537,5.8664826587806695,70907.0,195757.53853657655, 0.0, 0.0,0.0,NaN, 127.88297911178087,127.88297911178087,0.0, 156.96391452532882, -35.971345424419965, 11.44008905012222, -35.971345424419965, 145.22689897605235, -10.754244463185824, 11.44008905012222, -10.754244463185824, 133.089337096234, 7.426733778562178, 4.55140313033851, 18.0, 0.0
29, 0 ,1.0,1.0,1.0,96.91318808875396,186.52283584088576,138.75623911781776,11.1996096183046,7.9374594282692765,12.180074514120825,53.0,32.0,58.0,-0.08941455505863699,0.1643424130745106,-0.9823424090450908,12.293228096987187,0.9946347744026223,0.06625278173115758,-0.07944957181715089,11.198300034526381,-0.05202598286155665,0.9841758685203219,0.16938464195303693,7.762947393841376,57.665914840400816,52.530350319532715,35.89762848342926,17.552708070492095,5.356414130694306,44798.0,108741.48059605675, 0.0, 0.0,0.0,NaN, 115.43222351792342,115.43222351792342,0.0, 125.43125560242089, 2.957304089137976, 2.833296440224859, 2.957304089137976, 63.00326217542083, -15.01137623593746, 2.833296440224859, -15.01137623593746, 148.35421516953568, 7.245955191117892, 4.730077734749097, 12.0, 0.0
30, 0 ,1.0,1.0,1.0,46.57535034918265,121.76580654192524,144.93808035089356,10.917392733510043,10.62303074099209,13.380293373329177,51.0,53.0,61.0,0.2166904358681693,0.359863078832527,0.9074931512118636,13.838469826960507,-0.7952666726791157,-0.4740799200707173,0.37788774617818843,11.297809063394455,-0.5662121283840105,0.8035837192719353,-0.18345852880673524,9.587844397647643,63.822925462373036,56.035129840020346,50.451998844162254,19.44703761460048,5.73438967932941,64293.0,180432.7909326526, 0.0, 0.0,0.0,NaN, 106.40332363995606,106.40332363995606,0.0, 119.1894640976979, 21.229652531498648, 8.848482256856878, 21.229652531498648, 112.84878212406298, 26.120941250889043, 8.848482256856878, 26.120941250889043, 179.03225075635672, 7.074084217563612, 4.444717117705752, 13.0, 0.0
31, 0 ,1.0,1.0,1.0,10.551425241586948,178.85509639197787,136.68037682707717,6.431526349464599,11.684209020211622,13.054494035139138,26.0,49.0,63.0,-0.03678271591598381,-0.030106087716935084,0.9988696888444578,13.062173812205408,-0.025340911444241724,-0.9991965729772306,-0.03104910236599292,11.685745583767934,0.9990019369435774,-0.026454338641119242,0.03599024798527867,6.413115590453582,63.209821389773055,49.869272383177076,27.36474969561073,17.758465977444935,5.739509757222085,41186.0,86259.92473543207, 0.0, 0.0,0.0,NaN, 67.58560647047781,67.58560647047781,0.0, 41.36453118385744, 2.5597024678723668, -4.682611521384696, 2.5597024678723668, 136.5207404279946, -0.9335092287671353, -4.682611521384696, -0.9335092287671353, 170.41981451348335, 7.379803148064417, 4.692665024925221, 12.0, 0.0
32, 0 ,1.0,1.0,1.0,51.9081826831589,10.107905890493901,121.78516131822506,12.567358641997194,6.770451833242904,13.133306930216975,68.0,28.0,63.0,0.2383736533158534,0.008554677176738693,0.9711358395730512,13.168866389233829,-0.9710592094422931,-0.013242286958033776,0.2384714942994861,12.531243137969879,-0.014900106112444262,0.999875721944744,-0.005150485735834514,6.768321477716566,65.86348418765189,69.37062716226873,28.246325585913723,18.454132353479007,5.975472472233134,46244.0,129057.21318096126, 0.0, 0.0,0.0,NaN, 94.41498917531769,94.41498917531769,0.0, 157.93850323658157, 1.690428345537517, 3.7849406400221266, 1.690428345537517, 45.839018026262195, 0.708914562366058, 3.7849406400221266, 0.708914562366058, 172.4837509232852, 6.7897307736533765, 4.651019701831711, 15.0, 0.0
33, 0 ,1.0,1.0,1.0,9.425829485665199,21.69904971545152,178.25037581874798,6.310958638655508,12.778258043262483,11.283260893771882,24.0,51.0,48.0,-0.07502323776886094,0.9903908609265344,0.11617855390679975,12.830717400594148,-0.0852820956584997,0.10970750974236995,-0.9902985542078824,11.283830933993656,-0.9935282975108315,-0.08420335444224315,0.07623199555240906,6.202572401438225,55.737968833059256,50.83087240006304,27.7598676492667,17.271882422762992,5.666227274846043,37252.0,78649.52300762615, 0.0, 0.0,0.0,NaN, 32.13629057735467,32.13629057735467,0.0, 39.82819893882059, -10.204956126817534, 6.404469246945381, -10.204956126817534, 163.28387862020233, 4.862449353162015, 6.404469246945381, 4.862449353162015, 127.31197639692185, 7.925789646562727, 4.821774072847266, 8.0, 0.0
34, 0 ,1.0,1.0,1.0,114.49620283844558,70.72282067163978,63.625966121778475,10.484062478950738,11.952033001793637,13.694080237709708,49.0,59.0,61.0,-0.25326767374341874,0.013943880633074057,0.9672957425883187,13.898963648838292,0.20149001472537925,-0.9772071350945012,0.06684301823200316,12.030919117278966,0.9461803524712206,0.21182960915152566,0.24468542515676803,10.117820277960163,59.39684985588836,59.27098492849609,49.084877021024354,20.174197922734866,5.7702886123341175,74266.0,172803.7902215004, 0.0, 0.0,7.105427357601002E-15,14.693678876135094, 127.9096566242239,127.9096566242239,0.0, 109.91556606254271, -8.663785104497288, -21.676601372817657, -8.663785104497288, 142.8510928759642, -1.5429198742788595, -21.676601372817657, -1.5429198742788595, 187.52783355683158, 7.306580202295801, 4.436051451888145, 20.0, 0.0
35, 0 ,1.0,1.0,1.0,188.51565784509245,10.404840187570743,46.55532797930254,7.073132086255778,6.739400130106816,10.01441707419455,31.0,29.0,47.0,-0.1277826993029774,0.09417076525472684,0.9873213502858041,10.089846467142117,0.8098428957002901,0.5845922981215619,0.0490543500692817,7.319452415335832,-0.5725609714629641,0.8058434785665818,-0.1509643070699043,6.352784867155372,47.031015196257385,41.29751786660327,31.82086887835152,13.304302565991431,4.32813980732757,18553.0,61804.53412830632, 0.0, 0.0,0.0,NaN, 49.066784868384275,49.066784868384275,0.0, 50.02919750962101, 5.517646414354014, -7.227285224922536, 5.517646414354014, 45.41951411368376, 6.092164692904616, -7.227285224922536, 6.092164692904616, 100.28854933591934, 8.480587040006855, 4.670579941096104, 6.0, 0.0
36, 0 ,1.0,1.0,1.0,122.0758040980118,151.8891591171642,163.30139235118867,11.674250379419066,11.463168585898762,11.47940359442266,63.0,53.0,60.0,0.11568878088879274,0.7182481387696655,-0.6861018270857294,12.194414086178003,-0.9398074854231768,-0.14444004911601405,-0.3096755762954659,11.788396580682331,0.3215244878994918,-0.680629622750343,-0.6583048840132476,10.57350622949298,58.35602375460881,66.94863269171873,49.792563348323995,19.234027030624215,5.433347680662299,65788.0,194532.37485766856, 0.0, 0.0,0.0,NaN, 98.65911575108694,98.65911575108694,0.0, 136.28812192136618, 6.754374102916988, 4.977350829096943, 6.754374102916988, 131.40423402873623, -16.971138307520167, 4.977350829096943, -16.971138307520167, 131.77670688364387, 7.34555415685484, 4.432582298079009, 18.0, 0.0
37, 0 ,1.0,1.0,1.0,171.76150175078075,103.912893587681,124.70416537104384,11.363806428074147,11.82356846190826,13.839821798509723,52.0,58.0,66.0,-0.22291921973191298,-0.1249953966858817,0.9667901386968399,13.944925081127403,-0.5781222051943357,-0.7815719463841437,-0.234350183457449,12.552777950583083,-0.784908744590958,0.6111640069839196,-0.1019647940811231,10.413470378686196,61.7827465147021,64.38850542189459,59.80437824472651,20.57143896892234,6.106507501886467,73967.0,237907.7198843918, 0.0, 0.0,0.0,NaN, 125.2980746641168,125.2980746641168,0.0, 129.13609653473932, 24.59681149404839, -11.882282892227803, 24.59681149404839, 139.7967711734317, -1.396028803579453, -11.882282892227803, -1.396028803579453, 191.5406674145049, 7.636903753124889, 4.7270489982215755, 18.0, 0.0
38, 0 ,1.0,1.0,1.0,144.64671486285349,42.82512681874791,83.05013517207861,11.615985819198363,10.335649517818295,12.920290044580515,57.0,48.0,60.0,0.028440972565960704,-0.19912399714582618,0.979561506409971,13.01382799879277,0.9188049076296331,-0.38074416419308676,-0.10407412333817384,11.90615475640252,0.3936859824723304,0.902985888701245,0.17212737147594898,9.877977124771673,63.21130026693835,60.542685964601304,49.51457240649793,19.440934554077014,5.54443288417954,65842.0,189491.3724589592, 0.0, 0.0,0.0,NaN, 108.60618129101408,108.60618129101408,0.0, 134.93112655181744, -15.862743007033544, -2.2249446517767417, -15.862743007033544, 106.82565095517754, -12.251279481617827, -2.2249446517767417, -12.251279481617827, 166.93389483608635, 7.574510920922611, 4.505557132872079, 12.0, 0.0
39, 0 ,1.0,1.0,1.0,84.21126604867109,34.90254725771047,109.55914912433082,11.586144276977297,11.026708268308887,11.880414464804515,59.0,62.0,58.0,-0.6699328391540332,0.00223115378182534,0.7424183544173851,13.080317235909318,-0.36931892826290136,0.8664862436850146,-0.3358647327889239,11.409753563013856,-0.6440446570306735,-0.4991959649851301,-0.5796635819963221,9.782336476329565,61.85156533077791,58.00725401056424,47.693359400922574,19.133049901268112,5.558568500291051,63323.0,171116.11689074195, 0.0, 0.0,0.0,NaN, 128.410562812067,128.410562812067,0.0, 134.23873920693376, -11.149318213187176, -33.224046507355915, -11.149318213187176, 121.5882952343916, -9.91198286173665, -33.224046507355915, -9.91198286173665, 141.14424785553635, 6.474024340136916, 4.191117350853182, 16.0, 0.0
40, 0 ,1.0,1.0,1.0,16.77227961087153,72.15202086049544,170.15027579981947,10.160248159970442,11.26636572138556,10.411227799862663,41.0,56.0,56.0,-0.0018682231539955546,-0.8473034894803143,0.5311057394311698,11.787426977225186,-0.9091100063027591,-0.21979480775399188,-0.35384917539056526,10.24941844910919,0.4165519249534733,-0.48349461134418936,-0.7698814549128239,9.724262967056765,55.63609416120916,51.002879133150685,49.737069623562064,17.68773880123322,5.069437803167158,49855.0,141133.95780182196, 0.0, 0.0,0.0,NaN, 79.86381854397816,79.86381854397816,0.0, 103.23064267218274, 2.1661998361088077, 3.3302393171267606, 2.1661998361088077, 126.93099656801155, -19.15651269254503, 3.3302393171267606, -19.15651269254503, 108.39366430063316, 7.62122494354732, 4.568476638551604, 12.0, 0.0
41, 0 ,1.0,1.0,1.0,185.80150314293522,116.03902705657283,65.26277671494944,9.145908628377162,11.46853088167167,9.596466397083896,38.0,50.0,49.0,-0.0470193544503493,-0.9389810374377421,0.34074006462318696,11.708693726457115,0.6647803203033155,-0.2840195386549732,-0.6909414066327462,9.936208381583981,-0.745557714764252,-0.19402967039748648,-0.6375705301854445,8.452530198148066,51.508931222870714,47.92290260210762,46.02800427857187,16.73973924427965,5.200782880139221,36590.0,113618.172101394, 0.0, 0.0,0.0,NaN, 107.28593717329562,107.28593717329562,0.0, 83.64764463862382, -2.252925566769915, -13.58350513034491, -2.252925566769915, 131.5272005838568, -15.650020364824995, -13.58350513034491, -15.650020364824995, 92.09216731036037, 7.5288611445621765, 4.856897410942066, 10.0, 0.0
42, 0 ,1.0,1.0,1.0,165.37531219980787,93.30358629522895,190.17054114633365,10.663610221481942,13.644905120431995,5.168148273371214,48.0,62.0,21.0,-0.3140644113778739,-0.9491947602471096,-0.019820510217993068,13.972644217876553,0.947752194162023,-0.3122203292160731,-0.06545414032189596,10.250122897643362,0.05594036080453038,-0.039341748100954754,0.9976587106267457,5.128934530746458,61.88767892400608,48.05422899506665,23.322431555789024,17.078927812092637,5.908976228261907,31230.0,69360.08804817541, 0.0, 0.0,-2.8421709430404007E-14,88.86429404759028, 100.0052322739562,100.0052322739562,0.0, 113.71258295569417, 27.053687641166135, -3.8341950936978373, 27.053687641166135, 186.18343574559128, 4.787675292718935, -3.8341950936978373, 4.787675292718935, 26.709756575549857, 7.363476121712869, 4.555304321223981, 11.0, 0.0
43, 0 ,1.0,1.0,1.0,120.16764124851838,8.258040300276571,164.2193599367839,10.958835548439302,5.939400742941639,10.501137477909367,54.0,24.0,48.0,-0.978226730754626,0.20618456385111533,-0.023672534013960356,11.136301953140253,-0.03061948790889375,-0.03056695424422752,0.9990636157264607,10.505712473223282,0.20526789860402891,0.9780355754970049,0.03621467747929662,5.590995468732794,55.257981401209776,47.80164091333765,27.481587917842553,15.45738868940183,5.168711734822911,25310.0,72590.47599248012, 0.0, 0.0,0.0,NaN, 87.87294769586191,87.87294769586191,NaN, 120.09607657773694, -18.63480304204169, -0.27205627071408633, -18.63480304204169, 35.27648118525569, -2.8686542768524443, -0.27205627071408633, -2.8686542768524443, 110.27388832995271, 7.354587276331147, 4.393419241660204, 10.0, 0.0
44, 0 ,1.0,1.0,1.0,81.2836146357377,104.33198262392473,74.96413179718755,11.934147686456836,10.401832043121724,11.0034327465534,60.0,56.0,51.0,-0.964834089352726,-0.26197855826895927,0.02150383756944961,12.047549385682638,-0.04154253089703356,0.0711928017233569,-0.9965971117304369,11.007466786626404,-0.25955615606177557,0.9624441905846264,0.07957249437047284,10.265951091070667,59.379833867935076,51.775904399498245,54.61301725879629,18.540701650676464,5.285821162699201,58241.0,167904.69608862844, 0.0, 0.0,0.0,NaN, 146.21565105359363,146.21565105359363,0.0, 142.42388100216303, 10.001722343675585, -0.1717094319455904, 10.001722343675585, 108.19810985331385, -1.3431687007196755, -0.1717094319455904, -1.3431687007196755, 121.07553220792371, 6.3072724646151705, 4.051642250959415, 17.0, 0.0
45, 0 ,1.0,1.0,1.0,49.11183982728069,182.7753223211194,162.8916023382284,11.624083298675336,9.886537382380482,10.47443619613881,52.0,42.0,44.0,-0.916384703239705,0.14465549893563548,0.3732477224256821,11.932645940022946,-0.23303290478229322,0.5653576002238906,-0.79124360923663,10.469783735994696,0.32547617571337456,0.8120625410008548,0.4843755655957793,9.516949982336111,60.15063610171379,50.911173030387346,53.19339434707834,17.741331460904366,5.274647435522064,49097.0,162896.2295875046, -7.105427357601002E-15, 0.0,0.0,23.596855049041608, 63.919445471514976,63.919445471514976,6.743495761743046E-7, 135.11931253454287, -9.377686923137215, -14.21151574310465, -9.377686923137215, 97.74362141320671, -5.721423602399388, -14.21151574310465, -5.721423602399388, 109.71381362698288, 7.320975493615807, 4.489307238412641, 9.0, 0.0
46, 0 ,1.0,1.0,1.0,178.55055896867762,154.60684191090073,88.38206264477792,12.610588603050351,8.908050652203018,12.829916439145688,51.0,41.0,55.0,-0.5279066129869718,-0.09895507071025489,0.8435179322014155,12.981819250609819,-0.8453209212890186,-0.03483733324813213,-0.5331218437123386,12.493324191610814,-0.08214102504661197,0.9944819023958589,0.06525793293849282,8.853038278515855,63.023188806929255,60.820798594638376,40.93703579661913,19.23952690384135,5.7295437592698235,59574.0,156916.59821229064, 0.0, 0.0,0.0,NaN, 101.64647716081252,101.64647716081252,0.0, 159.0269449153834, 6.997787493946432, -5.124975202035359, 6.997787493946432, 79.3533664222146, -6.081752588948325, -5.124975202035359, -6.081752588948325, 164.60675583546077, 7.694189185823471, 4.608914591729201, 10.0, 0.0
47, 0 ,1.0,1.0,1.0,115.1505530170389,153.91662040398,62.221740615791944,9.233671875449486,11.553775007742146,10.348882887897748,45.0,52.0,50.0,-0.15091436374982342,-0.9712730592458533,0.183993204214686,11.659133923991726,-0.20249793863210439,-0.1518043511026385,-0.9674451012000914,10.33591818230709,-0.9675843320681327,0.18325960648628503,0.17377133528507369,9.114997626521669,55.44917508074781,50.49889803287033,45.547735747219036,17.34328485397345,5.006022446455495,46834.0,127539.22777498545, 1.4210854715202004E-14, 0.0,0.0,81.32008101766807, 114.86797435997596,114.86797435997596,NaN, 85.26069630346684, 8.47704465840072, 3.184812463553205, 8.47704465840072, 133.48971692952702, -5.957404938620137, 3.184812463553205, -5.957404938620137, 107.09937702742283, 6.412948352044631, 4.072949142215507, 15.0, 0.0
48, 0 ,1.0,1.0,1.0,99.01180059225614,157.8722864204128,15.259479438024625,11.277397630613025,10.549506409036429,9.58766494035493,48.0,51.0,41.0,-0.8576654507714347,-0.004039130406071768,0.5141922402940311,12.125251254545613,0.09294035023790526,0.9822820403819911,0.16273931436702113,10.61941389096344,0.5057391282575309,-0.18736509431736567,0.842093970754308,8.402465854040756,57.17656630304704,52.74064970739158,49.21446414364698,17.41459965332741,5.208341455405763,44913.0,148407.65638744828, 0.0, 0.0,0.0,NaN, 108.67811472731722,108.67811472731722,0.0, 127.17969731895627, 4.11463692465837, -33.0638907243368, 4.11463692465837, 111.29208547430069, 6.5824900152853925, -33.0638907243368, 6.5824900152853925, 91.9233190085111, 7.475911222274362, 4.360185707133387, 13.0, 0.0
49, 0 ,1.0,1.0,1.0,95.59515164459633,8.533781859604158,133.26377616403246,11.09290928140263,5.664761704419051,10.695298687698942,53.0,23.0,54.0,-0.820198010585393,-0.010357906325490152,0.5719859589258428,11.46445046624824,0.5694999617189301,0.08006207662280637,0.818083038260164,10.31984711248721,0.054268011147461756,-0.9967360621866738,0.059767928713506176,5.621272684562274,57.69763818989345,50.56818899019791,24.585969270113615,15.614583373167479,5.071130208817443,28092.0,71733.62380742695, 0.0, 0.0,0.0,NaN, 116.89731400962572,116.89731400962572,0.0, 123.05263632542862, 4.263267161087816, -11.940697482787213, 4.263267161087816, 32.08952516785263, 4.314312844237965, -11.940697482787213, 4.314312844237965, 114.38941401909473, 6.631008229877099, 4.1629337626561895, 8.0, 0.0
