// Sample: .//bubblelabels.tif, Map: .//bubblelabels.tif, Thickness:(8.191250068658265):/gpfs/home/mader/Foam/NewValid/InSilicoTest/LatticeData_OldFoam/out_Step_07000.vtk/distmap.tif, Neighbors:(1.0):
//LACUNA_NUMBER, TRIANGLES, SCALE_X, SCALE_Y, SCALE_Z, POS_X, POS_Y, POS_Z , STD_X, STD_Y, STD_Z,PROJ_X, PROJ_Y, PROJ_Z, PCA1_X, PCA1_Y, PCA1_Z, PCA1_S, PCA2_X, PCA2_Y, PCA2_Z, PCA2_S, PCA3_X, PCA3_Y, PCA3_Z, PCA3_S,PROJ_PCA1, PROJ_PCA2, PROJ_PCA3,OBJ_RADIUS, OBJ_RADIUS_STD, VOLUME, VOLUME_BOX, Mask_Grad_X,Mask_Grad_Y,Mask_Grad_Z,Mask_Angle, Mask_Distance_Mean,Mask_Distance_COV, Mask_Distance_STD, SHAPET_XX, SHAPET_XY, SHAPET_XZ, SHAPET_YX, SHAPET_YY, SHAPET_YZ, SHAPET_ZX, SHAPET_ZY, SHAPET_ZZ, Thickness, Thickness_STD, Neighbors, Neighbors_STD
1, 0 ,1.0,1.0,1.0,79.06234162700292,135.9462528102983,39.645921213898475,18.398673886501424,17.645955994449547,19.29083373116863,99.0,93.0,88.0,0.4200396035097763,-0.3818752646792389,0.8232484519933887,19.79066286677947,0.8044863044826084,-0.26311370053635813,-0.5325156960033938,18.332251261853905,-0.41996251902195425,-0.8859697866271875,-0.1966952460038371,17.15475026775979,98.01849541836305,93.31268055620887,90.93294465108328,30.742578207666767,8.770468341494986,265986.0,831706.2252586812, 0.0, 0.0,0.0,NaN, 162.18519225134304,162.18519225134304,0.0, 338.5112007818294, -24.465696555834814, 15.774214937745036, -24.465696555834814, 311.37976295804987, -24.760960766078526, 15.774214937745036, -24.760960766078526, 372.1362660435934, 7.6597691068605425, 6.2032460654885355, 45.0, 0.0
2, 0 ,1.0,1.0,1.0,57.57129247803233,262.1455361841886,13.540567728353775,21.269353003507977,21.311114957394647,9.036953540577803,113.0,95.0,38.0,0.7035327725440244,0.7092033790508877,-0.04552147953792755,22.828673521025355,0.7089033565530307,-0.7048543524193304,-0.025226433425544353,19.659815690303095,0.04997668480767402,0.014522706990426484,0.9986447926852193,8.975457620836606,114.40713063409115,109.90155102846474,40.8971265256911,29.467083397532583,10.950183708627009,150107.0,514220.8835211057, 0.0, 0.0,0.0,NaN, 70.21937854168074,70.21937854168074,0.0, 452.38537718783374, 66.95626815887925, -19.581581042489567, 66.95626815887925, 454.16362072728987, -8.78390909546942, -19.581581042489567, -8.78390909546942, 81.6665292945617, 7.498408537122154, 5.883123324018, 24.0, 0.0
3, 0 ,1.0,1.0,1.0,260.81144158315857,140.88206905927134,127.0465800512701,18.66383096705193,17.476738134801305,15.858598010239474,92.0,103.0,81.0,0.8653287337890916,0.4074139418293412,-0.2919247548291279,19.09086098531818,-0.4828476726200113,0.8338258549901105,-0.26756787661348636,17.47282799064554,-0.13440352497016847,-0.37248936032199553,-0.918252344904441,15.346315580556976,113.22664017971726,92.32018227841576,83.1368482128481,28.73956922667171,8.905462015794699,205968.0,869038.1256029682, 0.0, 0.0,0.0,NaN, 193.71198722829538,193.71198722829538,0.0, 348.3385863666865, 17.36314823688581, -23.558042853981956, 17.36314823688581, 305.4363758324182, -30.907323324763848, -23.558042853981956, -30.907323324763848, 251.49513085037142, 6.359153531634569, 5.494843560644903, 47.0, 0.0
4, 0 ,1.0,1.0,1.0,79.69853265866035,16.81969147465271,263.7427845462245,18.409310638461406,10.775150635958584,19.050331426146865,84.0,46.0,81.0,-0.38072453948323853,0.11955043541078995,0.9169277607469231,19.191005659236097,-0.9115268047550785,0.11818790611977253,-0.39389148640205524,18.451486567609088,0.15545967080973963,0.9857683867116628,-0.0639763902671371,10.4484286899761,105.34523249452667,95.02518299802813,49.34062699782815,26.997693593009572,9.436432456960814,138141.0,493921.87932131387, 0.0, 0.0,0.0,NaN, 89.1590926473994,89.1590926473994,NaN, 338.9027181833683, -36.71123669683968, -7.417600405185601, -36.71123669683968, 116.10387122759867, 17.63787201104397, -7.417600405185601, 17.63787201104397, 362.9151274460389, 7.064002325497955, 5.73849265464883, 19.0, 0.0
5, 0 ,1.0,1.0,1.0,188.62887114325028,113.3280230757273,236.655741008354,15.685432119987611,15.433990686814116,16.758747153570482,77.0,92.0,85.0,-0.1911969695647824,-0.13135746922544284,0.9727224342575486,16.798917213963595,-0.761165984640413,-0.6058602322345117,-0.23142973625516364,16.040600619880735,-0.6197338643769877,0.7846518936926299,-0.015853802980197,15.01971929366824,86.48510983163982,85.66062980141055,79.24100312516023,26.610748481528628,7.547484396904562,173689.0,587046.5892288781, 0.0, 0.0,0.0,NaN, 171.05339606181474,171.05339606181474,0.0, 246.03278079073908, 16.044693074889256, -4.942997419874363, 16.044693074889256, 238.20806852066485, -2.7874833075789778, -4.942997419874363, -2.7874833075789778, 280.8556061573068, 6.847821282198491, 5.667678225901499, 39.0, 0.0
6, 0 ,1.0,1.0,1.0,277.4510367905551,206.432632113248,208.08874601294656,13.80096387399104,17.007211477515654,17.153694592607884,56.0,90.0,84.0,-0.19810794146940858,0.5902063624510319,0.7825660951313151,17.8109235548687,0.17496480856216187,0.8068607941498132,-0.5642366299955534,16.56429169082763,0.9644379499436754,-0.025141769751833916,0.2631108741998064,13.503937469212937,91.16624064528173,98.40872059081141,64.50872416145313,26.59948696333833,8.150360578254025,159579.0,578743.4444197209, 0.0, -2.8421709430404007E-14,0.0,53.82834632656228, 133.08263104007352,133.08263104007352,0.0, 190.4666038512058, -2.779338941735067, -29.99395649194349, -2.779338941735067, 289.24524224094023, 20.40157579639032, -29.99395649194349, 20.40157579639032, 294.2492381764649, 8.13843081164001, 6.006081334067973, 32.0, 0.0
7, 0 ,1.0,1.0,1.0,264.0935161319301,279.7539129172915,28.152508758715527,18.143519447334977,11.95880084351738,16.731103802279677,77.0,52.0,72.0,-0.9247767705452503,0.10287710404775449,0.3663389497755394,18.483256340057437,-0.3580250828409299,0.09079509422081242,-0.9292869798518535,16.453013348938928,0.12886413277806585,0.9905415449783928,0.047132610315742354,11.823605067861322,88.873233180478,84.01266715808747,58.271763734181604,26.13531640521576,8.311154335749064,144713.0,435084.8045584824, 0.0, 0.0,0.0,NaN, 49.91736546872378,49.91736546872378,0.0, 329.1872979358226, -23.45735838182941, -24.824562416864385, -23.45735838182941, 143.012917614912, -3.438321768497285, -24.824562416864385, -3.438321768497285, 279.92983444265747, 6.911260890717313, 5.699463289842912, 17.0, 0.0
8, 0 ,1.0,1.0,1.0,156.46404226755013,177.8083235892772,14.383222900697241,17.30082844934757,17.09679287302406,9.48486039883572,82.0,81.0,40.0,-0.7516770756723166,-0.659470396891653,-0.008964905592386982,17.923534412047132,-0.6553708798514267,0.7453419719827011,0.12228799877218367,16.527743064163705,-0.07396339467250947,0.09779642337276245,-0.9924541681226464,9.336069394953816,88.72313212262748,88.31352616304935,44.68361592538047,24.85428156022493,7.990385252746665,115455.0,350116.3568131817, 0.0, 0.0,0.0,NaN, 189.05092977091007,189.05092977091007,0.0, 299.31866503375426, 25.182480233691717, -13.329639687564544, 25.182480233691717, 292.30032654308627, 18.337566348728515, -13.329639687564544, 18.337566348728515, 89.96257678540208, 8.657075324883927, 5.879537746881579, 17.0, 0.0
9, 0 ,1.0,1.0,1.0,44.463326160165884,257.66484478017264,214.8431723373905,16.74196991904378,21.178281310187824,15.157702994892677,84.0,88.0,91.0,-0.2216847998716684,0.9456891344742308,0.23775598928993977,21.68707256655487,-0.9119113064174831,-0.287413701950518,0.29293537369027084,16.712173705975797,0.34536012904476693,-0.15187305511011023,0.9260998630804909,14.454869408585816,99.06662731708278,90.05469838759798,88.169910432032,29.47342450862975,9.480841937257283,204001.0,786600.3829301775, 0.0, 0.0,0.0,NaN, 104.98065554315966,104.98065554315966,0.0, 280.2935567701668, -36.35885835744512, -32.57044233193753, -36.35885835744512, 448.51959925345085, 52.847532017251574, -32.57044233193753, 52.847532017251574, 229.75596008137845, 7.466790982167033, 5.442026401534553, 32.0, 0.0
10, 0 ,1.0,1.0,1.0,277.73282252227517,209.47469239024633,285.8190281278858,13.766608204731758,19.654312836631803,8.603166282627543,54.0,105.0,38.0,0.2537521563898856,0.9670481901497399,-0.020679483929613413,20.025531507503434,0.9668820095518449,-0.2529876754520196,0.03371076496269287,13.23044426298786,-0.0273682796768351,0.028548800281195635,0.9992176656114699,8.588330284477621,109.4063768138092,63.646483120352684,39.124028510527296,23.630073353528534,9.562720216345578,80134.0,272433.56507694215, 0.0, 0.0,5.6843418860808015E-14,88.81506838385486, 94.29612120285073,94.29612120285073,0.0, 189.51950146258775, 55.53182374616476, 1.5840266580731446, 55.53182374616476, 386.2920130801897, -7.408416040090823, 1.5840266580731446, -7.408416040090823, 74.0144700865394, 6.745694648151548, 5.4956525380471035, 16.0, 0.0
11, 0 ,1.0,1.0,1.0,14.277752605346624,168.8785115541459,12.448346171273222,9.13145297655525,17.875673621025836,8.167798586816621,35.0,87.0,33.0,0.030826656397466318,-0.9987019914515628,0.040546880595620484,17.893880581676118,0.9810343001142379,0.022464756276548446,-0.19252801542841141,9.155629333065544,0.19136723662821678,0.04571287560543781,0.9804534225291692,8.100590340679299,87.36391559923526,40.55818091822614,38.05653557584987,20.215386170462185,7.8086001691956355,52968.0,134846.54051585842, 1.7763568394002505E-15, 0.0,0.0,88.23348283476135, 132.482679147561,132.482679147561,0.0, 83.38343346303974, -7.436162626200624, -3.120489141968204, -7.436162626200624, 319.53970740543895, -10.387420563129693, -3.120489141968204, -10.387420563129693, 66.71293375480359, 9.110483187527194, 5.7232804219758355, 11.0, 0.0
12, 0 ,1.0,1.0,1.0,22.797585452051905,131.54175018461862,188.9809249393396,14.611364624251815,16.456215591131546,16.215695492418238,65.0,76.0,77.0,-0.4994118354837221,-0.024709032526060097,-0.8660122876093654,16.93261905611893,0.1913005529877298,0.971775408985039,-0.13804583629558756,16.607661149125523,-0.8449804240367756,0.2346103539991051,0.4805892890931362,13.591165922159002,88.96164803729218,79.56568378309669,68.37579956559802,26.113121331244027,8.084100593587987,151664.0,483984.0361903362, 0.0, 0.0,0.0,NaN, 173.63236153263819,173.63236153263819,0.0, 213.49197618283736, 18.193198049092754, 41.70634042826884, 18.193198049092754, 270.80703158180097, -10.037805390309272, 41.70634042826884, -10.037805390309272, 262.94878030283314, 6.625362953450364, 5.154878471665128, 26.0, 0.0
13, 0 ,1.0,1.0,1.0,123.23698553028045,234.84783947551406,78.00914539253667,14.567458104966532,15.223051121192173,16.350731526277965,78.0,77.0,78.0,-0.13824376309519598,0.5348153393791641,0.8335833579972847,17.12910986360609,0.9294407680126933,-0.22066320095181183,0.2957154214809825,14.531215641230949,0.3420943155348452,0.8156471691304091,-0.4665738685013294,14.378313871638886,82.18147801111127,71.56624692996289,72.94534598125941,25.61177672576953,7.438779165435975,151005.0,429022.21299803094, -1.4210854715202004E-14, 0.0,0.0,82.05376688987616, 159.74224672413013,159.74224672413013,0.0, 212.2108356399551, -7.314551064340642, -8.77278419269107, -7.314551064340642, 231.74128543843028, 38.350406501005125, -8.77278419269107, 38.350406501005125, 267.3464214444202, 6.443181309933765, 5.098173175835835, 33.0, 0.0
14, 0 ,1.0,1.0,1.0,191.28804194488856,279.56273707639735,60.51997711527007,16.452217622686113,12.373179601389602,15.345803458973787,76.0,55.0,83.0,-0.8814190795141738,0.0999573901556549,0.46163722382587086,16.805293456419072,0.47149923632699003,0.24431651110844782,0.8473475748138196,15.168373962582347,-0.028086943789813367,0.964529917914974,-0.2624750674549524,12.11475402675644,80.92087340895569,74.22692099650769,61.53371799578687,24.590193350769148,7.388309206153967,127596.0,369602.72495301603, 0.0, -5.6843418860808015E-14,0.0,84.26328318084241, 126.08980597184527,126.08980597184527,0.0, 270.67546470422354, -2.3542452409858328, -21.91043386091652, -2.3542452409858328, 153.09557344824373, 23.50686607097486, -21.91043386091652, 23.50686607097486, 235.49368380145185, 6.9498156577413175, 5.5339234336322125, 28.0, 0.0
15, 0 ,1.0,1.0,1.0,175.0084537634674,100.42056547655777,11.080119463401992,15.138643639916033,18.797512615117682,7.500754107265446,82.0,87.0,30.0,0.01817966128253918,-0.9987216494286124,-0.04716531435539717,18.815445131574844,0.9946536928878942,0.02286144901256915,-0.1007044456492346,15.197653596945724,0.10165397749289536,-0.04508238138826521,0.9937977901707349,7.334621571524832,86.74334621002896,84.20712400251463,33.58574560959835,23.713048330406394,8.745150817986342,81029.0,245323.9792003913, 0.0, 0.0,0.0,NaN, 160.71697374127646,160.71697374127646,0.0, 229.17853125637018, -1.422244966017568, -18.004046475119342, -1.422244966017568, 353.34648051550846, 13.734177750264386, -18.004046475119342, 13.734177750264386, 56.26131217765946, 6.818414369899418, 5.105785085382114, 23.0, 0.0
16, 0 ,1.0,1.0,1.0,218.7277326366595,28.854794429561405,262.8850543538424,15.479629217738388,17.12646905743683,17.07630214010979,80.0,72.0,79.0,-0.4702782142396987,-0.6130402393264602,0.6348386142777362,18.68294099446961,0.05590789227577278,-0.7385992958618532,-0.6718224376527294,16.34549093878004,-0.8807455414549656,0.28045096740594644,-0.3816209455575889,14.43286526098494,94.44126666117609,89.72623143074634,72.98425436930825,27.50031311845125,8.262429198571837,180668.0,618458.2770273607, 0.0, 0.0,0.0,NaN, 93.88982795951742,93.88982795951742,0.0, 239.61892071866, 38.14577201269834, -44.23050665493895, 38.14577201269834, 293.3159423753411, -25.564756814052725, -44.23050665493895, -25.564756814052725, 291.60009478031816, 7.575372314423664, 5.514884085777571, 36.0, 0.0
17, 0 ,1.0,1.0,1.0,158.3322192513369,254.65653123777227,279.54715012390767,18.23689738545108,15.503354054859557,11.036602017448615,87.0,84.0,49.0,-0.8861395664443205,0.43632512197745255,-0.1561315365748825,19.09319278456644,0.4592758338116841,0.8718219370018375,-0.1702710152637471,14.75033483329833,-0.06182537713960817,0.22259132528857978,0.9729494974806345,10.61237998218683,92.72029457097909,75.37431342656669,52.80633119292844,25.01699258206244,8.300305984627403,122672.0,369049.11411175533, 0.0, 2.8421709430404007E-14,0.0,64.13035653923748, 150.14695910905544,150.14695910905544,0.0, 332.5844262474724, -55.38386326190295, 26.648032508235456, -55.38386326190295, 240.35398695033027, -32.74170451838324, 26.648032508235456, -32.74170451838324, 121.80658409155083, 7.266415143421971, 5.4855606860895945, 29.0, 0.0
18, 0 ,1.0,1.0,1.0,234.42361309580514,243.27650757359245,10.724651487726652,15.265454628792824,14.375967408445211,7.152936867375464,70.0,71.0,30.0,-0.9746446126203446,0.20015635018489158,-0.10002656932436392,15.356506550890316,0.20452055848215517,0.9782232800241845,-0.03536319522998525,14.350770258260463,-0.09077015064593613,0.05492403753721955,0.9943561383389375,7.007149871963646,70.95249345116687,68.02649654585966,33.25103296884985,20.979592714798834,7.122060046237085,62982.0,160491.08333860975, 0.0, 2.8421709430404007E-14,0.0,78.4538978878073, 87.36609904299591,87.36609904299591,0.0, 233.03410502373225, -5.046635896977655, 17.069230864492244, -5.046635896977655, 206.66843892867894, -9.164091417528088, 17.069230864492244, -9.164091417528088, 51.164505828659124, 6.838077204195781, 5.1395344944280135, 12.0, 0.0
19, 0 ,1.0,1.0,1.0,272.82172490120723,67.00591398579557,238.59241706161137,15.102768854730186,16.1893316659393,14.58346637887647,68.0,83.0,78.0,0.4380143057463717,-0.8826352354352608,0.1705828512180095,16.54375850872185,-0.7472279789148943,-0.46296199150895734,-0.4767772456240152,14.886603023368098,0.4997937729586936,0.081370975084497,-0.8623137183911153,14.406897074760916,86.59614540371365,78.69673523418345,73.69534739797203,25.445115487237064,7.443901956246562,147278.0,502221.5537198402, 0.0, 0.0,-2.8421709430404007E-14,80.17829102302237, 94.86486382614257,94.86486382614257,0.0, 228.09362707940815, -20.70790425174767, 9.947904659010083, -20.70790425174767, 262.0944597897849, -6.856034134498614, 9.947904659010083, -6.856034134498614, 212.67749162382034, 5.982333615759775, 4.889475306667854, 30.0, 0.0
20, 0 ,1.0,1.0,1.0,279.58455240596277,203.29364331505369,12.127952421410365,13.144583953708443,17.14885742398271,7.699958893334335,54.0,83.0,32.0,-0.3343605942375172,0.9421417819538818,0.0239135049271064,17.65988780892752,-0.9395310044678539,-0.33122548874822605,-0.08701245455177484,12.484977142178971,-0.07405730662642636,-0.051561015314507595,0.9959201659947331,7.642412810008131,83.42539222618562,61.454215748418164,34.86556618655271,21.520325929435867,7.939038802905925,64735.0,178750.2509186596, 0.0, 0.0,0.0,NaN, 99.57909998426847,99.57909998426847,0.0, 172.78008731608946, -49.51358240032364, 5.941471420737022, -49.51358240032364, 294.083310948087, 8.519653238918893, 5.941471420737022, 8.519653238918893, 59.28936695903852, 7.2870645024969445, 5.41774261851034, 11.0, 0.0
21, 0 ,1.0,1.0,1.0,40.56901673895998,85.45825330714949,36.62195990418438,13.51897603258644,13.818648055532071,17.454471358256978,63.0,71.0,81.0,0.26870518980684716,0.03271960619172391,0.9626665821256731,17.749489052009327,-0.11233449906072328,-0.9915385148540082,0.06505639001577268,13.82464369778337,0.9566496126020455,-0.1256216578929225,-0.26275600426363405,13.12292583498283,83.51601310838994,72.10203032151625,62.077217743233504,24.99373256328683,7.327322157761951,139017.0,373808.77487256454, 0.0, 0.0,0.0,NaN, 101.44025889506902,101.44025889506902,0.0, 182.76271296964663, 3.362004565229765, 36.808966570270826, 3.362004565229765, 190.9550340826603, 3.2791891948749736, 36.808966570270826, 3.2791891948749736, 304.65857039621324, 6.77634326069785, 4.929961583423851, 22.0, 0.0
22, 0 ,1.0,1.0,1.0,69.89808951669643,63.73580281276336,159.82034807753269,14.664311070547939,14.398515365960598,14.336199124556304,72.0,68.0,71.0,-0.6986082294957536,0.5780887678218903,0.4216158419687008,14.832325782623295,0.7010027843108484,0.43496300281690187,0.565156865453249,14.521485323062956,0.14332354331806818,0.6903771162912861,-0.7091105691160451,14.036183425230764,78.31360184737028,76.82702822521927,79.43642538731896,24.110708619204917,6.8234594698201,129339.0,477937.30021667184, 0.0, 0.0,0.0,NaN, 169.11040858378783,169.11040858378783,0.0, 215.04201917379484, -5.056258229342782, -1.2789954459987747, -5.056258229342782, 207.31724474380346, 9.008660297028637, -1.2789954459987747, 9.008660297028637, 205.5266053389289, 6.867327479855681, 5.099636905163067, 31.0, 0.0
23, 0 ,1.0,1.0,1.0,66.12620683082743,42.25925328602532,34.752475973345256,14.734491590005838,13.356146852883972,16.44225555647431,77.0,68.0,75.0,-0.12494438826191126,0.060412601908663544,0.9903227844357023,16.48757919983261,0.9209901697395714,0.37829323230119155,0.09312001738719822,14.953085444501887,-0.3690067846055573,0.9237123729417841,-0.10290502897976272,13.05391269983212,78.92872950916497,79.83389592396007,63.72577403025856,24.779899511876096,7.196961104347327,136411.0,401548.08114735637, 0.0, 0.0,0.0,NaN, 85.8268856734517,85.8268856734517,0.0, 217.10524241595277, 17.766013704377016, -7.989440927469901, 17.766013704377016, 178.38665875580244, 7.942399712652646, -7.989440927469901, 7.942399712652646, 270.34776778441034, 6.409502325298934, 4.926683807310951, 23.0, 0.0
24, 0 ,1.0,1.0,1.0,27.680950236611128,283.2582734892834,134.34550754864551,15.152491787600129,10.698180144996545,20.231370040399337,64.0,47.0,109.0,0.06885688835117551,-0.09036375089618257,0.9935256018093176,20.313353879931203,0.9976137957350546,0.0012015203234254038,-0.06903094167117532,15.123790598057115,0.005044153614885874,0.995908102624376,0.09023085747915942,10.58281680813093,107.67457860205504,65.26755193114005,52.00071732821783,25.961259022799613,8.909008331499088,126579.0,365443.1609658709, 0.0, 0.0,0.0,NaN, 138.1855123052505,138.1855123052505,0.0, 229.59800737328933, -1.7306869633612931, 12.52789421904113, -1.7306869633612931, 114.45105841479831, -27.000421339880106, 12.52789421904113, -27.000421339880106, 409.3083337115679, 6.645724884076467, 4.96919399379099, 18.0, 0.0
25, 0 ,1.0,1.0,1.0,282.5150900776817,103.74085174370558,169.21597708115254,11.065007963648895,13.414409570863643,15.460033453418815,46.0,68.0,76.0,0.0072183134204552475,-0.06997888131480651,0.997522356702491,15.468766132525953,0.37449309199326336,-0.9247633485476426,-0.06758456356503324,13.814594123886996,-0.9272016069877622,-0.37405307825611994,-0.019531375948244917,10.54834978946021,76.59871323833406,71.21075950977281,55.053619631733795,22.221298244842416,6.89980608894817,90755.0,300298.36655533337, 0.0, 0.0,0.0,NaN, 167.84620057165043,167.84620057165043,0.0, 122.43440123561349, -27.622991531739554, -1.0922845089818212, -27.622991531739554, 179.94638413487812, -3.9627175916301622, -1.0922845089818212, -3.9627175916301622, 239.01263438082887, 6.8807066590272, 5.209216332945033, 14.0, 0.0
26, 0 ,1.0,1.0,1.0,33.506970472455215,181.7039705956981,207.39578364349458,15.565807940706696,15.322889050528236,14.486572016938307,69.0,73.0,75.0,-0.7082134280529174,0.6909848294758443,-0.14482301529720246,16.706383768579602,-0.5157636284977899,-0.3663017952491544,0.7744745795157131,14.956520746556054,0.48210125476328025,0.6231877407583413,0.615804693002729,13.570014850341328,95.23596483123384,78.6712155255787,67.38393143034497,25.093451809630015,7.567347671506484,137939.0,504862.5913403835, 0.0, 0.0,0.0,NaN, 153.9227355853186,153.9227355853186,0.0, 242.29437684696762, -38.99666785845719, -6.059544769595623, -38.99666785845719, 234.7909288547981, -20.723113627773895, -6.059544769595623, -20.723113627773895, 209.86076880194, 6.517395029257585, 4.925903042518187, 34.0, 0.0
27, 0 ,1.0,1.0,1.0,124.3388130990938,187.55128897176695,115.79177707985737,14.167817225044566,14.126319230717996,14.588114953236756,70.0,72.0,70.0,-0.5419054709315971,-0.6096929541013257,0.5784573988580345,15.044012251784066,-0.517071798619904,-0.3007335987977359,-0.8013713606226143,14.386319893790406,-0.6625520474999541,0.733371532221808,0.152285849901614,13.409121265055884,76.6756571483556,72.34909237741545,66.19508174820503,23.798262006396417,6.836355995281302,122268.0,367211.53660084534, 0.0, 0.0,0.0,NaN, 203.7463832663388,203.7463832663388,0.0, 200.72704492226947, 19.592945848918536, -3.327004263667948, 19.592945848918536, 199.5528950081531, -9.860010256713124, -3.327004263667948, -9.860010256713124, 212.81309788884982, 6.375696444356538, 4.784228300239599, 32.0, 0.0
28, 0 ,1.0,1.0,1.0,31.850482143619065,14.02878994751888,71.6717583308444,17.424707193805457,9.064206891210407,14.936844670284241,71.0,37.0,82.0,-0.9602857753358275,-0.013253054572863913,0.27870340190273546,17.636406848553143,-0.27893184388292663,0.020729643361973332,-0.9600871358132845,14.689608057084795,-0.006946665080425415,0.999697273393588,0.023603080597377722,9.058816957100856,81.34071713266479,74.12773941010178,38.1994249877291,23.412398111136334,7.794178003248952,93748.0,230327.38595617394, 0.0, 0.0,0.0,NaN, 79.67497161849238,79.67497161849238,0.0, 303.62042078985564, 2.1409688600756653, -25.472511023985092, 2.1409688600756653, 82.15984656666625, -3.507158293883008, -25.472511023985092, -3.507158293883008, 223.10932870419876, 6.7019778448326495, 5.171297040367604, 17.0, 0.0
29, 0 ,1.0,1.0,1.0,235.60600028921155,273.79297556162334,96.27755803370165,14.088043059669701,13.798832687114258,14.458376812783218,74.0,61.0,70.0,-0.5356121427948629,-0.5418933630170584,0.6476659753366378,15.6437287665735,-0.6928985319161268,-0.15639212129311922,-0.7038701079502625,13.639125086138796,-0.48271239569662117,0.8257681802512745,0.29171159648757067,12.929555986229692,78.59824073446347,72.10301100886082,67.70835496008392,23.493444076618626,6.78111246458094,117561.0,383714.7455854029, 0.0, 0.0,0.0,NaN, 118.7550567748569,118.7550567748569,0.0, 198.47295725110763, 24.552205536179805, -17.708430427070386, 24.552205536179805, 190.4077835269729, -25.143140944495233, -17.708430427070386, -25.143140944495233, 209.04466006042742, 5.929930125166475, 4.702804480534924, 24.0, 0.0
30, 0 ,1.0,1.0,1.0,135.46478730121865,24.092591651727066,249.63348744710655,15.298303379653534,14.05383815234635,15.869906038658238,75.0,61.0,82.0,0.5921886424995546,-0.12844002138739768,0.7954971857904586,16.74318107678557,0.7181991128438793,0.5317709977100961,-0.4487868539793404,14.638034040466154,0.36538013903987615,-0.8370918509341811,-0.40715425466865335,13.740313593372951,84.90571556846564,69.73697101246167,67.1922635328352,25.036450582833265,7.521868982995456,137777.0,397849.922842518, 0.0, 0.0,0.0,NaN, 146.51944293438345,146.51944293438345,0.0, 234.03808629591876, 2.767223182376896, 34.91074972128613, 2.767223182376896, 197.51036681234586, -15.432615018201012, 34.91074972128613, -15.432615018201012, 251.8539176758412, 7.483520717780901, 5.246423085595207, 23.0, 0.0
31, 0 ,1.0,1.0,1.0,20.743746521297844,254.15683626362832,82.06893559899159,12.132173677964875,16.96573982963322,14.938043757397757,51.0,82.0,78.0,0.17898959089530952,-0.9834926882163152,-0.026549172796441367,17.10776698338255,0.02901209358977308,0.03224939550122209,-0.9990586944295834,14.939590631720202,-0.983423115844176,-0.17805085991045194,-0.034305488022774056,11.929126456532384,85.16139861627659,78.01037714436536,54.93585844644886,24.46187786158573,7.732247338384169,122172.0,364964.8826629366, 0.0, 0.0,0.0,NaN, 96.26634339919154,96.26634339919154,0.0, 147.18963815230376, -26.39498352400381, -3.0590710899581453, -26.39498352400381, 287.83632796680297, 1.3202298807232153, -3.0590710899581453, 1.3202298807232153, 223.1451512979301, 6.566289730546411, 5.209440867965952, 18.0, 0.0
32, 0 ,1.0,1.0,1.0,167.18141668566219,11.014317870982449,221.41419250056987,15.33948141209689,7.549901056489769,16.606178827594135,78.0,31.0,88.0,0.48640166915411603,0.034918072752907765,0.8730373098781704,17.154098547143537,-0.8735584724189231,-6.682901336508753E-4,0.48671875724427827,14.734024573212885,-0.017578723196161102,0.9993899547141346,-0.030177920857355916,7.530690148966029,83.31004601545783,73.01742487422267,32.90689447017887,22.33351109657888,8.323470028052892,70192.0,200175.43701034546, 0.0, 0.0,0.0,NaN, 154.71851993904357,154.71851993904357,0.0, 235.299689992066, 4.1282578674337564, 32.68560053421687, 4.1282578674337564, 57.00100596278532, 7.189547762378845, 32.68560053421687, 7.189547762378845, 275.76517525403574, 6.703270650089826, 4.789914147704389, 16.0, 0.0
33, 0 ,1.0,1.0,1.0,59.582369358616546,112.5950498514776,158.88514865701646,13.851185940103324,12.845134779323358,14.497217860811453,71.0,65.0,70.0,0.5907633542710674,0.17160078325545394,0.7883855848736152,15.22278161019507,-0.6623473787525036,-0.45484940657592426,0.5953217341885123,13.258518070766073,-0.46075439130852064,0.8738793901469725,0.15504903213587104,12.629361969854429,75.29968250964197,65.58505830998978,64.9947469896831,22.92265357623016,6.44779948310649,111431.0,320978.7722572979, 0.0, 0.0,0.0,NaN, 190.10814095928583,190.10814095928583,NaN, 191.855351947316, 12.22949479891785, 27.219814621169874, 12.22949479891785, 164.9974874989825, 5.361770494738689, 27.219814621169874, 5.361770494738689, 210.16932570383062, 6.719942227245461, 4.934736243491675, 25.0, 0.0
34, 0 ,1.0,1.0,1.0,144.94406069325422,153.1974764760024,58.294011992100586,13.225270806103513,14.113330601496557,14.153034473095824,65.0,68.0,67.0,0.4406507903598893,0.6175271348963045,0.6515267597128809,14.909103461020518,0.0027766907487699593,-0.72672484094326,0.6869230637738691,13.734211315624927,-0.8976743122890901,0.30088410264212145,0.32194655741839334,12.786412588560484,76.33150425656126,70.50641378710048,63.97536869411174,23.053958859697644,6.551126182107543,111907.0,344306.5176874352, 0.0, 0.0,0.0,NaN, 214.37806202454294,214.37806202454294,2.6973983046972182E-6, 174.90778789477386, 15.946582454536102, 16.92602352909624, 15.946582454536102, 199.18610066713916, 11.104806928847985, 16.92602352909624, 11.104806928847985, 200.3083847966388, 6.11320322992107, 4.701667450135888, 19.0, 0.0
35, 0 ,1.0,1.0,1.0,24.511694321687653,14.42886475444009,264.03310264320857,13.775663148397419,9.109833222828392,19.568394080300166,50.0,41.0,79.0,0.08073939628317897,0.046858330630230365,0.9956331888493754,19.617100642987538,-0.9956881813608331,-0.04198210901771136,0.08271969548288735,13.737276692545016,-0.04567488791649551,0.9980189373819379,-0.043266675870034105,9.062924188315078,82.25153787977126,54.71432034586493,42.103834165475604,24.172594848017134,8.447819938959102,95944.0,189481.44242071625, 0.0, 0.0,0.0,NaN, 45.854476358320234,45.854476358320234,NaN, 189.7688951781147, 5.600186710430111, 15.554676257340134, 5.600186710430111, 82.98906134774792, 13.751687708870266, 15.554676257340134, 13.751687708870266, 382.9220468819265, 6.239226250538464, 4.8138782649494685, 10.0, 0.0
36, 0 ,1.0,1.0,1.0,53.76519648424427,18.951552674686912,164.33968611840135,15.439728257596645,11.992177011352029,15.527603787090158,88.0,48.0,81.0,-0.668714542051877,0.18143412783931195,0.7210426606682414,16.44184886611835,0.738099287972648,0.0451100968096669,0.6731823826126856,14.615753123565284,-0.08961195423947821,-0.9823679231433663,0.16408217830212682,11.804633158366233,89.41100494845375,74.55515116691666,52.777527856710776,23.82931556701158,7.4476652124448135,113546.0,351817.6918146466, 0.0, 0.0,0.0,NaN, 147.15154930963075,147.15154930963075,0.0, 238.3852086684283, -13.419201505470628, -26.25390263327004, -13.419201505470628, 143.81230947160006, 19.391097998496516, -26.25390263327004, 19.391097998496516, 241.10647936885658, 6.352034903053685, 4.745117608769743, 20.0, 0.0
37, 0 ,1.0,1.0,1.0,129.39684079759886,93.11016403550929,209.80328433728386,13.939270699954037,12.877084435973307,14.432466320698857,66.0,67.0,69.0,0.45723861639765695,0.20489122667490806,0.8654203792992213,15.056546913137941,-0.7500814108027539,0.6116635793330596,0.25148666542308007,14.354946012951869,0.4778187154590186,0.7641251539827236,-0.43336130908050846,11.647084413431688,69.5891734815471,71.16600757034453,58.337285144245726,22.94122121862665,6.489917126883368,110281.0,288908.61694717617, 0.0, 0.0,0.0,NaN, 183.16247588264213,183.16247588264213,0.0, 194.30326764659708, -23.774405553540817, 22.7450427930741, -23.774405553540817, 165.81930357118597, 26.97465473278661, 22.7450427930741, 26.97465473278661, 208.2960840981068, 6.737376913422767, 4.825058345185871, 27.0, 0.0
38, 0 ,1.0,1.0,1.0,282.37602166021054,256.1540247834993,246.86348794288844,11.016949193764074,14.629075559329747,16.520952057409364,44.0,78.0,92.0,0.21378857860958428,0.3972734135387736,0.8924507149144678,17.129891810491543,-0.10552157339831862,-0.8988356338677878,0.4253935834460076,14.24142119723526,-0.971164065028992,0.1851170931727884,0.15023987690230672,10.586482276260114,97.47292680688116,80.29878170527523,53.32313303859678,23.362632711537138,7.906470193932484,98614.0,417357.8838937379, 0.0, 0.0,0.0,NaN, 71.10951461515485,71.10951461515485,0.0, 121.37316953797885, 24.01012642224299, 30.529285939011995, 24.01012642224299, 214.00985172057898, 29.603529738530803, 30.529285939011995, 29.603529738530803, 272.94185688321863, 6.247637217745889, 4.855546095763515, 15.0, 0.0
39, 0 ,1.0,1.0,1.0,133.7657225200947,278.25643544900765,54.41607949919995,13.87719534636117,12.641302842672989,14.9912795047902,63.0,54.0,75.0,-0.1842439787414064,0.01416316546369658,0.9827784903230143,15.029069429732667,-0.9486962246375231,0.2588482532665353,-0.1815848428128668,13.92501074404852,0.2569623117424927,0.9658141573433843,0.034254690467764234,12.543472297828508,73.91126804208584,68.70008221749089,60.24355354040762,23.01970784568287,6.870997026004828,106869.0,305899.3057716708, 0.0, 5.6843418860808015E-14,0.0,89.1884832617746, 146.03821701448354,146.03821701448354,0.0, 192.57655068106808, -9.158592535376979, -6.110168688566981, -9.158592535376979, 159.80253756017217, -0.764821030191789, -6.110168688566981, -0.764821030191789, 224.73846119074267, 6.109470866074587, 4.629078106389072, 15.0, 0.0
40, 0 ,1.0,1.0,1.0,200.19508320865887,175.12773129421325,190.74140669732733,14.26529796833247,12.49164636493728,14.305104880612674,73.0,66.0,67.0,0.8605601464843876,0.29011515488678724,-0.4186519212756398,14.526622521010363,-0.395179628832686,-0.13828023029886943,-0.9081363547750699,14.257628140212333,-0.32135540331295154,0.9469486653528306,-0.0043508560149921605,12.242273425503523,74.31174124324725,66.48353452403416,64.37396230203674,22.841139907308136,6.516004021798952,108282.0,318040.0251782959, 0.0, 0.0,0.0,NaN, 193.62733566812193,193.62733566812193,0.0, 203.49872612531053, 18.18511667812784, -2.8642108113476334, 18.18511667812784, 156.04122890665076, -0.7203819289515938, -2.8642108113476334, -0.7203819289515938, 204.63602564532857, 6.625329520278741, 4.841054135346009, 33.0, 0.0
41, 0 ,1.0,1.0,1.0,104.91360763312017,216.58167271512238,275.88548463444744,14.298127597282393,14.413925472873823,12.646463334282455,74.0,68.0,56.0,-0.6786866867333277,0.7197345645538584,-0.1461729723218556,14.737374112959975,0.6958811695198603,0.6938323089846048,0.18532707550912253,14.059725250469544,-0.23480583288881388,-0.02405999990773653,0.9717444814589014,12.540520935234154,75.17181931838468,64.58268232127591,57.37392678962212,22.960292902664175,6.70490007493453,107741.0,278538.80934159475, -1.4210854715202004E-14, 0.0,0.0,47.2588988403408, 136.18734245486516,136.18734245486516,0.0, 204.43645278816837, -9.760544178795827, 11.156607892792193, -9.760544178795827, 207.76124753756088, -1.1081976410171923, 11.156607892792193, -1.1081976410171923, 159.93303486535052, 5.317346185868724, 4.3585661500231065, 23.0, 0.0
42, 0 ,1.0,1.0,1.0,175.46206541697774,280.4515022498436,173.86286042898362,13.638221964284684,11.063530483839791,16.048803190191823,71.0,48.0,77.0,0.35698885652438106,-0.08107407189972375,0.9305836615710664,16.42636066052304,0.897385503764268,-0.2468219533898793,-0.36575699714230375,13.358144390268327,-0.25934188622581933,-0.9656634601093708,0.015357990051813018,10.849034189761984,78.91333674366442,70.01778775587327,53.367691058743674,22.747368555288883,6.965925118844264,99118.0,294874.4920591908, 0.0, 0.0,0.0,NaN, 178.33232711331692,178.33232711331692,0.0, 186.00109834709718, -17.856084177854704, 30.600848031767708, -17.856084177854704, 122.40170676685234, -5.9938833503287325, 30.600848031767708, -5.9938833503287325, 257.56408383751125, 6.617691653957041, 4.935996424924277, 29.0, 0.0
43, 0 ,1.0,1.0,1.0,241.0322494778656,94.1278512633605,187.07307834063639,13.384837702418428,12.46519187872701,13.392904079087693,63.0,63.0,69.0,0.7281537966373145,-0.3987169840723725,0.5575094753050357,13.98650606730695,0.510646259026781,-0.2269922616669986,-0.829285783843697,13.118510746633435,-0.45720066336852405,-0.8885377199396389,-0.03831805918688187,12.09078543291776,65.11798386465136,66.56512116203429,61.85921271804068,21.843728679332568,6.062696260648647,97676.0,268134.10746848024, 0.0, 0.0,0.0,NaN, 158.39740408402545,158.39740408402545,NaN, 179.1538803200818, -17.35549911421009, 9.09697165349743, -17.35549911421009, 155.3810085734818, -6.111886259857866, 9.09697165349743, -6.111886259857866, 179.36987967164376, 6.80650417563324, 4.746085221076668, 19.0, 0.0
44, 0 ,1.0,1.0,1.0,118.5174888137073,169.23996871475862,271.9405034741169,14.465027353690742,12.654665100859111,14.315708508860734,70.0,62.0,63.0,-0.960387518035953,-0.25287140569654853,-0.11709768307611287,14.614947647363248,-0.06787971060275609,-0.19526664202455343,0.978398325530528,14.364844437701516,-0.27027423127118183,0.947590096346256,0.17036680785078193,12.424637814200375,76.72418344171962,68.34604004786084,57.313742799242505,23.021133669632796,6.659165100331495,109956.0,300541.4671504137, 1.4210854715202004E-14, 0.0,0.0,16.180718690974174, 178.69503709311732,178.69503709311732,3.3036247397782844E-6, 209.23701634302137, 15.072015534955261, 3.2084234768386852, 15.072015534955261, 160.14054881490154, -8.176462627487984, 3.2084234768386852, -8.176462627487984, 204.9395101106676, 6.057883613489162, 4.529691307471836, 18.0, 0.0
45, 0 ,1.0,1.0,1.0,91.92909912689913,268.16684213392386,42.32804813853443,12.34999854028036,15.384106871465736,14.082717624396816,62.0,64.0,64.0,0.19186362676950253,0.829643229406679,-0.524290435371951,15.955142110704275,0.4752431257669813,-0.5459435125854717,-0.6899925017542341,14.145438160385789,-0.8586805693237055,-0.11678096148556755,-0.4990289439505727,11.526324797785094,81.56804898670597,69.28577211093783,59.06737653390071,23.251635733697857,6.84672035164365,110182.0,333819.5887992877, 0.0, 0.0,0.0,NaN, 106.09416979847602,106.09416979847602,0.0, 152.522463944927, 1.92855793823137, -34.29117540017232, 1.92855793823137, 236.67074423267928, -27.612790736515024, -34.29117540017232, -27.612790736515024, 198.3229356884967, 6.812544157750699, 4.675024547258928, 16.0, 0.0
46, 0 ,1.0,1.0,1.0,51.29310359312124,187.38030630161384,47.94247813631514,15.797752508021308,11.649924488374367,15.108739222345566,74.0,62.0,75.0,-0.9775762527573176,-0.20751885035838086,-0.03578542707440858,15.962836571861773,0.05626617313931741,-0.09364568701617065,-0.9940143877547881,15.14283048842284,0.20292557208301334,-0.9737383694038173,0.10322209136408916,11.377445194650932,74.90243976249087,73.67038464942911,60.925260240223196,23.773825921149292,6.954777268123948,119033.0,336191.1636207271, 0.0, 0.0,0.0,NaN, 132.71269379672782,132.71269379672782,0.0, 249.56898430469352, 24.906248632253007, -1.1993826896566275, 24.906248632253007, 135.72074058482477, 10.226382240614809, -1.1993826896566275, 10.226382240614809, 228.2740008888433, 6.662840323157882, 4.7430615368127755, 27.0, 0.0
47, 0 ,1.0,1.0,1.0,280.39135473294454,235.05620931043254,51.677941190325896,11.951185470983384,13.496281060264314,16.631120372859286,49.0,62.0,78.0,0.27790999292735413,0.05326702510030267,0.9591291153270666,17.00485155751155,0.018569212384326978,-0.9985727144024236,0.050077124542067315,13.485024106693784,0.9604276236044772,0.0038933389191919965,-0.2785024626991951,11.426449572151157,83.35514866481448,60.91559631471989,59.3539953045759,23.377799896664445,7.419775836746021,106139.0,301377.5433004532, 0.0, 0.0,0.0,NaN, 85.28073946683594,85.28073946683594,0.0, 142.83083416184434, 1.3969339984666822, 42.323092160621634, 1.3969339984666822, 182.14960245764922, 5.53853345950626, 42.323092160621634, 5.53853345950626, 276.5941648565352, 6.214159280569944, 4.5280399984344815, 14.0, 0.0
48, 0 ,1.0,1.0,1.0,187.21813979086406,67.12199229499174,61.88769400110071,12.280290532393668,13.04452852249437,13.515238608672078,62.0,66.0,73.0,0.05272732611321919,0.36413312548971255,0.9298531583008379,13.590514304970101,-0.3146654566749115,-0.8776547984758999,0.3615352058759934,13.05305700305946,-0.9477370307508932,0.3116554533989755,-0.06830372544861281,12.187803673541456,70.66649501276225,67.00616010434135,59.76761119253419,21.562627916729767,6.219325679539768,90850.0,283005.0467006474, 0.0, 0.0,0.0,NaN, 145.10408853873102,145.10408853873102,0.0, 150.80553555999754, 6.725683618028135, -0.7116931173781692, 6.725683618028135, 170.15972437416914, 5.313447301990063, -0.7116931173781692, 5.313447301990063, 182.66167464934037, 5.833566834433563, 4.523814336710039, 32.0, 0.0
49, 0 ,1.0,1.0,1.0,232.35694590244245,243.99396738750087,288.1018685702289,16.954325672576203,15.587997270261457,6.623456368660331,85.0,75.0,27.0,-0.8749550649501711,-0.48419364583585994,-0.003185537665739778,17.521853329501894,-0.48321834359800586,0.8727352766417206,0.06952099909738439,14.97659646244578,-0.03088149491915206,0.062367060514960555,-0.997575402179846,6.556767990213013,89.39392569233911,75.74520161196561,28.775874320738865,22.664373440613318,7.7866018725385215,71445.0,194846.07576750856, 0.0, 0.0,0.0,NaN, 88.62180311953442,88.62180311953442,NaN, 287.4491590117765, 35.3920196470566, -5.3549143016022525, 35.3920196470566, 242.98565889767866, 11.407766888568535, -5.3549143016022525, 11.407766888568535, 43.8701742675471, 7.761216350668865, 5.227148822961248, 17.0, 0.0
