// Sample: .//bubblelabels.tif, Map: .//bubblelabels.tif, Thickness:(8.191250068658265):/gpfs/home/mader/Foam/NewValid/InSilicoTest/LatticeData_Phi_6.65/out_Step_06000.vtk/distmap.tif, Neighbors:(1.0):
//LACUNA_NUMBER, TRIANGLES, SCALE_X, SCALE_Y, SCALE_Z, POS_X, POS_Y, POS_Z , STD_X, STD_Y, STD_Z,PROJ_X, PROJ_Y, PROJ_Z, PCA1_X, PCA1_Y, PCA1_Z, PCA1_S, PCA2_X, PCA2_Y, PCA2_Z, PCA2_S, PCA3_X, PCA3_Y, PCA3_Z, PCA3_S,PROJ_PCA1, PROJ_PCA2, PROJ_PCA3,OBJ_RADIUS, OBJ_RADIUS_STD, VOLUME, VOLUME_BOX, Mask_Grad_X,Mask_Grad_Y,Mask_Grad_Z,Mask_Angle, Mask_Distance_Mean,Mask_Distance_COV, Mask_Distance_STD, SHAPET_XX, SHAPET_XY, SHAPET_XZ, SHAPET_YX, SHAPET_YY, SHAPET_YZ, SHAPET_ZX, SHAPET_ZY, SHAPET_ZZ, Thickness, Thickness_STD, Neighbors, Neighbors_STD
1, 0 ,1.0,1.0,1.0,182.353058146572,34.75827817750411,20.800391934600718,11.780458033565292,18.085135315087843,13.92990597124787,50.0,81.0,64.0,0.17403596623118991,0.9769766717173723,0.12340204770595026,18.248770498917583,-0.48437720647836174,0.19403701309980775,-0.8530699616042775,14.932259179752288,-0.8573740165774764,0.08869171588908678,0.5069946501004272,10.193311644405684,91.77940875004275,77.46280138506245,56.70094688502191,24.327817016842058,8.249297570611407,104099.0,403114.8211771792, 0.0, 0.0,0.0,NaN, 44.18380657295193,44.18380657295193,NaN, 138.77919148059303, 27.765117841114638, 54.120665858727186, 27.765117841114638, 327.07211936503745, 7.913085257786799, 54.120665858727186, 7.913085257786799, 194.04228036780705, 10.119597136740724, 7.034940534585401, 8.0, 0.0
2, 0 ,1.0,1.0,1.0,60.50985484559556,82.56539063611783,32.72008858687918,16.62869300513585,18.12440413531218,17.419871574692085,80.0,86.0,70.0,-0.06076930876298441,0.8209170979760126,0.5678047281972123,18.70760954144925,-0.6051265328572364,-0.4826974007935889,0.6331074936369762,17.04613628803123,-0.7938066328424381,0.30512020175293986,-0.5260919046493646,16.368077617499313,93.22560742054355,88.19070530493468,81.76774658176245,29.005660559735233,8.19335325073662,224864.0,672264.3276617348, 0.0, 0.0,0.0,NaN, 107.4666946614764,107.4666946614764,0.0, 276.51343105905397, 2.524166137533732, -11.511561282858112, 2.524166137533732, 328.49402526012125, 31.32627640448635, -11.511561282858112, 31.32627640448635, 303.45192567876535, 10.535371196887654, 6.716748364471583, 20.0, 0.0
3, 0 ,1.0,1.0,1.0,56.488290095356,151.80862200004702,14.375923589836006,15.803926345201617,21.73439090227811,9.612091289067665,81.0,89.0,41.0,0.19568418738720192,-0.9804307826733085,0.021521598296001393,21.944417876614857,0.9649163500441437,0.1964123722421416,0.17423724472024416,15.670821349063663,-0.17505466638766984,-0.013328931570772046,0.9844684877430478,9.349225479642408,96.05009925621566,73.60442536416468,44.32637777846278,26.91730841641542,9.486761427513233,127627.0,313374.74093974417, 0.0, 0.0,0.0,NaN, 75.63070150733927,75.63070150733927,0.0, 249.76408792455774, -45.643488559799, 28.251598939135246, -45.643488559799, 472.3837478930296, -2.9038923293523973, 28.251598939135246, -2.9038923293523973, 92.3922989493705, 9.976364891917944, 6.650478037037034, 12.0, 0.0
4, 0 ,1.0,1.0,1.0,167.4512572326246,184.9340696868871,82.5786489993853,17.80749654298089,8.602160518192358,17.416789006726074,73.0,35.0,79.0,-0.7625053829479032,-0.020020147365974454,0.6466720456884741,18.811400149288446,0.6447559897389009,0.0593258856282586,0.7620827730569907,16.351715786406448,0.05362140124317841,-0.998037891562173,0.032328197210031336,8.555773096440488,86.99861045669083,79.08767124780042,36.58721534396139,24.972094605952144,8.41683604480719,102487.0,251738.97555335917, 0.0, 0.0,0.0,NaN, 90.03130667995453,90.03130667995453,0.0, 317.10693312827635, 11.711945369859981, -42.984118560632645, 11.711945369859981, 73.9971655807474, 5.145344592863933, -42.984118560632645, 5.145344592863933, 303.3445393048142, 10.684789564103097, 6.807353818391953, 12.0, 0.0
5, 0 ,1.0,1.0,1.0,14.456588900390159,113.05285452663429,142.28694959789792,9.257048335529328,17.920674165832445,19.66401253273577,37.0,92.0,103.0,-0.04780580043048391,0.23199527815319795,0.9715414537526542,19.77455161724551,0.0533626843508095,-0.9706713353353783,0.23441327325283465,17.83698010626067,-0.9974302127788572,-0.06305037408971137,-0.03402382934166709,9.182926786030922,96.88283521526299,93.85795534661534,39.457873706781605,26.605578335643113,9.255273996907578,125590.0,358799.3165936312, 0.0, 0.0,0.0,NaN, 105.35461667775684,105.35461667775684,0.0, 85.69294388632632, -15.513526850233328, -11.320109489547487, -15.513526850233328, 321.1505625579344, 15.92390499696721, -11.320109489547487, 15.92390499696721, 386.6733888875895, 11.301149187210743, 6.895968019645572, 16.0, 0.0
6, 0 ,1.0,1.0,1.0,57.86938689738629,148.77840336804272,184.75796902965877,18.53327916492858,22.222039734749917,8.749825358598072,92.0,94.0,38.0,0.08807122175049278,0.9948975018843367,0.04921809264571615,22.275198274330418,0.9941282740527405,-0.08466982970526042,-0.06737948253438582,18.529987352321868,0.06286839132898916,-0.05486329084177304,0.9965127117552068,8.620675202442358,97.2659678582351,91.38885791801953,42.1538542077686,28.331423159737437,10.54473290927238,138003.0,374706.6941174073, 0.0, 0.0,0.0,NaN, 78.77079033186834,78.77079033186834,0.0, 343.48243660517585, 14.318701192792968, -16.192956734566568, 14.318701192792968, 493.8190499728042, 22.192513575037502, -16.192956734566568, 22.192513575037502, 76.55944380596588, 9.293564433782107, 6.4029997862946475, 17.0, 0.0
7, 0 ,1.0,1.0,1.0,183.17310834073442,176.19532252228544,136.68163327960704,11.065193397958199,14.686666523595889,15.235106179178374,45.0,61.0,75.0,-0.010198462594713659,0.5884966675694231,0.8084353181426387,15.793484917837532,-0.3799547257827258,0.7455584746638841,-0.5475189195016341,14.622090951129962,0.9249488622167598,0.3127526708383929,-0.21599853973435654,10.344342858166044,79.33808291533626,74.15367485088365,56.68871179057808,22.732885154788082,7.311707826465493,91203.0,333511.6189841385, 0.0, 0.0,0.0,NaN, 69.70668918309661,69.70668918309661,0.0, 122.43850493421772, -31.108995888094384, 21.043588190975854, -31.108995888094384, 215.69817357531218, 24.165514125161042, 21.043588190975854, 24.165514125161042, 232.10846029083908, 10.519643376197408, 6.757145029028439, 7.0, 0.0
8, 0 ,1.0,1.0,1.0,81.09862282469514,21.718562421321636,43.14139143871327,17.206496272615574,13.526583324910982,19.778871972035112,92.0,55.0,86.0,-0.30419070540354975,0.06953841738040234,0.9500696938932004,20.091119619702408,0.9498324918749574,0.09826032613922289,0.2969227941496282,16.90276711360572,0.07270661678760536,-0.9927282190082252,0.09593972618294151,13.449130947442947,95.41258682942271,88.94117020947465,60.8016971829593,28.147153782503793,8.830259387783967,185089.0,515969.7156959793, 0.0, 0.0,0.0,NaN, 94.39206657860231,94.39206657860231,0.0, 296.0635139795337, 5.071027243980978, -34.81889771581298, 5.071027243980978, 182.96845644575984, 17.776189948802987, -34.81889771581298, 17.776189948802987, 391.2037764861562, 9.61798304140058, 6.176416362724252, 13.0, 0.0
9, 0 ,1.0,1.0,1.0,51.78182829911396,183.1927746943085,121.75344928446074,14.653000243888197,9.722858167104302,12.720765615018475,61.0,37.0,61.0,-0.9633928930640696,0.02381394239754193,0.2670337614256457,14.808512651912702,-0.26249856565171104,0.11863929915537569,-0.9576112048878268,12.578463188538848,0.054485196378801504,0.9926518084622661,0.10804513192252382,9.672253189922456,61.99518555641353,64.59637558114501,41.36769087713901,20.740650464542515,6.39434775602861,70087.0,165663.71443301305, 0.0, 2.8421709430404007E-14,0.0,88.63543261108627, 95.32241742294755,95.32241742294755,0.0, 214.71041614738755, -4.898587215165843, -16.092556493947587, -4.898587215165843, 94.53397093762682, -6.547046574719243, -16.092556493947587, -6.547046574719243, 161.81787783223635, 10.848713538645576, 6.575204703776075, 9.0, 0.0
10, 0 ,1.0,1.0,1.0,169.75117014434758,95.13336965842504,16.62439259682721,16.117592604460395,15.916556357187272,10.413617026706412,66.0,78.0,41.0,0.7729833204635904,0.6226070361075866,0.12189038056552516,16.602567356006602,0.6253295594142033,-0.7801242888727707,0.019210310606348938,15.493230807818176,-0.10705012100843672,-0.06137240829623679,0.9923576467645117,10.289389366659341,81.50901881623966,72.35888226465337,44.40765385763183,23.84021382992793,7.293914021779026,111952.0,261911.96812218474, 0.0, 0.0,0.0,NaN, 101.20138417737279,101.20138417737279,1.3486991523486091E-6, 259.7767913633564, 16.25397740616294, 17.607686370674962, 16.25397740616294, 253.33676627151854, 10.873384969779398, 17.607686370674962, 10.873384969779398, 108.44341957890967, 9.578895333042158, 6.088735592084817, 13.0, 0.0
11, 0 ,1.0,1.0,1.0,88.50635383989776,178.62380184733357,81.19924915766236,16.383406737511777,11.83770784353832,17.502693157464066,82.0,54.0,83.0,0.6230718920753576,-0.04504324593698674,0.7808665207966686,19.326211643856514,0.7820350964063216,0.017711124329493896,-0.6229826835986216,14.203936052818129,-0.01423113819724735,-0.9988280242716686,-0.04626070292554474,11.816825089014925,87.37569756524431,70.81672406401572,56.018368912043684,25.545504703486472,7.894225771044094,137712.0,346622.65779971273, 0.0, 0.0,0.0,NaN, 121.99850237303481,121.99850237303481,NaN, 268.4160163267463, -5.7031364486494835, 83.52198179524765, -5.7031364486494835, 140.13132698896865, -8.91103534106679, 83.52198179524765, -8.91103534106679, 306.3442677643394, 10.34303212595061, 6.324262003450667, 15.0, 0.0
12, 0 ,1.0,1.0,1.0,155.5682267159944,181.92950444787664,181.24825497168445,18.11365368425042,11.54740090279973,11.016084206322574,79.0,52.0,49.0,-0.9945649460485384,-0.09581435095570419,-0.040745284910096706,18.181858761998686,0.04543832246586464,-0.7515285130017837,0.6581339172211202,12.833480314901704,-0.09367991750079568,0.6527055264790281,0.75179755836314,9.355363360633858,79.91745119836415,71.1462913300642,52.4107244331293,22.819079126555824,7.879762462137557,83523.0,297998.48320897116, 0.0, 0.0,0.0,NaN, 51.50100220643809,51.50100220643809,0.0, 328.1044497929588, 20.52639056192637, 12.157499359985168, 20.52639056192637, 133.34246760998002, -37.22255276662363, 12.157499359985168, -37.22255276662363, 121.35411124078965, 10.15729150260578, 6.65439705723402, 7.0, 0.0
13, 0 ,1.0,1.0,1.0,21.49869640206971,44.948464428489295,57.130018852031604,12.39256566895914,16.839619323244563,16.910099184701348,53.0,85.0,82.0,0.286737583826076,-0.786266933132657,-0.5473261074384721,17.301784314551924,0.04282605677070763,-0.5602248276160984,0.8272327794423916,16.83799340526653,-0.9570514546684813,-0.26063854738829084,-0.12696480115475067,11.841881390413405,87.85836525975965,82.51079446979958,62.59233926587268,25.77489068032995,7.66517629704685,149586.0,453748.3615714447, 0.0, 0.0,0.0,NaN, 75.80499624365811,75.80499624365811,0.0, 153.57568385946468, -39.31211844314651, -19.896100880589586, -39.31211844314651, 283.57277895179163, 2.072281599416482, -19.896100880589586, 2.072281599416482, 285.95145443643725, 11.055991630507387, 6.265934111955855, 13.0, 0.0
14, 0 ,1.0,1.0,1.0,133.07175224186034,117.31684112185171,116.13098438483098,13.132461303606735,16.83118824693334,18.24794095386029,69.0,86.0,87.0,0.18921359939835117,0.3032097338408376,0.9339497155130402,18.38835157865462,-0.3379925066781518,-0.8728986941658512,0.3518649387946612,17.395878766706236,-0.921932361527753,0.38224563702901765,0.0626816858431613,12.165102338404564,87.79561720212814,85.55822820622399,66.79250071523805,26.916766954348347,8.01407783061491,157347.0,501721.0498910606, 0.0, 0.0,0.0,NaN, 135.46182816683637,135.46182816683637,0.0, 172.46153989072832, 56.52876676221703, 15.211667119775166, 56.52876676221703, 283.2888978037071, 6.352367089799233, 15.211667119775166, 6.352367089799233, 332.98734905557166, 9.17125746939334, 6.182492291441554, 28.0, 0.0
15, 0 ,1.0,1.0,1.0,78.16568444735472,91.69063729523106,159.55924937177141,14.111306083913117,17.20574150514449,18.30065316143576,75.0,83.0,84.0,-0.05441140352877771,0.07133895566046736,-0.9959669435133391,18.322436662105975,0.23133451638425287,0.971207304061474,0.056927269975889386,17.362983267723372,-0.9713515021326178,0.22730403855391138,0.06934791533845702,13.888683633763753,87.45307414652636,82.28665684377735,76.1578095572913,27.58653527238724,8.310443907295229,178677.0,548048.4362356891, 0.0, 0.0,0.0,NaN, 127.09249192656357,127.09249192656357,NaN, 199.12895939388335, 23.840188572183294, 9.169372563889555, 23.840188572183294, 296.03754074185184, -4.144203964281556, 9.169372563889555, -4.144203964281556, 334.91390613516876, 10.008173143615087, 6.3052365689451, 22.0, 0.0
16, 0 ,1.0,1.0,1.0,119.1553344342112,50.57621593095112,14.537963262457227,16.664619949948925,18.488162672120357,9.47199056512881,77.0,94.0,39.0,-0.5336454014284904,0.8445282845265396,0.044660521368272414,19.653855349503146,-0.8439997326678224,-0.5284690306924718,-0.09156928991536409,15.33222074877725,-0.053731152889824454,-0.08655899857103379,0.9947967143972232,9.374929287438935,97.75638653386447,72.6447622146059,43.49805263100929,25.28591473502525,8.358399269353809,117482.0,308900.9620596064, -1.4210854715202004E-14, 0.0,0.0,57.74790756567395, 96.46328806421118,96.46328806421118,0.0, 277.70955807623574, -68.8258317403855, 4.263952847444001, -68.8258317403855, 341.81215899078455, 18.376837106518, 4.263952847444001, 18.376837106518, 89.71860526588917, 9.498614619641934, 5.892863153463905, 9.0, 0.0
17, 0 ,1.0,1.0,1.0,48.99610899702669,13.011905490229667,119.14793152813635,15.73549239873104,8.242740926405343,15.664564586121358,68.0,33.0,72.0,-0.7296460018939737,0.08424255892158608,0.6786161677903666,16.740563854881024,0.6718666912350586,-0.09646266838668119,0.7343637401292198,14.685609736173168,-0.12732580700311452,-0.9917651661931188,-0.013783830996545631,8.063093152171453,82.24883244219279,77.85820026869462,37.208950063440824,22.4610246213823,7.51195418255372,81727.0,238276.66766876946, 0.0, 0.0,0.0,NaN, 95.43052633991975,95.43052633991975,0.0, 247.60572103052232, -22.99365220862272, -32.240837884347265, -22.99365220862272, 67.94277797983762, 1.6324111079948946, -32.240837884347265, 1.6324111079948946, 245.3785836727674, 8.685451019708713, 5.691599013741639, 9.0, 0.0
18, 0 ,1.0,1.0,1.0,186.36412032909652,27.963970045085205,171.91907588068977,8.05466356420129,15.45244732124773,15.136150657539037,32.0,72.0,59.0,0.009400662263620315,0.7672537472620303,0.6412747576985841,16.171939401964636,-0.04243245125566619,-0.6404193673446563,0.7668523462898874,14.374375444193415,-0.9990551109070215,0.03441977981107037,-0.02653609105193482,8.037692246203523,80.63208938451812,73.63663160019011,33.726715090518184,21.945452594135002,7.152335318947614,78518.0,200251.54323553227, 0.0, 3.552713678800501E-15,0.0,39.892085793999684, 41.910131644701856,41.910131644701856,0.0, 64.87760513247181, 5.279656848251622, -3.434032698603187, 5.279656848251622, 238.77812821593616, 27.146043781890683, -3.434032698603187, 27.146043781890683, 229.1030567277194, 8.736633178155158, 5.649247712395258, 9.0, 0.0
19, 0 ,1.0,1.0,1.0,22.767466927151315,178.3255749328438,41.331435837410424,14.725245156231,12.664037823798425,17.28744514309655,65.0,53.0,74.0,0.3442008405994132,-0.30373723755520704,0.8884083924935586,18.40816972661812,-0.902796573191451,-0.3669275911050744,0.2243267490059987,14.355720424800909,0.25784516432237037,-0.8792655079145085,-0.400509722512963,11.450722112174784,86.62788801600209,75.80730214895067,66.08949638380437,24.697650132967155,8.129731631412564,118753.0,434011.4728918279, 0.0, 0.0,0.0,NaN, 51.927120473339095,51.927120473339095,0.0, 216.83284491110456, 3.115175416162356, 48.342957813395664, 3.115175416162356, 160.37785400259716, -62.22829152764685, 48.342957813395664, -62.22829152764685, 298.85575957557256, 9.983610967507872, 5.965217542449053, 8.0, 0.0
20, 0 ,1.0,1.0,1.0,110.09606395083381,71.06225494814504,63.451728861220026,12.807990180490522,14.59740542526835,16.927373835151002,61.0,73.0,80.0,-0.14840712583274426,0.25562433581592925,0.9553174990236122,17.18479073571008,-0.039966620227511684,-0.9667759273947987,0.2524816339409994,14.399138907018708,-0.9881184110569207,7.107380614341969E-4,-0.15369287745941307,12.689074382096718,77.45270761947704,72.27487088950983,60.27735528865645,24.767820707142807,7.086600030131419,137981.0,337425.6694500599, 0.0, 0.0,0.0,NaN, 130.9911588273251,130.9911588273251,0.0, 164.04461246354163, -3.305188318229838, -19.508567600288025, -3.305188318229838, 213.08424514965387, 21.490434545930658, -19.508567600288025, 21.490434545930658, 286.53598495495476, 9.006319134193532, 5.686264435925037, 10.0, 0.0
21, 0 ,1.0,1.0,1.0,140.9894836822309,40.54911287565062,86.43664754378634,15.236205763769888,12.918030515384817,16.809109810738263,86.0,66.0,88.0,-0.3746743459739293,0.0562516523293273,0.9254484783494045,17.147782794653,0.8801200781288167,0.3354672711260366,0.335932073606816,15.13285496645797,0.2915609413888173,-0.9403709170393725,0.17519918904776927,12.590230216058652,79.39834941655471,77.86814199089778,65.71100838564736,24.98837219768433,7.559424978906064,131605.0,406265.0083326037, 0.0, 0.0,0.0,NaN, 112.23976848559823,112.23976848559823,0.0, 232.14196607593476, 17.95560937821447, -26.15386710078835, 17.95560937821447, 166.8755123964133, 14.999302675435443, -26.15386710078835, 14.999302675435443, 282.5461726294573, 8.831093145806776, 5.678995605974435, 13.0, 0.0
22, 0 ,1.0,1.0,1.0,54.946778201617626,75.95016540306115,93.06847211890027,14.366204896888487,14.864840339005104,14.444966266417222,70.0,75.0,63.0,-0.16609227858825315,0.7696778806428526,0.6164489557477484,16.22490168205954,-0.8793957776265252,0.16724088755600106,-0.44575054887472637,14.748834917751472,0.4461798082455111,0.6161383331514187,-0.649074058282559,12.459245798114912,76.01335676365673,71.66499684064789,64.77687336981174,24.24390479657531,6.945606675869503,126358.0,352871.82155804924, 0.0, 0.0,0.0,NaN, 132.0958612600585,132.0958612600585,0.0, 206.38784313938274, -22.97015731227452, 13.359878084486954, -22.97015731227452, 220.96347830411335, 46.60541611083398, 13.359878084486954, 46.60541611083398, 208.6570504379315, 8.673806755986712, 5.6102661182249225, 11.0, 0.0
23, 0 ,1.0,1.0,1.0,117.65976142846559,150.94971475142626,159.81774468400386,16.313429914845226,12.75191780965134,15.5445049598956,77.0,65.0,76.0,-0.9373312183494076,-0.3482003971676601,-0.012910093721535173,16.815250097251962,0.0028628375443241205,-0.04474589103636145,0.9989942989810084,15.549976813714348,0.34842788532034846,-0.9363515838869747,-0.042938561731202696,12.075455400054409,84.22785726291195,76.70714957052938,62.44930085702754,24.83251186923621,7.329214973184972,134970.0,403477.36679666763, -1.4210854715202004E-14, 0.0,0.0,20.391906575493397, 103.92525685926186,103.92525685926186,0.0, 266.1279955865671, 44.68075721134294, 1.9315808800387162, 44.68075721134294, 162.61140782410303, -3.67505346987971, 1.9315808800387162, -3.67505346987971, 241.6316344482189, 9.203881425885852, 5.775685052888335, 15.0, 0.0
24, 0 ,1.0,1.0,1.0,174.79540341349883,61.09623739332816,113.84325058184639,14.334373281800069,12.143999171033238,15.020480685237903,61.0,55.0,77.0,-0.5979468450760329,-0.020071029608511304,0.8012844215595815,15.877284591614245,-0.741406420865093,0.3937407095131351,-0.5434011159098827,13.643673109193717,0.3045916767799661,0.9190023979525556,0.2503168052565015,11.84600486873096,83.9685691629099,73.19963745050714,60.2763834415115,23.019971296952967,6.974721123525789,103120.0,370486.9114033748, 0.0, 7.105427357601002E-15,0.0,88.84993748774377, 108.58640514821683,108.58640514821683,NaN, 205.47425738198368, -12.035158877769243, -35.08641484895515, -12.035158877769243, 147.47671586605597, -11.601429584700632, -35.08641484895515, -11.601429584700632, 225.6148400156049, 9.45673255741891, 5.668575386565906, 11.0, 0.0
25, 0 ,1.0,1.0,1.0,183.72826962212494,19.939519494019297,114.4361448252639,10.364206929060982,11.25487962375863,16.029428654367138,42.0,44.0,80.0,-0.23153713653036104,-0.30456793168163543,0.9239204129136294,16.784520944563642,-0.32282747109744475,-0.8718559167637245,-0.3683065086431583,10.666645890576818,-0.9176998301798629,0.38354352477294557,-0.10354412727236396,9.774160102314886,90.58103144066042,54.99882909720151,47.416892703695396,20.88944843374851,7.3934178654326494,68303.0,236223.8785739412, 0.0, 0.0,0.0,NaN, 89.35058455044295,89.35058455044295,9.5367431640625E-7, 107.41678526839566, 18.264299984027016, -37.66014892527526, 18.264299984027016, 126.67231534529718, -46.53402172271787, -37.66014892527526, -46.53402172271787, 256.9425829854462, 9.25113082294436, 5.8361677949046715, 7.0, 0.0
26, 0 ,1.0,1.0,1.0,11.3895660579697,24.688794236259007,170.58619179240867,7.110118354668677,14.04263337405784,15.964393851598269,28.0,52.0,60.0,0.03153802698088598,-0.2921312206872877,0.9558580976033569,16.152115399004174,0.040465693943305826,-0.9551765457293877,-0.29325806741190125,13.842251853070731,-0.998683073085671,-0.04792824207324692,0.01830309110310676,7.079013908586437,71.96471798396873,65.12198823204065,28.913837809818247,21.2690112555411,7.088043901968831,66207.0,135504.28215609206, 0.0, 0.0,0.0,NaN, 40.05534782151015,40.05534782151015,0.0, 50.553783017396405, -7.411019694920335, 4.67498816273492, -7.411019694920335, 197.19555207820304, -19.222153311722447, 4.67498816273492, -19.222153311722447, 254.8618710489486, 8.58580979975075, 5.213609773739886, 6.0, 0.0
27, 0 ,1.0,1.0,1.0,98.14543879360524,184.54762903902645,141.80799480188972,13.048106182414807,9.352714429049467,15.035734871039912,61.0,38.0,64.0,-0.3426201686932487,0.026650476631621487,0.9390959333848256,15.339320979533488,0.9024554626861147,0.2871710695355205,0.3211026544421822,12.977978731753842,0.2611236447980152,-0.9575085007022821,0.12244146850747617,8.948573359822003,70.6205990871109,64.79087052860555,42.68009628877108,21.0156400602721,6.491728437652799,73873.0,195285.77210708658, 0.0, 0.0,0.0,NaN, 115.14170570771368,115.14170570771368,0.0, 170.25307494757152, 21.479664743610865, -24.339408121390896, 21.479664743610865, 87.4732671913501, 12.031656630833364, -24.339408121390896, 12.031656630833364, 226.0733231122056, 9.399512762395515, 5.629641816406518, 7.0, 0.0
28, 0 ,1.0,1.0,1.0,175.2903196849157,150.00775367766693,92.52979723740168,14.614741007934894,10.945346027985387,13.820230964490808,62.0,51.0,66.0,-0.8032842327510166,-0.09020280984412185,0.5887256530081182,15.412246356759224,-0.5929991955066642,0.21332769753029407,-0.7764298085434848,13.057662576486264,0.05555533765588468,0.9728076616488218,0.22485296950516814,10.786572606273598,74.96251630709644,66.27032154638823,52.57867659090485,21.91280866726442,6.649725906000932,89119.0,261199.8269150969, 0.0, 0.0,0.0,NaN, 108.0349775323768,108.0349775323768,NaN, 213.59065472901386, 1.9305915584529207, -32.378151055591815, 1.9305915584529207, 119.80059967233548, -15.405088588191669, -32.378151055591815, -15.405088588191669, 190.9987839118705, 9.413892487119286, 5.546960960357721, 8.0, 0.0
29, 0 ,1.0,1.0,1.0,20.19998084382932,75.45445141516211,175.21419472247499,11.784146303973996,15.45627752576163,14.25148491264737,49.0,73.0,59.0,-0.012104851411645233,0.8169576083992925,0.5765706709942944,16.564017344986357,-0.06953615842627021,-0.5759047359482805,0.8145541466248014,12.953578697466764,-0.997505987572816,0.03023245261056745,-0.06377933494111672,11.777332873183559,84.18759935889045,67.01195217476322,51.20367931642803,23.022466180342782,7.129761023861006,104405.0,288869.4166966228, 0.0, 0.0,0.0,NaN, 81.94967728862339,81.94967728862339,9.5367431640625E-7, 138.866104113464, -0.17664375362453186, -2.5944846665447847, -0.17664375362453186, 238.89651495336403, 50.254854681317575, -2.5944846665447847, 50.254854681317575, 203.10482221541565, 8.506152379591857, 5.1545706640297615, 8.0, 0.0
30, 0 ,1.0,1.0,1.0,89.11892400461873,34.136860112047216,104.68776461531883,13.295980063051758,15.157944795921768,13.802408404322893,67.0,69.0,61.0,-0.37011139893636447,0.7646309293243531,0.527595578353291,16.55036528051772,-0.6474532321375069,-0.6195845241767769,0.4437559347156193,12.988137040647523,0.6661995681265959,-0.17735433268238376,0.7243780615857466,12.427653009631314,82.49562274026925,63.94084169034587,67.69021399246367,23.46835694734017,6.803607589010258,116915.0,357055.01817141875, 0.0, 0.0,0.0,NaN, 134.87746308436914,134.87746308436914,0.0, 176.78308583706982, -28.094820194140134, -27.4212092478411, -28.094820194140134, 229.76329043621183, 44.27868176359035, -27.4212092478411, 44.27868176359035, 190.50647775972323, 8.262570989595602, 5.209670349321093, 9.0, 0.0
31, 0 ,1.0,1.0,1.0,105.35335552378051,161.40444434026395,18.0771430580624,11.105580031460974,17.573621100502674,11.095032342160884,53.0,84.0,44.0,-0.00957607759796377,0.9958229062109466,-0.09080219272364727,17.619621533677442,-0.7196618361510272,0.056182613161707695,0.6920479431123638,12.154139443605724,0.6942586984154893,0.07197397754679477,0.7161177321017292,9.853509044405017,85.29313966834313,65.20598629572021,53.413035213676324,22.33977933584278,7.496670482194675,85322.0,297063.1809722335, 0.0, 0.0,0.0,NaN, 103.79974628308746,103.79974628308746,0.0, 123.33390783518475, -4.081767802145148, -25.030997703488712, -4.081767802145148, 308.8321585840328, -17.323973332173214, -25.030997703488712, -17.323973332173214, 123.09974267359603, 8.19127839708758, 5.266536389641114, 12.0, 0.0
32, 0 ,1.0,1.0,1.0,153.64525297156732,89.23894507922262,68.68362732576202,10.659148340687944,12.61042863316013,15.003489659442447,51.0,61.0,69.0,-0.08741525454111533,-0.26114931918398393,0.961332203956184,15.229833523257698,0.2811252433562086,-0.9322689373841183,-0.22769107566305874,12.526632870518794,-0.9556815216490402,-0.2503510764475158,-0.15491019237011336,10.434591290649864,69.00334688345963,64.33041378093067,48.067986722484164,21.43290862119323,6.1947948842022855,86907.0,213374.4591527568, 0.0, 0.0,0.0,NaN, 121.77763568712714,121.77763568712714,NaN, 113.61744334879054, -9.780009932543585, -13.416718671070612, -9.780009932543585, 159.02291031202486, -20.699623793787318, -13.416718671070612, -20.699623793787318, 225.10470196099647, 8.09775318661117, 5.086667425220363, 8.0, 0.0
33, 0 ,1.0,1.0,1.0,152.77381681625695,49.69029483047913,157.77406983247664,12.227345053728234,11.491165174706367,12.354385763284393,55.0,56.0,56.0,-0.7205095102503559,0.1973430947075308,-0.6647719523340672,12.776086453437438,0.4756288379121669,-0.5569741743597645,-0.6808501873705997,12.195353680052367,-0.5046218922967118,-0.8067437462215087,0.3074431227843167,11.055797360484068,59.32714754916984,59.447141976411395,55.92873557645631,20.079370479552168,5.568175003378975,75094.0,197251.10688949592, 0.0, 0.0,0.0,NaN, 80.51376874148269,80.51376874148269,0.0, 149.5079670629323, -12.848501109333887, 11.056616721770247, -12.848501109333887, 132.0468770723844, 4.6692883864743155, 11.056616721770247, 4.6692883864743155, 152.6308475880441, 8.279478622613683, 5.0386229372705085, 13.0, 0.0
34, 0 ,1.0,1.0,1.0,120.90288876055922,79.28934610064329,178.49639408549442,12.323138774122386,11.976558265866629,12.842778151269489,59.0,55.0,53.0,0.36682876514424795,0.4554707302454867,-0.8111615566287579,13.916518574902858,0.8076953924962297,-0.5885735950033095,0.03477464888739982,12.532877333161508,0.4615894387906943,0.6679277933688067,0.5837873352877474,10.463849401200884,67.228475476271,59.876167122211704,57.945825318049174,20.55583221822334,6.1394144347008535,74461.0,233254.1652461331, 0.0, 0.0,0.0,NaN, 114.04191544699003,114.04191544699003,0.0, 151.8597492462786, -8.55505215275476, -23.711171947298165, -8.55505215275476, 143.43794789569827, -32.07404964440442, -23.711171947298165, -32.07404964440442, 164.93695064272495, 8.511913349480167, 5.08916709625397, 10.0, 0.0
35, 0 ,1.0,1.0,1.0,48.57434773949412,31.2202947619996,11.022326229834695,12.642614809407554,13.270140937557349,7.500782634991008,59.0,59.0,30.0,-0.6039998886700262,0.7933968302194386,0.0755354505139443,14.040205319692358,0.7878518407593242,0.608697714990335,-0.0936833431175958,11.84776535750774,0.12030632360246396,-0.0029260149167321635,0.9927325052288591,7.3957542193742025,70.47943721702579,59.14205474112721,33.02439386429884,18.81482329607088,6.180332854844293,50210.0,137655.53913610938, 0.0, -3.552713678800501E-15,0.0,37.49590659784379, 58.784910809325375,58.784910809325375,0.0, 159.8357092190512, -27.168848045141264, -12.821506548814494, -27.168848045141264, 176.09664050263544, 3.650329607086175, -12.821506548814494, 3.650329607086175, 56.26174013738266, 8.12992444575379, 4.880693244738746, 2.0, 0.0
36, 0 ,1.0,1.0,1.0,46.41941394390874,22.80410854475666,167.02162603148278,12.028388301777294,13.232292926412795,11.486387087285525,52.0,52.0,54.0,0.3437794780222219,-0.9299751649023359,0.13023771786867713,13.402026010221553,0.7727264117104876,0.35896168665704,0.5234886819763789,12.13269520698076,-0.5335818242179936,-0.07932654144235474,0.8420200334237851,11.175696639741865,63.24565678992738,64.64149964133732,61.46722179142972,20.415305454570902,5.909999386159264,74771.0,251296.08023645796, 0.0, 0.0,0.0,NaN, 61.33809996262003,61.33809996262003,NaN, 144.68212513833285, -11.30648037291969, 11.47301504129539, -11.30648037291969, 175.09357609039407, -2.435747061252035, 11.47301504129539, -2.435747061252035, 131.93708831895967, 7.999468264315785, 4.897694986867922, 6.0, 0.0
37, 0 ,1.0,1.0,1.0,11.361244853813412,173.23070267252808,137.29414555857932,7.139699904739538,14.430681835751072,16.418006020680327,29.0,54.0,74.0,0.03427073802866602,0.17268267683107558,0.9843811302729368,16.48392865541305,-0.01917899355629696,-0.9846646951880053,0.17340012761379706,14.366367438651992,-0.9992285437882259,0.024821989702034402,0.030433305868637104,7.117471276401579,79.60840047522801,62.2262689775752,30.65449731051413,21.82638545995327,7.2373829816458715,71655.0,151854.21763576876, 0.0, 0.0,0.0,NaN, 69.1208893552704,69.1208893552704,0.0, 50.97531472973777, 4.24925352482884, 6.93969774916153, 4.24925352482884, 208.24457824467592, 10.987069705828294, 6.93969774916153, 10.987069705828294, 269.55092169509544, 9.7500711638907, 5.9727833906527295, 8.0, 0.0
38, 0 ,1.0,1.0,1.0,114.5931260674395,154.63600501791032,61.683206626059885,10.084394384760088,12.507525905060362,13.946864566063669,51.0,55.0,60.0,0.1548135073711123,-0.46992099053070846,0.8690264901567112,14.768780568829518,-0.4093316992772197,-0.8310876053396623,-0.37648499600596225,12.055327624349644,0.8991553469241441,-0.29743512722848237,-0.321017144695261,9.444598560903216,62.80430472478799,56.34908474719413,48.936228547986545,20.3827951634912,6.098352803881375,66163.0,173183.60443948087, 1.4210854715202004E-14, 0.0,0.0,81.09401954402492, 114.70415918937088,114.70415918937088,0.0, 101.6950101073808, 9.716371009206684, 25.994149636103824, 9.716371009206684, 156.43820426575604, -35.08331446313678, 25.994149636103824, -35.08331446313678, 194.51503122412234, 7.9488457725547255, 5.018662494535122, 8.0, 0.0
39, 0 ,1.0,1.0,1.0,35.14097967712858,53.9502683766287,127.95527739080553,14.353983500792024,13.304364733572035,12.357920198978242,71.0,64.0,60.0,-0.8809760561357194,-0.32866896175472776,-0.34037905648647593,14.610387709290338,-0.4480178638779554,0.8108092749000277,0.3766541031003448,13.61195909805783,0.15218798297430666,0.48431914407254323,-0.861553123448027,11.70522513436875,71.03535620833449,63.91686668608023,54.11638327749334,22.23174625153547,6.442873082448868,97624.0,245707.7208837435, 0.0, 0.0,1.4210854715202004E-14,70.1000300848702, 96.6227818188568,96.6227818188568,0.0, 206.03684234100967, 4.600830291039734, 14.779096505678469, 4.600830291039734, 177.00612096391527, 23.295100300462927, 14.779096505678469, 23.295100300462927, 152.71819164431443, 8.32380684984659, 4.943364142269417, 6.0, 0.0
40, 0 ,1.0,1.0,1.0,58.82573028343244,144.2773702562322,86.50100554132847,12.01908162679437,12.170932429514211,10.941483618667549,62.0,57.0,51.0,0.6499871504095337,-0.7178898934615368,0.24930063210565043,12.847458853911935,0.7255985645328107,0.6837744470895087,0.0771960404124559,11.429192409159375,-0.22588365910445646,0.13071574646239087,0.9653444805748677,10.799182608159311,57.16116980102852,51.63151993098221,49.25604644909846,19.560464436720483,5.449239777500437,69117.0,145370.26032913922, 0.0, 0.0,0.0,NaN, 118.52384556957776,118.52384556957776,0.0, 144.45832315154598, -15.652561240558594, 8.63290669076059, -15.652561240558594, 148.1315962038007, -7.929203773786751, 8.63290669076059, -7.929203773786751, 119.71606377757033, 7.437241999763515, 4.685144044233822, 11.0, 0.0
41, 0 ,1.0,1.0,1.0,130.76836409711996,119.97238108283963,183.5229101743091,15.532151769680036,10.202845304349133,9.465706530398926,72.0,50.0,38.0,-0.9841563330140692,-0.08421596787741936,0.15602558425710006,15.70439646087831,-0.008770489396941705,-0.8557939886959505,-0.5172424261674724,10.62691280846999,0.1770858286369582,-0.5104158301486585,0.8414964584771681,8.682513863001894,72.37514339880653,55.15019202264631,44.62270031449853,19.77753307648714,6.617747081065952,58402.0,178111.64467723467, 0.0, 0.0,0.0,NaN, 107.09310756749511,107.09310756749511,0.0, 241.2477385963747, 14.474630514171674, -26.124500379472156, 14.474630514171674, 104.09805230447913, 14.369412932967425, -26.124500379472156, 14.369412932967425, 89.59960011963688, 7.683334616085429, 4.966917552804012, 6.0, 0.0
42, 0 ,1.0,1.0,1.0,125.18890339975566,10.511037620592324,43.08408813245145,9.415681148348535,7.113551758322571,18.648105233352553,44.0,29.0,83.0,-0.12846231432579885,0.014715677858064307,0.9916052050202429,18.7695234377838,0.9319252611466032,0.34372233512560535,0.11562985761747427,9.454245223497072,0.3391352848567899,-0.9389560187575238,0.05786927858652891,6.732884676894324,86.1169331992767,48.78780894051519,33.57371717239891,20.407170782418195,8.399814257297733,47474.0,141058.51168814403, 0.0, 0.0,0.0,NaN, 86.9679293567315,86.9679293567315,0.0, 88.65505148736598, 13.53029057207173, -34.35531243147456, 13.53029057207173, 50.60261861833415, 6.230040397240516, -34.35531243147456, 6.230040397240516, 347.7518287941908, 8.306632866696017, 4.600519505188467, 4.0, 0.0
43, 0 ,1.0,1.0,1.0,171.208027042979,103.96315572964176,120.76518037595464,8.281428491998971,12.610767721168871,16.86388831415194,43.0,53.0,73.0,-0.13940548877409445,-0.02248369988134881,0.9899800972440314,16.991099047724468,-0.18760828171769822,-0.9810359574048669,-0.0486989004973323,12.757578416000374,0.9723010039748952,-0.19251735900526398,0.13254366884559088,7.781452021800014,71.27923155648628,55.02229222103287,40.13914270961041,21.524101411277282,6.979778498965502,55911.0,157423.57861156383, 0.0, 0.0,0.0,NaN, 127.78970930799503,127.78970930799503,0.0, 68.58205786809235, 19.52593471246321, -30.55241031197324, 19.52593471246321, 159.03146251727472, -0.19530554677165618, -30.55241031197324, -0.19530554677165618, 284.3907290721903, 9.347680717660307, 5.506925015706307, 9.0, 0.0
44, 0 ,1.0,1.0,1.0,48.55481539612724,183.36362309054076,164.54937674520468,15.078715110064708,9.920729715929504,9.133345685825738,62.0,43.0,41.0,-0.9940899670754072,0.0344272621685696,0.10295582052313794,15.129426186347972,-0.08844568705309622,-0.806766044285055,-0.5842139250568663,10.81213198715389,0.06294837409911225,-0.5898671998070586,0.8050429732567432,7.962712857313383,63.11232040201088,52.586898519408294,41.12725180858895,19.263960327309743,6.173035184709876,54793.0,136496.4623542057, 0.0, 0.0,0.0,NaN, 62.37856862720576,62.37856862720576,0.0, 227.36764937049372, -1.8465523324592437, -14.173672787659521, -1.8465523324592437, 98.4208780965267, 25.801201206879544, -14.173672787659521, 25.801201206879544, 83.4180034167916, 8.655061286545239, 5.207221171812859, 5.0, 0.0
46, 0 ,1.0,1.0,1.0,159.75769696792747,51.51758368490971,42.50434300229194,12.49277057216352,12.565114601123328,10.842313973255887,64.0,58.0,55.0,-0.8037315934379945,-0.3877607591693466,-0.4512838567443281,13.838444968193748,0.1995862993054479,-0.8902295182407052,0.40945905043420266,12.525727108452996,0.5605183626244363,-0.23902510014919948,-0.7928973241596204,9.116512220667307,65.026375825933,57.14851897000001,47.12803869160595,19.916794907801897,5.901565419725746,68501.0,175135.3828061301, 0.0, 0.0,0.0,NaN, 77.97514704130613,77.97514704130613,0.0, 156.06931656871487, 20.671301937229074, 45.34462394931532, 20.671301937229074, 157.88210493936265, -7.927351150293619, 45.34462394931532, -7.927351150293619, 117.55577229465987, 7.574489726930866, 4.404333248926183, 3.0, 0.0
47, 0 ,1.0,1.0,1.0,8.478890798207487,118.0510798881364,68.28993564473197,6.023026351118172,9.703656054800646,12.806551178357838,24.0,47.0,56.0,-0.06720972786186555,0.02652594154276974,0.9973861974711717,12.830789388203618,-0.04970901568378023,0.9983160734056354,-0.029900356849098423,9.709155837251691,-0.996499807446285,-0.05158868097968093,-0.06577797316954237,5.962271122949254,56.32051565739891,47.28003446944817,25.521729148010145,16.24390568952641,5.530015216055107,29679.0,67960.17715714994, 0.0, 0.0,0.0,NaN, 107.00949680766733,107.00949680766733,0.0, 36.27684642626387, -3.1440748829165517, -8.565512831246842, -3.1440748829165517, 94.16094082986923, 1.662268188368447, -8.565512831246842, 1.662268188368447, 164.00775308389854, 7.462864953873553, 4.581941225018295, 9.0, 0.0
48, 0 ,1.0,1.0,1.0,50.62043875685558,140.10987202925045,49.66252285191956,10.54502798308143,13.693683186629913,9.062422334632185,50.0,59.0,40.0,-0.38395952976462805,-0.9189928546770446,0.08959471276510339,14.311983385589633,0.9182079614129675,-0.36979358348023045,0.14193958297350506,9.755282361950016,-0.09730991265420108,0.13676563409492043,0.9858123260691388,8.991310836592996,66.81703582374394,47.416683090163296,39.860426465736055,18.659643469752815,5.71487344853108,54700.0,126287.4857441144, 0.0, 0.0,0.0,NaN, 92.82037720407494,92.82037720407494,0.0, 111.19761516397043, 38.88738872159609, -2.3987513811415964, 38.88738872159609, 187.51695921579076, -10.960617227422786, -2.3987513811415964, -10.960617227422786, 82.12749857124025, 7.3754783533854065, 4.351779811357104, 6.0, 0.0
49, 0 ,1.0,1.0,1.0,141.5333884519987,147.42752215962622,17.4340402622623,8.663249971810485,13.951364201088172,10.24411603903081,37.0,61.0,40.0,-0.027881257479023525,-0.9800098362244211,0.19698567558269808,14.086729339240026,0.23089371540352235,-0.1980470871391151,-0.9526098065120208,10.139651490750273,-0.9725794197229067,-0.01892279522415767,-0.23179991404735037,8.566557110982645,65.21255515356813,47.48017566080918,41.107813883067195,18.504597082979778,5.675761038239754,52009.0,127282.27104471228, 0.0, 0.0,0.0,NaN, 80.53667395694744,80.53667395694744,0.0, 75.05190007407438, 2.0712397425408944, -7.159236111354139, 2.0712397425408944, 194.6405630714046, -18.588972778392154, -7.159236111354139, -18.588972778392154, 104.9419134211283, 7.887568795040819, 4.463099049108781, 6.0, 0.0
50, 0 ,1.0,1.0,1.0,8.94585396714588,22.72632474530422,112.90793865485722,5.805093652822198,12.829075296896775,14.736724341988463,24.0,52.0,63.0,0.004994947075066867,-0.26220831100226266,0.9649983689856982,14.8781815913801,0.019952088701543105,-0.9647921726839965,-0.2622555579661563,12.666929122575702,-0.9997884599554863,-0.02056368568703016,-4.1251763840360883E-4,5.800340400424865,64.56463331637921,57.27004513335558,24.69945108158994,19.305690272156887,6.538015963485345,45839.0,91329.17107057829, 0.0, 0.0,0.0,NaN, 90.45187277760832,90.45187277760832,0.0, 33.69911231803657, -2.6868444333897905, 0.24129024938053725, -2.6868444333897905, 164.5851729734471, -15.412965151395493, 0.24129024938053725, -15.412965151395493, 217.1710443317553, 7.434496048777517, 4.505918375824344, 2.0, 0.0
