// Sample: .//bubblelabels.tif, Map: .//bubblelabels.tif, Thickness:(8.191250068658265):/afs/psi.ch/project/tipl/test/LabelValidation/SmallStep0500//distmap.tif, Neighbors:(1.0):
//LACUNA_NUMBER, TRIANGLES, SCALE_X, SCALE_Y, SCALE_Z, POS_X, POS_Y, POS_Z , STD_X, STD_Y, STD_Z,PROJ_X, PROJ_Y, PROJ_Z, PCA1_X, PCA1_Y, PCA1_Z, PCA1_S, PCA2_X, PCA2_Y, PCA2_Z, PCA2_S, PCA3_X, PCA3_Y, PCA3_Z, PCA3_S,PROJ_PCA1, PROJ_PCA2, PROJ_PCA3,OBJ_RADIUS, OBJ_RADIUS_STD, VOLUME, VOLUME_BOX, Mask_Grad_X,Mask_Grad_Y,Mask_Grad_Z,Mask_Angle, Mask_Distance_Mean,Mask_Distance_COV, Mask_Distance_STD, SHAPET_XX, SHAPET_XY, SHAPET_XZ, SHAPET_YX, SHAPET_YY, SHAPET_YZ, SHAPET_ZX, SHAPET_ZY, SHAPET_ZZ, Thickness, Thickness_STD, Neighbors, Neighbors_STD
1, 0 ,0.3333333432674408,0.3333333432674408,0.3333333432674408,19.334279992718006,283.2297287456763,76.29740275502154,13.291570735408136,11.55511102524565,31.97117701760242,58.0,58.0,146.0,0.11248901359396027,0.018784095200185966,0.9934754046216584,32.14467441176268,-0.8226381271234677,-0.5590256347777267,0.10371524219781852,13.896083286197833,-0.5573264156878363,0.8289375714906821,0.047431729334694084,10.293754396516565,145.44187507396603,78.78820004169765,51.74472640931316,33.26109948384379,15.034688704345506,164790.0,592948.1779752054, 0.0, 0.0,0.0,NaN, 80.4757730496724,80.4757730496724,0.0, 176.665852614358, 42.03289133027233, 96.19779277769806, 42.03289133027233, 133.52059080575356, 12.252874712684118, 96.19779277769806, 12.252874712684118, 1022.1561598908694, 4.780004776630401, 4.826244363957078, 9.0, 0.0
2, 0 ,0.3333333432674408,0.3333333432674408,0.3333333432674408,211.2401976288896,191.42606549092747,17.417129291320833,37.182133647426724,27.060189087358903,11.082057032940382,159.0,167.0,53.0,-0.8678517702327497,0.49111749762898943,0.07507934753659898,41.1309552585884,0.4967704491103081,0.8555915412989409,0.14554118093668672,20.951821208148726,0.007240565905036134,0.16360537271233355,-0.9864992935755368,10.33646901402168,167.186804544522,135.82577515527962,64.87052276964656,43.078706839947536,19.539751817706083,275061.0,1473097.821140726, 0.0, 0.0,0.0,NaN, 141.31510239351465,141.31510239351465,0.0, 1382.5110625751024, -534.3483980677715, -79.25571533277659, -534.3483980677715, 732.253833443618, 99.79901167316582, -79.25571533277659, 99.79901167316582, 122.81198808134337, 2.6374512070083713, 3.153826316723882, 23.0, 0.0
3, 0 ,0.3333333432674408,0.3333333432674408,0.3333333432674408,51.533930439902186,135.9917195911384,274.7656798766537,26.180506138800787,25.384375901455492,14.887103413064693,110.0,117.0,71.0,-0.8954455195013575,0.42180580284519803,0.14232774252078373,26.96179476326894,-0.3799263632369476,-0.8907307484745691,0.24950890212471524,25.34888692259408,0.23201999940197285,0.16934756687963284,0.9578560024708603,13.48728455065602,126.66858035859089,124.49870898342135,69.84621946210211,37.39427662902076,12.372524601458954,343099.0,1101480.1000648574, 7.105427357601002E-15, 0.0,0.0,26.434287170747098, 147.60170966498666,147.60170966498666,0.0, 685.4189016837857, -49.96800079166727, -113.13068724270029, -49.96800079166727, 644.3665399063943, -69.6585379248268, -113.13068724270029, -69.6585379248268, 221.62584803128246, 2.9819424471144518, 3.2388766248132685, 21.0, 0.0
4, 0 ,0.3333333432674408,0.3333333432674408,0.3333333432674408,23.895050730407497,92.01836858577657,150.54255520430124,15.383681656200935,22.3805406472006,18.37005292346678,60.0,103.0,82.0,-0.11589442145525351,-0.9893573837022199,-0.08797982944658532,22.50500390203163,0.25551628386601594,0.05589902329145979,-0.9651874055717689,18.53019835180409,0.959833272894232,-0.1343401150399948,0.24631853713471796,15.005387491952362,105.4230036991921,89.02448576860509,70.49057638703462,31.306002436173046,9.743680866990992,253694.0,661570.1800586245, 0.0, 0.0,0.0,NaN, 177.132383858672,177.132383858672,0.0, 236.6576612993331, 33.94405095743843, -26.28386350361214, 33.94405095743843, 500.88859966099835, 18.108909523867617, -26.28386350361214, 18.108909523867617, 337.4588444109704, 2.569664854116413, 3.274696406591677, 18.0, 0.0
5, 0 ,0.3333333432674408,0.3333333432674408,0.3333333432674408,278.96261623883146,83.66180809599884,212.94864416216976,12.873685362720346,21.431990315152778,18.72177526282542,60.0,106.0,91.0,0.0995615052690448,0.9826776145298459,0.15630806943499193,21.575745091007803,0.058803299929732086,0.15100329732100853,-0.9867827400778537,18.654030289779282,-0.9932923429614952,0.10743700526408696,-0.04275057091956345,12.73111269271913,103.71189477066518,94.59173513013516,68.63857910364615,29.530330358582567,10.1747944250435,192169.0,673364.2344080337, 0.0, 0.0,0.0,NaN, 122.55532710825325,122.55532710825325,0.0, 165.7317748183201, 31.337413575350908, -6.064479392300333, 31.337413575350908, 459.33020886880246, 18.9079840354017, -6.064479392300333, 18.9079840354017, 350.50486899174183, 3.049130159275844, 3.362726609926875, 14.0, 0.0
6, 0 ,0.3333333432674408,0.3333333432674408,0.3333333432674408,96.85449251433543,182.00354760257926,282.37534304647585,15.225132890117171,15.004369858083182,10.529913373383977,77.0,80.0,45.0,-0.7468469170983189,-0.6615459830445759,0.0676505339101084,16.33348086337887,0.6382102587234365,-0.741627594026432,-0.20658213242855927,13.951868036688708,0.18683508257525322,-0.11110996398231722,0.976087715230013,10.3139538094425,81.72851118705864,70.98436359238289,50.92160603639624,22.61512742437726,7.508053914965342,89638.0,295418.9656779595, 0.0, 0.0,0.0,NaN, 153.67037460524276,153.67037460524276,0.0, 231.80467152172767, 37.469089798750915, -19.743082182163963, 37.469089798750915, 225.1311148381551, 6.345898401472788, -19.743082182163963, 6.345898401472788, 110.8790756509707, 2.74724070810711, 3.0978514375513613, 10.0, 0.0
7, 0 ,0.3333333432674408,0.3333333432674408,0.3333333432674408,241.660237496548,228.1881368003372,287.07024607200475,14.42354325053318,19.748679948119683,7.673768568365585,78.0,93.0,34.0,-0.48671901586911986,-0.8720697148468656,0.05098050645395527,21.753663240907013,0.8718031232193101,-0.48861097284342087,-0.03490890376484226,11.2245343691174,0.055352632606340144,0.027454137464366632,0.9980893529136735,7.597608007248984,115.09156884329335,60.37816586763903,36.93998099765389,23.53116224900504,10.159728679699125,68801.0,256696.58672506775, 0.0, 0.0,0.0,NaN, 93.42189316110425,93.42189316110425,0.0, 208.0385999000013, 147.27976171632238, -12.387435180023873, 147.27976171632238, 390.0103596932645, -17.308037167425127, -12.387435180023873, -17.308037167425127, 58.8867240408356, 3.2079425858327832, 3.3476285042594154, 8.0, 0.0
8, 0 ,0.3333333432674408,0.3333333432674408,0.3333333432674408,216.88505658187447,263.300396556727,290.1481961504981,19.321825819961095,12.816793786168436,5.731770253316556,93.0,69.0,24.0,-0.9427866882065218,-0.33330918381831154,0.007632071995840867,20.0819604878199,-0.3306572422661363,0.9377238551240729,0.1064883076595803,11.641196473386724,-0.04265030688673233,0.09787215903217156,-0.9942846633680162,5.626166887369627,99.79257434716251,60.01031185656248,26.871725760312273,22.105614666875958,9.044232770692744,51695.0,160923.57370740885, 0.0, 0.0,0.0,NaN, 91.38934703443705,91.38934703443705,0.0, 373.3329530169152, 84.57672804604064, -6.331200666867953, 84.57672804604064, 164.27020295716585, 9.42610817252951, -6.331200666867953, 9.42610817252951, 32.85319023680454, 3.621879920964431, 3.4526406446482887, 6.0, 0.0
9, 0 ,0.3333333432674408,0.3333333432674408,0.3333333432674408,140.5152742399531,13.55766094302626,12.290512928585827,18.639606892195303,9.436235919604036,8.596632852558141,96.0,39.0,37.0,-0.9955837769475118,0.03166667265385285,0.08837513746501553,18.706721333239116,-0.013724438272711715,0.8821786443385589,-0.47071485983244826,9.775545790073215,-0.09286863234173956,-0.4698489771362886,-0.8778481393788782,8.054618010458379,95.57604258696112,51.8351413812771,41.11550247960531,20.89869209883102,8.580457935678151,54569.0,203694.32700299483, 0.0, 0.0,1.7763568394002505E-15,84.92986317849294, 141.7018319324878,141.7018319324878,0.0, 347.4349450955746, -9.358689189760044, -24.883132227564584, -9.358689189760044, 89.0425483304254, -11.94408178507567, -24.883132227564584, -11.94408178507567, 73.90209640168192, 3.8891172381586765, 4.004665569205801, 5.0, 0.0
10, 0 ,0.3333333432674408,0.3333333432674408,0.3333333432674408,115.95064006579919,85.1214332412426,118.70023409325769,14.059366035163771,14.703478820310623,12.191430552603752,71.0,69.0,59.0,-0.6566236962491273,-0.7534299327752937,-0.034476918689906454,16.915981065986802,0.4877520629434325,-0.3893271150231386,-0.7813592788226074,13.581345892763357,0.5752766696282404,-0.5298752059739874,0.6231284133109836,9.585701328817622,82.96486680052985,62.65338184708382,49.716415765651846,22.633731230756595,7.08542533817916,94834.0,258427.394767226, 0.0, 0.0,0.0,NaN, 186.493846822103,186.493846822103,0.0, 197.66577331071665, 78.52857022800136, -30.880445876051652, 78.52857022800136, 216.19228941932306, 33.205581375687224, -30.880445876051652, 33.205581375687224, 148.63097891896024, 2.461934629767636, 2.555763652977688, 15.0, 0.0
11, 0 ,0.3333333432674408,0.3333333432674408,0.3333333432674408,272.24703792338977,286.1504309142429,119.5079796215002,14.604757060832132,8.802522963269462,16.091789303073284,61.0,39.0,79.0,-0.5717144711257057,0.001867066756255815,0.8204505332847203,17.379935281437643,0.8189204241424376,0.06238530438490934,0.5705062775458052,13.059358938862903,0.05011888294668749,-0.9980503934464079,0.037195560402369904,8.781800272056778,87.43730197911836,71.25228819692427,40.778692078137,22.001864515908842,8.102282402071552,68111.0,254055.6492118796, 0.0, 0.0,0.0,NaN, 123.46738298473743,123.46738298473743,1.9073486328125E-6, 213.298928805926, 4.532936668628456, -61.8631831144947, 4.532936668628456, 77.48441051888621, 3.6697485104920453, -61.8631831144947, 3.6697485104920453, 258.94568297450377, 2.3683461020256447, 2.7058056114911286, 6.0, 0.0
12, 0 ,0.3333333432674408,0.3333333432674408,0.3333333432674408,100.88344785541005,286.3431026380298,161.00763974445277,26.301703297462733,8.867793654750875,19.491715020740596,129.0,39.0,104.0,0.9868694118560611,0.030076440980557652,0.15869521618755522,26.469131956848962,0.15882775247135228,-0.002054833514819743,-0.9873041692933973,19.278381419728824,-0.029368503328747513,0.9995454893886367,-0.006804825865511528,8.835914122892893,130.7581290970772,103.36811005667273,41.447436392170374,31.39808265171805,12.825939376771654,157466.0,560212.6968682928, 0.0, 0.0,0.0,NaN, 172.28713563745393,172.28713563745393,0.0, 691.7795963477621, 18.382164802025514, 51.460068917926584, 18.382164802025514, 78.63776430323986, 3.566987460953419, 51.460068917926584, 3.566987460953419, 379.9269544497646, 3.5091841835711013, 3.8319163499442945, 16.0, 0.0
13, 0 ,0.3333333432674408,0.3333333432674408,0.3333333432674408,255.65498406452076,86.71085559688873,166.3060739283262,12.538152532996063,17.39639261105917,11.241548084518879,65.0,82.0,50.0,0.08821702819531356,0.9811985607315218,0.1716599555947093,17.569843723729516,-0.897559509140598,0.15303555690951073,-0.4134816149149622,12.900534216899255,-0.4319776423470044,-0.11759890620148725,0.8941844405784176,10.539874600661719,85.48893580098648,68.09573090571962,55.86048704768895,23.045890269336887,7.422876117048916,97581.0,325188.0026876483, 0.0, 0.0,0.0,NaN, 165.40652582386394,165.40652582386394,NaN, 157.20526894067558, 9.50413887314587, 23.52858231566581, 9.50413887314587, 302.63447587811413, 29.782579353437367, 23.52858231566581, 29.782579353437367, 126.3724033365501, 2.749346279456048, 2.9806085343298894, 12.0, 0.0
14, 0 ,0.3333333432674408,0.3333333432674408,0.3333333432674408,19.01969964755615,142.67058385786487,193.85949789670605,11.085884948199997,14.734905909397115,14.000740457424431,41.0,67.0,61.0,0.021476596566062947,0.7721073041631236,0.6351291732064367,16.17142508550554,-0.058230933868319165,-0.6332311818871177,0.7717690254387428,12.320134604209066,-0.9980720986686091,0.05355913688435571,-0.0313608787415282,11.078552461297773,67.8763081506747,49.351615062925006,42.339564879494475,22.223315674474176,6.493017097791448,96753.0,141829.30441103253, 0.0, 0.0,0.0,NaN, 178.83637957576374,178.83637957576374,0.0, 122.89684508472725, 3.3725245436000337, 0.5874318833408609, 3.3725245436000337, 217.11745215878602, 53.858701197523246, 0.5874318833408609, 53.858701197523246, 196.02073335616126, 2.068022786572953, 2.503339317622537, 5.0, 0.0
15, 0 ,0.3333333432674408,0.3333333432674408,0.3333333432674408,284.01287835125305,142.78846115626925,255.13413955521992,10.097653695202641,16.805258275218613,14.688328244096693,43.0,67.0,69.0,0.12160873214797702,-0.9218335722857252,0.3680138329904193,17.303193594771574,0.11317797257821029,-0.35546942594648673,-0.9278104514071615,14.251250356300948,-0.9861044887781659,-0.15448091216785892,-0.061103068559105994,9.880670885889273,74.424009853747,65.88504536710371,45.04371089166335,23.36483003441184,7.362813315198195,100634.0,220868.6502181235, 0.0, 0.0,0.0,NaN, 150.52268311267153,150.52268311267153,1.9073486328125E-6, 101.96261014823956, -26.86255982728018, -2.0451323097916108, -26.86255982728018, 282.4167056968036, -33.665902549322034, -2.0451323097916108, -33.665902549322034, 215.74698660632865, 2.6291883932704763, 2.9995405246049707, 6.0, 0.0
16, 0 ,0.3333333432674408,0.3333333432674408,0.3333333432674408,23.638382499171364,62.17882536593711,286.93748329359437,14.629238300795265,22.257240546905912,7.112732808653943,59.0,101.0,28.0,-0.1704187214677501,0.9853118860294017,-0.010860323313821574,22.45255177317959,-0.9853704059874006,-0.17039002727299668,0.003521591988378624,14.329609453946052,-0.0016193756582597533,-0.011301586397085353,-0.9999348237597222,7.10883603704996,102.12708292755492,66.7003682585338,28.650326195354467,25.751937469580394,9.840124724533236,93527.0,195163.55927325608, -3.552713678800501E-15, 0.0,0.0,80.18783470804169, 67.79091969998608,67.79091969998608,0.0, 214.01461326145514, -50.172548539978855, 0.30231507984491923, -50.172548539978855, 495.3847567628325, -4.946575941550213, 0.30231507984491923, -4.946575941550213, 50.59096800730221, 3.482035500071891, 4.078636101107404, 7.0, 0.0
17, 0 ,0.3333333432674408,0.3333333432674408,0.3333333432674408,260.41021423077217,16.3049532774338,73.54239682575948,23.341538865789676,10.946111401438065,26.27577584261862,96.0,45.0,121.0,-0.5396758715612636,-0.04297310287698413,0.8407753957411661,28.123842789032608,-0.8362727834284467,-0.08763617708602438,-0.5412649371265283,21.168136666913323,-0.09694217529758796,0.9952252071239307,-0.011357893893704942,10.77128796365879,130.61471088198238,105.22176305199798,48.68841552680699,34.75798621538489,12.122028783115063,262614.0,669149.7334440498, 0.0, 0.0,0.0,NaN, 85.0981008572467,85.0981008572467,0.0, 544.82743662317, 39.98928462811845, -155.93728561784772, 39.98928462811845, 119.8173548126924, -8.634200194166635, -155.93728561784772, -8.634200194166635, 690.4163961315404, 3.8915365278778506, 3.8255947032951387, 9.0, 0.0
18, 0 ,0.3333333432674408,0.3333333432674408,0.3333333432674408,277.2335418183798,69.47574064369475,272.4169451382603,13.650472440593948,17.797542289204433,14.064792131272394,53.0,81.0,59.0,0.0583130136654115,0.9900328890642177,0.12819700077776713,17.86606169767164,0.22764432828895856,-0.13821938554427082,0.9638845684300752,14.014465999451355,-0.9719967346833661,0.027023693880028454,0.23343536093306885,13.612673111793614,82.97874325740239,64.61639895995864,59.4594996677622,25.41864540353032,7.402617978321054,146933.0,318809.2068028604, 0.0, 0.0,0.0,NaN, 78.14099482109977,78.14099482109977,0.0, 186.33539785141488, 7.380513293893225, 3.4365903342379247, 7.380513293893225, 316.75251153602017, 15.514504576543867, 3.4365903342379247, 15.514504576543867, 197.8183776959019, 2.7566688528894656, 3.100692624046526, 9.0, 0.0
19, 0 ,0.3333333432674408,0.3333333432674408,0.3333333432674408,163.6193595998524,19.21771145094502,101.83215940305851,17.97684070195452,10.581268203501573,17.427602218888175,83.0,47.0,81.0,0.7282006585216385,0.1709529551417409,0.6637009025584929,20.568022787940066,-0.6764599658057879,0.023687425678971297,0.7360983769352677,14.60388822700487,-0.11011682700970249,0.9849944126709602,-0.1328920291676897,10.125919452849937,85.64424119134418,65.71126306143154,51.97481337913386,25.7420576838162,8.729136481965739,121955.0,292503.40061145223, 0.0, 0.0,0.0,NaN, 171.28569174935797,171.28569174935797,0.0, 323.1668016234487, 38.12513946344398, 99.76288525808147, 38.12513946344398, 111.9632367944334, 38.29639076453879, 99.76288525808147, 38.29639076453879, 303.72131909979606, 2.5527949454228107, 2.928275955617462, 10.0, 0.0
20, 0 ,0.3333333432674408,0.3333333432674408,0.3333333432674408,82.93474074529327,272.9863560936636,257.30325937762484,13.853325432663057,12.99096704242851,14.686622517898517,64.0,61.0,78.0,0.6053606509868525,0.007626621059692473,0.7959147673513705,15.78360491850175,-0.5138382327754873,0.7674148990444406,0.3834640051722912,13.873676963596965,0.6078723161774502,0.6411054572968655,-0.46848163234991336,11.60929087026348,78.20152269245233,65.48145573935696,61.83823719169389,22.91480258641583,7.161602729107299,97626.0,316658.12508269586, 0.0, 0.0,0.0,NaN, 97.1129231326178,97.1129231326178,1.9073486328125E-6, 191.91462554326907, -22.226045575228564, 43.724172510344054, -22.226045575228564, 168.76522469746374, 17.674788903478653, 43.724172510344054, 17.674788903478653, 215.69688098324374, 3.3061329217826185, 3.2280300077912014, 10.0, 0.0
21, 0 ,0.3333333432674408,0.3333333432674408,0.3333333432674408,219.48628928452626,47.26627424323503,281.086169243452,19.71665447997542,16.700109273700658,11.562905702041107,83.0,87.0,46.0,-0.830046268551076,-0.5382235782757275,0.14607728041179743,21.75441572302415,0.5538161258814666,-0.8263328050391788,0.10228291171904554,14.234244500552991,0.0656573741332902,0.1657995027258951,0.9839713583828379,11.201454457296549,98.86314907876354,61.69757024455285,54.824696080541116,26.76002810053519,9.232648480747912,138286.0,334409.5980617845, 0.0, 0.0,0.0,NaN, 95.25907456982266,95.25907456982266,0.0, 388.7464638827348, 120.06918889811928, -37.7991526482384, 120.06918889811928, 278.8936497535427, -33.86334787239792, -37.7991526482384, -33.86334787239792, 133.70078827429475, 3.1043415780552728, 3.2552748105321863, 10.0, 0.0
22, 0 ,0.3333333432674408,0.3333333432674408,0.3333333432674408,218.85850497631594,28.84766884879451,162.68242322635584,25.73541086764916,17.02282181598405,22.376355657812624,118.0,78.0,104.0,-0.9233640603530441,0.17134953831976996,0.34356680247943316,26.586107725190953,-0.3103480898136156,0.19368315718735335,-0.9306830275507224,21.836524170344106,0.22601521010184225,0.9659845600937628,0.12566206453452597,16.405310597879566,124.23070426319927,108.81603943565602,84.94067018745973,36.483217021525626,11.034672781369677,375780.0,1148252.8854067428, 0.0, 0.0,0.0,NaN, 162.0871589721836,162.0871589721836,0.0, 662.3113725267145, -81.7346042887874, -78.85953450058888, -81.7346042887874, 289.7764625787425, -11.672798039421307, -78.85953450058888, -11.672798039421307, 500.7012925249231, 2.477685357986504, 2.902149519544198, 18.0, 0.0
23, 0 ,0.3333333432674408,0.3333333432674408,0.3333333432674408,17.05650180470198,275.2577699736611,271.34622963613305,10.498705385183055,14.60210892565598,16.23892540923266,39.0,58.0,65.0,0.038816223214024406,-0.33209266197372994,0.9424477516969318,16.486584373939692,-0.21887023324046112,-0.9230813884403669,-0.3162539664830642,14.505944027060758,-0.9749816007580168,0.19399797467552862,0.10851573160204869,10.242910809577701,75.577904548385,70.297262754479,43.507272648515865,23.161650783437985,7.119342053463204,102510.0,231150.6509278814, 0.0, 0.0,0.0,NaN, 41.522773950632065,41.522773950632065,NaN, 110.22281476487169, 19.16443270229793, 13.408142014901117, 19.16443270229793, 213.22158507672202, -21.433370128818197, 13.408142014901117, -21.433370128818197, 263.7026984466221, 2.571880985671003, 2.852731350279123, 5.0, 0.0
24, 0 ,0.3333333432674408,0.3333333432674408,0.3333333432674408,50.74733703475221,10.89302899444787,282.63421756117623,16.847111934987044,7.192994079338191,9.972373376607779,75.0,29.0,40.0,-0.9965235795064206,0.07112589230243263,0.043380444118221534,16.89133055942632,0.05346968939044727,0.1467195121544558,0.9877319358356538,10.012138613483671,-0.06388855769385066,-0.9866177031643728,0.15001253280462346,7.032254791632105,75.83742683938607,43.35136386147582,31.814375828904232,19.56507180697494,7.226378091807641,48630.0,104594.71992888852, 7.105427357601002E-15, 0.0,0.0,4.778919082987173, 54.73135021635383,54.73135021635383,9.5367431640625E-7, 283.82518054998286, -16.31929575869246, -7.513908468554493, -16.31929575869246, 51.739163825394265, 8.088262384397389, -7.513908468554493, 8.088262384397389, 99.44823076247562, 3.018686344106698, 3.238521283512099, 5.0, 0.0
25, 0 ,0.3333333432674408,0.3333333432674408,0.3333333432674408,83.5475457738817,280.4242593801486,11.768099723336132,9.296032733752059,10.734286044618264,7.886749342585039,40.0,41.0,31.0,-0.40756003684711467,-0.9128654337370401,-0.023906406113496457,11.083083454973384,0.7911987110952684,-0.339926704011103,-0.5083841416304542,9.36870986361318,0.4559598841196059,-0.226111777199315,0.8607984945882534,7.296195809390949,49.65428388863205,43.23807529629666,34.39202670134783,15.558940866217982,4.664900405042466,32169.0,73838.15657656199, 0.0, 0.0,0.0,NaN, 86.61345274697771,86.61345274697771,9.5367431640625E-7, 86.41622458698976, 16.605554890673048, -13.214284203016538, 16.605554890673048, 115.2248968876864, 7.48758043383099, -13.214284203016538, 7.48758043383099, 62.20081519276554, 2.9134740178956515, 2.721916021903182, 5.0, 0.0
26, 0 ,0.3333333432674408,0.3333333432674408,0.3333333432674408,46.79121592726927,282.30590620396913,19.097312194117553,12.649752856904213,10.2955853183755,12.100390030936794,64.0,43.0,48.0,0.8051521918307376,0.09678817941477459,0.5851170791523117,13.272319234185218,-0.5849049645539836,-0.03353848781986533,0.8104081393192326,11.444378529578264,-0.09806187041996887,0.9947397740918625,-0.02960829967099025,10.261895804728528,70.24032280205019,59.7589756289347,44.342800212669545,19.432531725870376,5.9001249149945565,63137.0,186128.44886886855, 0.0, 0.0,0.0,NaN, 53.54629937030818,53.54629937030818,0.0, 160.0162473407563, 6.024636197169991, 21.210459308216432, 6.024636197169991, 105.99907704794913, 3.3146572102380527, 21.210459308216432, 3.3146572102380527, 146.41943890079452, 3.3757135452930127, 3.354073977952404, 5.0, 0.0
27, 0 ,0.3333333432674408,0.3333333432674408,0.3333333432674408,18.182219762991654,247.45692811361644,27.00896389542122,10.701969804453098,15.012898216466736,16.356643085209686,44.0,69.0,70.0,0.04000638539975997,-0.32249193195343206,0.9457264102012741,16.522322683331538,0.10606590187270638,-0.9397659112344334,-0.3249462363863346,14.880011041581332,-0.9935539812144959,-0.11330924898990848,0.0033912396210891154,10.632834434930295,79.95391586656112,70.35225918002473,48.10631306894841,23.53191180757255,7.328585828860958,108435.0,270595.0578385408, 0.0, 0.0,0.0,NaN, 61.81303785991724,61.81303785991724,NaN, 114.53215769542588, -12.86414388893774, 2.3163451135738957, -12.86414388893774, 225.38711285799008, -15.687389995171666, 2.3163451135738957, -15.687389995171666, 267.5397730169379, 2.2113079841840415, 2.71011290544232, 7.0, 0.0
28, 0 ,0.3333333432674408,0.3333333432674408,0.3333333432674408,255.88971975208838,231.05354015090273,33.16400565885206,14.465901029382687,10.723196545347962,10.300682703041092,64.0,50.0,47.0,0.9178119535426329,-0.29384900443336825,0.26697187216591584,14.99943218398444,0.3967421605012179,0.703789993184541,-0.5893006902881838,11.19411382190878,-0.014726710939034708,0.64678621513358,0.7625291574084866,8.94774557030932,72.90927618517387,52.621737568257004,45.906221772033064,19.715491974270606,6.4538885257845955,59376.0,176124.397944994, 0.0, -2.8421709430404007E-14,0.0,72.91146852584077, 88.31297991016301,88.31297991016301,0.0, 209.26229259189506, -26.4511320919542, 24.931401728883046, -26.4511320919542, 114.98694415016249, -30.1344714024102, 24.931401728883046, -30.1344714024102, 106.10406414872995, 3.0451329106003713, 3.1562596106050473, 5.0, 0.0
29, 0 ,0.3333333432674408,0.3333333432674408,0.3333333432674408,8.294097383695895,27.2764429287449,26.44225701441637,5.478114312998701,17.467646491507146,16.11844879352122,23.0,68.0,67.0,0.012959104332127113,0.9492000207423777,-0.3144063966231899,17.62149220992283,0.10587999116785358,-0.3139676747891106,-0.9435113813080451,16.03209357901476,-0.9942944679948715,-0.021062284068659565,-0.10457002966723691,5.233334468314759,78.181708404268,68.78857073545005,23.827063997903906,22.962565809536233,8.225167070071528,58059.0,128142.14029175561, 0.0, 0.0,0.0,NaN, 38.88430719804277,38.88430719804277,NaN, 30.009736426281236, -4.151195559832623, -24.094413243789063, -4.151195559832623, 305.1186739522619, -16.468733961683686, -24.094413243789063, -16.468733961683686, 259.8043915093657, 3.2845301217612866, 3.276795231996554, 7.0, 0.0
30, 0 ,0.3333333432674408,0.3333333432674408,0.3333333432674408,116.74942285802453,261.8190146810945,38.00730415746005,22.67400575754295,21.13169461397124,21.379539077783328,123.0,94.0,94.0,-0.7355146009900821,-0.11063926366604049,0.6684139623510541,26.96974935339145,0.2434038145800967,-0.9638602875182314,0.10829556405102579,21.360697606170294,0.6322759324679836,0.2423474767368298,0.7358633336028052,15.300227551336887,139.8828757744906,108.40129263195539,78.2855909769207,35.69408655204146,11.98648950881733,343503.0,1187082.349346792, 0.0, 0.0,0.0,NaN, 128.57982169423778,128.57982169423778,0.0, 514.1105370930908, -11.984850584534593, -236.64903160074377, -11.984850584534593, 446.5485172581412, -59.67054409374825, -236.64903160074377, -59.67054409374825, 457.08469117846437, 3.4770885423157107, 3.6710509927391763, 14.0, 0.0
32, 0 ,0.3333333432674408,0.3333333432674408,0.3333333432674408,40.473911990799586,206.78725561406694,63.77035288420798,11.925362598723646,11.953666392611542,11.751732435334059,52.0,58.0,57.0,0.7169444054846068,0.056188215197359906,0.6948622913335125,13.402572981194364,-0.24767899036887325,0.9522475346612077,0.1785490141712003,12.140929323705386,0.6516485534198474,0.30011250757772,-0.696625183022573,9.806961874562347,63.336006594280676,57.843627854228146,49.55839802382712,19.70734835891375,5.901529397446528,66084.0,181561.37365182358, 0.0, 0.0,0.0,NaN, 119.97254342045392,119.97254342045392,0.0, 142.2142731110368, -8.71987578417405, 39.308805283766574, -8.71987578417405, 142.89014022585064, 11.967774214621924, 39.308805283766574, 11.967774214621924, 138.10321523168258, 3.657599004011117, 3.506476287540604, 7.0, 0.0
33, 0 ,0.3333333432674408,0.3333333432674408,0.3333333432674408,201.14458796678483,211.09131743796436,62.13786238042053,11.952224838751507,8.83276914608483,9.999268192282905,54.0,41.0,48.0,-0.9306285535984375,0.28949765724660365,-0.22387854224111836,12.203704632488972,-0.3374120056334014,-0.4418444552486453,0.8312199563415649,10.541183835625716,0.14171673747911928,0.849096333648165,0.5088730514612837,7.7981978912956365,57.22890686545877,53.22300680902946,36.86901186875406,17.0894038195845,5.367600102137774,41186.0,112299.12046312647, 0.0, 0.0,0.0,NaN, 146.75919141362712,146.75919141362712,0.0, 142.8556785960685, -16.240829294980784, 4.250668419477332, -16.240829294980784, 78.01781078802814, -24.186556121322354, 4.250668419477332, -24.186556121322354, 99.98536438120064, 2.3811640683629403, 2.558273159802915, 6.0, 0.0
34, 0 ,0.3333333432674408,0.3333333432674408,0.3333333432674408,256.61570037943807,211.9855395699702,71.90418059445298,18.65662632531585,14.867847322118502,18.22936968967937,83.0,72.0,85.0,-0.632339231239067,0.5272460747741128,0.5675902335939869,21.476394206393252,0.6867248819010372,0.04239814077418872,0.725679911694473,17.66570332604174,0.3585471143573629,0.8486542136195303,-0.3888830061751543,11.319007333117685,98.64503304299308,94.18806820215369,59.608340844330144,28.527810038314087,9.359303581844292,177104.0,553832.1282919674, 0.0, 2.8421709430404007E-14,0.0,58.180428659574396, 121.65095102511809,121.65095102511809,1.3486991523486091E-6, 348.0697058424685, -105.70412408149053, -27.884714995488054, -105.70412408149053, 221.0528839938263, 105.34797410844813, -27.884714995488054, 105.34797410844813, 332.30991928300097, 2.3913982642385583, 2.7779127841413236, 12.0, 0.0
35, 0 ,0.3333333432674408,0.3333333432674408,0.3333333432674408,122.68498810365892,212.52136518551862,167.8278406533342,9.386036655701357,13.28696411169927,11.432340143504929,43.0,59.0,52.0,0.21973978719968024,-0.8760910846362782,0.42916061951473283,14.078314453004806,0.16374688790128994,-0.40054894770327776,-0.9015250951562244,10.751176114411379,-0.9617179329845532,-0.26837464842012737,-0.055440648095882006,9.030657500081288,64.397200867971,49.97053957155748,40.3086570298415,19.085522634507562,5.575152583762417,62204.0,129711.76183373175, 0.0, 0.0,0.0,NaN, 200.43352404565647,200.43352404565647,0.0, 88.09768410216952, -24.688104449710163, 5.975846209280667, -24.688104449710163, 176.54341530558435, -31.566855832877, 5.975846209280667, -31.566855832877, 130.6984011567943, 3.0006073108292086, 2.9076617067661363, 8.0, 0.0
36, 0 ,0.3333333432674408,0.3333333432674408,0.3333333432674408,9.966770557132003,21.70664123676172,196.94146470050086,6.659695913689098,12.596228628608095,19.110336045679933,28.0,51.0,95.0,0.05689101694892938,0.07080869206071334,0.9958662266183985,19.16720427314864,0.08336136769616176,-0.9943355107736483,0.06593765532936086,12.583512157549306,0.9948941122382532,0.07926551042641006,-0.0624714678113034,6.518816705352938,96.35333442954752,54.81051726228996,31.01622138644786,22.305467641899593,8.407590759667094,64491.0,163802.12709934506, -1.7763568394002505E-15, -3.552713678800501E-15,0.0,85.0610742987442, 105.7902475996635,105.7902475996635,0.0, 44.35154966280727, -8.293927336056498, 19.043518612723773, -8.293927336056498, 158.66497566416618, 15.31411469303872, 19.043518612723773, 15.31411469303872, 365.20494377881374, 2.4067947741785223, 3.2401532651916063, 7.0, 0.0
37, 0 ,0.3333333432674408,0.3333333432674408,0.3333333432674408,68.53152376422088,104.8295774368732,225.59334245054902,12.656405925915674,14.087838032625204,14.4371061287058,55.0,71.0,72.0,0.4147899967940802,0.6427783788595314,0.644038208672653,16.736959710620006,-0.42062540257251996,-0.4921829824194996,0.7621221572211059,12.562998983251688,-0.8068602910481296,0.5870194779454595,-0.06621633667281698,11.363408861712625,79.64183317140086,61.546444433672505,54.82847104472927,22.779793251856635,6.939945545121265,100908.0,268751.1626744699, 0.0, 0.0,0.0,NaN, 145.67827821168342,145.67827821168342,0.0, 160.18461096155337, 46.20099114216243, 31.136996845293343, 46.20099114216243, 198.46718043348116, 51.743357415882635, 31.136996845293343, 51.743357415882635, 208.43003337151458, 2.8091844780206014, 3.091290497610369, 8.0, 0.0
38, 0 ,0.3333333432674408,0.3333333432674408,0.3333333432674408,99.46489489702032,292.3558992143818,235.49925684761837,13.110871684280697,4.701424730188465,11.28195398959172,65.0,19.0,53.0,-0.957161833823798,0.04844578760620828,0.2854719417635961,13.282910330056357,0.2879330713381804,0.05509101787608268,0.9560646035593721,11.109233059234342,-0.030590362875033007,-0.9973053621697776,0.06668016411634368,4.629262429141652,66.83151605437062,51.28312342373778,20.305089820738715,16.899765731460235,5.973169582418424,28258.0,69592.22088380402, 0.0, 0.0,2.8421709430404007E-14,73.41293912808435, 118.79412216480029,118.79412216480029,0.0, 171.8949563216734, -5.569942953476286, -14.279486772141105, -5.569942953476286, 22.10339449362768, 7.515322170128926, -14.279486772141105, 7.515322170128926, 127.28248582326452, 3.108986681269877, 3.010440341114554, 6.0, 0.0
39, 0 ,0.3333333432674408,0.3333333432674408,0.3333333432674408,249.55539310707363,288.02551171271807,270.8050727732694,14.80273954085645,7.5444814263109,13.46751654651662,62.0,32.0,56.0,0.8224404085808439,0.036130306538348506,0.5677027173466932,15.921623389519578,-0.568669852759358,0.0270173744622514,0.8221220469247958,12.137556078083147,-0.014365684669533743,0.9989818128607807,-0.042766396590828794,7.523027378042307,76.83503381506205,60.05750388058408,33.66734542210406,20.297750068877114,6.739112848027561,60874.0,155358.65029504034, 0.0, 0.0,0.0,NaN, 59.501180745412306,59.501180745412306,0.0, 219.121097914435, 4.457066637722383, 49.518863465658924, 4.457066637722383, 56.91919999195015, 6.053844366775859, 49.518863465658924, 6.053844366775859, 181.37400193069894, 2.7322697046517885, 3.061405508717199, 4.0, 0.0
40, 0 ,0.3333333432674408,0.3333333432674408,0.3333333432674408,225.46534653465346,15.31860499482784,263.8651438704638,11.20576065644635,9.822436751983531,11.555150919985149,53.0,40.0,55.0,-0.607775667804695,-0.4735440446351968,0.6374674700838435,13.633617584904021,-0.6537612244720827,-0.15731023348886278,-0.740168731990512,10.001218599701026,-0.4507826516197358,0.8666080591768225,0.21397540225096284,8.346912392585745,71.39166961394892,45.46704362721766,42.21710482777352,17.94348180835981,5.796749866338653,47369.0,137035.37794988218, 0.0, 0.0,0.0,NaN, 84.2365838201499,84.2365838201499,0.0, 125.56907188956092, 36.56631953596256, -30.334150316380878, 36.56631953596256, 96.48026374671677, -31.544316985645263, -30.334150316380878, -31.544316985645263, 133.52151278363363, 3.1580134976004306, 3.057403346503934, 6.0, 0.0
42, 0 ,0.3333333432674408,0.3333333432674408,0.3333333432674408,45.70199062254927,42.39977640953764,118.58308721696618,13.02598634692762,12.167872107662266,8.442899890582831,63.0,58.0,38.0,-0.9427806410637838,-0.30461428408987157,0.1355536822213843,13.236048783829478,-0.28655534216435596,0.9481283456003318,0.13761786274407442,12.082779181785213,0.17044265520235874,-0.09089982506909922,0.9811658998813488,8.235863666761226,64.60865613982628,55.38763009093342,37.666679537228774,18.92380754586585,5.559271397242827,59931.0,134790.97912583052, 0.0, 0.0,0.0,NaN, 133.97149532773372,133.97149532773372,0.0, 169.67632031034478, 9.59663624291839, -16.803191375164488, 9.59663624291839, 148.05711162842536, 5.765593989232582, -16.803191375164488, 5.765593989232582, 71.28255856240358, 2.0925717586864807, 2.3192284561202277, 8.0, 0.0
43, 0 ,0.3333333432674408,0.3333333432674408,0.3333333432674408,280.70818916661693,183.18456571019507,102.84001222931457,12.186100920650128,15.401241033214617,17.538002656601087,51.0,69.0,87.0,-0.15615253043908658,0.3606113895409151,0.919551963170565,18.066164668060352,-0.13211088581667602,-0.9302324937020888,0.34236562547885296,14.976683763480672,-0.9788580597237799,0.06802156565504318,-0.1928988478960757,11.941250178671098,84.35431315482765,67.96971729100656,55.93512287789835,25.185043030887446,7.680782885016628,134104.0,320706.1982770659, 0.0, 0.0,0.0,NaN, 156.82502277657204,156.82502277657204,0.0, 148.5010556482699, -0.30808469592243987, -30.08653583360543, -0.30808469592243987, 237.19822536317366, 34.92367011656795, -30.08653583360543, 34.92367011656795, 307.5815371829468, 2.4231851793677173, 2.6926098481053193, 9.0, 0.0
44, 0 ,0.3333333432674408,0.3333333432674408,0.3333333432674408,270.91033045766926,280.5741336452698,209.3166033045767,7.44703244053429,9.402022942997789,8.7739205728597,35.0,39.0,37.0,-0.1461803568769306,-0.9867841135010588,0.0699172125106793,9.453262936047281,0.30773525890935394,0.021810182864226563,0.9512220173794457,8.910681916933315,-0.9401756823526795,0.16056596546391544,0.30048004434124154,7.21620242558854,40.302315989719546,38.31618759786153,31.46362341701277,14.335230225545684,3.916527057289765,27356.0,48587.10580208334, 0.0, 0.0,2.8421709430404007E-14,85.99076780598688, 97.19594432862596,97.19594432862596,NaN, 55.4582921703701, 5.562521926884269, 7.618059215752538, 5.562521926884269, 88.3980354206568, -2.005869699578969, 7.618059215752538, -2.005869699578969, 76.98168221885068, 2.0208467049452015, 2.1864706428878216, 2.0, 0.0
45, 0 ,0.3333333432674408,0.3333333432674408,0.3333333432674408,125.06250184872955,119.87290600565957,233.39623943759182,13.524422240936516,14.166096118415753,12.026460789447226,59.0,63.0,53.0,-0.6262817092487701,0.7770643675207015,-0.06278685682601706,15.161538316479021,-0.6112068486171272,-0.5394064172974359,-0.5791950493416398,12.810881182766511,-0.48393946818167183,-0.32436350859490315,0.8127674362497829,11.585901540511259,70.48170913205112,62.66709853908185,57.90956394660475,22.14142366183984,6.162904634533458,101421.0,255779.83868372574, 0.0, 0.0,-2.8421709430404007E-14,86.40021027234069, 185.5968854371209,185.5968854371209,0.0, 182.90999695113828, -36.690915601008335, 14.340474243057146, -36.690915601008335, 200.67827923619387, 4.670714411715349, 14.340474243057146, 4.670714411715349, 144.6357591201116, 1.8862366948213103, 2.2193283675635516, 10.0, 0.0
46, 0 ,0.3333333432674408,0.3333333432674408,0.3333333432674408,102.36417357872628,177.60098726757087,36.27755627543816,15.937878716654518,18.603758754105172,14.398348130639302,81.0,85.0,68.0,-0.5680505387839375,-0.8229274036780653,-0.010443833728886824,20.737933657179024,-0.10459098501568619,0.05959830673046135,0.9927279424335302,14.416629293027826,0.8163205934194767,-0.5650119734222805,0.11992563799593904,13.020259372096675,95.60520558553907,69.86374847665658,58.70749893391749,27.14309171371221,8.407188524096334,168546.0,392127.23063286056, 0.0, 0.0,0.0,NaN, 163.63374786286153,163.63374786286153,0.0, 254.01597798678907, 121.55188732759063, -2.432299812433385, 121.55188732759063, 346.0998397809449, 4.505898773247551, -2.432299812433385, 4.505898773247551, 207.3124288910843, 2.780935992323161, 2.8630153073005045, 12.0, 0.0
47, 0 ,0.3333333432674408,0.3333333432674408,0.3333333432674408,85.35766374162588,203.97573024923503,69.9439254855972,18.589593355397653,18.307262499410612,13.566664013841537,103.0,89.0,68.0,-0.7390892432901,-0.6699233914488877,0.07035438893549933,20.16895551363371,0.6519920898222926,-0.7377061564824096,-0.1752025727468339,16.675674559561777,0.1692731675784053,-0.08361983184370955,0.9820154369766307,13.413363682480325,106.48737345216958,78.39865657095402,63.02853331726592,27.613926260133915,10.112086347817922,148374.0,526191.6317446105, 0.0, 0.0,0.0,NaN, 146.28309489797832,146.28309489797832,0.0, 345.57298111904464, 65.1173315212475, -23.009605710365722, 65.1173315212475, 335.15586022232606, 1.9941841270954717, -23.009605710365722, 1.9941841270954717, 184.05437246446297, 3.191913300127525, 3.433227125612193, 13.0, 0.0
48, 0 ,0.3333333432674408,0.3333333432674408,0.3333333432674408,161.6420639315798,63.36167519559633,83.42274205435476,20.793204167808195,15.00790650760208,19.67970685513475,99.0,70.0,95.0,0.7484280489964411,-0.16926515003761705,0.6412524966486471,24.44732791604897,0.45438431936510654,-0.573437363465857,-0.6816923649979035,15.892586702616951,-0.4831049014349668,-0.8015727659820219,0.35226517716833927,13.951319108747166,108.39762965222803,72.20114297483644,63.763098576213224,30.80356938241536,9.799263876017374,240163.0,499037.603362626, 0.0, 0.0,0.0,NaN, 173.54242780534307,173.54242780534307,0.0, 432.3573395641561, -66.15288497878927, 175.4825646549145, -66.15288497878927, 225.23725774092486, -21.098586366689748, 175.4825646549145, -21.098586366689748, 387.2908619040376, 2.2512961449523208, 2.604031258559532, 15.0, 0.0
