// Sample: .//bubblelabels.tif, Map: .//bubblelabels.tif, Thickness:(8.191250068658265):/gpfs/home/mader/Foam/NewValid/InSilicoTest/LatticeDataPhi_16.0/out_Step_05000.vtk/distmap.tif, Neighbors:(1.0):
//LACUNA_NUMBER, TRIANGLES, SCALE_X, SCALE_Y, SCALE_Z, POS_X, POS_Y, POS_Z , STD_X, STD_Y, STD_Z,PROJ_X, PROJ_Y, PROJ_Z, PCA1_X, PCA1_Y, PCA1_Z, PCA1_S, PCA2_X, PCA2_Y, PCA2_Z, PCA2_S, PCA3_X, PCA3_Y, PCA3_Z, PCA3_S,PROJ_PCA1, PROJ_PCA2, PROJ_PCA3,OBJ_RADIUS, OBJ_RADIUS_STD, VOLUME, VOLUME_BOX, Mask_Grad_X,Mask_Grad_Y,Mask_Grad_Z,Mask_Angle, Mask_Distance_Mean,Mask_Distance_COV, Mask_Distance_STD, SHAPET_XX, SHAPET_XY, SHAPET_XZ, SHAPET_YX, SHAPET_YY, SHAPET_YZ, SHAPET_ZX, SHAPET_ZY, SHAPET_ZZ, Thickness, Thickness_STD, Neighbors, Neighbors_STD
1, 0 ,1.0,1.0,1.0,130.01779995699945,14.96348349571692,180.53305948784103,21.686929244453722,9.378707716794006,11.350082261626659,88.0,38.0,47.0,-0.9845274029466289,-0.0439858388559792,0.1696202783493263,21.94882025483248,0.14296047191217082,0.3581394547379439,0.9226583519541013,11.113758100230656,0.10133161558870242,-0.9326314260950807,0.346309870985566,9.046606885860497,88.98442980595902,55.066922938182785,45.85378156555973,24.46155691467964,9.420172989206879,88371.0,224688.05721965907, 0.0, 0.0,0.0,NaN, 74.16451937475948,74.16451937475948,0.0, 470.3229000539421, 19.451917942099072, -61.28620817433735, 19.451917942099072, 87.96015843705142, 10.787262597088091, -61.28620817433735, 10.787262597088091, 128.8243673456921, 11.10098021336216, 6.4710417030016005, 11.0, 0.0
2, 0 ,1.0,1.0,1.0,180.83420880129353,165.68401870384128,92.12184591181226,11.277625108918174,16.225066006928007,15.472661797098306,49.0,67.0,79.0,0.15699424056968495,0.9095545676580641,0.38478993864224176,16.534195030577166,0.06828564067278145,0.3786917325665464,-0.9230003483009392,15.280681350783414,-0.9852359512857087,0.17118136621168634,-0.0026570954150824575,11.088824566225007,80.94923284248688,85.10454750745332,54.79142063004723,23.96296004748444,7.4577076824251645,114415.0,377466.19665310456, 0.0, 0.0,0.0,NaN, 100.15662044413445,100.15662044413445,1.3486991523486091E-6, 127.18482809730168, 24.33725604853524, 2.1197945645342937, 24.33725604853524, 263.2527669291707, 14.007910634529942, 2.1197945645342937, 14.007910634529942, 239.4032630873854, 7.864183997043086, 5.531799201180005, 16.0, 0.0
3, 0 ,1.0,1.0,1.0,169.68632185642727,62.52329517280038,169.55582145757427,15.22597313942843,14.888326280657855,14.520424734008065,63.0,72.0,63.0,-0.7770434937429882,-0.6136547437028076,-0.14011161394663985,15.980987195856462,0.2199410910300565,-0.4732660699695158,0.8530211858401391,14.689514736981819,-0.5897705700594075,0.6320182612446023,0.5027162143248914,13.898253738358008,77.7764486074235,73.4980808988722,73.11238301781269,24.785052640078053,7.07364245396406,139149.0,417941.06745789666, 0.0, -7.105427357601002E-15,0.0,52.145763523040245, 75.86125182845547,75.86125182845547,0.0, 231.83025804259603, 27.31919588141047, 11.019119756377714, 27.31919588141047, 221.66225943932736, -3.781397604400607, 11.019119756377714, -3.781397604400607, 210.8427344559932, 8.070858617309879, 5.526296332976416, 15.0, 0.0
4, 0 ,1.0,1.0,1.0,16.101382396420153,44.425546366215194,15.74465619880938,10.054631707277515,11.98552889357924,10.367703523447084,45.0,57.0,41.0,0.158459530730959,0.9305948944267511,-0.32997533178616323,12.178228685744642,0.6435036223201762,-0.3508064898781805,-0.6803219052185241,10.761893658258343,-0.7488615794533304,-0.10453683143377877,-0.6544298172397476,9.386702772750148,56.62131128383141,61.33555857572599,47.92678773653788,17.973734663369143,5.402097761861869,50058.0,166444.92938259302, 0.0, 0.0,-1.7763568394002505E-15,70.73272176130745, 49.80740792122384,49.80740792122384,0.0, 101.09561876899035, 2.6220654479095846, -15.278020100862362, 2.6220654479095846, 143.65290285882278, -11.872661040134437, -15.278020100862362, -11.872661040134437, 107.48927635009709, 9.576448693754212, 5.8856026699504085, 7.0, 0.0
5, 0 ,1.0,1.0,1.0,30.485108931646327,108.5944673205061,173.95841131990716,16.055730615594882,14.526694212233291,13.645029248793724,75.0,71.0,64.0,-0.9868353231208178,0.07990930863982301,0.14060777870991567,16.123679876080306,-0.009703744063598264,-0.8970966151531664,0.4417278578852367,14.791968953184213,0.16143693007543017,0.43454823146969235,0.8860620475646069,13.274891912118784,78.69112760862801,77.83857658379772,71.52022421905536,24.557876320115284,7.204780647779895,133570.0,438076.06093733263, 0.0, 0.0,-2.8421709430404007E-14,81.91698270229679, 99.81221173774034,99.81221173774034,0.0, 257.7864856005508, -6.233661035408473, -11.803430559891494, -6.233661035408473, 211.02484473573222, -15.932115999361042, -11.803430559891494, -15.932115999361042, 186.18682320043624, 7.6309914742034115, 5.182117591353829, 18.0, 0.0
6, 0 ,1.0,1.0,1.0,48.84086668879554,12.805899252578204,24.25601199537583,19.958504966913026,8.273796882483094,13.996073800721973,84.0,35.0,61.0,-0.9837381680919653,-0.02401895404943745,0.1779952428730466,20.13300479584476,-0.17895495040385598,0.04661047891987544,-0.9827525573514491,13.760537177303592,-0.015308245001219273,0.9986243303170773,0.050150817877197,8.246056735474998,86.01299475719904,68.07294948109825,35.71073962061117,24.176978856038133,8.840894219298331,87367.0,209092.03158983387, 0.0, 0.0,0.0,NaN, 56.015849832879425,56.015849832879425,NaN, 398.3419205142919, 6.958558921659342, -37.7260483389411, 6.958558921659342, 68.45571485258695, -7.00107075420253, -37.7260483389411, -7.00107075420253, 195.89008183525604, 7.657977660872372, 5.080542563229105, 10.0, 0.0
7, 0 ,1.0,1.0,1.0,161.50244297612718,176.04179641021747,138.57994312380276,15.415647187063318,14.116640730599826,14.814226833200353,74.0,59.0,79.0,-0.8064533399432532,0.43037719467926444,-0.4054731566878112,16.706836654876184,-0.11825087597494122,0.5544946215638111,0.8237429483691896,14.806107911115767,0.5793528638278495,0.7122578079296941,-0.39628155927024455,12.57154795122849,89.8812548772784,83.12001443497005,73.39438973607136,24.402541796819754,7.803780765296517,118503.0,548324.4363920724, 0.0, 0.0,0.0,NaN, 76.34448770363916,76.34448770363916,0.0, 237.64217819601316, -46.03380167641948, 33.631651573932096, -46.03380167641948, 199.27954551683, 6.814988158171461, 33.631651573932096, 6.814988158171461, 219.46131666551338, 7.647433821751488, 5.040123533652157, 20.0, 0.0
8, 0 ,1.0,1.0,1.0,88.9031236673774,123.69170575692964,79.4648933901919,13.63568576481669,12.433673390329265,12.717021983271117,72.0,61.0,64.0,-0.8370739608274169,-0.41191673306174414,-0.360044148860164,13.79962403365962,-0.5372071254361445,0.4943450683314396,0.6833969986742836,13.300598914349079,-0.10351660970749928,0.7654721147371235,-0.6350879884508451,11.61530255423712,68.73934771568099,70.77617643716772,57.96022423499946,21.58281454292574,6.035969249659759,93800.0,281982.76232130086, 0.0, 0.0,0.0,NaN, 141.56761794145783,141.56761794145783,0.0, 185.93192627682453, 7.990336142998053, 1.3152610472969737, 7.990336142998053, 154.59623397738204, 22.419112868427998, 1.3152610472969737, 22.419112868427998, 161.72264812300085, 7.352293863225339, 4.968715383904448, 22.0, 0.0
9, 0 ,1.0,1.0,1.0,171.4538886576964,38.586373514588246,16.164921163360614,15.473363897722658,14.038788099026762,10.979934193408255,70.0,69.0,50.0,0.8212364068427592,0.46949255670946327,0.32426455753043093,16.651174018375464,0.5037764290477943,-0.8634515160896735,-0.025705814484217306,13.331158317648907,-0.2679180352493034,-0.18446739158142883,0.9456171042400288,10.103966459359256,88.81747208011089,75.25697540027409,55.57750795560522,22.34491014309472,7.60108592171768,86508.0,371487.52787080366, 0.0, 0.0,0.0,NaN, 50.64675083351521,50.64675083351521,0.0, 239.42499031134693, 34.64199893593345, 45.66838177417914, 34.64199893593345, 197.08757128937546, 28.346721795295498, 45.66838177417914, 28.346721795295498, 120.55895489157577, 7.61295803645373, 5.02772210779876, 11.0, 0.0
10, 0 ,1.0,1.0,1.0,75.9809922735605,54.513585513354236,43.63537544328519,12.773134965094584,14.347330133990356,16.66866292198373,63.0,68.0,81.0,-0.2325203730012033,0.5242968330742539,0.819174649856604,18.32023495243986,0.48732102975782127,-0.6661002208687637,0.5646491917238182,12.658916835054928,-0.8416961982183109,-0.5304934745940727,0.10061900077992107,12.286740750398716,88.57231519625803,62.930817764487145,64.32943034504663,24.241955724941693,7.6922535740162745,116742.0,358567.62760099565, 0.0, 0.0,0.0,NaN, 103.19345028863557,103.19345028863557,0.0, 163.15297683652184, -25.526385994294127, -32.61972642143784, -25.526385994294127, 205.84588197370772, 75.82085962675725, -32.61972642143784, 75.82085962675725, 277.8443236067152, 7.510395816332446, 4.791670224805238, 18.0, 0.0
11, 0 ,1.0,1.0,1.0,60.16275416083845,73.9126477325711,139.06754647367674,12.287624871951788,15.309945964613817,12.10024966628525,63.0,67.0,61.0,-0.003506200480898718,0.9702238991765366,0.24218441738655622,15.500550879237101,0.8238563786886265,-0.13446622418714366,0.5506173824416695,12.663582572404128,0.5667877679098684,0.20145575201401117,-0.7988536825528308,11.452633378036852,67.86521490002518,65.18333049420798,54.44896636823749,22.167660326022492,6.35539519540213,98658.0,240864.84339443286, -7.105427357601002E-15, 0.0,0.0,89.79910909870958, 113.11675550418771,113.11675550418771,NaN, 150.9857249938082, -3.6063409418586962, 13.154933267167245, -3.6063409418586962, 234.39444543939493, 23.47435702639589, 13.154933267167245, 23.47435702639589, 146.4160419864363, 8.037308500071308, 5.153961896869321, 21.0, 0.0
12, 0 ,1.0,1.0,1.0,41.29308078046283,55.08254895344914,176.7869317851284,13.352642034816506,12.210082903325782,12.45902758419917,69.0,60.0,51.0,0.810042358197558,0.2653190028824838,0.5229122341609381,13.924452507497882,-0.5184309240557742,0.7407246789788098,0.4272661078700434,12.319008015138909,-0.27397217907739363,-0.6171975183530667,0.7375679415690467,11.702914425443444,71.86652506118199,67.02883881602115,62.617793216609485,21.121249421446183,6.0414704366490035,85949.0,301638.0329921795, 0.0, 0.0,0.0,NaN, 72.65020478635441,72.65020478635441,0.0, 178.29304930994869, 6.552520586191994, 20.837126532392592, 6.552520586191994, 149.08612450608854, 12.58260967532496, 20.837126532392592, 12.58260967532496, 155.2273683438358, 7.436797925091426, 4.899041977829329, 11.0, 0.0
13, 0 ,1.0,1.0,1.0,78.49347946274676,186.101157761228,27.64296399882923,12.242828768039363,8.079960425211318,14.960486271400988,59.0,32.0,60.0,-0.22024112256234482,0.012339221149342439,0.9753674136210959,15.093747355441165,0.9753380682236393,0.01762300719113351,0.22001155035888725,12.080215760439735,0.01447413576895397,-0.9997685598372104,0.015916223005883454,8.076877128236324,63.03351231711873,59.71053600785433,32.656855546126366,19.943467998069984,6.422371088876551,61498.0,122912.72360894704, 0.0, 0.0,0.0,NaN, 84.37142639772952,84.37142639772952,9.5367431640625E-7, 149.8868562435322, 0.9451862542237534, -17.60978684569367, 0.9451862542237534, 65.28576047298107, 2.269636751817696, -17.60978684569367, 2.269636751817696, 223.81614947677747, 7.3420904485793566, 4.901954687850302, 10.0, 0.0
14, 0 ,1.0,1.0,1.0,183.9421979972113,19.38052985169223,176.92865291635732,9.351848208709214,11.636515762810621,12.485707304181574,36.0,46.0,53.0,0.0994812547084912,0.5646186239431391,0.8193346626734282,13.181323529650243,-0.1749613912490722,-0.8006647000606013,0.5729961166090538,10.930018678346427,-0.9795366208232407,0.2003543051032939,-0.019135331007401907,9.249100096780118,71.6852626813714,58.24861747097967,40.85523690247035,18.604641626725986,5.711896431456967,55223.0,170593.79713641852, 0.0, 0.0,0.0,NaN, 34.143008050653734,34.143008050653734,0.0, 87.45706491873774, 9.705804669912933, 3.7886616103617863, 9.705804669912933, 135.40849909814006, 25.24151689722903, 3.7886616103617863, 25.24151689722903, 155.89288688569312, 7.987683702982674, 5.185056788678122, 2.0, 0.0
15, 0 ,1.0,1.0,1.0,184.76173657480214,14.443914511846142,97.29021114233417,8.44286447792143,8.603408940047888,13.644399514946706,35.0,32.0,68.0,-0.21730049340703933,-0.12613454831657644,0.9679207463868259,13.952649662338665,0.5437636309825662,-0.839141958704436,0.012723472888266715,8.769988643968182,0.810618041487921,0.529084916495128,0.2509333416499909,7.738288615089984,71.35336127127925,40.91131779546734,42.86214384035898,17.262227372504636,5.786687329175571,38789.0,125121.4574736774, 0.0, 0.0,0.0,NaN, 99.52997801045275,99.52997801045275,0.0, 71.28196059254752, -4.076808942780668, -28.233619547359915, -4.076808942780668, 74.01864538969593, -16.638767322175273, -28.233619547359915, -16.638767322175273, 186.1696381234779, 7.889040546872204, 5.358016063453086, 8.0, 0.0
16, 0 ,1.0,1.0,1.0,101.2762467267295,84.90668727721572,13.710129546529467,14.447034488589571,17.349703038496024,9.368361376268178,73.0,84.0,38.0,-0.12343741562405328,0.9828269385904629,0.13716564148849827,17.522331376821146,0.9905648940658347,0.11373987181593766,0.0764488862157958,14.409888903675213,-0.05953482231766862,-0.1453081220723417,0.9875936181402813,9.10045058332033,86.97386996949186,72.32057184188349,42.381520223858715,23.0396629086854,8.16511659248904,86687.0,266579.7626952583, 0.0, 0.0,1.7763568394002505E-15,82.11613285097668, 130.93316102857636,130.93316102857636,0.0, 208.71680551449654, -13.137280563723312, 5.656575123712537, -13.137280563723312, 301.01219552399823, 31.3116988464465, 5.656575123712537, 31.3116988464465, 87.76619487635338, 7.6797898935580236, 4.862811808548837, 15.0, 0.0
17, 0 ,1.0,1.0,1.0,77.1813340346494,123.7768061628149,126.356312392474,11.091051411772405,13.851197860527762,14.137187384052066,57.0,62.0,68.0,0.0565038148728696,-0.6726164750561087,0.7378308724822431,15.011898548145927,0.3951526024974059,-0.6636002078656619,-0.6352079855135466,13.29375720396322,-0.9168760764925322,-0.3274474638835159,-0.22829020730621355,10.613486331273002,70.53107795947085,62.57991967252548,58.10192385263281,21.768357960761932,6.392633449056636,91257.0,256451.9676772044, 0.0, 1.4210854715202004E-14,0.0,47.73067178752876, 131.11188476466998,131.11188476466998,0.0, 123.01142141857866, -21.08634502977595, -11.38486096924806, -21.08634502977595, 191.85568217148887, -28.925524937156663, -11.38486096924806, -28.925524937156663, 199.8600671318009, 7.240571912365377, 4.597813070677403, 19.0, 0.0
18, 0 ,1.0,1.0,1.0,182.3354452452918,148.60352243664263,36.219265868402694,10.542472434599093,13.88234667922776,11.329721855456507,44.0,67.0,52.0,-0.03175958526468529,0.9994919687273369,-0.0026708038804443644,13.885259008490205,0.45562514700347745,0.016856076979490955,0.8900121336739862,11.598142537783765,0.8896049989528361,0.027049530835378914,-0.45592901719424583,10.242487179340227,67.53734437819527,57.0147060682457,49.961445268653506,19.940332583263864,5.88294213360723,68816.0,192382.63222713987, 0.0, 0.0,0.0,NaN, 65.31056285662237,65.31056285662237,0.0, 111.14372503428172, -2.5625975344027405, 12.014000620405149, -2.5625975344027405, 192.719549322266, 0.20956536203064496, 12.014000620405149, 0.20956536203064496, 128.3625973220088, 7.8613517226266305, 5.221153136921722, 14.0, 0.0
19, 0 ,1.0,1.0,1.0,187.49827317400485,55.924453829606676,94.35203568115885,7.952662833467721,13.274426266884543,13.826768904764798,33.0,60.0,73.0,-0.09267732458767725,0.6382502978341277,0.7642299855553417,15.250967069871638,-0.13780030519871467,-0.7683689998530259,0.6249961247495877,11.736634569195125,-0.9861145924254501,0.047388156532077536,-0.15916146903720108,7.764933330454859,86.9121233477855,57.05131390904511,37.286234464064734,19.49730734781141,7.105616327142065,50671.0,184881.96028617688, 0.0, -7.105427357601002E-15,0.0,50.338527993778825, 110.39087075909082,110.39087075909082,NaN, 63.24484614281884, -1.990657581060389, -18.8740343959638, -1.990657581060389, 176.21039271495428, 46.84595908088395, -18.8740343959638, 46.84595908088395, 191.1795383457707, 8.063692999920436, 5.103126544379135, 11.0, 0.0
20, 0 ,1.0,1.0,1.0,151.70531958455868,186.93213714030452,10.302386181736962,13.380268275241303,7.703634751582145,6.635580171297898,66.0,29.0,25.0,0.9980862691941209,0.05555337713429197,0.027159188779037786,13.39823567465308,-0.049392455951800085,0.9804683663794886,-0.19037375823412583,7.717043923191489,-0.037204630642028245,0.18866797507290695,0.9813359315956381,6.583540506970514,66.26256740675201,34.2095599621866,29.17225215797773,15.750384969731282,5.859510646647255,26863.0,66128.04839353988, 0.0, 0.0,0.0,NaN, 51.08115461877368,51.08115461877368,6.743495761743046E-7, 179.03157911742886, 6.765208562061232, 3.8436023159970585, 6.765208562061232, 59.3459883857841, -2.8201894796074694, 3.8436023159970585, -2.8201894796074694, 44.03092420972184, 7.737147804136514, 5.078896311153673, 5.0, 0.0
21, 0 ,1.0,1.0,1.0,19.038727543072284,84.86991692471388,25.561665325275893,11.357397550287851,11.257205335506402,13.788292665724958,44.0,52.0,58.0,-0.12424498365409922,-0.3519098532311678,0.9277513887004486,14.223957703569091,0.9564627959199554,-0.2913239321259944,0.01758654575607598,11.350996560905438,0.2640873038557026,0.8895447272450476,0.3727842193183062,10.708224411082977,66.73943599573849,50.36453894029842,51.14608183511967,20.26560568662609,5.927680142426442,73307.0,171917.37208333737, 0.0, 0.0,3.552713678800501E-15,21.91303271232418, 90.65745793628115,90.65745793628115,0.0, 128.9904791152845, -0.1183201351748458, -9.865341206957996, -0.1183201351748458, 126.7246719657538, -28.690642905291156, -9.865341206957996, -28.690642905291156, 190.11701463568468, 8.037267519265257, 4.926150637662721, 10.0, 0.0
22, 0 ,1.0,1.0,1.0,41.02459192902364,174.3091864421379,187.03038459881992,11.818833498817527,13.292950883786117,7.124709901333723,65.0,60.0,30.0,-0.19143421510707506,-0.9794193358009458,0.0639586268268146,13.379378837913553,0.9745028308503687,-0.1818942937907226,0.13137236600971794,11.810174657007822,-0.11703492620134893,0.08747702867386291,0.9892677066918929,6.975733375943018,63.892037427656845,64.11064801510346,33.68318659740433,18.24619366819838,5.850237283416694,46438.0,137971.71900211822, 0.0, 0.0,0.0,NaN, 50.11233349049185,50.11233349049185,NaN, 139.68482527277135, 8.340990332983287, 10.030994030495677, 8.340990332983287, 176.7025431987501, -10.335442139408652, 10.030994030495677, -10.335442139408652, 50.7614911781628, 7.440264432107151, 4.887838035875469, 9.0, 0.0
23, 0 ,1.0,1.0,1.0,67.72771478722899,188.6860145168177,74.54618340528488,13.419840396886261,6.7619530510733625,11.498234333242356,64.0,26.0,51.0,-0.9900216720362782,-0.06044046829406046,-0.12729508510106294,13.464854580808055,0.13125256569434152,-0.0667696364209151,-0.9890978615136483,11.48415390733441,0.05128209138817154,-0.9959361251830429,0.0740363536260516,6.69607484092899,65.35320933234823,50.51304728076447,29.403255715157343,17.970434113244732,5.923598222911383,42158.0,97065.7264703813, 0.0, 0.0,0.0,NaN, 101.35177886010818,101.35177886010818,NaN, 180.09211627790043, 7.4028360130592334, 5.8972114262836035, 7.4028360130592334, 45.72400906492035, 6.798753018069004, 5.8972114262836035, 6.798753018069004, 132.2093927821533, 6.937157939192557, 4.740808872138449, 10.0, 0.0
24, 0 ,1.0,1.0,1.0,113.76943171536149,83.65171769650622,64.70127842152885,11.300388778510312,12.259728520155893,11.199681268325618,54.0,54.0,56.0,0.3931003112847968,-0.9071078372031876,0.1504244559649496,12.524819972604273,0.5730616758520557,0.11375655157755327,-0.8115785622124438,11.286082494421477,-0.7190775069055005,-0.405234276262187,-0.5645464732020136,10.917225702002108,59.9806482960668,51.653043869421936,50.88863579799923,19.3722209085278,5.305624140167211,68522.0,157662.30926152947, 0.0, 0.0,0.0,NaN, 136.45356796232142,136.45356796232142,0.0, 127.6987865454818, -12.904096671330302, -1.580565398240855, -12.904096671330302, 150.30094338792378, -5.898309892738142, -1.580565398240855, -5.898309892738142, 125.43286051208372, 6.970120375896428, 4.505521526865141, 14.0, 0.0
25, 0 ,1.0,1.0,1.0,50.0654270897708,85.07250718757557,77.25427895854045,12.93727147131137,11.932697940965205,11.69350015436948,66.0,66.0,56.0,-0.8491626088733556,-0.06874205427001312,0.5236386097931813,13.642463798741638,0.09968540280743268,-0.9945329968910608,0.031095635738888783,11.930314517696862,0.5186382980059583,0.07860437691136776,0.8513728136203664,10.86512752533613,66.07668558096432,67.39051926063831,55.04465486173014,20.285079134061945,5.917413595286057,74434.0,245110.6638938758, 0.0, 0.0,0.0,NaN, 125.34792414023153,125.34792414023153,0.0, 167.37299312240705, 1.5659495660115283, -30.190495452724942, 1.5659495660115283, 142.38928015031527, -3.201014906349292, -30.190495452724942, -3.201014906349292, 136.73794586023905, 6.970422615682986, 4.451190658082228, 14.0, 0.0
26, 0 ,1.0,1.0,1.0,102.52880953024123,20.92510602663497,103.67927280585646,11.608036406521952,12.596312396700373,11.772993077459237,56.0,51.0,60.0,-0.053949532639975734,-0.9458199714532225,0.3201781215638473,12.712628761257344,-0.6765570080683739,-0.20120570620240172,-0.7083691683191488,11.905332065663984,-0.7344113716177729,0.25483493754157516,0.629046176243591,11.34324026004189,62.47254096750824,60.00512998449875,57.56523026107914,19.995506654883155,5.67421138369372,74038.0,215793.22103464807, 0.0, 0.0,0.0,NaN, 138.62242070107754,138.62242070107754,0.0, 134.74650921513907, 3.459794279224012, 5.693766864381999, 3.459794279224012, 158.66708599526748, -8.113271999399288, 5.693766864381999, -8.113271999399288, 138.6033660019031, 7.3360804076532915, 4.793241427199786, 13.0, 0.0
27, 0 ,1.0,1.0,1.0,143.32135625147163,72.77714465112629,113.20233890589435,12.824298023955837,9.954462774858849,11.54907415124426,60.0,47.0,58.0,-0.8619782518283853,0.2694856447816069,0.42938442057382853,13.272530463552004,0.4990674540473931,0.3023558656456339,0.8121038152972393,11.488036950313454,-0.08902342211763085,-0.9143076165964716,0.3951156951427584,9.423375447075392,60.505635618415624,57.87973653860075,44.480442393798015,19.17453887397319,5.410371675283005,63705.0,155772.74434724054, 0.0, 0.0,0.0,NaN, 126.6602361128021,126.6602361128021,0.0, 164.4626198072376, -13.778003379606835, -14.835119411058201, -13.778003379606835, 99.09132913605052, 20.710063659790897, -14.835119411058201, 20.710063659790897, 133.38111375093834, 6.711153149225865, 4.555622184432122, 16.0, 0.0
28, 0 ,1.0,1.0,1.0,137.10698730423502,141.04899144348687,18.26434065424891,10.497169069505462,13.471738213864377,10.879904822307168,47.0,66.0,44.0,-0.1413343357103103,-0.9813273534618203,0.13046543947324057,13.582172264276677,0.5322030802965575,0.0358054104366424,0.845859240007651,11.06934109376586,-0.8347361780060708,0.18898306255081193,0.5172049063927511,10.151103499251619,66.85505236005199,52.675146255017935,56.702025107206985,19.419991569607298,5.737119953028722,64746.0,199681.8323928671, 0.0, 0.0,0.0,NaN, 88.11548442421564,88.11548442421564,0.0, 110.19055847378218, 11.665332781499497, 7.270208387979636, 11.665332781499497, 181.48773050289375, -9.835348725100024, 7.270208387979636, -9.835348725100024, 118.37232894246279, 7.486350395304848, 4.690693028763943, 8.0, 0.0
29, 0 ,1.0,1.0,1.0,182.48192208600625,94.50282710563174,79.76100150433143,10.117161043619685,9.651182755497878,14.599520507378509,37.0,50.0,75.0,0.10608301289180411,-0.021970916711665664,0.994114517143094,14.647584049276698,0.7893930882781504,0.6097963538952922,-0.07075986824954081,10.607873707052104,-0.6046527487363987,0.7922535488054674,0.0820327242669732,9.031587465253743,75.5398812507764,55.91307202400267,48.95997648356735,19.252860158890694,6.1624387145155834,57833.0,206790.62823348554, 0.0, 0.0,0.0,NaN, 124.89789728306734,124.89789728306734,0.0, 102.35694758253575, 14.59199256028455, 12.294920323565652, 14.59199256028455, 93.14532858001962, -4.240328596924837, 12.294920323565652, -4.240328596924837, 213.14599904536564, 7.347871011034073, 4.600961819005038, 12.0, 0.0
30, 0 ,1.0,1.0,1.0,59.88162433065914,10.730129390018485,108.90635897631343,11.969610644627494,7.0412315049318925,15.406322145415862,59.0,29.0,72.0,0.1593666905861481,0.01501461717770056,0.9871052726040046,15.489791260512806,-0.9865402955717387,0.03950472292057678,0.15867457918707634,11.869222252819087,0.03661288222533509,0.9991065699603702,-0.021108261822760283,7.02803044652496,73.31772791287212,56.695686749595794,29.994953893597913,19.586607189068033,6.8242289644675775,52477.0,124682.99239849101, 0.0, 0.0,0.0,NaN, 109.53992899466843,109.53992899466843,0.0, 143.2715789839798, -3.1095229572804413, 15.653244315811833, -3.1095229572804413, 49.57894110604545, 3.3974666200915573, 15.653244315811833, 3.3974666200915573, 237.35476204833122, 6.744857415283458, 4.48223631527661, 13.0, 0.0
31, 0 ,1.0,1.0,1.0,56.45090390818393,148.1081989348136,21.07079738954317,11.408192755491031,12.098936824650481,12.272235736268287,54.0,63.0,50.0,-0.5027541115403419,0.406642628012329,0.7628106425663632,13.927779105570007,-0.516364568807127,-0.8489800395669929,0.11225205787627004,12.025000598487251,-0.6932574813227125,0.33745320490410824,-0.6368040507801711,9.410379056801627,65.0650228180751,61.335859200831436,52.83123920582826,19.777096232342245,6.000447384696774,66655.0,210839.9173617439, 0.0, 0.0,0.0,NaN, 79.52007339327018,79.52007339327018,0.0, 130.14686194643804, 3.015573940652279, -43.68077136813013, 3.015573940652279, 146.3842722868835, 27.361674431423534, -43.68077136813013, 27.361674431423534, 150.60776996654045, 7.238947817311446, 4.541910780445998, 11.0, 0.0
32, 0 ,1.0,1.0,1.0,90.71427766191309,74.80034947297221,100.45462488022096,11.689354595048869,12.706992744519733,10.602197174075911,56.0,56.0,53.0,0.15053223410442443,0.977110302735686,0.15031800551932464,12.76136919177179,-0.9416789031731335,0.18800932567520226,-0.27909377774826927,11.781753062270925,-0.3009665925217871,-0.09953868467552009,0.948425621985663,10.433264661984667,59.00476758666028,54.78133534594127,50.612135244036224,19.550529300559244,5.319028524452982,70964.0,163596.63946174225, 0.0, 0.0,0.0,NaN, 154.0566589302097,154.0566589302097,0.0, 136.6410108487901, 2.638942082097743, 9.09500555311662, 2.638942082097743, 161.4676646092771, 6.359409352671544, 9.09500555311662, 6.359409352671544, 112.40658491798325, 6.839298673251706, 4.444105998210302, 8.0, 0.0
33, 0 ,1.0,1.0,1.0,12.500878788813173,101.45357836637785,107.25911936110512,8.64288589417039,16.396914456159504,12.43982152042639,35.0,78.0,61.0,0.023163759413838254,0.9360362793716902,0.3511403194590739,16.96193833418937,-0.03695112254618001,-0.35019295650978,0.9359484535771811,11.66615250443805,-0.9990485747912339,0.03465511377765279,-0.02647580587372044,8.631394638914168,76.19527014309486,54.27240689016991,36.786634752844684,21.01942175119035,7.516072709060882,64862.0,152123.7966027238, 0.0, 0.0,0.0,NaN, 135.8990070933632,135.8990070933632,0.0, 74.69947657964951, 5.41984746127374, -0.3961683235727623, 5.41984746127374, 268.85880368261246, 49.887125102467984, -0.3961683235727623, 49.887125102467984, 154.74915946006357, 7.257703264066688, 4.495352862783364, 20.0, 0.0
34, 0 ,1.0,1.0,1.0,27.656741679529883,42.066915806862184,102.32675278251686,13.086111381056819,12.101154312090442,11.616385271397238,53.0,57.0,53.0,0.7596080918871533,-0.490258022578569,0.42736707645408406,14.401803362282752,0.4233221809343473,0.8715492108514333,0.24738695235042715,11.275916775252496,-0.4937548762985002,-0.007003167968607002,0.8695729283791312,10.865837028398005,71.15689705292421,56.78541496903579,58.59819611155457,20.38968742222436,6.073326959752096,73854.0,236776.20320066393, 0.0, 0.0,0.0,NaN, 109.88441194199227,109.88441194199227,0.0, 171.2463110774248, -29.92263949657768, 29.95525644907063, -29.92263949657768, 146.43793568502508, -16.76197378951994, 29.95525644907063, -16.76197378951994, 134.9404067735347, 7.046560237241317, 4.461593036747648, 11.0, 0.0
35, 0 ,1.0,1.0,1.0,22.170875399029352,177.45288209493654,100.78134489112662,12.936845332344989,12.763866208589832,11.329416720842001,51.0,58.0,59.0,0.7001508678090237,0.6879397129108353,0.19112224806764008,14.131382453523607,-0.6613243786979026,0.5239327423069857,0.5367909720538482,11.78854210833445,0.26914462366189795,-0.5022284668742295,0.8217832674221695,10.953001227543192,75.87586913451602,60.85577560103546,65.30419023904469,20.524371682127466,6.114253677445885,77062.0,301541.11008798366, 0.0, 0.0,0.0,NaN, 104.13578522005625,104.13578522005625,0.0, 167.36196715301634, 31.817970576598114, 3.923324731691922, 31.817970576598114, 162.91628059078138, 15.826672851725656, 3.923324731691922, 15.826672851725656, 128.3556832344943, 7.1923711155699435, 4.614600771423851, 10.0, 0.0
36, 0 ,1.0,1.0,1.0,132.75013837700646,42.37236239925479,32.33811240262984,11.78142320361291,11.03223449950088,15.490919427372372,64.0,51.0,65.0,0.47618529170123597,0.040207542989432826,0.8784252509201688,16.820091333027534,0.29573131958891363,-0.9480893827001612,-0.11691667556609234,11.162561892998326,0.8281247216341318,0.3154518598740223,-0.46335684900561425,9.641703946582398,77.92900698637244,51.90232151362893,52.21050336305774,21.19809557877828,7.1499272229082305,74073.0,211175.63373357867, 0.0, -7.105427357601002E-15,0.0,87.6956563126173, 85.81208829396172,85.81208829396172,0.0, 138.80193270262868, -5.2344216747612675, 78.36205883854895, -5.2344216747612675, 121.71019805197744, 10.216262115894793, 78.36205883854895, 10.216262115894793, 239.96858470534278, 6.512561949665777, 4.250111960795289, 11.0, 0.0
37, 0 ,1.0,1.0,1.0,18.670584709643048,130.78517914224827,16.794286094832177,11.050554168027013,13.425330435812603,9.756012413878402,52.0,58.0,41.0,-0.22722072424818968,0.9564722360551928,0.1831163677220244,13.64660879341514,0.935769209771389,0.26650637945626776,-0.2308903110850299,10.99879832959042,-0.26964185230775695,0.11889159501281554,-0.9555930410584572,9.50423730214521,66.68626219706512,55.46266613469181,47.60815892943653,19.065643799989257,5.833973726617963,60064.0,176083.43644914948, 0.0, 0.0,0.0,NaN, 73.62968290849618,73.62968290849618,0.0, 122.11474742049919, -13.199827608742016, -10.610902625993216, -13.199827608742016, 180.2394973107562, 14.910789715663254, -10.610902625993216, 14.910789715663254, 95.17977821974947, 6.9875717108506565, 4.4590569527907995, 8.0, 0.0
38, 0 ,1.0,1.0,1.0,98.36474238732184,134.6402187823221,16.38697123222832,10.655120925990037,12.941152808217423,10.798031257709445,50.0,59.0,44.0,-0.04806259509396075,-0.9364888426576289,0.3473883051149084,13.290866917574942,-0.7511250534575644,-0.1953663484986389,-0.6305895209585071,11.518512243596021,0.6584080353558915,-0.2912398280662913,-0.6940304183007483,9.395703766563479,66.45444253120792,63.36797262740022,46.47856216358193,19.008996221069804,6.021675818485397,57043.0,195725.09671600544, -1.4210854715202004E-14, 0.0,0.0,87.24515483228375, 119.23110488422385,119.23110488422385,0.0, 113.53160194747078, 10.492446189979589, 19.553226102102926, 10.492446189979589, 167.4734360056337, -23.278793005293934, 19.553226102102926, -23.278793005293934, 116.5974790424702, 7.0847155949108656, 4.516280530767892, 7.0, 0.0
39, 0 ,1.0,1.0,1.0,145.82462662017238,103.29622014606224,82.85548391341536,9.573492371387538,12.886483520343111,11.093071055254178,46.0,62.0,50.0,-0.10413733561563257,0.9601711786363238,0.2592811660090439,13.054955136684407,0.07021271707773687,-0.2529506315879715,0.9649280555252854,10.940489937388575,-0.9920814430738225,-0.11868987191575503,0.041074622495926534,9.520675682485189,64.79531422709286,49.77759455888329,47.146708084948784,18.78564507310495,5.2791077209438875,60796.0,152064.8650407073, 0.0, 0.0,0.0,NaN, 138.38939024870666,138.38939024870666,0.0, 91.65175618501539, -8.493991394214893, -0.18614432717869528, -8.493991394214893, 166.06145752007458, 12.772955296455253, -0.18614432717869528, 12.772955296455253, 123.05622543691804, 7.505142029466261, 4.503849752865702, 12.0, 0.0
40, 0 ,1.0,1.0,1.0,29.388602591684595,146.5127332766298,126.95837294241257,15.433711181049867,11.296870274538193,10.981974356140867,66.0,65.0,57.0,-0.9716638872813534,-0.23498060832756518,0.025561765652960654,15.656537735999192,-0.1890838633148282,0.7078403494828208,-0.6805948370932428,11.061862101804318,0.14183293971158079,-0.6661427424764498,-0.7322139467797141,10.905526697076237,71.12318656163944,50.74053752419829,64.01402439212686,21.103925700614028,6.406777630109005,79948.0,231015.64948961083, 0.0, 0.0,0.0,NaN, 95.18223020631847,95.18223020631847,0.0, 238.1994408200637, 28.35384753291708, -2.69244672255556, 28.35384753291708, 127.61927799974464, -2.412475905030467, -2.69244672255556, -2.412475905030467, 120.6037607589356, 7.190678764223924, 4.470053233961888, 12.0, 0.0
41, 0 ,1.0,1.0,1.0,124.95820930465902,73.71634502826181,166.1895046657079,10.468686986525853,9.851160513521007,13.379160989378528,49.0,45.0,64.0,-0.07579816898676964,-0.002132666590688908,0.9971209000474645,13.394109434035336,0.8591684372932993,0.5073668177166877,0.06639660111053067,10.75358384174282,0.5060476597488054,-0.8617275462773918,0.03662515596557921,9.51834998791349,64.4178576217505,52.88970318353823,48.1574123722053,18.857787174069074,5.479469167922399,59798.0,164074.2961921713, 0.0, 0.0,0.0,NaN, 110.49216926931652,110.49216926931652,0.0, 109.59340722185573, 10.929883043339672, -5.2832774982507, 10.929883043339672, 97.04536346315547, 0.6547104943266047, -5.2832774982507, 0.6547104943266047, 179.00194877970821, 7.259555147418354, 4.553096091546235, 14.0, 0.0
42, 0 ,1.0,1.0,1.0,179.47689813112234,83.24358931496774,20.476613954732372,11.450483095669803,10.890395879774548,11.149506887905053,50.0,53.0,45.0,0.8807594824647992,0.4716100638010357,0.042973035381764696,11.669074334021243,0.03647262590403219,0.022920493368338096,-0.9990717684648169,11.148527493178102,-0.4721572636399906,0.8815092731817036,0.0029865844473433894,10.656867659252004,63.39347434883791,45.866862274241065,56.38449192334978,18.60719699063835,5.272381770837548,59822.0,163946.91808688434, 0.0, 0.0,0.0,NaN, 88.14751608190943,88.14751608190943,9.5367431640625E-7, 131.1135631242199, 9.395801551825182, 0.46467320526629674, 9.395801551825182, 118.60072241821044, 0.21249342134395147, 0.46467320526629674, 0.21249342134395147, 124.31150384344221, 6.995586415531762, 4.407909790787486, 8.0, 0.0
43, 0 ,1.0,1.0,1.0,149.1029332615716,113.972786598493,129.84489370290635,11.922307507997662,10.689030901122925,10.604395434524026,57.0,55.0,52.0,-0.9926225147159654,-0.09451584801162814,0.07594272679852883,11.941734499520551,0.03444559328586965,-0.8203759385185312,-0.5707861426165004,10.75044491908105,0.11624992207368415,-0.5639592839686943,0.8175792815644122,10.520119373701856,57.62080790888403,50.349253574426,54.38520708592369,18.515148987024034,5.102867668327809,59456.0,157780.44129041917, 0.0, 0.0,0.0,NaN, 122.11851533555821,122.11851533555821,1.9073486328125E-6, 142.14141631525743, 2.857382703465136, -2.503443714037042, 2.857382703465136, 114.25538160516078, 2.064872140932778, -2.503443714037042, 2.064872140932778, 112.45320253175399, 6.555984952285048, 4.378635940178452, 15.0, 0.0
44, 0 ,1.0,1.0,1.0,9.908445045883198,167.92117393326848,161.73609760223283,6.539966887778564,15.628140153983981,11.541152055483852,27.0,67.0,66.0,0.043653615013905835,0.98534480435549,0.164893839866319,15.742796074054791,0.004608781901106269,0.16485080248599515,-0.9863077471302311,11.401522555351173,-0.9990360959573013,0.04381585842323569,0.0026550941657943875,6.509821619994609,71.62449244727267,65.63695153706428,28.05741632299432,19.311618819746187,6.875281877452569,47294.0,131903.89989317028, 0.0, 0.0,0.0,NaN, 50.90534934319528,50.90534934319528,6.743495761743046E-7, 42.771166893240036, 8.904103758004283, 1.080650877861772, 8.904103758004283, 244.23876467256645, 19.136278848503864, 1.080650877861772, 19.136278848503864, 133.19819076779913, 7.829033654704126, 4.793361990411735, 6.0, 0.0
45, 0 ,1.0,1.0,1.0,117.93761761524442,178.46438573354868,31.466993643220174,10.667562969187388,10.813970659811037,13.93064463453275,58.0,46.0,61.0,0.14753125696508249,0.13795301150574266,0.9793893479279829,14.051371536967835,-0.26202890805176793,-0.949390921657824,0.17319852545246175,10.756844820362737,-0.9537166138657233,0.2821805175596026,0.10391715905611411,10.566502188860497,64.78568460148843,52.33077038683345,57.958517660884965,19.73019364359863,5.959964752625883,67487.0,196495.8806004319, 0.0, 0.0,0.0,NaN, 90.48861239646502,90.48861239646502,0.0, 113.79689970157804, 2.7557168630734843, 12.211656218796856, 2.7557168630734843, 116.94196143125394, 10.923680400987758, 12.211656218796856, 10.923680400987758, 194.0628599336361, 6.228503940935631, 4.178410699070969, 9.0, 0.0
46, 0 ,1.0,1.0,1.0,15.999099328745007,150.0558416178095,60.69174951142833,10.279052324212506,10.25777580952643,13.466333208305725,40.0,49.0,66.0,-0.10133296340264109,0.06969077192940987,0.9924085987313501,13.505534594989392,0.7013388484351457,-0.7024929402541245,0.12094415475242316,10.631460872559769,-0.7055887259613081,-0.7082703334186725,-0.02230884567385623,9.838474797360467,65.39724479942495,53.05690783799215,52.54123686871257,18.942348811638634,5.780175846608314,58845.0,182306.30116501375, 0.0, 0.0,-7.105427357601002E-15,7.064374747845035, 80.21146174079075,80.21146174079075,0.0, 105.65891668389851, -8.601988960731378, -7.231767138684596, -8.601988960731378, 105.22196455850563, 4.541369888783256, -7.231767138684596, 4.541369888783256, 181.3421300771176, 6.978797774145623, 4.396249172193067, 10.0, 0.0
47, 0 ,1.0,1.0,1.0,121.02978427509478,152.84596281518517,110.44904885680701,12.122909769411287,12.344484552615457,9.289179740336351,65.0,56.0,44.0,-0.48443269824378793,-0.8745193749669872,0.023255616087157115,12.452812804059096,0.870412453574759,-0.4791493371956717,0.11312856989689228,12.044873106627504,-0.08779021320290101,0.07504515622142752,0.9933081611431018,9.24600375879373,58.50817911869129,61.72643607704688,44.03899881284353,18.872008610739396,5.430229405053751,60401.0,159046.9049139281, 0.0, 0.0,1.4210854715202004E-14,88.66743121569321, 128.37122358657916,128.37122358657916,0.0, 146.9649412772876, 4.626332558988785, 5.083858894829641, 4.626332558988785, 152.38629886976165, -4.645288148147725, 5.083858894829641, -4.645288148147725, 86.28886024827533, 6.657739162355761, 4.419693214012943, 14.0, 0.0
48, 0 ,1.0,1.0,1.0,112.55092897073331,30.03565850049326,65.03765208812891,9.424338054862412,12.98985509326701,9.71451990678791,44.0,56.0,52.0,-0.251188419418095,0.9679378056602259,8.844907606473744E-4,13.210136410131613,0.10285649301716801,0.025783532553529234,0.9943619820232823,9.721218842410414,-0.9624577496152485,-0.24986319021161818,0.10603521293807998,9.105854181759176,58.22706979070476,53.84130352321461,43.195624933471336,17.96507748742709,5.402070992362663,48656.0,135419.20586900742, -1.4210854715202004E-14, 0.0,0.0,75.45215213650238, 113.04590658036443,113.04590658036443,1.3486991523486091E-6, 88.81814777232785, -22.238261710050654, 1.1645778141569212, -22.238261710050654, 168.73633534407492, 0.3754454461340253, 1.1645778141569212, 0.3754454461340253, 94.3718970193786, 6.524469711551665, 4.197775294421288, 8.0, 0.0
49, 0 ,1.0,1.0,1.0,142.06915931989926,37.32084382871537,127.58912153652393,12.646036843410535,9.777234779980418,12.002265137666704,60.0,45.0,63.0,-0.988426161360487,0.13022009110315216,-0.07782320612297726,12.702131958400045,0.05431357353201917,-0.17522295096942347,-0.9830294772710272,12.058574102339902,-0.14164659991808695,-0.9758789091514655,0.1661222303154865,9.634187591716008,57.38420272927756,62.969912543517864,44.691003620132264,19.22783736653548,5.464540825053094,63520.0,161489.96853494612, 0.0, 0.0,0.0,NaN, 99.96080734889489,99.96080734889489,0.0, 159.92224784489667, -9.32077246441355, 2.4632712388232174, -9.32077246441355, 95.59431994285875, 8.3644159805674, 2.4632712388232174, 8.3644159805674, 144.05436843484955, 6.822456325397308, 4.549649438868738, 11.0, 0.0
