// Sample: .//bubblelabels.tif, Map: .//bubblelabels.tif, Thickness:(8.191250068658265):/gpfs/home/mader/Foam/NewValid/InSilicoTest/LatticeData_Phi_6.65/out_Step_06000.vtk/distmap.tif, Neighbors:(1.0):
//LACUNA_NUMBER, TRIANGLES, SCALE_X, SCALE_Y, SCALE_Z, POS_X, POS_Y, POS_Z , STD_X, STD_Y, STD_Z,PROJ_X, PROJ_Y, PROJ_Z, PCA1_X, PCA1_Y, PCA1_Z, PCA1_S, PCA2_X, PCA2_Y, PCA2_Z, PCA2_S, PCA3_X, PCA3_Y, PCA3_Z, PCA3_S,PROJ_PCA1, PROJ_PCA2, PROJ_PCA3,OBJ_RADIUS, OBJ_RADIUS_STD, VOLUME, VOLUME_BOX, Mask_Grad_X,Mask_Grad_Y,Mask_Grad_Z,Mask_Angle, Mask_Distance_Mean,Mask_Distance_COV, Mask_Distance_STD, SHAPET_XX, SHAPET_XY, SHAPET_XZ, SHAPET_YX, SHAPET_YY, SHAPET_YZ, SHAPET_ZX, SHAPET_ZY, SHAPET_ZZ, Thickness, Thickness_STD, Neighbors, Neighbors_STD
1, 0 ,1.0,1.0,1.0,182.34553211888783,34.79386385426654,20.81085330776606,11.794254239169668,18.109725771671343,13.945655555030871,50.0,81.0,64.0,0.17618528202602815,0.9761453089902958,0.12688215845283074,18.278937554271263,-0.48404284687822846,0.1981514602000114,-0.8523136284294791,14.948892180784103,-0.8571238351506912,0.08874871580391233,0.5074075252296988,10.19602735859491,92.12069718107166,77.45384077097239,56.700391747022564,24.355771204568804,8.267062263800378,104300.0,404563.0678484384, 0.0, 0.0,0.0,NaN, 44.21973330394265,44.21973330394265,NaN, 139.10443305817168, 28.120881501017134, 54.449958366648254, 28.120881501017134, 327.9621675251372, 8.322860461332397, 54.449958366648254, 8.322860461332397, 194.4813088595634, 10.109515380210754, 7.033939743985864, 8.0, 0.0
2, 0 ,1.0,1.0,1.0,60.523061305360265,82.59134805896784,32.719510946272656,16.615726017033086,18.105980251526717,17.423662504269963,80.0,86.0,70.0,-0.06185890785265173,0.8179578112283967,0.5719427371422136,18.69341715544542,-0.5980081103381617,-0.4891688882955715,0.6349016448974252,17.042769943960625,-0.7990993527021897,0.30275207311284397,-0.5194048582144922,16.358271140136416,93.34318835395365,88.32904157052322,81.50225079816897,28.990890453170337,8.18664508434317,224597.0,671979.0783401412, -7.105427357601002E-15, 0.0,0.0,86.45348139099644, 107.49389806185849,107.49389806185849,0.0, 276.0823510731102, 2.5465505448809034, -11.576391078003612, 2.5465505448809034, 327.8265208686754, 31.191209827695182, -11.576391078003612, 31.191209827695182, 303.584015062703, 10.543261228097862, 6.715984458579361, 20.0, 0.0
3, 0 ,1.0,1.0,1.0,56.737890058406954,152.2509715101262,14.521303413665521,15.87334070621128,22.03544251156337,9.663202924061196,81.0,89.0,41.0,-0.14254068571979703,0.9897837116217297,-0.0032182484121813866,22.146842357010065,0.9713814089193129,0.14051320649390028,0.19150508402319993,15.90996895329809,0.1900008192626035,0.024171119318617054,-0.9814863451268308,9.342987965650975,93.38075788280015,76.36200375361202,44.49010339664686,27.14475054437586,9.69864322939578,128923.0,317247.4392632381, 0.0, 0.0,0.0,NaN, 75.56471493255559,75.56471493255559,0.0, 251.96294517546403, -34.24877772569515, 31.03445378213566, -34.24877772569515, 485.56072668041423, 3.1781583328599106, 31.03445378213566, 3.1781583328599106, 93.37749075158484, 9.915135524395538, 6.647630615810204, 11.0, 0.0
4, 0 ,1.0,1.0,1.0,167.42390434358222,184.94271351878965,82.61244509516837,17.80861797460918,8.599322833976068,17.42102899289591,73.0,35.0,80.0,-0.762107388409109,-0.02095551281033187,0.6471114239565727,18.815967065893737,0.6451233711403995,0.06008960920220075,0.76171193693835,16.353086553311798,0.054846736828124625,-0.9979729983064587,0.03227584407143604,8.551223426792815,87.0276158973318,79.1104507996146,36.600632890320014,24.97343204247004,8.421114567560936,102450.0,251987.8149983535, 0.0, 0.0,0.0,NaN, 90.07074979700974,90.07074979700974,0.0, 317.14687416557325, 12.018427472840209, -43.06080896083947, 12.018427472840209, 73.94835320294219, 5.083908640932523, -43.06080896083947, 5.083908640932523, 303.4922511713198, 10.689704170375117, 6.805790039087807, 12.0, 0.0
5, 0 ,1.0,1.0,1.0,14.427335778061224,113.2044961734694,142.30652104591837,9.230341279738926,17.888219000759,19.687911452167825,37.0,91.0,102.0,-0.04661715837402533,0.21633859228251756,0.975204826707882,19.786475614636643,0.05445292426350422,-0.9742642309310484,0.21873291331550082,17.817377549058698,-0.9974275510453298,-0.06329946143176861,-0.033637160970627626,9.156302558001107,97.13106032172408,93.71854304981731,39.42119671063002,26.596019974831542,9.244087732509579,125440.0,358850.4227183351, 1.7763568394002505E-15, 0.0,0.0,87.32806521901146, 105.21475664553557,105.21475664553557,1.9073486328125E-6, 85.19920014045245, -15.496803391094124, -11.204345190261893, -15.496803391094124, 319.98837901911537, 15.124315386878662, -11.204345190261893, 15.124315386878662, 387.613857348401, 11.30752730348423, 6.896767678250344, 16.0, 0.0
6, 0 ,1.0,1.0,1.0,57.86578514067826,148.77168669478306,184.70342740770698,18.52608594300745,22.222452353523327,8.795580526272609,92.0,94.0,39.0,0.09171557490629832,0.9945254204662058,0.05007435836955991,22.278984529820335,0.9937510267020627,-0.08819980325381117,-0.06840827168248446,18.520541270852377,0.06361721660213332,-0.05603554900690256,0.9963999533316384,8.663249108800889,97.3954266774629,91.26676220401917,43.14897053082842,28.342682584207083,10.540769881621527,138472.0,383549.6994634939, 7.105427357601002E-15, 0.0,0.0,84.73768944550675, 78.78308388934707,78.78308388934707,0.0, 343.2158603676982, 14.942145684488677, -16.281167323558236, 14.942145684488677, 493.83738860461443, 22.597650481647165, -16.281167323558236, 22.597650481647165, 77.36223679414594, 9.271796868584701, 6.403867758424887, 17.0, 0.0
7, 0 ,1.0,1.0,1.0,183.22304661347147,176.2759930195037,136.7917265752763,11.018965614665202,14.638029538345059,15.332952292799304,45.0,61.0,75.0,0.0026891075985723406,0.552978601561187,0.8331911154805703,15.866088421181288,-0.3757257407033946,0.7727050036103875,-0.5116220725969083,14.581952676541805,0.9267270021280317,0.31167554220840726,-0.20984618156136803,10.316144257727696,79.03194493913247,74.24597411297955,56.419527642496774,22.740043512180822,7.326619893240499,91111.0,331058.71519961586, 0.0, -2.8421709430404007E-14,0.0,56.42840156265631, 69.56709352473352,69.56709352473352,0.0, 121.41760321717409, -30.619505110715156, 20.742375042939234, -30.619505110715156, 214.27190876546243, 24.96112701581685, 20.742375042939234, 24.96112701581685, 235.09942601325943, 10.522516903470308, 6.758329682693886, 7.0, 0.0
8, 0 ,1.0,1.0,1.0,81.14470628176042,21.733085806357742,43.1098459333186,17.238696564369885,13.535547471086181,19.79069502277975,92.0,55.0,86.0,-0.30750795856656066,0.06801512860529842,0.9491115833762811,20.107224703994184,0.9486261479243735,0.09998536573790351,0.3001855394792068,16.930179379054984,0.07448011071682883,-0.9926615077250969,0.0952672251540188,13.45822629328368,95.17188627763885,89.07787682588551,60.890920625792226,28.17624861751019,8.840493646260155,185569.0,516215.54009686736, 0.0, 0.0,0.0,NaN, 94.42059729007302,94.42059729007302,0.0, 297.172659238418, 5.339434101826764, -35.09157614066617, 5.339434101826764, 183.21104534202752, 17.57363988017606, -35.09157614066617, 17.57363988017606, 391.6716094846792, 9.609583941024603, 6.177508573363066, 13.0, 0.0
9, 0 ,1.0,1.0,1.0,51.788092821092064,183.21619650848572,121.74191103930455,14.651030598983187,9.711245382486588,12.701358972754651,61.0,37.0,60.0,-0.9637540007738927,0.024827053871249716,0.2656347932564365,14.806251279489919,-0.2610804386926033,0.11716203669176398,-0.9581805997254982,12.55839478575995,0.05491111476189121,0.9928024348047865,0.10643352348435435,9.661632765717412,62.71343733986173,63.74601878141644,41.32626146475016,20.723384317864976,6.38958892731238,69941.0,165211.3160182326, 0.0, 0.0,0.0,NaN, 95.33116544691948,95.33116544691948,0.0, 214.65269761234163, -4.980780251179375, -16.123606132118145, -4.980780251179375, 94.30828687886707, -6.395739792472514, -16.123606132118145, -6.395739792472514, 161.32451975477508, 10.864746272195353, 6.572133381864907, 9.0, 0.0
10, 0 ,1.0,1.0,1.0,169.7369271076338,95.0954042996088,16.61659727954635,16.132053259407087,15.837374211160524,10.430388460199346,66.0,78.0,41.0,0.8027918292413972,0.5835849756595635,0.12228595621607033,16.554910856347895,0.5864441458203858,-0.8098521711850452,0.014923962606039764,15.477066934353365,-0.10774294750121392,-0.059733047898929685,0.9923826984850425,10.30795291739633,80.50040818512406,71.61937158927677,44.38388568498654,23.80748124196846,7.284394594795749,111452.0,255890.35063347808, 0.0, 0.0,0.0,NaN, 101.16867501823553,101.16867501823553,0.0, 260.2431423643468, 15.317286850523312, 17.64057739866694, 15.317286850523312, 250.82242190433243, 10.364800282871354, 17.64057739866694, 10.364800282871354, 108.79300343065968, 9.598802160056538, 6.090674367313333, 13.0, 0.0
11, 0 ,1.0,1.0,1.0,88.03364137428007,179.34688667625423,79.31128420733931,16.179755124463806,11.926169540817323,18.848178202523776,82.0,54.0,88.0,0.5212882866607939,-0.11823560325898634,0.8451502022198409,20.449742556267662,0.8529139558309404,0.10493309040772471,-0.5113969402394791,14.26516198711743,0.02821889684362648,-0.9874256370276535,-0.15554518700834458,11.729663261223624,90.5319393968267,73.55131910925918,59.811212654209925,26.28154235815956,8.279634571316612,145327.0,398267.52732559305, 0.0, 0.0,0.0,NaN, 120.27781551972164,120.27781551972164,NaN, 261.78447588761276, -11.3963057722252, 94.87774557729335, -11.3963057722252, 142.23351991631887, -31.57705353761069, 94.87774557729335, -31.57705353761069, 355.2538215540924, 10.173370559400256, 6.23830736220551, 14.0, 0.0
12, 0 ,1.0,1.0,1.0,155.511649187868,181.86331619568227,181.44642577631151,18.09498707985427,11.602601228195743,10.89616290043997,79.0,53.0,48.0,-0.9943589871571665,-0.10006873265361559,-0.0351632393967557,18.164212682437686,0.05438621334621023,-0.7656487255884824,0.640955668359828,12.830791139854709,-0.09106231085160785,0.6354276337631474,0.7667720507377226,9.28479698141766,79.56867294238543,71.07332347073024,51.033894929831774,22.778536122366766,7.868517697484442,83053.0,288607.3944858726, 0.0, 0.0,0.0,NaN, 51.5013375930669,51.5013375930669,0.0, 327.42855742009294, 20.986746313566655, 11.255747330757828, 20.986746313566655, 134.62035526052935, -37.627601345975386, 11.255747330757828, -37.627601345975386, 118.7263659529244, 10.193647732204308, 6.651657737783919, 7.0, 0.0
13, 0 ,1.0,1.0,1.0,21.495411865130176,44.9682431711481,57.169760990183526,12.40421389164027,16.829531973092113,16.950790418234273,53.0,85.0,82.0,0.28475119417035194,-0.7543501482042109,-0.5915003054292055,17.29548431025334,0.05527266941692462,-0.6030981844298055,0.7957496540702989,16.87383150139172,-0.9570066297754087,-0.2592844650991606,-0.13003798185205878,11.856095370829912,86.65051595307378,81.36761491923708,62.53264576569522,25.798379955568798,7.672715045792973,149952.0,440889.2838806199, 0.0, 0.0,0.0,NaN, 75.84574606941247,75.84574606941247,0.0, 153.86452226956143, -38.86600277887702, -20.366885432930477, -38.86600277887702, 283.2331464333297, 1.568051121927279, -20.366885432930477, 1.568051121927279, 287.32929580290283, 11.048680813120527, 6.26489546868237, 13.0, 0.0
14, 0 ,1.0,1.0,1.0,133.25822491522888,117.28626935417738,116.9584572629825,13.192251052089059,17.013699598313597,17.668999885561032,68.0,86.0,87.0,0.2990160609132364,0.6687731625496321,0.6806848407077203,17.988964236338518,-0.2418893944683733,-0.63690156973052,0.7320149665946201,17.394765899073874,-0.9230812077816636,0.3835346757832493,0.02867466324444755,12.227604173308327,82.32790080183531,86.6839348027234,65.22359347081783,26.693411312938025,7.947125975923277,153649.0,465468.59129309823, 0.0, -1.4210854715202004E-14,0.0,48.027552623536195, 134.87743917705353,134.87743917705353,0.0, 174.03548782134487, 58.39409938954014, 8.330775010796533, 58.39409938954014, 289.4659740216562, 7.887706768593883, 8.330775010796533, 7.887706768593883, 312.1935569559557, 9.289983412291088, 6.197110645422376, 28.0, 0.0
15, 0 ,1.0,1.0,1.0,78.16192507635868,91.66192228445075,159.4834411940432,14.1220730990929,17.2053760152469,18.33926853239611,75.0,83.0,84.0,-0.05756553717179752,0.05381994814503422,-0.9968899749279191,18.359110461872895,0.2318775356132913,0.9719594812814344,0.039084206849212905,17.36682516000083,-0.9710401729115169,0.22890648730167296,0.068431006591893,13.896874816166488,86.85893318458686,81.78494758011527,76.17682609851542,27.61378392047326,8.322596970831881,179089.0,541141.3795802183, 0.0, 0.0,0.0,NaN, 127.09361142873999,127.09361142873999,1.9073486328125E-6, 199.43294861612335, 24.003595506553133, 9.24301709660597, 24.003595506553133, 296.02496382603334, -3.601318726809849, 9.24301709660597, -3.601318726809849, 336.32877030333424, 9.991697243041191, 6.308254691986289, 22.0, 0.0
16, 0 ,1.0,1.0,1.0,119.18989058222537,50.606240992009006,14.507005978321123,16.683022442395167,18.46857739043073,9.45771347574021,77.0,94.0,39.0,-0.5377933216783621,0.841942063969455,0.043725325350508965,19.651366151360474,-0.8413886583882758,-0.5327138147143224,-0.09100064366855586,15.330574649100871,-0.05332418488575834,-0.0857295312676373,0.9948904355630827,9.36254357226162,97.65001064727056,72.54645733581192,43.41863516753463,25.27749337303167,8.361116050223643,117257.0,307584.6597287343, 0.0, -7.105427357601002E-15,0.0,32.654231432793516, 96.44541790001765,96.44541790001765,0.0, 278.32323781346076, -69.11287651848565, 4.263881942116133, -69.11287651848565, 341.08835082632913, 18.13379988422949, 4.263881942116133, 18.13379988422949, 89.44834418919797, 9.499645606512532, 5.891526463551976, 9.0, 0.0
17, 0 ,1.0,1.0,1.0,49.055132661053456,12.989120325044057,119.0793151556687,15.741972721096728,8.237507918900237,15.675832609521587,69.0,33.0,72.0,-0.7286309811502967,0.08371678475248392,0.6797708387822046,16.759439853897504,0.6729526487944593,-0.09711408643786108,0.7332827467599796,14.683227934284009,-0.12740339786864768,-0.9917461137640249,-0.014422900036993785,8.057416650570563,82.24243334618943,77.85936328700917,37.21798918215377,22.467764191530005,7.523133795249719,81712.0,238319.56894545382, -7.105427357601002E-15, 0.0,0.0,43.22825317489863, 95.51586529413643,95.51586529413643,0.0, 247.80970515175352, -23.020180476115108, -32.611003460646316, -23.020180476115108, 67.85653671394411, 1.5598261108940514, -32.611003460646316, 1.5598261108940514, 245.73172800174035, 8.687123111968003, 5.691474981437809, 9.0, 0.0
18, 0 ,1.0,1.0,1.0,186.406113927445,27.981816556638105,171.9435087405667,8.032133147920261,15.474877664589696,15.124778675044734,32.0,72.0,59.0,0.010502627546884413,0.7721098677685776,0.6354022717216241,16.19547523078676,-0.04233542514640349,-0.6345242134804664,0.7717426606613558,14.360141258342436,-0.9990482503824751,0.03500535103929332,-0.026023428028051007,8.014914640746229,81.36824065872594,73.64313515440918,33.73131902318664,21.941844598338164,7.162498672348051,78313.0,202125.22623375183, 0.0, 0.0,0.0,NaN, 41.89203382689372,41.89203382689372,NaN, 64.51516290591945, 5.419908651599135, -3.3169122876788295, 5.419908651599135, 239.47183873401707, 27.642084410590613, -3.3169122876788295, 27.642084410590613, 228.75892996908794, 8.750115423485465, 5.648533902797738, 9.0, 0.0
19, 0 ,1.0,1.0,1.0,22.76482476379743,178.32806473887194,41.314220994661234,14.716197380728298,12.66314752745333,17.29211606775927,65.0,53.0,74.0,0.3417373526560897,-0.3045704052829702,0.8890739283239469,18.407066705174746,-0.9042322061446707,-0.36434374428132915,0.22275042844807927,14.351116902391414,0.2560853357190703,-0.8800514213549285,-0.39991223612290505,11.452702201515718,86.60180022119695,75.78010349916002,66.05040317465452,24.69592613336117,8.127132407373896,118754.0,433468.5439232449, 0.0, 0.0,0.0,NaN, 51.91122114615141,51.91122114615141,0.0, 216.56646534855443, 3.0262744162489947, 48.027894335675136, 3.0262744162489947, 160.35530530204738, -62.29997924895915, 48.027894335675136, -62.29997924895915, 299.0172781008583, 9.984282492534271, 5.965018105211735, 7.0, 0.0
20, 0 ,1.0,1.0,1.0,110.08386713428597,71.0845047969624,63.46197211675024,12.806913682453962,14.586047903183358,16.937892058869902,61.0,72.0,80.0,-0.14545406963096216,0.25475394939715335,0.9560039429282414,17.192295833354954,-0.04450923584548907,-0.9669869484247231,0.25090868757516627,14.38771737667466,-0.9883633145520132,0.006055315251438909,-0.15199109054468904,12.69175210792639,77.42652516457682,71.3689002976649,60.31438344867858,24.768101809733903,7.085418240611369,138004.0,333287.9918000766, 0.0, 0.0,0.0,NaN, 131.01656260450926,131.01656260450926,0.0, 164.0170380698265, -3.007050944320887, -19.214971053588066, -3.007050944320887, 212.75279343395962, 21.612782826399748, -19.214971053588066, 21.612782826399748, 286.89218739792807, 9.006456445984323, 5.68532551623091, 11.0, 0.0
21, 0 ,1.0,1.0,1.0,141.06148837844606,40.53837806664087,86.4733231649479,15.246924032386776,12.88928684717808,16.844597783295953,86.0,66.0,88.0,-0.3643878143005689,0.057129006608245866,0.9294933014246035,17.16511117065925,0.8867509132321169,0.3261282415552542,0.32758691662226846,15.15332644174643,0.2844193008065053,-0.9435977144228536,0.16949635590391274,12.572928799925965,79.85150112330075,77.91849867431452,65.54741515757833,25.00234595535796,7.564759023778786,131781.0,407830.05782905035, 0.0, 0.0,0.0,NaN, 112.22630648661423,112.22630648661423,0.0, 232.4686924493734, 17.8475161254358, -25.470282799535116, 17.8475161254358, 166.13371542883786, 14.895118932876477, -25.470282799535116, 14.895118932876477, 283.7404744810189, 8.8236732324234, 5.678991829131509, 13.0, 0.0
22, 0 ,1.0,1.0,1.0,54.9134963445255,76.01651498229688,93.07482039461699,14.344355098811429,14.89726415038271,14.425078088408744,70.0,75.0,63.0,-0.16834164696088916,0.7747581587912975,0.6094348901111701,16.228554285022298,-0.8770995810360948,0.1644135402812803,-0.4512920481445284,14.725565668515756,0.44984154415171884,0.6105063334302885,-0.6518624103265217,12.472514653592514,76.28317386518296,71.72276332073145,63.915855607442786,24.238775061599892,6.946485711286634,126249.0,349698.9873987552, 0.0, 0.0,0.0,NaN, 132.12465637542525,132.12465637542525,0.0, 205.76052320079742, -22.89683593437037, 13.196018293448855, -22.89683593437037, 221.9284791662779, 46.353674084364684, 13.196018293448855, 46.353674084364684, 208.08287785669006, 8.678005788953032, 5.609997420105136, 11.0, 0.0
23, 0 ,1.0,1.0,1.0,117.69877636225007,150.97192961677118,159.78745863837915,16.32466585854211,12.784664052886349,15.516600772355837,77.0,66.0,76.0,-0.9362916860477286,-0.3511009395429327,-0.009274097798265223,16.834341487638586,0.007558525037199754,-0.046541507256670556,0.9988877598617072,15.52299790260978,0.35114206147535776,-0.9351802063529511,-0.0462302315426702,12.097468026824094,85.0110018063775,76.8136850804074,63.06348881120893,24.839232226112735,7.32937871064837,135089.0,411805.1066963692, 0.0, 0.0,0.0,NaN, 103.89558017805105,103.89558017805105,0.0, 266.49471539305046, 45.01834908812348, 1.904361324111742, 45.01834908812348, 163.44763494516442, -3.952371820379597, 1.904361324111742, -3.952371820379597, 240.76489952867377, 9.200918549734686, 5.775308303500204, 15.0, 0.0
24, 0 ,1.0,1.0,1.0,183.81911945372988,20.495071569383732,114.44097311505385,10.290121419056893,11.54277283379498,15.983515461417532,42.0,44.0,80.0,-0.23031204873617675,-0.3146994013704414,0.9208260677153048,16.745033267300787,-0.23080042932836675,-0.9015992690172353,-0.3658550531691874,10.930703312748735,-0.945350475764828,0.2967878786013223,-0.13501641784072094,9.732345862255203,90.71479987789309,53.78537571518274,47.715573746718235,20.98727300322624,7.357264566739005,70002.0,232810.4679794844, -2.8421709430404007E-14, 0.0,0.0,76.6845559495117, 89.45510569769488,89.45510569769488,0.0, 105.88659881893346, 18.610391077562557, -37.28714034481161, 18.610391077562557, 133.23560469259542, -45.63851553206015, -37.28714034481161, -45.63851553206015, 255.47276650537333, 9.148418969818753, 5.820016925391747, 8.0, 0.0
25, 0 ,1.0,1.0,1.0,174.81946764452968,61.50963201644708,113.82031767368764,14.339083599022134,11.866117269224759,15.084334090598501,61.0,55.0,77.0,-0.5873450239974546,-0.016775124098230152,0.8091627883169855,15.90104782346543,-0.7638046869184849,0.34210174693979156,-0.5473287814304111,13.652173257832585,0.2676344952108852,0.9395131664602857,0.21374467717579038,11.60715451424327,83.92264353116477,73.41273556163952,59.729133379884516,22.916767609310618,6.983763656111655,101173.0,367990.6434665969, 0.0, 0.0,0.0,NaN, 108.83212616855252,108.83212616855252,0.0, 205.60931845974557, -12.33382000355429, -34.54132918555496, -12.33382000355429, 140.80473904699403, -11.275443048768333, -34.54132918555496, -11.275443048768333, 227.5371349567921, 9.550646254285692, 5.666623381239294, 10.0, 0.0
26, 0 ,1.0,1.0,1.0,11.386411697178419,24.69447465409945,170.59020602984714,7.107908797226096,14.043846003849636,15.972046892633355,28.0,52.0,60.0,0.031956528968726305,-0.2921139896837356,0.9558494637166048,16.160518687173706,0.03986199171204455,-0.9552045344344656,-0.29324958484639574,13.84247012604941,-0.9986940481814337,-0.04747330225384444,0.018880775939968394,7.0768578169230745,71.97510814925622,65.11324492536055,28.938651770004515,21.27376069766379,7.091217509608748,66204.0,135621.94202321902, 0.0, 0.0,0.0,NaN, 40.05500506985914,40.05500506985914,0.0, 50.52236746968412, -7.359450344407766, 4.793144664135985, -7.359450344407766, 197.22961057984335, -19.292231627005737, 4.793144664135985, -19.292231627005737, 255.10628194047882, 8.586195173239098, 5.214101343095747, 6.0, 0.0
27, 0 ,1.0,1.0,1.0,98.2038125152311,184.58586282526875,141.83484064877746,13.073146084727629,9.338606208622112,15.047932865221172,62.0,38.0,63.0,-0.3305771061227529,0.03136788043802855,0.9432575644988658,15.328952941390678,0.9077107478607404,0.2842282597566125,0.30866728782594266,13.030533655834626,0.25841821748011834,-0.9582433680608246,0.12243231779985626,8.932266921299393,70.2377387011184,65.82252422336717,42.64416197262983,21.028269357851716,6.509138637501256,73862.0,197153.56669754648, 0.0, 0.0,0.0,NaN, 115.17278402348883,115.17278402348883,0.0, 170.90714855262934, 21.61290543213559, -23.17279103093191, 21.61290543213559, 87.20956591971544, 12.488504787379652, -23.17279103093191, 12.488504787379652, 226.44028351620346, 9.406484294951968, 5.624458422127767, 7.0, 0.0
28, 0 ,1.0,1.0,1.0,175.32955297548938,150.0149868192271,92.51454372090414,14.585752816837388,10.96039606371304,13.825055105852028,62.0,51.0,65.0,-0.8000166858648319,-0.09398188101548458,0.5925712686071124,15.38313593817756,-0.5978069259136181,0.2088036326131228,-0.7739689414551943,13.063146064363059,0.05099197650180911,0.9734312759760474,0.22322940954113463,10.803701189677886,74.94414248648629,66.1571892133282,52.41893940817573,21.907215702877952,6.6393159237158015,89145.0,259898.01926377107, 0.0, 0.0,0.0,NaN, 108.0095981797836,108.0095981797836,0.0, 212.7441852338798, 2.2852511887906544, -31.89991884494711, 2.2852511887906544, 120.13028187345628, -15.393330309172786, -31.89991884494711, -15.393330309172786, 191.13214867984522, 9.412462896067172, 5.547781602958017, 8.0, 0.0
29, 0 ,1.0,1.0,1.0,20.192547534335667,75.44914686866369,175.17419373350165,11.77881894340148,15.455645289849661,14.278894904002462,49.0,73.0,59.0,-0.011855823097774191,0.81506136585013,0.5792533205404995,16.56917229534535,-0.06562244303691682,-0.5786794185274385,0.8129107119128227,12.97588889568851,-0.997774089876331,0.028374292436389725,-0.060347038868475936,11.772562317547562,84.22403544219335,67.2157811180309,51.11698727361162,23.034744216837506,7.134770183491649,104556.0,289382.68740946223, 0.0, 0.0,0.0,NaN, 81.95506937290273,81.95506937290273,0.0, 138.74057570143358, -0.1827654535363393, -2.522245191503599, -0.1827654535363393, 238.876971325652, 50.17377948736635, -2.522245191503599, 50.17377948736635, 203.88683967954745, 8.501555374256109, 5.154494735757193, 8.0, 0.0
30, 0 ,1.0,1.0,1.0,89.12814254749023,34.179711901145225,104.71079175982659,13.29164517036974,15.18315371071393,13.81227589786974,67.0,69.0,61.0,-0.3706906681299742,0.7661989620478271,0.5249072100078122,16.56729959053574,-0.6254322905798041,-0.6237500697538905,0.46879665141947824,12.995140493236937,0.6866024165857944,-0.15451537476525887,0.7104239019766287,12.434864746169161,82.74108597809463,63.57191867470373,66.15291079103636,23.486407854464694,6.809082134240059,117182.0,347964.9450915935, 0.0, 0.0,0.0,NaN, 134.87813650347547,134.87813650347547,0.0, 176.66783133501323, -28.481742536461148, -27.497578545045833, -28.481742536461148, 230.52815660316617, 44.03526511179039, -27.497578545045833, 44.03526511179039, 190.77896547887337, 8.2510404662118, 5.20966096531368, 9.0, 0.0
31, 0 ,1.0,1.0,1.0,104.93752861459573,162.06810273784453,18.296458657632083,11.308125199665643,17.974131236283565,11.101239970957534,53.0,83.0,44.0,-0.07420159361592348,0.9965856625371522,-0.03620967730099421,18.016147616694685,-0.7284875507437127,-0.029372268100021377,0.6844290746878648,12.422230878378675,0.6810286425079959,0.0771640271891329,0.7281797175091262,9.761517463026157,83.44258577561746,66.39821493033168,53.23699827845584,22.676746895232576,7.742465264556576,87368.0,294956.32791199785, 0.0, 0.0,0.0,NaN, 103.97337493424921,103.97337493424921,0.0, 127.87369553131313, -15.69294587557065, -28.813477802475404, -15.69294587557065, 323.06939369914454, -9.46091164972179, -28.813477802475404, -9.46091164972179, 123.23752889278522, 8.091231224635969, 5.257065830260384, 11.0, 0.0
32, 0 ,1.0,1.0,1.0,153.61521704235363,89.31072714347955,68.70027975876539,10.661935262262544,12.675973144686337,14.993005169346011,51.0,62.0,69.0,-0.08898673151076558,-0.261817347415118,0.9610062633550014,15.217454526319791,0.2778724074742858,-0.9330529077070648,-0.22847143494064254,12.598480221493736,0.9564874734043701,0.24670619775737973,0.15578114522823802,10.433347332354238,69.03836555436399,64.85719181409038,48.122126360824524,21.462170932182108,6.2066562324111025,87218.0,215473.29403865142, 0.0, 0.0,0.0,NaN, 121.85106692950063,121.85106692950063,1.3486991523486091E-6, 113.67686353667746, -10.069916726648454, -13.660145970967458, -10.069916726648454, 160.6802951648092, -20.245950167881208, -13.660145970967458, -20.245950167881208, 224.7902040080362, 8.080559130102412, 5.087666617854088, 8.0, 0.0
33, 0 ,1.0,1.0,1.0,152.7899998672314,49.67437167248636,157.72546103904725,12.243554956731101,11.48472948745476,12.388229209078489,55.0,56.0,57.0,-0.7139616156513611,0.1898028063583817,-0.6739686239543954,12.803187148168725,0.4888377738857454,-0.5540208410689632,-0.6738683391313679,12.221606082021625,-0.5012947657805014,-0.8105774499452363,0.30276683345662436,11.044574049732855,59.45646112307736,59.51573955267517,55.899612828243505,20.10331841777837,5.579288566525666,75319.0,197806.10470615758, 0.0, 0.0,0.0,NaN, 80.51995999721709,80.51995999721709,0.0, 149.90463797849472, -13.099821602202452, 11.159556250807967, -13.099821602202452, 131.8990114000129, 4.858968619387709, 11.159556250807967, 4.858968619387709, 153.46822293666546, 8.26612219564024, 5.03939496895253, 13.0, 0.0
34, 0 ,1.0,1.0,1.0,120.85666563812232,79.275936087149,178.5360012879164,12.360771384878488,11.981927918109676,12.817975225395427,59.0,55.0,52.0,0.3827729846609334,0.45184976900525076,-0.8058018543436484,13.918048075368814,0.8035441313509615,-0.5932204072608629,0.04905484054285326,12.547100840221079,0.45585268583742006,0.6662742188162154,0.5901499759854714,10.464891448070727,67.31766796274097,59.78065047897001,58.011311869527844,20.56497496498558,6.1430903812671716,74539.0,233454.5731017568, 0.0, 0.0,0.0,NaN, 114.0571990587268,114.0571990587268,0.0, 152.78866922923086, -8.277880020457753, -24.08126433464245, -8.277880020457753, 143.5665966347761, -32.05101322113091, -24.08126433464245, -32.05101322113091, 164.30048887885096, 8.506651998400251, 5.089442282311367, 10.0, 0.0
35, 0 ,1.0,1.0,1.0,48.554767502091885,31.264872295493486,11.02454476630673,12.639119399966802,13.269063510152325,7.498782306545501,59.0,59.0,30.0,-0.6036489638943059,0.7936394356209449,0.07579165268417765,14.039368548484996,0.7881503462269092,0.6083786274399795,-0.09324418167719589,11.84373263835859,0.12011228135263423,-0.00344846364553255,0.9927543240735599,7.39386567871792,70.48289669010286,59.14809717370812,33.018764391436854,18.8112397115271,6.1793512798268635,50194.0,137652.89176265468, 0.0, 0.0,0.0,NaN, 58.792842031492356,58.792842031492356,6.743495761743046E-7, 159.74733920661717, -27.19057325457844, -12.807735457675662, -27.19057325457844, 176.06804643645592, 3.711453108577812, -12.807735457675662, 3.711453108577812, 56.23173608095987, 8.130939905503316, 4.881365720988722, 2.0, 0.0
36, 0 ,1.0,1.0,1.0,11.34735516372796,173.3024629163168,137.27226420375035,7.138508082981465,14.383710781005986,16.42728885199061,29.0,54.0,74.0,0.031871035340375796,0.1631244854164756,0.9860905837517882,16.486864952170293,-0.021010663671997262,-0.9862644283543137,0.16383232091074498,14.325610121403612,-0.9992711289326812,0.025939923294974368,0.028005914751282678,7.1179653839838,79.23905148082986,61.84484479797288,30.621111812274133,21.8039347471901,7.231437066685663,71460.0,150059.5803302842, 0.0, 0.0,0.0,NaN, 69.11070679475446,69.11070679475446,0.0, 50.95829765079171, 4.352508613086785, 6.418259976693165, 4.352508613086785, 206.89113583162782, 10.599668087043863, 6.418259976693165, 10.599668087043863, 269.855819026735, 9.771283766999737, 5.967027726024954, 8.0, 0.0
37, 0 ,1.0,1.0,1.0,46.39571285475793,22.808547579298832,166.97390317195325,12.031026347572078,13.230652188114545,11.497423973246795,52.0,52.0,54.0,0.34581347578656163,-0.9280360589709875,0.13842728493333795,13.40367717962305,0.7689148108950233,0.3648357060041334,0.5250380188241006,12.138989537809898,-0.537757430028343,-0.07512643259242338,0.8397457743717724,11.179127040373857,63.336769135447426,64.78357401813993,61.91343306867793,20.42180302801256,5.910708198225604,74875.0,254042.10092619172, 0.0, 0.0,0.0,NaN, 61.34749453460841,61.34749453460841,6.743495761743046E-7, 144.74559497597355, -11.271311602364559, 11.653705815268033, -11.271311602364559, 175.0501573228602, -2.7378577366282966, 11.653705815268033, -2.7378577366282966, 132.1907580205901, 7.998263889342198, 4.896857480017754, 6.0, 0.0
38, 0 ,1.0,1.0,1.0,114.53700091435537,154.84779030783298,61.52148735141725,10.100966335202802,12.358812968665486,13.928535272288691,51.0,55.0,60.0,0.15774202595818418,-0.435362158876495,0.8863279550285014,14.638706860401644,-0.4123052199842626,-0.8446208552098847,-0.34149672987929364,12.0413322503006,0.897285828942114,-0.31156925644697314,-0.3127342955557381,9.45983365730313,62.6042690671004,55.817719797014945,47.72975917464243,20.29948435269627,6.058449368060113,65620.0,166788.18536148558, 0.0, 0.0,0.0,NaN, 114.57547581716128,114.57547581716128,0.0, 102.02952090490032, 10.75837496392228, 25.26407846252311, 10.75837496392228, 152.7402579944542, -32.148634323895166, 25.26407846252311, -32.148634323895166, 194.0040948313902, 7.989543193939327, 5.017913901792017, 9.0, 0.0
39, 0 ,1.0,1.0,1.0,35.10655653706626,53.975661494947836,127.94894550224427,14.363319029540826,13.318954622398493,12.326855250161756,71.0,64.0,60.0,-0.8880690942867814,-0.31825201351689364,-0.3317362501522843,14.604490930425197,-0.4334342013043318,0.8201314069103323,0.3735227818205414,13.626194302227738,0.15319294015173207,0.4754998751752967,-0.8662746630231922,11.691301024154019,71.3193434748978,64.16742415330432,53.84387061740641,22.229244970658037,6.442942974352027,97582.0,246409.93524723445, 0.0, 0.0,0.0,NaN, 96.62917157849378,96.62917157849378,0.0, 206.3049335443696, 4.237319093434568, 14.637267781636371, 4.237319093434568, 177.39455223351018, 23.09405162394582, 14.637267781636371, 23.09405162394582, 151.95136035844047, 8.321819732360439, 4.943029049586287, 6.0, 0.0
40, 0 ,1.0,1.0,1.0,58.83037079786467,144.2536430529505,86.54137931034482,12.035349672809831,12.203019176932836,10.936710693993899,62.0,57.0,51.0,0.6440862912371869,-0.7243922969833672,0.24578171110049746,12.861898763161337,0.7366248805934703,0.6739759498403799,0.0560375260643535,11.459918247083976,-0.20624411441537396,0.14495592125856607,0.9677040591839529,10.79892557432708,57.10433825851962,51.61558138189517,49.17572739811952,19.584112889491475,5.462369624552057,69310.0,144944.15918348244, 0.0, 0.0,0.0,NaN, 118.5667709521478,118.5667709521478,0.0, 144.8496417468037, -15.469613600150875, 8.3344394250718, -15.469613600150875, 148.91367703259053, -8.13486435255883, 8.3344394250718, -8.13486435255883, 119.6116408041205, 7.423368252114014, 4.686745659861447, 11.0, 0.0
41, 0 ,1.0,1.0,1.0,130.7423450977697,119.97962129282793,183.5653630708959,15.487697812935549,10.21197363355951,9.430546194895113,72.0,50.0,38.0,-0.9842295074893286,-0.08372617031307744,0.15582748471312496,15.658535218427485,-0.007054900475997156,-0.8616183489260055,-0.5075076838564107,10.621159450234643,0.17675549486957243,-0.5006033851251209,0.8474395234084156,8.665427705389469,72.28786943455397,55.05540098793139,44.047102489108966,19.738671323144015,6.593424373439331,58198.0,175300.316343447, 0.0, 0.0,0.0,NaN, 107.0979974695472,107.0979974695472,0.0, 239.8687835448086, 14.246510555104214, -25.95320081019838, 14.246510555104214, 104.28440549251461, 14.274588827830573, -25.95320081019838, 14.274588827830573, 88.93520153405069, 7.703078026529678, 4.965046576474893, 6.0, 0.0
42, 0 ,1.0,1.0,1.0,125.22493578676998,10.513390037475261,43.04311760495179,9.430301270197969,7.118703808425205,18.63920516437453,45.0,29.0,83.0,-0.13141119143718533,0.014039130127031636,0.9912285314650378,18.765882064697163,0.9306218130809591,0.34627656086196973,0.11847187183257783,9.463532899385948,0.3415759648789234,-0.938027422958883,0.05856973616254018,6.7312488079514745,86.1671274440387,49.276275345521015,33.59528403037471,20.407800182777464,8.399296804986873,47498.0,142645.411297636, 0.0, 0.0,0.0,NaN, 86.91692338852353,86.91692338852353,0.0, 88.93058204669741, 13.693164782509037, -35.09111264666498, 13.693164782509037, 50.67594391208752, 6.085363114305025, -35.09111264666498, 6.085363114305025, 347.41996915964614, 8.30786915196309, 4.596381304122785, 4.0, 0.0
43, 0 ,1.0,1.0,1.0,171.17988028231932,103.97696774769946,120.77230411864558,8.275241614977158,12.611030917524932,16.85320790943936,43.0,53.0,73.0,-0.13643657211466145,-0.012286295852179739,0.9905726165828697,16.975073323824613,0.18563067796437854,0.9818943184025815,0.0377465082784477,12.753873368344756,-0.9731013889559944,0.18903067058803538,-0.13168558155299914,7.793198392368385,71.35803232348754,55.17082039014544,40.18847614631758,21.51782880539754,6.966447080789039,55965.0,158217.2555827379, 0.0, 0.0,0.0,NaN, 127.78125769507898,127.78125769507898,0.0, 68.47962378624977, 18.959490139978502, -30.021581087508515, 18.959490139978502, 159.03810080276975, 1.0099437149813406, -30.021581087508515, 1.0099437149813406, 284.03061683878934, 9.34967726474365, 5.5014236304392785, 9.0, 0.0
44, 0 ,1.0,1.0,1.0,48.53837755213451,183.3421406994941,164.48753502929722,15.087131272664868,9.918317516409276,9.144204642096526,62.0,43.0,41.0,-0.993892395305692,0.03422848158037487,0.10491099848069459,15.139736184031388,-0.08952715066605663,-0.8059260351815886,-0.5852077538021034,10.811242157215942,0.06451973223078003,-0.5910259189453438,0.8040681359733647,7.969721590334284,63.10428098560688,52.581922469052415,41.12547195552963,19.274660716521876,6.172397037974571,54954.0,136460.2548881535, 0.0, 0.0,0.0,NaN, 62.406678650320735,62.406678650320735,0.0, 227.6215300386222, -1.7863408438918533, -14.48109712444562, -1.7863408438918533, 98.37302235631108, 25.76446421332441, -14.48109712444562, 25.76446421332441, 83.61647853653965, 8.64641908127117, 5.205845695829829, 5.0, 0.0
45, 0 ,1.0,1.0,1.0,118.35184005866574,116.08518111117544,51.25315038885351,12.394014491171228,8.745649518862056,11.068353364053284,57.0,38.0,55.0,-0.9894566355596857,-0.07478821418878982,-0.12402535775138618,12.432771829932841,0.12207166783140833,0.030169255334672226,-0.9920626612998846,11.046609068838318,0.0779363474879726,-0.996742965388271,-0.0207216478406277,8.718086923790771,56.9973339404124,56.726383197646165,38.49477322078356,18.03693475116843,5.222586685518834,51819.0,124463.32584687509, 1.4210854715202004E-14, 0.0,0.0,8.3274024958328, 127.808467151955,127.808467151955,0.0, 153.6115952073624, 5.983557729424527, 4.068325558394054, 5.983557729424527, 76.4863855067721, -0.6486695192188817, 4.068325558394054, -0.6486695192188817, 122.50844619154965, 6.911246055525528, 4.311858497952789, 9.0, 0.0
47, 0 ,1.0,1.0,1.0,159.7713715957555,51.565872403604025,42.4939229414419,12.525439061491022,12.56595249763544,10.828212290437643,64.0,58.0,55.0,-0.8065869698897362,-0.38589192138290346,-0.4477777183106647,13.852113631555774,0.2003430084728891,-0.8911411826000403,0.4070995844142236,12.525337198951732,0.5561296062610995,-0.23865208502255494,-0.7960936146925571,9.125505095815948,65.11591964436695,57.15305598561976,47.186320724375314,19.92893630168702,5.905714617730849,68701.0,175607.3749729288, 0.0, 0.0,0.0,NaN, 77.99432817189184,77.99432817189184,0.0, 156.8866236831251, 20.662525404919833, 45.22902210508173, 20.662525404919833, 157.90316217283035, -7.937711944098401, 45.22902210508173, -7.937711944098401, 117.2501814067848, 7.563746165194034, 4.404432379646481, 3.0, 0.0
48, 0 ,1.0,1.0,1.0,8.473758721812114,118.06741497286548,68.30987292277615,6.021910089385576,9.701853977921063,12.806949042740472,24.0,47.0,56.0,-0.06645822663812616,0.02575284245075166,0.9974568137106598,12.830579922466248,-0.05069076472750962,0.9982888474241024,-0.02915173202397001,9.707784270032224,-0.9965007528765122,-0.052499221083401416,-0.06503907519468904,5.9617496539706005,56.31448467221885,47.26308297915776,25.521594849957438,16.242369463313263,5.531071300764201,29667.0,67928.17890055098, 0.0, 0.0,0.0,NaN, 107.00930714115451,107.00930714115451,0.0, 36.2634011246438, -3.1913074272297326, -8.469958672249236, -3.1913074272297326, 94.12597060890275, 1.6075185948848534, -8.469958672249236, 1.6075185948848534, 164.0179437833511, 7.464307538880478, 4.581940645850531, 9.0, 0.0
49, 0 ,1.0,1.0,1.0,50.610686049477174,140.09119393740664,49.70832877910154,10.527886457360518,13.707992255765994,9.097077727929511,50.0,59.0,40.0,-0.3812536509736629,-0.9198820585760542,0.09199267323614652,14.322158934261367,0.9185947861981816,-0.3657490025323164,0.14970399432257248,9.745369971229078,-0.10406378999810399,0.14157918440397835,0.984442005480635,9.022516041372844,66.82789069584535,47.28068980668408,40.153126498567815,18.676573347126876,5.717331207880964,54894.0,126870.57983245944, 0.0, 0.0,0.0,NaN, 92.85162645993564,92.85162645993564,0.0, 110.83639325907498, 38.83110914920251, -2.473499939188633, 38.83110914920251, 187.90905168414048, -11.212170617338575, -2.473499939188633, -11.212170617338575, 82.75682318799115, 7.365016024567201, 4.350755439154834, 6.0, 0.0
50, 0 ,1.0,1.0,1.0,141.5424554539003,147.49928074112435,17.34420852753323,8.695905869282202,13.931935287574056,10.24984587512827,38.0,61.0,40.0,-0.03836666955665306,-0.9795434511903597,0.1975414536172345,14.068841016341675,0.2597233860033165,-0.20066807885326277,-0.944603665508616,10.170275317158165,-0.9649205985106252,-0.01506483851291296,-0.26210930775246616,8.567972492868858,65.16821121522457,47.59366157564365,41.88941704826361,18.509842074074832,5.671215619354566,52137.0,129923.95578644055, 0.0, 0.0,0.0,NaN, 80.46385279431419,80.46385279431419,0.0, 75.61877888741664, 3.1149537196141193, -8.309797371841759, 3.1149537196141193, 194.09882085715122, -18.4039183723692, -8.309797371841759, -18.4039183723692, 105.05934046388404, 7.885402957465182, 4.459631077427043, 5.0, 0.0
