// Sample: .//bubblelabels.tif, Map: .//bubblelabels.tif, Thickness:(8.191250068658265):/gpfs/home/mader/Foam/NewValid/InSilicoTest/LatticeData_OldFoam/out_Step_03500.vtk/distmap.tif, Neighbors:(1.0):
//LACUNA_NUMBER, TRIANGLES, SCALE_X, SCALE_Y, SCALE_Z, POS_X, POS_Y, POS_Z , STD_X, STD_Y, STD_Z,PROJ_X, PROJ_Y, PROJ_Z, PCA1_X, PCA1_Y, PCA1_Z, PCA1_S, PCA2_X, PCA2_Y, PCA2_Z, PCA2_S, PCA3_X, PCA3_Y, PCA3_Z, PCA3_S,PROJ_PCA1, PROJ_PCA2, PROJ_PCA3,OBJ_RADIUS, OBJ_RADIUS_STD, VOLUME, VOLUME_BOX, Mask_Grad_X,Mask_Grad_Y,Mask_Grad_Z,Mask_Angle, Mask_Distance_Mean,Mask_Distance_COV, Mask_Distance_STD, SHAPET_XX, SHAPET_XY, SHAPET_XZ, SHAPET_YX, SHAPET_YY, SHAPET_YZ, SHAPET_ZX, SHAPET_ZY, SHAPET_ZZ, Thickness, Thickness_STD, Neighbors, Neighbors_STD
1, 0 ,1.0,1.0,1.0,79.21658902314748,138.2102016305139,39.67623259086718,15.394828052729961,15.476711929207015,16.065610716322464,84.0,80.0,80.0,0.08572643581182371,-0.4720801008049515,0.8773775450893349,16.303623276508198,0.9887054855225444,-0.06834799588062998,-0.13337921261100344,15.390322983677208,0.12293266897221071,0.8789021162126576,0.4608889551901638,15.230332140731278,90.09752336392576,82.43420605419482,83.03331235961262,26.09141970185297,7.339687223792612,164856.0,616698.1927134598, 0.0, 0.0,0.0,NaN, 164.16921527440567,164.16921527440567,0.0, 237.00073077312138, -1.7007598111025937, 1.899593821944719, -1.7007598111025937, 239.52861213965875, -13.973731547358545, 1.899593821944719, -13.973731547358545, 258.10384768841516, 7.067156778798993, 5.521106111151425, 54.0, 0.0
2, 0 ,1.0,1.0,1.0,57.54745077289391,259.19962961563175,12.995716643360167,14.332656473755637,15.837159944965025,8.196878350331806,80.0,73.0,33.0,-0.21828899637339438,-0.9758312863883642,-0.010159457068473222,15.915216284659007,-0.9708789659844945,0.21610461546544216,0.10340613416723374,14.298591236698305,-0.0987114353617394,0.032436024419821144,-0.9945873299256642,8.104669682693512,72.31588870093904,74.45051634825985,36.69935380476775,21.82144507295325,6.874156408995681,79377.0,197587.67873441725, 0.0, 0.0,0.0,NaN, 71.73052324523216,71.73052324523216,0.0, 205.4250415946894, 10.848798708098444, -13.515134947619751, 10.848798708098444, 250.81563512240461, 4.960830896472659, -13.515134947619751, 4.960830896472659, 67.18881469013826, 8.219083105267384, 5.597805547320078, 27.0, 0.0
3, 0 ,1.0,1.0,1.0,76.69897536565716,15.67914080495637,259.52780583008996,14.957677291160007,9.21026054347957,15.098039629869001,69.0,39.0,77.0,-0.6860787631979393,0.13413971965645083,0.715054170185221,15.636060589273937,0.7112200136025849,-0.08326768958895119,0.6980204754315287,14.527223064074779,-0.15317317957111617,-0.9874578611166182,0.03827465975117033,8.999178250569509,74.03612160189755,78.23165829216663,40.42578222016958,22.136349816327105,6.8186381851213635,88129.0,234144.85989284774, 0.0, 0.0,0.0,NaN, 88.12812706196719,88.12812706196719,0.0, 223.73210994648375, -22.74915264652116, -15.64567666867382, -22.74915264652116, 84.8288992787766, 8.123441380902788, -15.64567666867382, 8.123441380902788, 227.9508006650949, 7.155038543325101, 5.339990596398765, 30.0, 0.0
4, 0 ,1.0,1.0,1.0,153.9666822357154,176.52365383332221,14.237661528880585,15.766186337030584,15.365575543118203,8.873479556359362,78.0,67.0,38.0,-0.7503103279459734,-0.6598863935156514,0.03980401274384862,17.171206859022668,0.6545368335987471,-0.7499837166154553,-0.09542514487384693,13.827670535916933,0.09282211611535195,-0.045545279278705296,0.9946404789145136,8.79530359778202,81.72468697952701,68.28916494209307,40.99090919572042,22.619571269119877,7.194941168865904,89922.0,228766.60082218974, 0.0, 0.0,0.0,NaN, 191.76769531318024,191.76769531318024,0.0, 248.57263161396986, 51.79840158008749, -13.606313983891118, 51.79840158008749, 236.10091177127225, 2.4350325162703705, -13.606313983891118, 2.4350325162703705, 78.73863943712753, 8.106378088779916, 5.552689654935697, 23.0, 0.0
5, 0 ,1.0,1.0,1.0,281.5597414442638,287.71576714121426,149.2009160486973,10.159846399627039,7.345555261432841,16.735509303148586,42.0,31.0,80.0,-0.09238270897917504,0.009757643270231882,0.9956757622235662,16.781365084205337,0.9716585315603831,-0.21762994743356556,0.09228707399188374,10.208174735217451,-0.21758936814005636,-0.9759825789315475,-0.010624146767464688,7.171881697604421,80.30238849492248,47.55089818668543,33.61186552112264,19.63250408118443,7.198730172804416,50434.0,128345.25140961286, 0.0, -5.6843418860808015E-14,0.0,89.44091935055475, 150.83719323264305,150.83719323264305,0.0, 103.22247886401452, -11.366540555904338, -16.44049371564281, -11.366540555904338, 53.957182098763695, 1.1764113803798197, -16.44049371564281, 1.1764113803798197, 280.0772716357729, 7.188673820731429, 5.42331869041065, 16.0, 0.0
6, 0 ,1.0,1.0,1.0,17.014437879670467,163.75047848880752,12.961117583423484,10.302150713037236,14.017759126203229,8.14178100921817,41.0,72.0,35.0,-0.0961008115517557,0.9917297999402707,0.08506843086317961,14.084280539037339,0.9931666026811272,0.08985158341758451,0.07447679018446465,10.269038538982048,0.06621731901792666,0.09164440445429528,-0.9935877262699532,8.0684798703999,71.83772951605852,46.53761731089268,38.39579163760145,18.25181812772272,5.982609235858726,48068.0,128363.15054932618, 0.0, -2.8421709430404007E-14,0.0,7.3738687186575955, 137.91814158188689,137.91814158188689,0.0, 106.13430931413362, -9.100125490372555, 1.895335449719238, -9.100125490372555, 196.4975709202539, 11.513057424806256, 1.895335449719238, 11.513057424806256, 66.28859800206563, 7.6051017224076904, 5.231324433307342, 18.0, 0.0
7, 0 ,1.0,1.0,1.0,171.23800554217303,99.57115172151487,10.963396301595639,13.324250125616686,14.465603526031297,6.889416362154313,63.0,67.0,28.0,-0.26655782500434355,-0.9630737211685554,-0.037893713509051276,14.571085973071929,0.9622945570574222,-0.2637201094456518,-0.06663999798644721,13.23940622810026,0.05418589656556356,-0.054228327178014554,0.9970572587092782,6.830443681499134,74.23440032853576,67.32718500648488,29.976837035801008,19.806131563212904,6.478467187085695,55213.0,149824.0278052749, 0.0, 0.0,0.0,NaN, 163.13877997083415,163.13877997083415,0.0, 177.53564140999626, 9.88530772150714, -6.575172347078829, 9.88530772150714, 209.25368537232907, 8.30625573015745, -6.575172347078829, 8.30625573015745, 47.464057811119574, 6.575651286225922, 4.85248030211946, 25.0, 0.0
8, 0 ,1.0,1.0,1.0,279.10161362048154,205.58919382504288,210.36650572814094,12.476917176662278,12.968266368689402,14.391072322242724,51.0,68.0,71.0,-0.2951811244640485,0.19833413101850167,0.9346291650880985,14.68238939607001,0.3431762078200605,0.9349475709630747,-0.09001738685659,12.965839867593427,-0.8916827878491225,0.2941710591193192,-0.3440424302760278,12.135353129459695,79.37912120656497,64.2381278931976,61.56243430767671,22.111625147679565,6.482930722690804,94446.0,313917.08052487945, 0.0, 0.0,0.0,NaN, 131.84955885878554,131.84955885878554,0.0, 155.6734622332902, 2.6896163613182256, -19.48850512962905, 2.6896163613182256, 168.1759326092806, 10.907312705102761, -19.48850512962905, 10.907312705102761, 207.1029625840206, 7.2834069829940535, 5.10087615966035, 38.0, 0.0
9, 0 ,1.0,1.0,1.0,189.7286730916201,114.07017160779331,234.60801167210903,13.222928878531812,13.122589498006125,13.320988669169875,64.0,69.0,64.0,0.6576260790982404,-0.3021286189150198,0.6901059612279679,14.168983451361983,-0.16748210567806165,-0.951765569171602,-0.2570837326963708,13.014645558974577,0.734491446081925,0.05348456760561142,-0.676506996756518,12.424003030961362,66.96423705985288,66.46720265715899,70.06086813830125,22.071821748087476,6.109961301405255,100753.0,311835.7056305917, 0.0, 0.0,0.0,NaN, 171.60385114047187,171.60385114047187,NaN, 174.84584812671056, -6.824885797522322, 21.706651068260484, -6.824885797522322, 172.20235513318062, -5.998914598292896, 21.706651068260484, -5.998914598292896, 177.4487391241522, 6.504673954372769, 4.828143538726117, 38.0, 0.0
10, 0 ,1.0,1.0,1.0,121.57228116028523,186.60514699072883,114.0038689894323,12.55450072359125,12.792648909567246,14.21970534211102,63.0,67.0,68.0,-0.13247454900971745,-0.24551966798508362,0.9602971344834714,14.345378317520662,0.10732501424797306,-0.966692909700604,-0.2323492191750422,12.687497065217322,-0.9853587342594289,-0.07228354561775224,-0.15441260910813578,12.518183322905752,72.54508777272534,64.56004459821042,65.6948932160856,21.996717953081074,6.293788513380751,97183.0,307682.9588061483, 0.0, 0.0,-1.4210854715202004E-14,16.199291711247238, 201.5814832271786,201.5814832271786,3.814697265625E-6, 157.6154884186532, 1.1537217925319083, -6.350762764231046, 1.1537217925319083, 163.65186612345207, -10.614289899143927, -6.350762764231046, -10.614289899143927, 202.20002001646068, 6.334998281388647, 4.693943903394418, 35.0, 0.0
11, 0 ,1.0,1.0,1.0,259.60756289727095,141.07073802002054,126.25072317588399,13.632685128189557,13.43869433533859,13.293741501793779,74.0,68.0,65.0,-0.8590474543215763,-0.5100100215414881,0.04390044590742241,13.724059220903872,0.41144450827575324,-0.6369063533850758,0.651969104810534,13.498203362151997,-0.30455030427392993,0.5781349971632719,0.7569736040455313,13.138526433913674,74.76263983845206,69.74530369563288,70.12024769814613,22.445806934942848,6.273589355288981,105092.0,365631.0241889782, 0.0, 0.0,0.0,NaN, 193.5762051571548,193.5762051571548,0.0, 185.8501038043607, 4.3805844157660845, 1.9768138889706195, 4.3805844157660845, 180.59850543866153, -4.330452138026816, 1.9768138889706195, -4.330452138026816, 176.7235631165143, 6.138955673552885, 4.652837933746539, 39.0, 0.0
12, 0 ,1.0,1.0,1.0,23.301668146848282,132.6101308623217,192.38077404581787,12.903974477855625,13.197883741356053,12.727553743581957,61.0,64.0,61.0,0.37877498605745835,0.8406220888328769,-0.3871485679986733,13.316051406358376,-0.7784321180348234,0.5156318694689966,0.3580044871223352,12.94403460276671,-0.5005726196557211,-0.16576573516308624,-0.8496756872459343,12.56272502353156,68.45061656291558,67.73797032792154,66.04703520707542,21.586671674444514,6.058293727695331,93457.0,306240.67344103724, 0.0, 0.0,2.8421709430404007E-14,67.22280907915118, 172.36679593449907,172.36679593449907,0.0, 166.51255732514934, 2.303536178120012, -5.569268890224843, 2.303536178120012, 174.18413525035044, -4.549216397557942, -5.569268890224843, -4.549216397557942, 161.9906242957671, 6.479222523028889, 4.723825172820049, 36.0, 0.0
13, 0 ,1.0,1.0,1.0,47.03407913243023,249.0217262565697,213.6498538011696,13.347055136127667,14.149159992832542,13.359753802670518,64.0,70.0,65.0,-0.02963494250336916,0.8124186594041188,0.5823209527698934,14.850395072303456,-0.8096860164681743,-0.3611179416885106,0.4626039201374683,14.143459321304254,-0.5861146004995281,0.4577878919790998,-0.6685057374762091,11.672786968016304,69.0163128779219,67.405288489303,63.62721921273122,22.714733816179454,6.392691032543504,108072.0,295997.9264609956, 0.0, 2.8421709430404007E-14,0.0,35.66708140114665, 110.75800983339853,110.75800983339853,1.3486991523486091E-6, 178.1438808068319, 16.620660135808123, -25.3454216776749, 16.620660135808123, 200.198728502773, 29.216699452910447, -25.3454216776749, 29.216699452910447, 178.48302166796935, 7.0385210496910595, 4.920324531119352, 41.0, 0.0
14, 0 ,1.0,1.0,1.0,261.0599340628658,280.3621817244601,25.870176870456085,14.661509217432412,10.842906800104025,13.984351346576101,74.0,51.0,63.0,0.8349877797254638,-0.05531484914555889,0.5474812098813476,15.159282875870998,0.5489838058987293,0.01579346189262669,-0.8356837604156205,13.45654197222499,-0.03757909751559312,-0.9983440459207691,-0.043554304086546085,10.826272850439066,78.07587234709032,69.3338580871312,52.98916354418918,22.015544419785037,6.588350847780412,93119.0,286846.3160251432, 0.0, 0.0,0.0,NaN, 50.7073830237784,50.7073830237784,0.0, 214.9598525328556, -4.646702995137531, 22.1697671032334, -4.646702995137531, 117.56862787574211, -4.252811833599908, 22.1697671032334, -4.252811833599908, 195.5620825844848, 6.531754902370592, 4.789185754862002, 28.0, 0.0
15, 0 ,1.0,1.0,1.0,136.24530138841857,22.786435404673213,250.72003047748052,14.167913981677124,12.258899445396402,12.788621480940588,67.0,55.0,68.0,-0.8954341681013415,-0.2830521954377498,0.34362640360503244,14.415647612730458,-0.44405155416439923,0.5125924394795911,-0.7348926508222431,13.125439301264798,0.031872681732801764,-0.810635828005542,-0.5846825519142228,11.59617129235806,67.59448999055894,66.31592677188445,66.15447959766547,21.811784648255433,6.229389379818513,94496.0,296543.4912867388, 0.0, 0.0,0.0,NaN, 146.66464872290393,146.66464872290393,0.0, 200.72978659220212, 9.982987928797883, -10.22901822794612, 9.982987928797883, 150.2806156123402, -21.374852532741464, -10.22901822794612, -21.374852532741464, 163.54883938277504, 6.879837577673709, 4.747555455727471, 29.0, 0.0
16, 0 ,1.0,1.0,1.0,236.98958759116235,243.12260396273908,9.598111137405073,13.592896624254184,13.094147953408243,6.642925735167805,64.0,63.0,28.0,-0.8557099494568648,0.5040348139410527,-0.11708709893040177,13.920062012992956,-0.5081024206803008,-0.8612773909030568,0.00576073068642624,12.827296210806326,0.09794086225548715,-0.06442175296148735,-0.9931049417085893,6.484162016870404,64.5034672186262,58.874576212895306,31.252688862317477,18.941415136158284,6.447852683340744,46483.0,118685.65803569769, 0.0, 0.0,0.0,NaN, 85.42525381476607,85.42525381476607,NaN, 184.76683863766078, -11.833630782910628, 14.843049841673366, -11.833630782910628, 171.45671062574527, -9.561896507800125, 14.843049841673366, -9.561896507800125, 44.128462322954725, 6.043457832876885, 4.5377930062115075, 15.0, 0.0
17, 0 ,1.0,1.0,1.0,144.41081146304677,151.82455505279034,58.65678431372549,12.27187320464477,11.703181313485679,13.430904940382105,61.0,59.0,67.0,0.3599128336009022,0.11788203815627576,0.9255088207518565,13.59599959271152,-0.7413854460161274,-0.5660832667300757,0.36041275721549415,12.513163673974413,-0.5664012470367963,0.8158759465803173,0.11634460514709616,11.248202623890377,69.7152234569121,65.54095807387591,60.20020149231448,20.814661336608822,5.890874787929555,82875.0,275066.9134287567, 0.0, 0.0,0.0,NaN, 215.06060378122748,215.06060378122748,0.0, 150.5988719508783, 15.089329697408097, 11.39815530925979, 15.089329697408097, 136.96445285632038, 0.2313803188123636, 11.39815530925979, 0.2313803188123636, 180.38920751758042, 5.732731624246543, 4.496250095099749, 31.0, 0.0
18, 0 ,1.0,1.0,1.0,33.011829668117414,11.817991832352321,73.50213777632916,13.39790425521594,7.417509357527878,12.749141852429897,66.0,31.0,60.0,-0.9293155679504357,-0.04136225188121591,-0.36696285818087143,13.535101823511127,0.362759578649974,0.08375441807367712,-0.9281113540684831,12.641528494171453,0.06912353624238882,-0.9956276219412831,-0.06282973153605349,7.35232462780063,68.08179109451278,67.16090056098884,32.88770361427346,18.96485057247471,6.115418566054758,52157.0,150376.86739923139, 0.0, 0.0,0.0,NaN, 81.43715421524021,81.43715421524021,1.3486991523486091E-6, 179.50383843193336, 8.177067297571568, 8.436090668405072, 8.177067297571568, 55.01944506901364, -6.26025664990908, 8.436090668405072, -6.26025664990908, 162.54061797337963, 6.517157709966292, 4.662428085538602, 28.0, 0.0
19, 0 ,1.0,1.0,1.0,219.16702285686904,29.822808951075757,269.24300158129284,12.354264491471135,13.818496132031456,14.297837631151774,58.0,64.0,63.0,-0.1644447821195905,-0.553145061901824,0.8166936109259504,14.757280096601493,0.009734710665907441,-0.8288350657398488,-0.559408320646263,13.39459629293681,-0.9863382528533972,0.08404150339950138,-0.1416823089325556,12.280648260684996,69.24198617126024,66.9202370764497,56.46715071468236,22.51750101701502,6.400702723263378,104345.0,261651.27894855043, 0.0, -3.552713678800501E-15,0.0,56.4169539396849, 91.4842231167902,91.4842231167902,0.0, 152.62785112522454, 5.860310370412096, -9.148948503126867, 5.860310370412096, 190.9508353509683, -16.98952651074292, -9.148948503126867, -16.98952651074292, 204.42816092677975, 6.272446137280268, 4.6424028027866235, 38.0, 0.0
20, 0 ,1.0,1.0,1.0,161.60080026590305,256.5718960932706,281.4911024749438,14.948755614086451,12.675171481480033,10.074544339092396,72.0,65.0,43.0,-0.9571705593060511,0.28925796224157835,0.012423835059725568,15.1607203991511,0.2860979275066096,0.951553110400759,-0.1126705549958065,12.449327664160402,-0.04441279403690253,-0.10429050468038777,-0.9935547264038082,10.039347978035153,75.56921340159195,62.25776566946209,45.25675518090617,21.079275439608473,6.425407152553354,78224.0,212922.64126016773, 0.0, 0.0,0.0,NaN, 146.22899159730665,146.22899159730665,0.0, 223.4652944096812, -20.977927499174637, -3.2817721289493327, -20.977927499174637, 160.65997208492476, -5.3467984291148385, -3.2817721289493327, -5.3467984291148385, 101.49644364033864, 6.672654467657526, 4.880995703470843, 32.0, 0.0
21, 0 ,1.0,1.0,1.0,41.07341990276325,85.55749071737748,39.61264282930232,12.512357712978172,12.645261271271382,14.431647591901413,58.0,60.0,72.0,-0.06939696930272453,-0.04214870805004465,0.9966983229951322,14.443044345077936,-0.36022754062399837,-0.9306363669935167,-0.06443656884948645,12.666727072258839,-0.9302796244289038,0.36350988822702074,-0.04940021795090163,12.477446681757106,71.74737880885216,63.16120493592998,60.6527845966906,22.027990482715712,6.285046990013569,97494.0,274857.24569655734, 0.0, 0.0,0.0,NaN, 102.84100112447717,102.84100112447717,0.0, 156.55909553752437, 1.7502870068415934, -3.5495343033636786, 1.7502870068415934, 159.90263261871593, -1.9375280843769849, -3.5495343033636786, -1.9375280843769849, 208.27245221683387, 5.96652456672745, 4.45155295289529, 35.0, 0.0
22, 0 ,1.0,1.0,1.0,190.63895725093428,281.7730770733232,59.87461749807935,14.081315753867745,10.282052005153542,12.76468950763601,66.0,44.0,68.0,0.9781133121307383,0.15253963696983516,-0.1415132777719018,14.187907941816025,-0.14428457943608797,0.007197183582480615,-0.9895100609318893,12.735933949607023,-0.14992100843306705,0.9882711468527199,0.0290487784393993,10.17057518968124,68.71449545200352,66.66636272412924,48.22478476886283,20.700717655689747,6.19851865872471,76797.0,220915.10972451462, 0.0, 0.0,-7.105427357601002E-15,81.86457742400275, 126.00408013663407,126.00408013663407,1.3486991523486091E-6, 198.28345336012393, 14.539215177832865, -5.155142526801157, 14.539215177832865, 105.72059343668197, -2.530854601885318, -5.155142526801157, -2.530854601885318, 162.93729822635285, 6.148925221478431, 4.68625143196445, 35.0, 0.0
23, 0 ,1.0,1.0,1.0,32.57176990755214,288.54981912375507,207.83962306283775,13.007391693054464,6.745897367464935,12.462937930790519,63.0,27.0,66.0,0.7996392794317342,-0.014437473802832172,0.6003070732051132,13.667046964826554,0.5995794888966147,0.07394657320410755,-0.7968916744488197,11.758768179705644,0.032885548260155543,-0.9971576924747468,-0.06778699767703893,6.705772884076598,64.30580449693969,65.75751028958351,29.53204915680584,18.27318542423073,6.009566229550241,44782.0,124878.91595736636, 0.0, 0.0,0.0,NaN, 98.41525244701185,98.41525244701185,0.0, 169.1922386565423, 2.4993944293745596, 23.498781909607406, 2.4993944293745596, 45.507131292370346, -6.727149279915687, 23.498781909607406, -6.727149279915687, 155.32482186673707, 5.867424652064918, 4.501994930725469, 21.0, 0.0
24, 0 ,1.0,1.0,1.0,281.09821275867967,105.47253577333105,168.70972293483837,10.81325395472861,12.131111832833467,12.620440191142112,45.0,63.0,62.0,0.16352105122787955,-0.5291612864852383,0.8326158770349129,12.866015992283474,0.29870349182281314,-0.7778037609018907,-0.5529896323618859,12.051226473107695,-0.9402324658179954,-0.33913071581937654,-0.030875035378917188,10.611287338892275,65.59315370602843,59.98319066133895,52.345911543727425,19.781070835142668,5.663486790256142,70164.0,205954.2898801023, 0.0, -1.4210854715202004E-14,0.0,58.05119616573605, 169.46642798861265,169.46642798861265,0.0, 116.92646108945394, -12.162038139416621, 1.8168476605671, -12.162038139416621, 147.16387430071214, -9.286640783087803, 1.8168476605671, -9.286640783087803, 159.27551061819514, 6.223053585301086, 4.639127869911452, 24.0, 0.0
25, 0 ,1.0,1.0,1.0,277.24121275341287,207.08413079958274,11.239897501020454,12.612072959053693,11.810016145359153,7.15910157560159,49.0,61.0,28.0,-0.8874522240584992,0.4597773465544454,-0.032145631258021376,12.888811443737485,-0.4608947107135362,-0.884956398469442,0.06654501066406394,11.528326202807381,0.00214840636493527,0.07387126913318992,0.9972654711493542,7.125295472986705,60.390659074249456,60.53824429024712,30.398533434506472,17.824488864287215,5.664026639665832,44098.0,111135.35026332394, 0.0, 0.0,0.0,NaN, 96.32059199380947,96.32059199380947,0.0, 159.06438432449337, -13.56746109381738, 0.7716950945994271, -13.56746109381738, 139.4764813536439, -6.541612311868634, 0.7716950945994271, -6.541612311868634, 51.25273536978117, 6.582885335620106, 4.711346602158713, 15.0, 0.0
26, 0 ,1.0,1.0,1.0,91.38575488454707,265.5535820011841,40.10027235050325,11.606824243208475,12.665433881664995,13.543507898684647,61.0,61.0,67.0,-0.29653340969785735,-0.3858382028144899,0.8736113656436976,13.975498350318697,0.05374070014629455,-0.9200468089074828,-0.3881054065159923,12.427733113689866,-0.9535092417385103,0.06813773307090719,-0.29355983248940776,11.348792276732748,70.27380261568572,62.762467448782644,57.84704385756281,21.029577556851944,6.026197673960693,84450.0,255137.6986289795, 0.0, 0.0,0.0,NaN, 105.57435176856262,105.57435176856262,0.0, 134.718369012732, 6.342344098844588, -17.76725366918087, 6.342344098844588, 160.41321541082763, -13.261678299420069, -17.76725366918087, -13.261678299420069, 183.42660620173342, 5.933270200937016, 4.353255008039903, 36.0, 0.0
27, 0 ,1.0,1.0,1.0,52.9189373533254,188.79668443139386,48.33067825805482,14.002282029049768,11.122176766548403,13.011579537344643,73.0,55.0,68.0,-0.9391673390057591,0.021467859780575426,0.34278833168776773,14.141559567618515,0.33565548936212736,0.2689199488372918,0.9027831708546734,12.998007231364225,-0.07280179809532374,0.96292325349105,-0.25976663773529085,10.960657877743726,70.2904859153369,67.06525886178068,58.136374128367976,21.24286219290178,6.148880057170002,86501.0,274057.753148923, 0.0, 0.0,-7.105427357601002E-15,69.95315435612436, 132.29680942842043,132.29680942842043,0.0, 196.0639020210501, 2.7961220244035694, -10.91454762435709, 2.7961220244035694, 123.7028160263491, 12.438036999854491, -10.91454762435709, 12.438036999854491, 169.30120205664585, 6.026249427929212, 4.330299511165263, 32.0, 0.0
28, 0 ,1.0,1.0,1.0,68.6752566941816,62.32620853186587,161.3593942241013,13.570012558710417,12.76297154230778,12.017986777448415,65.0,61.0,58.0,-0.9382355759233322,0.24944765934589785,-0.2397704513042965,13.786118448790415,-0.1332938433872813,-0.9000846055068845,-0.414825811931421,12.844239264446347,-0.3192910198969901,-0.3572444095802881,0.8777412354656531,11.680716820889762,68.27066422267691,63.227077352851666,65.66149454317733,21.337937898138314,6.013575963709494,89406.0,283431.42419483984, 0.0, 0.0,2.8421709430404007E-14,76.12700738611203, 166.79947458513627,166.79947458513627,0.0, 184.1452408435584, -9.12522494559441, 13.639774197509599, -9.12522494559441, 162.89344258975822, 7.447579216764877, 13.639774197509599, 7.447579216764877, 144.43200618292497, 6.240812895218164, 4.387350128727704, 37.0, 0.0
29, 0 ,1.0,1.0,1.0,124.48503517872766,168.81416267235113,273.9074509900563,12.814455602017055,11.552302244249917,12.984085124975433,66.0,56.0,61.0,0.6463338318612168,-0.12118125651597828,0.7533708786917667,13.264201883899553,-0.7140109750046224,0.2522011282234808,0.6531331552568372,12.622176649113259,0.2691484820030482,0.9600571305875564,-0.07648137448714555,11.44526238549872,72.27764674264526,65.08194517593921,59.40688647157481,20.744664474122075,5.992605602513264,81157.0,279448.20241400483, 0.0, 0.0,0.0,NaN, 182.72128779275207,182.72128779275207,0.0, 164.21027237606629, -8.6209162417836, 8.675691551282046, -8.6209162417836, 133.45568714250166, 0.5625414422911871, 8.675691551282046, 0.5625414422911871, 168.5864665326083, 5.718230908223606, 4.246464148611084, 31.0, 0.0
30, 0 ,1.0,1.0,1.0,276.07808330944454,208.57441178416283,287.1599153233809,13.170477466778806,12.064259857330331,7.338668559910877,55.0,60.0,35.0,-0.9307943099469737,0.3626947000508749,0.045546757572224546,13.381301804776598,-0.35757856057445986,-0.9292862886111806,0.09254494484710978,11.872876962528826,0.07589153831511296,0.06985376406653634,0.9946662385232057,7.269075146294704,62.79991744871154,64.72218661734436,38.055941646199926,18.33768380238606,6.049235621468723,45349.0,154680.20061830795, 0.0, 0.0,0.0,NaN, 95.37171516369224,95.37171516369224,1.3486991523486091E-6, 173.46147670292825, -13.327504291775421, -8.26731041831361, -13.327504291775421, 145.54636590519206, -5.493784521350893, -8.26731041831361, -5.493784521350893, 53.85605623222439, 5.770497903362199, 4.42923729270662, 20.0, 0.0
31, 0 ,1.0,1.0,1.0,13.045557526475703,249.97311157554577,81.19582360069548,8.29124379800505,11.83951490732914,13.735665795534945,33.0,57.0,60.0,-0.060391874879126756,0.03518560463935638,0.9975544068745055,13.752612877665936,-0.11261244150480956,0.9927579546981595,-0.04183397425362374,11.878016833426601,-0.9918020263474507,-0.11486346943084177,-0.055992177341128185,8.20766147860316,59.1329789782333,57.656744964151954,36.267201503833284,19.049543773264805,5.89086019490553,56939.0,123649.94400375173, 0.0, 0.0,0.0,NaN, 96.25818358355114,96.25818358355114,0.0, 68.74472371795721, -8.500592764659793, -6.988548559339035, -8.500592764659793, 140.17411324086893, 1.2122939625329499, -6.988548559339035, 1.2122939625329499, 188.66851484662865, 7.809139369097338, 4.961602569301451, 25.0, 0.0
32, 0 ,1.0,1.0,1.0,59.898481446913706,44.16871831092501,35.33346366319401,11.780323615380203,12.052169919871044,13.871747490134666,62.0,60.0,68.0,-0.32638003483984473,-0.4671248439656603,0.82174841223333,14.73990126537195,-0.663749051098719,-0.5057010069983269,-0.5510931760477783,11.934615370628597,-0.6729883134375304,0.7253005388602262,0.14500295964418586,10.805390753361412,74.87811870661034,59.71357585868514,54.42835504812781,20.936380806674297,6.174476610090709,79286.0,243362.25028360158, 0.0, 0.0,0.0,NaN, 82.38420607928659,82.38420607928659,0.0, 138.77602448308448, 23.942739117683104, -17.56362978300002, 23.942739117683104, 145.25479977744442, -31.4246745128088, -17.56362978300002, -31.4246745128088, 192.4253784300574, 6.382955925667547, 4.348942703460887, 29.0, 0.0
33, 0 ,1.0,1.0,1.0,135.4265140426942,142.76159178150286,174.9105244262793,12.345866934436453,11.408685121858097,11.857842832455097,59.0,52.0,55.0,-0.8780229053624491,0.43509138494762717,0.19942734116273922,12.616171637304719,-0.2931875621252689,-0.15959191730790523,-0.9426406915389492,11.883324856792447,-0.3783078522498913,-0.8861297346745239,0.2676887413615524,11.081776336749039,66.05778412602496,54.369214596496306,59.0435550376267,19.812774531895496,5.5354248761916525,72422.0,212055.50896035362, 0.0, 0.0,0.0,NaN, 233.17073078123033,233.17073078123033,NaN, 152.42043036281135, -13.029725891840009, -1.2797242412987582, -13.029725891840009, 130.15809620970631, 5.924306353651207, -1.2797242412987582, 5.924306353651207, 140.6084366392067, 5.609371476431944, 4.106066295693201, 32.0, 0.0
34, 0 ,1.0,1.0,1.0,239.44967205012088,94.87495157562886,185.0415982046247,12.901880892468402,11.315303803151654,11.858818105313155,67.0,56.0,59.0,0.8726501221813568,-0.3447187512368171,0.34590569061897664,13.31672571708967,0.4036918703548137,0.11063109020172915,-0.9081814993106875,11.688358118189505,-0.27479926867860155,-0.9321640115486682,-0.23570239181476235,11.007874374860874,72.95133885570826,58.95116719574554,57.00655796188718,20.07250283466433,5.67633927178038,74859.0,245160.49767175753, -2.8421709430404007E-14, 0.0,0.0,29.231923353603687, 160.88204621604854,160.88204621604854,0.0, 166.45853056344126, -16.204793277212158, 11.290408918579146, -16.204793277212158, 128.03610015761828, -8.248501839545035, 11.290408918579146, -8.248501839545035, 140.6315668549031, 5.914982572606179, 4.296519316013855, 33.0, 0.0
35, 0 ,1.0,1.0,1.0,272.90105247735096,65.82636565651633,238.91289589997803,13.125615313547874,12.675045634507299,11.56323443105528,58.0,70.0,57.0,0.9377234657396111,0.2721551846539111,0.2158848240782289,13.242782096958647,-0.2796177705120472,0.9601022016613999,0.0042029488225006515,12.633466350353235,0.206127640589913,0.06430643693230145,-0.9764097899723801,11.47480718838409,65.63127445018569,68.88486073937027,59.14842266983004,20.771433765942703,5.932494332968414,81902.0,267410.0899067625, 0.0, 0.0,0.0,NaN, 93.80350558325419,93.80350558325419,0.0, 172.28177735924243, 3.6535233239774865, 8.813827603397048, 3.6535233239774865, 160.65678183684255, 2.680280000410079, 8.813827603397048, 2.680280000410079, 133.70839050754233, 5.686946021800166, 4.267453903169136, 35.0, 0.0
36, 0 ,1.0,1.0,1.0,131.47425944071756,276.09815080023117,59.02590387176202,12.810760986972422,12.075732809184101,12.190331749536343,62.0,53.0,69.0,0.8275910705216982,0.1004052018713796,-0.5522787479433882,13.142810209349594,-0.4245312215163041,0.7556366066218444,-0.49878508467164345,12.653890640434264,-0.3672414218884133,-0.6472496536655632,-0.6679832511966034,11.211097161689397,63.7929602994117,66.20530022073466,61.301133670710016,20.588497510288907,5.887009289679249,79602.0,258901.17501194164, 0.0, 0.0,0.0,NaN, 146.08503215090892,146.08503215090892,0.0, 164.1155970653346, -7.1364084948911275, -14.211300255857386, -7.1364084948911275, 145.82332287880536, -15.586233850281097, -14.211300255857386, -15.586233850281097, 148.6041881637538, 6.250286332508334, 4.295514357102088, 24.0, 0.0
37, 0 ,1.0,1.0,1.0,36.073170731707314,176.1829741430295,209.02517092096235,12.055855672807454,13.041773068688089,12.819302377752459,66.0,63.0,67.0,0.20184918235890617,0.7894910700677777,0.5796212193012577,13.41243065591156,-0.19077786138715117,-0.5487735620874401,0.8139111653973103,12.50976184104121,-0.9606563980870508,0.27486619988113814,-0.039847923124249895,11.974079372200789,60.762521422319764,58.83370750743137,70.55809527963655,21.05451610380101,6.039318327904409,84542.0,252237.03501025145, 0.0, 0.0,0.0,NaN, 157.82379118708536,157.82379118708536,0.0, 145.34365600356364, 7.192036170793457, 2.235543193713493, 7.192036170793457, 170.08784477515792, 10.851241170348843, 2.235543193713493, 10.851241170348843, 164.33451345224987, 5.608636599595187, 4.221753705672343, 41.0, 0.0
38, 0 ,1.0,1.0,1.0,200.49690980160779,175.43395530643852,193.52626299874623,12.536038823320911,10.702341523809231,11.73371110234113,64.0,53.0,56.0,0.9187757854988515,0.2837734062644622,0.27445165307943253,12.781961899876524,-0.28384035550776626,-0.008345633999535376,0.9588352324452679,11.650445984999525,-0.2743824130045395,0.9588550486336349,-0.07287857808434567,10.500519894080348,64.56727530033496,56.4903548234945,51.36808240359176,19.46470475886165,5.522465785825905,67795.0,187361.3970493492, -2.8421709430404007E-14, 0.0,-2.8421709430404007E-14,38.851586641037876, 191.71390434874536,191.71390434874536,0.0, 157.15226937980913, 13.909387324090389, 6.46176343533053, 13.909387324090389, 114.54011409225129, 3.9330827137235307, 6.46176343533053, 3.9330827137235307, 137.67997623320352, 5.927882352047802, 4.1990756921414185, 34.0, 0.0
39, 0 ,1.0,1.0,1.0,163.53818827708704,9.943260311821591,223.32395895006908,13.210312507132338,6.557678348365982,11.546513748662715,59.0,27.0,57.0,0.9514717675711815,-0.024132011002167882,0.3067883986723795,13.388777604581174,0.30773603432205376,0.07431033169963891,-0.9485654999958755,11.363685208916078,-9.324541523164825E-5,-0.9969431381215688,-0.07813047201707958,6.5149654129941315,62.01728621282581,58.478811831596204,28.556992451243016,17.77217850186677,5.914993905540314,40536.0,103567.56487022009, 0.0, 0.0,0.0,NaN, 156.843583724101,156.843583724101,0.0, 174.51235653609706, -1.158998592922339, 14.631179976941333, -1.158998592922339, 43.00314532062799, -7.123418551777128, 14.631179976941333, -7.123418551777128, 133.3219797480571, 6.607552137569943, 4.339316347709741, 18.0, 0.0
40, 0 ,1.0,1.0,1.0,104.03219171037746,229.43862123683166,156.84591763271183,12.074460844787218,10.925647970701204,12.015218807674984,59.0,52.0,59.0,-0.8257081362643118,0.5423573091132518,0.15509552849244151,12.847219935273207,-0.17482606062233194,0.015364519253493303,-0.984479446243235,12.006608779428898,-0.536322591575438,-0.840007429014495,0.08213158324459902,10.015895208155545,58.673039062980166,59.667270044371435,54.054275219404616,19.47459889941335,5.501624212475432,68061.0,189236.45351731087, 0.0, 0.0,0.0,NaN, 190.5116699403067,190.5116699403067,0.0, 145.79260469229968, -29.107021923420128, -0.7444264047440521, -29.107021923420128, 119.36978357968735, 4.782016439820897, -0.7444264047440521, 4.782016439820897, 144.36548299630667, 5.935652511254639, 4.145032061620707, 23.0, 0.0
41, 0 ,1.0,1.0,1.0,51.94703475889282,21.57671328265537,165.01616085417513,12.128080823198268,10.869787736799209,12.143302121329794,59.0,49.0,58.0,-0.790083781960775,0.34365482316164253,-0.507611051889435,12.286750383785128,0.5434289203877909,0.009500632275971458,-0.8394014215335337,12.16484144292837,-0.2836417211355173,-0.939047975613652,-0.19425826501640664,10.665590184418354,61.040671657811984,62.47742058720638,52.177517754591264,19.549915369361496,5.522972511049554,68932.0,198987.50625636234, 0.0, 0.0,0.0,NaN, 146.23503618103788,146.23503618103788,0.0, 147.09034445402958, -9.926237738713864, -0.6904920315877517, -9.926237738713864, 118.15228544307045, -6.763889900146177, -0.6904920315877517, -6.763889900146177, 147.45978640989267, 5.735888891062581, 4.121174175464848, 27.0, 0.0
42, 0 ,1.0,1.0,1.0,187.52767203972618,66.71550981405768,61.11635885144979,11.674331914451601,11.238170655683357,11.339160342374747,56.0,57.0,56.0,0.20696829299318092,0.6753493892881148,0.7078610937773453,11.998941509705237,0.9756913685552333,-0.08920132832509826,-0.20017361552375873,11.66539971041331,0.07204497916096828,-0.7320835508418478,0.6773944165436317,10.540726485783205,56.94161922231308,59.86500160158431,51.96663994579538,19.038313775030005,5.357767371645976,63837.0,177144.40845833535, 0.0, 0.0,7.105427357601002E-15,44.93884655900691, 144.34747356920454,144.34747356920454,0.0, 136.2900256487832, 2.4204936308640295, -0.06246452544894951, 2.4204936308640295, 126.2964796862625, 16.15845345334468, -0.06246452544894951, 16.15845345334468, 128.57655727008418, 5.378041730071675, 4.022053453152094, 31.0, 0.0
43, 0 ,1.0,1.0,1.0,92.14681776650438,158.63820589398463,106.56069222272225,11.28372103165759,11.55642815424192,13.203732739964506,57.0,56.0,61.0,-0.049653160210116565,0.1556845474904807,0.9865581003437317,13.232026471593949,0.665929909553348,-0.7310089249669298,0.14887346029754103,12.483643126367063,-0.7443600736494522,-0.6643705843062121,0.06737809336278167,10.211957697786604,61.280488431930536,58.083938532232665,52.63760442170155,20.065161844093783,5.709748719790379,73329.0,187358.92732036096, 0.0, 0.0,0.0,NaN, 199.5729790937405,199.5729790937405,0.0, 127.32236032027184, -25.645432566305743, 1.643041464225243, -25.645432566305743, 133.5510316841553, 5.263813288996453, 1.643041464225243, 5.263813288996453, 174.3385582684106, 6.201905760866892, 4.29665534459876, 28.0, 0.0
44, 0 ,1.0,1.0,1.0,84.43842063281042,207.93556235043872,190.34965434724808,13.596241173735633,12.43090698330122,10.188492565796219,65.0,60.0,52.0,-0.9543170439428392,0.2855487122375773,-0.08798245609019288,13.709070234911115,-0.2973560748595466,-0.9364845831311246,0.18594620270886944,12.407118430649604,-0.029297514985491574,0.2036137483010064,0.9786128433239005,10.065555562772724,63.15198775709882,58.88184119860128,53.5127697357712,20.243297385258195,5.779231282541058,75220.0,198987.51865551836, 0.0, 0.0,0.0,NaN, 166.21945090891546,166.21945090891546,0.0, 184.8577740543841, -8.951781111310328, 4.363614715985797, -8.951781111310328, 154.52744842748706, -11.339487176002589, 4.363614715985797, -11.339487176002589, 103.8053807632848, 5.721733114803227, 4.1189627706867915, 21.0, 0.0
45, 0 ,1.0,1.0,1.0,26.224562390723285,11.730420627424184,264.05657268031916,12.22861697533267,7.583375488516684,13.2160248230142,50.0,33.0,64.0,0.36459244227969734,0.14609938250871116,0.9196343411721307,13.464498517490672,-0.9246789015628476,-0.05957910930565689,0.3760575205189634,12.080614341875215,-0.1097327664695074,0.987474202278175,-0.1133729235665667,7.380786262121936,66.97481153484108,56.590991792148436,35.27119726980678,18.621042022559056,5.9132700805783855,49759.0,133683.86937468263, 0.0, 0.0,0.0,NaN, 46.01369804923764,46.01369804923764,0.0, 149.53907312939435, 11.794073030188708, 10.715164228986406, 11.794073030188708, 57.507583799835665, 14.98954693490261, 10.715164228986406, 14.98954693490261, 174.66331212252751, 6.0573336392896815, 4.248845871683861, 25.0, 0.0
46, 0 ,1.0,1.0,1.0,287.7246442627914,78.74455040871935,284.6793066908871,7.601310178290563,10.38895717801116,8.496371607407884,31.0,50.0,36.0,-0.0639402268817568,-0.9755986912142777,0.21004485494126748,10.474849721100036,0.3420496045253179,-0.21915090890236427,-0.9137696357240922,8.52128756178534,-0.9375039815544162,-0.013419121739379621,-0.3477157053418219,7.454116968094422,49.83015883542022,42.56934802605562,36.05666652067953,14.718348534960231,4.611821176903425,26424.0,76484.74859321142, 0.0, 0.0,0.0,NaN, 81.15486566447055,81.15486566447055,0.0, 57.77991642658372, 2.1004521939843603, -6.055947794319635, 2.1004521939843603, 107.93043124654959, -7.684138655635567, -6.055947794319635, -7.684138655635567, 72.18833049116682, 6.787548721532523, 4.492243325586559, 12.0, 0.0
47, 0 ,1.0,1.0,1.0,121.56942236059376,236.87478734641687,78.33895591260355,11.77994254348576,12.55184078853914,14.204613642575206,61.0,62.0,66.0,0.1389643982859823,0.32957820861476184,0.9338453300281043,14.479600114056964,0.12596227594437578,-0.9412180500816305,0.31343593801516473,12.299825942742913,-0.9822537355734151,-0.07407284662288713,0.1723102212442851,11.710775574603256,67.49508396954434,58.92129718613131,59.92087641651419,21.460579766857453,6.126199336762135,89935.0,238299.20765724662, 0.0, 0.0,0.0,NaN, 157.8002184381421,157.8002184381421,0.0, 138.76704632782574, 1.644412800385251, 9.968963459828316, 1.644412800385251, 157.54870718083487, 18.146305470971605, 9.968963459828316, 18.146305470971605, 201.77104873483367, 6.0210913135568385, 4.2206247226665585, 38.0, 0.0
48, 0 ,1.0,1.0,1.0,23.889770071799592,188.16946156360862,121.832160889201,12.414565939038788,12.611261547178115,12.22098262396322,53.0,61.0,59.0,-0.5120016677867621,-0.622804109032379,0.5915820602046341,13.440113338812516,0.7278077708071032,-0.6803257307045152,-0.08632930495586597,12.22986803563793,0.45623474323682267,0.38635727237073303,0.8016095790033193,11.502671986631706,63.75919972348525,62.80318392834798,58.555650859793985,20.71833280704865,5.7678823893823985,82591.0,234473.2653869086, 0.0, 0.0,0.0,NaN, 167.0923872233227,167.0923872233227,NaN, 154.121447454742, 6.864437748363502, -15.721616244684283, 6.864437748363502, 159.04391781133333, -16.791308057842635, -15.721616244684283, -16.791308057842635, 149.35241629521093, 5.992697657550731, 4.304318280685544, 25.0, 0.0
49, 0 ,1.0,1.0,1.0,217.68796182776103,137.837469763743,208.82835746711288,11.630584846770583,12.196793882530969,10.159144682139749,61.0,58.0,58.0,0.06325963632742185,-0.9903197152956327,-0.12355193203062005,12.224530580246835,0.981464944492393,0.08417347300743563,-0.17216674816703212,11.677368443463333,0.18089992024394597,-0.11037068423563905,0.9772888676932172,10.07176369320385,56.31173939575001,59.95715349444694,55.99306923945372,18.910038910812023,5.445267115132184,60358.0,189048.9294708243, 0.0, 0.0,2.8421709430404007E-14,82.90286062943163, 184.62585978427683,184.62585978427683,0.0, 135.2705038779295, -0.12208977218700898, -6.275865924391054, -0.12208977218700898, 148.76178101294488, 5.366864156406391, -6.275865924391054, 5.366864156406391, 103.20822067264832, 5.767999400407468, 4.092933237198608, 30.0, 0.0
