// Sample: .//bubblelabels.tif, Map: .//bubblelabels.tif, Thickness:(8.191250068658265):/gpfs/home/mader/Foam/NewValid/InSilicoTest/LatticeData_OldFoam/out_Step_03500.vtk/distmap.tif, Neighbors:(1.0):
//LACUNA_NUMBER, TRIANGLES, SCALE_X, SCALE_Y, SCALE_Z, POS_X, POS_Y, POS_Z , STD_X, STD_Y, STD_Z,PROJ_X, PROJ_Y, PROJ_Z, PCA1_X, PCA1_Y, PCA1_Z, PCA1_S, PCA2_X, PCA2_Y, PCA2_Z, PCA2_S, PCA3_X, PCA3_Y, PCA3_Z, PCA3_S,PROJ_PCA1, PROJ_PCA2, PROJ_PCA3,OBJ_RADIUS, OBJ_RADIUS_STD, VOLUME, VOLUME_BOX, Mask_Grad_X,Mask_Grad_Y,Mask_Grad_Z,Mask_Angle, Mask_Distance_Mean,Mask_Distance_COV, Mask_Distance_STD, SHAPET_XX, SHAPET_XY, SHAPET_XZ, SHAPET_YX, SHAPET_YY, SHAPET_YZ, SHAPET_ZX, SHAPET_ZY, SHAPET_ZZ, Thickness, Thickness_STD, Neighbors, Neighbors_STD
1, 0 ,1.0,1.0,1.0,79.56551286806494,138.21932542863638,39.75657760920805,15.455134604274534,15.552087492577831,16.17352590962608,86.0,82.0,80.0,0.05081995236936619,-0.4900043530025461,0.8702373621488173,16.457357556465627,0.9973900234466808,0.0696497443008138,-0.019027723139168833,15.45297754115606,-0.05128814258875984,0.8689330510214164,0.4922650498180912,15.253603467166574,90.64009044068537,85.21152719212375,92.05162984852323,26.22436396302411,7.388794630874457,167158.0,710968.1761709248, 0.0, 0.0,0.0,NaN, 164.36495436406898,164.36495436406898,0.0, 238.86118563624416, -0.5252744874250493, 1.571996067203173, -0.5252744874250493, 241.86742537679584, -16.285506217522652, 1.571996067203173, -16.285506217522652, 261.58294034934613, 6.995380002574745, 5.518226587693613, 53.0, 0.0
2, 0 ,1.0,1.0,1.0,58.9175349343523,261.66561882122943,12.717126163552752,14.871478890961676,18.57751385676042,8.095855057636717,85.0,90.0,33.0,-0.2985481068038398,-0.9541690763195365,-0.02074612540611024,18.944617937668443,0.9507107621817866,-0.2954174323251703,-0.09422094963504822,14.449827266744622,0.08377394938505446,-0.04785305083196562,0.9953351249355685,8.008228129475393,93.5878730437276,76.23679623863559,37.32187489711828,23.72686289748609,8.298418624064537,90026.0,266285.5912474176, 0.0, 0.0,0.0,NaN, 71.43196764026328,71.43196764026328,0.0, 221.16088440431872, 43.338530581485244, -11.133006635436272, 43.338530581485244, 345.1240210981254, 9.861702718120448, -11.133006635436272, 9.861702718120448, 65.54286911426202, 7.688717252001104, 5.525123588073466, 22.0, 0.0
3, 0 ,1.0,1.0,1.0,77.8775485819185,14.617547061187691,258.66676442793363,15.447673997069037,9.122912111003197,16.29672027237734,69.0,38.0,81.0,-0.6117731627796691,0.10264416859867667,0.7843454417252941,17.456472081555727,0.7780799556431461,-0.10062080786825361,0.6200540586515818,14.251581286858363,-0.14256640533070808,-0.9896158990621694,0.018308260279279034,8.922178110240806,94.96592048311756,74.10603004735776,40.23996298054767,22.99888640310772,7.6480372095062314,92061.0,283190.64511135826, 0.0, 0.0,0.0,NaN, 89.37013829054449,89.37013829054449,0.0, 238.63063191972287, -23.80572003323021, -48.43954078930435, -23.80572003323021, 83.2275253850888, 10.418973384420477, -48.43954078930435, 10.418973384420477, 265.5830916361145, 7.093808237318005, 5.263222166153542, 32.0, 0.0
4, 0 ,1.0,1.0,1.0,154.39867646055535,177.25147249448526,14.10947626952903,15.849137539132066,14.992867577972623,8.817248160689203,76.0,65.0,38.0,-0.7972118862689827,-0.6022852328229007,0.04130020235924634,16.974079787515365,0.5974923987401418,-0.7969515550481878,-0.08871895149304958,13.75169811983948,0.08634837484980125,-0.0460512456915011,0.9952001009500848,8.746228802174732,79.8189256479865,65.91791583394017,40.78221916366247,22.426879584365977,7.1246176164403225,87946.0,214575.5328700264, 0.0, 0.0,0.0,NaN, 190.9607911111874,190.9607911111874,0.0, 251.19516073432524, 47.98743400948727, -12.93715981354729, 47.98743400948727, 224.7860782106227, 2.6982332661303756, -12.93715981354729, 2.6982332661303756, 77.74386512717713, 8.234112238061126, 5.542964126344131, 23.0, 0.0
5, 0 ,1.0,1.0,1.0,17.348975080385852,163.99505627009646,12.772126205787782,10.526565543846791,14.580386706948804,8.18259900201733,45.0,75.0,36.0,-0.06645221125061944,0.9974068505280862,0.027634727057585864,14.599680830030522,-0.9976360341053571,-0.06690240472103035,0.01569750607831,10.505619736099861,-0.017505629792674483,0.026526265515290262,-0.9994948274820508,8.175112153517848,75.1371305142975,49.05726813352326,36.668282842836035,18.70713917525468,6.355637574509345,49760.0,135160.11040368766, 0.0, 0.0,0.0,NaN, 137.70061315451957,137.70061315451957,0.0, 110.80858214890249, -6.7922056296269755, -0.9504817436395302, -6.7922056296269755, 212.58767652416938, 3.9872576978824408, -0.9504817436395302, 3.9872576978824408, 66.954926427815, 7.469772747073957, 5.20918726864992, 17.0, 0.0
6, 0 ,1.0,1.0,1.0,172.07373914225977,98.77483893997858,10.939332642064288,13.355368808338342,15.589351692381593,7.0246352928681315,64.0,74.0,28.0,0.0740461725519976,0.9921550427220817,0.10072504917618402,15.668991217015007,0.9959448059280828,-0.06839541899145306,-0.05844664409405658,13.354430492451261,0.05109900072676117,-0.10464433984754493,0.9931960804708192,6.846982083860061,76.32252821558168,66.57949083647514,30.5688123768596,20.54302991054949,6.980199516316257,58829.0,155335.8807022243, 0.0, 0.0,0.0,NaN, 161.99156158058062,161.99156158058062,0.0, 178.3658760067367, 5.638082385870397, -6.170729147210993, 5.638082385870397, 243.02788618876082, 20.37618181809615, -6.170729147210993, 20.37618181809615, 49.345500997808536, 6.368655212418948, 4.792293925788741, 25.0, 0.0
7, 0 ,1.0,1.0,1.0,280.9495690092283,206.11571848696886,209.00849812392252,12.407050299612322,14.243409845519345,14.771661942299994,50.0,75.0,73.0,-0.35730317508714476,0.22469839588731158,0.9065567119371591,15.258044739214714,0.1687181098932459,0.9701894426586699,-0.17397311501410165,14.206207877158223,0.9186232309639765,-0.09079138857473416,0.38456245694812163,11.848516624001146,78.76582214322201,70.09600722874342,60.04255859829334,22.89566105632678,7.127434496076401,98610.0,331505.15154049953, 0.0, 0.0,0.0,NaN, 132.12354313223835,132.12354313223835,0.0, 153.9348971371102, 2.635193875222562, -31.739557233848558, 2.635193875222562, 202.8747240274374, 8.45783417409913, -31.739557233848558, 8.45783417409913, 218.20199653759403, 7.145562849469666, 5.054371123859005, 34.0, 0.0
8, 0 ,1.0,1.0,1.0,189.9066380661979,114.04203499389195,234.27057261857811,13.172140813504333,13.232324563644633,13.801894122326278,64.0,69.0,68.0,0.563798106506941,-0.20087315155828933,0.8011127711391378,14.333913540234903,0.15130776794447282,-0.9284354035780619,-0.33928404139084156,13.251675402136124,0.8119345136517166,0.31250228537705343,-0.49305645434906237,12.570760119810386,69.02308792688956,66.40045980759237,63.30282567834507,22.36288446789401,6.244468480774836,103961.0,290127.28085034085, 0.0, 0.0,0.0,NaN, 171.5998010235584,171.5998010235584,0.0, 173.5052936107866, -7.842373662712847, 20.523063243291936, -7.842373662712847, 175.09441335763316, -2.0950010325333377, 20.523063243291936, -2.0950010325333377, 190.49228136390465, 6.385220825560922, 4.8074463348510665, 37.0, 0.0
9, 0 ,1.0,1.0,1.0,121.74618502745139,186.72410077479603,114.29886602698959,12.538874394210609,13.002341326726862,14.079600831492623,64.0,68.0,67.0,-0.08654982231456401,-0.34795332894162373,0.9335082266031507,14.267509180177138,0.3808353597571596,-0.8774136193625494,-0.291735786827305,12.867505752217825,-0.92058327000655,-0.3302632608019766,-0.20845292405839164,12.465347493546664,73.60628558603544,68.28774016129411,66.9114294660099,22.016602164328752,6.307823694606311,97445.0,336324.0710470235, -1.4210854715202004E-14, 0.0,0.0,85.03484837059668, 201.78650522042525,201.78650522042525,0.0, 157.22337107379045, -1.9533974604851023, -5.024353702647482, -1.9533974604851023, 169.06087997670926, -13.040894728969137, -5.024353702647482, -13.040894728969137, 198.23515957416777, 6.3229491317248945, 4.69373215284015, 36.0, 0.0
10, 0 ,1.0,1.0,1.0,260.3076708882637,141.0459830816058,126.59360327229781,13.790037522575227,13.313070076380754,13.346699571592827,71.0,68.0,64.0,-0.7992215726061433,-0.3899544433569084,0.4573624492535068,14.060053581321947,-0.5960628058988168,0.6119395869800865,-0.5198452397691754,13.302953476137553,-0.07716222719046431,-0.6880882748549382,-0.7215126587262088,13.07224851695718,74.53339906646556,68.08912432613232,66.29741180190365,22.459983670706432,6.409874624250397,104147.0,336453.65506227745, 0.0, 0.0,1.4210854715202004E-14,62.7829583033411, 193.6372658432125,193.6372658432125,0.0, 190.16513487403273, 6.133441809327952, -7.911364030209604, 6.133441809327952, 177.23783485862464, -6.715736085254926, -7.911364030209604, -6.715736085254926, 178.13438945435618, 6.213184301873635, 4.63526384635013, 37.0, 0.0
11, 0 ,1.0,1.0,1.0,23.03242254951752,133.03292026409346,191.66424581005586,13.195667181844676,13.309046898982325,13.290225464316382,59.0,65.0,65.0,0.48107638324337815,-0.6395984216021224,0.5995659868350977,14.154981081496185,-0.8415030824064751,-0.14511272334764944,0.5203987507892677,12.910633706633885,-0.2458415664322697,-0.7548881749018876,-0.6080343473911861,12.682212050793872,86.92543424616379,69.42629358426613,63.24894504687384,22.08436115635792,6.337779338318859,98450.0,381701.7363601318, 0.0, 0.0,0.0,NaN, 173.10368568692053,173.10368568692053,0.0, 174.1256323740126, -11.447801741828483, 8.840423843314472, -11.447801741828483, 177.13072935931103, -15.598565979384325, 8.840423843314472, -15.598565979384325, 176.6300928923636, 6.326216846068781, 4.6772237052805625, 36.0, 0.0
12, 0 ,1.0,1.0,1.0,47.02482690132686,248.74251744779454,213.85546145853448,13.368051415520231,14.422752117125368,13.154413055374997,62.0,70.0,65.0,-0.05555580539178457,0.8570224759691245,0.5122753440982911,14.997433868122494,-0.8338026012628339,-0.32206598909803924,0.44838233773603753,13.987389917415339,-0.5492602066549174,0.4022262725755915,-0.7324802052174135,11.79784136106843,69.8800599723615,66.77991642434259,63.67512676937302,22.769615085019748,6.4268023924455555,108753.0,297145.36373614793, 7.105427357601002E-15, -2.8421709430404007E-14,0.0,33.50338608407835, 110.72283135474562,110.72283135474562,0.0, 178.70479864799245, 11.079190485696786, -23.54750439930878, 11.079190485696786, 208.0157786320443, 29.486879734461876, -23.54750439930878, 29.486879734461876, 173.03858283142017, 7.0118102796643145, 4.9181042237375525, 42.0, 0.0
13, 0 ,1.0,1.0,1.0,263.27973014728605,281.1277165516531,26.52191780821918,15.261532909361923,11.132784229119304,13.887839882434852,74.0,51.0,63.0,0.9422338718760651,0.02053294504359391,0.3343257825194994,15.455809816641352,0.32838654236822956,0.14008013469393826,-0.9340984073723533,13.720111506670875,0.06601219191087299,-0.9899272468378499,-0.12524550485808744,11.072572022440983,79.17901769552907,70.14422487117776,53.70555263671011,22.436147209888002,6.807691709530506,97090.0,298277.99822949216, 0.0, 0.0,0.0,NaN, 49.07090201776216,49.07090201776216,0.0, 232.914386743537, 5.269104399769789, 16.495140943934484, 5.269104399769789, 123.93888469212749, -7.790624995598967, 16.495140943934484, -7.790624995598967, 192.8720966001481, 6.362931434560453, 4.760311638593441, 24.0, 0.0
14, 0 ,1.0,1.0,1.0,135.6883485769471,21.18553655626882,249.5482398833532,15.013417746572713,12.788241270310293,13.770813201674935,72.0,55.0,68.0,0.8741279716506486,0.13641884880625152,0.4661439550914494,15.58601359558876,0.3565459944330356,0.4714794432295531,-0.8065866899879442,13.357293814332897,0.32981092012193897,-0.8712617472966018,-0.3634937752781919,12.53937819877458,81.81561191663369,72.5014337926136,61.54269239178135,23.009578649824082,7.009737071656378,105618.0,365055.814549962, 0.0, 0.0,0.0,NaN, 146.3063053924327,146.3063053924327,0.0, 225.4027124331045, 13.778722578406756, 28.823740877506328, 13.778722578406756, 163.53911478766742, -2.6060549220227265, 28.823740877506328, -2.6060549220227265, 189.63529623542468, 6.8360686331248655, 4.685665136160164, 31.0, 0.0
15, 0 ,1.0,1.0,1.0,237.86374133949192,241.43466868004975,10.009793036063243,13.86249978423064,11.740290639672065,6.842527855296144,67.0,54.0,28.0,-0.9930822950983037,0.06752646970164386,-0.09606107979779563,13.920341054518616,-0.06895193356493251,-0.9975526093994262,0.011594064776984936,11.730670580635877,0.09504307455013555,-0.018137457650639878,-0.9953079154764262,6.740844507682781,68.38258878676311,54.06749666361836,30.706846510953188,18.423304059666044,6.11599374978121,45032.0,113531.66794255351, 0.0, 0.0,0.0,NaN, 85.97097550665534,85.97097550665534,9.5367431640625E-7, 192.1689002677945, -3.6076539567244383, 14.077147141350316, -3.6076539567244383, 137.83442430397147, -2.0282174650892943, 14.077147141350316, -2.0282174650892943, 46.82018745050364, 6.083310914382558, 4.590826677446169, 15.0, 0.0
16, 0 ,1.0,1.0,1.0,144.56533296668042,151.78804024015767,59.02327100233741,12.438960675825124,11.817444734393998,13.97348082859799,62.0,65.0,69.0,0.37674589308876466,0.1041222969539246,0.9204461305898284,14.239669937337366,-0.7300257148760044,-0.5782780507366878,0.36422102033786424,12.539994258965901,-0.5701973234420937,0.809168118077582,0.14185192641010302,11.385001241684977,71.94460520510046,66.39135745034619,60.73330676569967,21.268796403014996,6.10542453720385,87276.0,290092.63981469977, 0.0, 0.0,-7.105427357601002E-15,23.00860944147004, 215.28972811408272,215.28972811408272,0.0, 154.72774269472382, 14.535073726461091, 18.019109591922508, 14.535073726461091, 139.65200005045645, 1.1904818079682735, 18.019109591922508, 1.1904818079682735, 195.2581664671956, 5.571564634762234, 4.446976642572614, 32.0, 0.0
17, 0 ,1.0,1.0,1.0,34.904540239305035,10.384805769545975,71.09427962629077,15.324190527227271,7.309424231235774,14.173523467154597,75.0,31.0,65.0,-0.9901942328934596,0.033802914642229655,0.1355460958723007,15.349764115048574,-0.1371760484472612,-0.05175948479486317,-0.9891934530040952,14.167193978474511,-0.026421825768244325,-0.9980873301948384,0.05588889359803152,7.267917292427274,74.12902137113717,66.54415070521723,33.00967083565742,20.900011292550566,7.234417277998753,61010.0,162831.8462102488, 0.0, 0.0,0.0,NaN, 79.87845589249758,79.87845589249758,0.0, 234.83081531476202, -5.068314886054187, -4.466577863571258, -5.068314886054187, 53.42768259217667, 8.4093525194814, -4.466577863571258, 8.4093525194814, 200.88876747398206, 6.185149253232912, 4.4859555464409535, 26.0, 0.0
18, 0 ,1.0,1.0,1.0,218.64186108493485,29.76046336750526,269.75369561285777,12.547752443825535,13.98914353920002,14.24903526636698,68.0,65.0,64.0,-0.2933626080272244,-0.6234092270564329,0.724775355425642,15.013546940058836,-0.08322014000550908,-0.7386014150436291,-0.6689860671142651,13.414348758142703,-0.9523721901173559,0.25657140393358113,-0.16479783425343497,12.281119250606046,76.36746970602016,75.28243102221481,60.69485949604362,22.650875144411334,6.566208157407992,105057.0,348942.5629492213, 0.0, 0.0,0.0,NaN, 91.7587645767494,91.7587645767494,0.0, 157.44609139152968, 15.42952334639647, -14.23635933413516, 15.42952334639647, 195.69613696034165, -19.309881777534425, -14.23635933413516, -19.309881777534425, 203.0350060221699, 6.275473309530063, 4.622938943765077, 36.0, 0.0
19, 0 ,1.0,1.0,1.0,161.71535143364628,256.60490992133975,281.5280005074854,15.078841950207012,12.882184056782917,9.974295308327045,73.0,69.0,44.0,-0.937835218915834,0.3470128927252249,0.006866909316547406,15.400186134155968,0.3432212918947943,0.9301672689290099,-0.1303380090503716,12.536336927413824,-0.051616343837572055,-0.11987870576385931,-0.9914458376296827,9.923871774946525,79.72165413300395,64.74201418245889,46.29424041868833,21.20725871485282,6.562079345084497,78820.0,238940.33625497637, 0.0, 0.0,0.0,NaN, 146.1061006163208,146.1061006163208,0.0, 227.37147455932282, -26.400294861771364, -3.5180002615332584, -26.400294861771364, 165.95066607283198, -6.783247097137757, -3.5180002615332584, -6.783247097137757, 99.4865668977149, 6.646000371857877, 4.875649343062514, 33.0, 0.0
20, 0 ,1.0,1.0,1.0,40.99301545726928,85.67137924876481,38.1402365220152,12.408677892895946,12.3107440418028,15.676981585107871,58.0,59.0,78.0,0.06932186421044942,-0.011403563704644345,0.9975291664293444,15.691571781055016,0.9971769972458668,-0.028128939067496448,-0.0696189553976123,12.390782944736292,-0.02885334133346885,-0.9995392546177321,-0.009421420918478203,12.310179957607009,79.15950157458391,58.21530312540034,59.2160095669226,22.50720395050866,6.687542737239202,100794.0,272884.80405893084, 0.0, 0.0,0.0,NaN, 102.34593387438932,102.34593387438932,0.0, 153.9752870496446, -0.13069576570897642, 6.409297443414345, -0.13069576570897642, 151.55441886278314, -1.073178420156873, 6.409297443414345, -1.073178420156873, 245.7677516198113, 5.9784731888677864, 4.40546877639447, 34.0, 0.0
21, 0 ,1.0,1.0,1.0,190.8080387270934,282.1571016975549,60.145551056429426,14.097771238059194,10.0841185622682,13.087113951794988,66.0,43.0,69.0,0.981798852650892,0.15889562518775585,-0.10403457708658381,14.199663001013485,-0.10649165874773805,0.007004350154469527,-0.994288924657249,13.07599112287165,-0.15725946569458854,0.9872705401130462,0.02379792163922626,9.954756624751242,67.72306747161474,68.03845575683914,46.983915919917735,20.790557873251263,6.281867235528777,77052.0,216491.21591578473, 0.0, 0.0,0.0,NaN, 125.93149224215878,125.93149224215878,NaN, 198.74715388064905, 15.94193130883738, -2.861485157093298, 15.94193130883738, 101.68944717788209, -2.195567870244457, -2.861485157093298, -2.195567870244457, 171.27255158726703, 6.150765216717457, 4.673872184238175, 34.0, 0.0
22, 0 ,1.0,1.0,1.0,281.35950829678205,105.54633848599697,169.1258215162742,10.594431880716387,12.094080718627557,13.007351696040184,44.0,62.0,67.0,0.09634027159153578,-0.4366150431186432,0.8944751847827718,13.252143985505155,0.31534543400424797,-0.8389731265684114,-0.44348771138408755,12.001970021094477,-0.9440740486436123,-0.3247943919136046,-0.05685766139343133,10.39391018089376,68.76983839181972,58.93621379487858,51.62258755263292,19.865988414775508,5.748258671311676,70449.0,209228.09725843242, 0.0, 0.0,0.0,NaN, 169.16130790617723,169.16130790617723,0.0, 112.24198687513976, -12.37097921666523, 0.7875387650260531, -12.37097921666523, 146.26678842867884, -12.995255352664707, 0.7875387650260531, -12.995255352664707, 169.19119814447944, 6.220957189189186, 4.627688543851429, 21.0, 0.0
23, 0 ,1.0,1.0,1.0,278.2118393141241,206.9974368039597,11.38668905780449,12.622502165139851,12.387956130990647,7.213717312361912,48.0,67.0,28.0,-0.8127254834266785,0.5824385721654092,-0.015575565568894832,12.864984633183658,-0.582602376160409,-0.8127031853264065,0.009381036859415891,12.137426122561925,0.007194434037271871,-0.016698569227092664,-0.9998346852878487,7.211226870809059,68.14832737831995,59.70923550880377,28.903305312105616,18.1229818592575,6.031937002650848,45256.0,117609.99248138785, 0.0, 0.0,0.0,NaN, 96.19697185881759,96.19697185881759,0.0, 159.3275609089602, -8.599355370328583, 0.9158964999741163, -8.599355370328583, 153.46145710334875, -1.7563890770128388, 0.9158964999741163, -1.7563890770128388, 52.03771746266997, 6.514143699374125, 4.682117637289739, 15.0, 0.0
24, 0 ,1.0,1.0,1.0,91.453364395752,268.269256600764,39.4949943332074,11.454601944843343,14.838112341783274,13.544699727087774,62.0,62.0,67.0,-0.02895426799352306,-0.871450657755229,0.48962781933110916,15.38163265155916,0.3001567466229842,-0.4748074922599313,-0.827323257711604,13.0798656196349,-0.9534503541462792,-0.12301055398547554,-0.2753194976504959,11.276474033311278,75.66744100700842,69.79167994782982,58.741744675961556,22.17640716582356,6.560742297542574,95292.0,310212.67621432437, 0.0, 0.0,0.0,NaN, 104.54861315842714,104.54861315842714,0.0, 131.2079057148089, -3.498598241890326, -12.45895505586253, -3.498598241890326, 220.16957786738115, -29.440557073012073, -12.45895505586253, -29.440557073012073, 183.45889069697165, 5.787007429113202, 4.255522294978972, 34.0, 0.0
25, 0 ,1.0,1.0,1.0,52.26871808929857,188.8874687317959,49.684782236233424,14.111388189554352,11.120481876098513,13.24677149436039,72.0,57.0,73.0,-0.8214195044681648,0.07099977426198986,0.5658878243380229,14.818719468752324,0.566640225138062,0.21419688592114422,0.795637197042201,12.535614326280683,0.06472134836945738,-0.9742067163166298,0.21617682796453586,11.024394567770878,75.72583352302664,64.99213132214106,58.65954935428269,21.413922624038303,6.302163649760608,87549.0,288697.8594734627, 0.0, 2.8421709430404007E-14,0.0,85.92858704639104, 132.46354623589139,132.46354623589139,0.0, 199.13127663629405, -1.3973613563174037, -29.52817492934906, -1.3973613563174037, 123.6651171566355, 10.007532634197526, -29.52817492934906, 10.007532634197526, 175.476955023799, 6.045290569228804, 4.3032453423773305, 32.0, 0.0
26, 0 ,1.0,1.0,1.0,68.83208197357311,62.3163125584792,161.51056619274743,13.55787607042321,12.65088784896698,11.871541429952941,65.0,61.0,59.0,-0.9623407429350993,0.21399614607215925,-0.1676482745314864,13.67498401251514,-0.14722188288281993,-0.928699176700891,-0.34035798271162193,12.692399363983315,-0.22853011111789812,-0.3028588593080125,0.9252299712239607,11.691547094965452,64.72048310168414,61.98832229186863,64.51068783865907,21.19195205555461,5.974582069585286,87638.0,258811.3423591386, 0.0, 0.0,0.0,NaN, 166.73482418485995,166.73482418485995,NaN, 183.81600354095434, -7.0245686162329, 9.340097812506722, -7.0245686162329, 160.04496336714038, 5.909064499085392, 9.340097812506722, 5.909064499085392, 140.9334959230891, 6.320443859879817, 4.391373430846963, 37.0, 0.0
27, 0 ,1.0,1.0,1.0,32.78786259378808,288.94337444689086,207.04059340330477,13.062288801521522,6.767170462859416,13.516739586779929,77.0,27.0,87.0,0.5818540607667901,-0.0545900235069717,0.8114590447476112,14.04858621628704,0.8126486021386549,0.0787411386937647,-0.5774098046615593,12.534565573371564,0.03237439437715114,-0.9953992979758008,-0.09017835759202476,6.681476264641926,72.49650957140662,78.07850957828909,31.925769070499996,18.872380604263412,6.553890767504038,46781.0,180713.24314815408, 0.0, 0.0,0.0,NaN, 99.1904439797529,99.1904439797529,0.0, 170.62338873435453, 2.3461030762691775, 19.331220985750495, 2.3461030762691775, 45.794596073396924, -11.878849705535432, 19.331220985750495, -11.878849705535432, 182.70224905682363, 5.786063897759037, 4.450129305935113, 23.0, 0.0
28, 0 ,1.0,1.0,1.0,123.97981981546785,169.03772764600743,274.6455485242259,13.07235518970001,11.687798522523323,12.93746074587299,66.0,57.0,60.0,-0.9291409504149825,0.3248242560677237,0.17659642389355718,13.227231727861998,-0.224921305320228,-0.11750319798318694,-0.9672659432011286,12.976837189051077,-0.2934407958600642,-0.9384466959469636,0.1822369287253226,11.46782596859934,67.72191232643073,63.14206886968043,63.51155614131645,20.92304303925199,6.090588234104322,82804.0,271581.87014344893, 1.4210854715202004E-14, 0.0,0.0,21.698701575674708, 182.1124946598519,182.1124946598519,0.0, 170.88647020567677, -12.13822951914788, 0.8959677260033014, -12.13822951914788, 136.60463430309838, 6.684825689704727, 0.8959677260033014, 6.684825689704727, 167.3778905510045, 5.683491572008508, 4.226821796320106, 29.0, 0.0
29, 0 ,1.0,1.0,1.0,277.4750198255353,207.62631068816637,287.5990395629571,13.111509487461356,12.9790567984857,7.016171729955891,52.0,61.0,31.0,-0.7985075742738844,0.5999587010477935,0.04934785572121116,13.419982242459023,-0.5852176609067526,-0.7928667980964711,0.16994860940613193,12.807165506029039,0.14108842330278504,0.10682601515217915,0.9842165713381581,6.7435043171635805,63.58807337863777,70.17003207760422,36.02931738309297,18.68611996222125,6.357922846323856,45396.0,160761.99084777574, 0.0, 0.0,0.0,NaN, 95.88564558212192,95.88564558212192,0.0, 171.91168103978916, -9.486601543739905, -17.095177749925504, -9.486601543739905, 168.45591537831788, -11.988344630672229, -17.095177749925504, -11.988344630672229, 49.22666574423224, 5.839621001461134, 4.387757828942407, 18.0, 0.0
30, 0 ,1.0,1.0,1.0,13.139379017918206,250.29715497196005,81.48020106688551,8.393633341427499,12.285139756879056,13.738658465761024,34.0,70.0,59.0,-0.08706711384603394,0.1422728407196263,0.9859907486787538,13.79155694947362,-0.12326263725510528,0.9806051973775796,-0.152380343656898,12.31502783948164,-0.9885472370824965,-0.13480313672035144,-0.06784153880120974,8.262053145400298,57.050201562535506,70.87403354815908,37.550732752394865,19.309201793354237,6.105997220662851,58488.0,151831.802920027, 0.0, 0.0,0.0,NaN, 96.3433404587881,96.3433404587881,0.0, 70.45308067032336, -11.591102573714574, -8.902246599255365, -11.591102573714574, 150.9246588460504, 4.644681053507213, -8.902246599255365, 4.644681053507213, 188.75073643882703, 7.686358045074783, 4.964076864154287, 24.0, 0.0
31, 0 ,1.0,1.0,1.0,60.291420772623304,44.21075910176538,34.98741359483402,11.95839999384907,12.055148865833445,13.981082998588452,63.0,60.0,67.0,-0.3925698497391481,-0.46158883411589,0.7955027726509291,15.10975032254391,-0.6424794858151089,-0.48127765716007676,-0.5963152916245406,11.816575869214644,-0.6581101909122331,0.7451896167674646,0.10762625924663205,10.764042285368083,79.77760496711844,60.84967035441557,55.00558551817568,21.050366848716784,6.378297730440468,79133.0,267021.36758350354, 0.0, 0.0,0.0,NaN, 82.54553742748193,82.54553742748193,9.5367431640625E-7, 143.00333041288945, 27.723752219100554, -26.008349802363988, 27.723752219100554, 145.3266141774054, -34.46648154290367, -26.008349802363988, -34.46648154290367, 195.47068181341905, 6.386953948837619, 4.351627024049151, 26.0, 0.0
32, 0 ,1.0,1.0,1.0,135.25734893106457,142.8748772905759,175.00084533158812,12.435352866425013,11.586783641272053,11.765914148934446,59.0,54.0,54.0,-0.8583874100291538,0.47858780899524356,0.18472889158053574,12.784528007904685,0.3081756908431208,0.19318884411053866,0.9315072807469615,11.789183020830103,-0.410120467517541,-0.8565230759252005,0.3133200002087761,11.175835500700705,66.16397476875918,55.71444841196427,60.623081674737705,19.90667797629064,5.572473756826188,73344.0,223474.22088643617, 0.0, 0.0,0.0,NaN, 233.09347839112624,233.09347839112624,0.0, 154.6380009125048, -14.996159315821632, -2.068512156873492, -14.996159315821632, 134.25355514964966, 5.9425005127617165, -2.068512156873492, 5.9425005127617165, 138.4367357600958, 5.573042248504523, 4.09765476147506, 31.0, 0.0
33, 0 ,1.0,1.0,1.0,239.18968473986203,95.34624460060603,185.28574559989684,13.081116253867298,11.321757115204806,12.09538764644809,67.0,55.0,59.0,0.9346046748425494,-0.31759941561340144,0.16013966705497784,13.31669749758163,0.17445376738630503,0.016954373060028657,-0.9845193915199775,12.066527027574498,-0.3099677157498474,-0.9480733940134422,-0.07125205089437404,11.07522831328764,72.0549021817518,60.77126810271335,55.75605671531531,20.314821482025632,5.736219756432404,77555.0,244148.40021260118, 0.0, 0.0,0.0,NaN, 161.08432873513038,161.08432873513038,0.0, 171.11560244719124, -16.16095163844387, 4.242787653664073, -16.16095163844387, 128.18218417569062, -3.1636403403265074, 4.242787653664073, -3.1636403403265074, 146.29840231784908, 5.797536624232264, 4.276161662943911, 32.0, 0.0
34, 0 ,1.0,1.0,1.0,274.9003596855139,64.9450604250443,240.61521077146708,14.014915016677014,13.344547202927219,12.487895542517986,58.0,72.0,60.0,0.8275104770659927,-0.4414051804824924,0.34696956205009033,14.771525677142268,-0.2846533965771394,-0.8625146366659265,-0.4183789494634531,13.060046279072148,0.4839409614437604,0.2474468997184302,-0.839387382354909,11.902921423528444,70.80628609347679,62.900074765327815,67.68536775886963,22.076303240378127,6.563471131616833,94249.0,301451.72273938067, 0.0, 0.0,0.0,NaN, 91.51178071290337,91.51178071290337,0.0, 196.41784292467884, -20.85784398294315, 25.410078031118104, -20.85784398294315, 178.07694005115263, -1.2956364377908045, 25.410078031118104, -1.2956364377908045, 155.94753508084057, 5.494537423699653, 4.150038028186355, 32.0, 0.0
35, 0 ,1.0,1.0,1.0,131.71151123306896,275.7854126727562,59.238995601999775,12.723526666977008,12.186243958311687,12.278944856370835,62.0,53.0,68.0,0.8082704000817615,0.050233425934935884,-0.5866647792994805,13.102429616776758,-0.4007031083547748,0.7769767198274632,-0.4855349583716683,12.740832324171755,-0.4314347914882276,-0.6275219356843197,-0.6481359741045964,11.276643528431242,63.81480972137974,66.7358053057591,61.56088257023006,20.63659571037424,5.94105015372903,79809.0,262171.3447009342, 0.0, 0.0,0.0,NaN, 146.43608513840198,146.43608513840198,0.0, 161.88813084527504, -9.141270516138054, -14.264623855198776, -9.141270516138054, 148.5045418114881, -14.578142331318062, -14.264623855198776, -14.578142331318062, 150.77248678579576, 6.250024888415739, 4.287443186759991, 25.0, 0.0
36, 0 ,1.0,1.0,1.0,35.86674905579746,176.55515644309952,209.39297305413427,12.458903781326532,13.159265130248436,12.801687454460348,66.0,63.0,66.0,0.23020377010013415,0.8312884047886787,0.5059306398070565,13.531468438084806,-0.6383091067533305,-0.26344309022435203,0.7232974647050885,12.696309877139985,-0.734552726812344,0.48944593805336356,-0.4699733665385873,12.164572384385934,59.821926848493064,73.98560871398972,73.93122984071518,21.299127869603645,6.214571254440915,86581.0,327216.78966319014, 0.0, 2.8421709430404007E-14,0.0,33.76868331405042, 157.27264994457244,157.27264994457244,0.0, 155.22428343235256, 8.9444547866627, -2.0124885352959296, 8.9444547866627, 173.16625876817238, 12.25323520379748, -2.0124885352959296, 12.25323520379748, 163.88320168168744, 5.535684350848183, 4.206615112231197, 41.0, 0.0
37, 0 ,1.0,1.0,1.0,200.86242338656845,175.51099884988864,193.66690445340592,12.659346358577418,10.703360367953556,11.813461538233584,65.0,54.0,56.0,0.9549725742054294,0.24510481810755835,0.16718555755781328,12.804639134138554,-0.18329846988980608,0.04430356194883192,0.9820584836631179,11.792934391092881,-0.23330035030302046,0.9684837750520688,-0.0872360247224804,10.552097516602874,64.02972407702984,57.688280127343916,51.388468378617716,19.574631883202052,5.5868267867514065,68689.0,189816.90837873364, 0.0, 2.8421709430404007E-14,0.0,75.81197176471058, 191.3961799844959,191.3961799844959,0.0, 160.25905022642732, 12.089649567346216, 3.4088609105488232, 12.089649567346216, 114.56192316627886, 3.3622800402606057, 3.4088609105488232, 3.3622800402606057, 139.55787351532422, 5.869341836441071, 4.202828681220906, 34.0, 0.0
38, 0 ,1.0,1.0,1.0,163.49793451116764,9.707027329801386,224.32219291899082,13.559920334407225,6.573329195348286,12.650248209770027,66.0,27.0,67.0,0.8380508850467043,-0.038011676065916475,0.544266319511961,14.165908922595223,0.5452434826148188,0.09400467328610135,-0.8329901956604517,12.01500212333659,0.019500224062821533,-0.9948458342291203,-0.09950631828415013,6.486572617926417,69.80715554420794,58.386120289955755,29.44198620566402,18.527921766580604,6.620044634752182,42847.0,119998.7341073539, 0.0, 0.0,0.0,NaN, 156.3782937203544,156.3782937203544,0.0, 183.87143947547057, 0.19041174221507431, 25.88398287099077, 0.19041174221507431, 43.20865671041815, -11.290534046442176, 25.88398287099077, -11.290534046442176, 160.02877976878978, 6.501669097594136, 4.293687804411968, 16.0, 0.0
39, 0 ,1.0,1.0,1.0,103.7831019000327,229.53493800362762,156.8495435758675,12.111062588382074,10.912458971805036,11.8464985849547,60.0,52.0,58.0,-0.830026873501271,0.534136787122148,0.1604782910818007,12.857818478516267,-0.19352001934014476,-0.00596300967977198,-0.9810782051549967,11.8387159346029,-0.5230730268139392,-0.8453770372788634,0.1083156196553195,10.030973808542955,60.436554101677075,58.97162601493369,54.05646149243199,19.393564549110792,5.476201295955554,67262.0,192659.49189308297, 0.0, 0.0,0.0,NaN, 190.3373593821839,190.3373593821839,0.0, 146.6778370197079, -28.640343573861433, -1.1125302365625815, -28.640343573861433, 119.0817608113282, 5.777460863440246, -1.1125302365625815, 5.777460863440246, 140.33952872333373, 5.983219879805742, 4.144336923622699, 23.0, 0.0
40, 0 ,1.0,1.0,1.0,51.54406614385189,20.767590061941192,165.84245512353903,12.297687957988153,11.441853166649185,12.369412811661961,63.0,50.0,60.0,0.34594012908038263,0.42808040051341845,-0.8349087362030173,12.851218291213948,-0.9253355719103847,0.30283197803071826,-0.2281378364920732,12.254415191488334,-0.15517572764169527,-0.8514927855115819,-0.500879755802325,10.946552107887758,64.58922750366362,61.039737434724614,61.091501667106115,20.037320697082375,5.801489945406021,72811.0,240853.82495478235, 0.0, 0.0,0.0,NaN, 145.21133013268027,145.21133013268027,0.0, 151.2331291120468, -1.7904892490658673, -6.685995485076102, -1.7904892490658673, 130.91600388716, -18.296534512635223, -6.685995485076102, -18.296534512635223, 153.00237330530706, 5.581914534009062, 4.078353430441542, 27.0, 0.0
41, 0 ,1.0,1.0,1.0,186.6807430760748,65.91200712538702,62.95579149760366,11.928183999461268,11.212085489214994,12.593087295189582,58.0,58.0,62.0,-0.564670984224522,-0.1084875387821152,0.818154712449857,13.081980299737323,0.6130231784685056,0.6085997291134837,0.5037945537452386,11.743293918952592,0.5525841675575582,-0.7860259688152754,0.2771532321888509,10.841361609000511,66.52902388659619,56.93447606191344,59.41805251795196,19.848946047634385,5.709432805884834,70733.0,225063.40924226053, 0.0, 0.0,7.105427357601002E-15,35.09950227305009, 145.42722701123535,145.42722701123535,0.0, 142.28157352500384, 10.883405834695072, -18.473022724911285, 10.883405834695072, 125.71086101746545, 1.4877899464312512, -18.473022724911285, 1.4877899464312512, 158.58584762426526, 5.283147906651368, 3.9201718490719424, 32.0, 0.0
42, 0 ,1.0,1.0,1.0,92.36467073818375,158.69892458842273,106.47688528943176,11.361160900887558,11.783452573522972,13.306607232280786,57.0,58.0,61.0,-0.14293126255876898,0.29182044982605715,0.9457333023885081,13.39770720907861,-0.6369138523067517,0.7042807618508711,-0.31357511576419694,12.658542020910136,0.7575694020504848,0.6471703280822396,-0.08520074839340669,10.259351005164211,64.7994227445997,58.77416156568491,53.735768416165655,20.27834257821385,5.8120865343718116,75320.0,204654.3796805208, 0.0, 0.0,0.0,NaN, 199.58595495169533,199.58595495169533,0.0, 129.07597701585618, -27.760891684416062, 0.9455442346677605, -27.760891684416062, 138.84975455246516, 8.34722952347903, 0.9455442346677605, 8.34722952347903, 177.06579603418731, 6.1037048675709435, 4.288582986765859, 27.0, 0.0
43, 0 ,1.0,1.0,1.0,84.67851489787391,207.89031416595967,190.98646338529335,14.07145971826024,12.351290599457718,10.541705737481173,65.0,62.0,54.0,-0.95445245612851,0.2940663039330347,-0.05045312558621792,14.233705895308457,-0.296172512079996,-0.9133475494042274,0.27942458210672383,12.314918496638168,0.036088115474201224,0.2816403076416028,0.9588411677817469,10.364956190816104,64.32979078871885,59.73925747270866,56.42377326366011,20.64791553046652,5.945712924220788,78971.0,216837.34692275996, 0.0, 0.0,0.0,NaN, 165.94757086200767,165.94757086200767,0.0, 198.00597860262053, -14.747270567101996, 0.9227733272445201, -14.747270567101996, 152.5543794722526, -12.698652089458072, 0.9227733272445201, -12.698652089458072, 111.1275598556435, 5.613030767975473, 4.069585314231913, 22.0, 0.0
44, 0 ,1.0,1.0,1.0,24.802818472521754,11.767252918866662,265.4900163605265,12.97517428989068,7.531919680383762,14.020940711700156,50.0,34.0,71.0,-0.4273173534038931,0.06509348184290392,0.9017553537969487,14.377977417914819,-0.8969368172410839,-0.155842089427972,-0.41378447172430183,12.707827210853935,-0.11359676649151504,0.9856348623015987,-0.12497876963060842,7.311404332603628,78.03380622972614,69.59429851473782,36.397255757998025,19.468252737359286,6.531376250080655,53788.0,197662.868204729, 0.0, 0.0,0.0,NaN, 44.097471766918446,44.097471766918446,8.259061849445711E-7, 168.3551478530401, 10.837519232124228, -18.96532472819695, 10.837519232124228, 56.72981407175223, 15.963142612059046, -18.96532472819695, 15.963142612059046, 196.58677844101086, 5.813348979284779, 4.20537921593289, 23.0, 0.0
45, 0 ,1.0,1.0,1.0,288.04816466552313,76.9785934819897,284.4099142367067,8.039423395710108,11.703200134599452,8.56017532159145,37.0,61.0,35.0,0.19193098309365303,-0.9670551746672793,-0.1672327326749798,11.868396500731148,0.5616148978231016,0.24796858451211937,-0.7893670170701352,9.07414914570322,0.8048299225748572,0.05758359353403884,0.5907054473118185,7.188518988312483,60.82992571412881,49.647439739470116,37.64971596299739,15.69506645209706,5.342163655919082,29150.0,113704.02737654184, 0.0, 0.0,0.0,NaN, 79.4455851286572,79.4455851286572,NaN, 64.63232853549104, -12.2827082418085, -16.457136177987184, -12.2827082418085, 136.96489339048864, 8.420747392236871, -16.457136177987184, 8.420747392236871, 73.27660153638328, 6.685253499941597, 4.399460393562684, 9.0, 0.0
46, 0 ,1.0,1.0,1.0,121.60106170898693,237.0681908797831,78.76865680143081,11.766359126856914,12.608380407515396,13.865890513276389,63.0,64.0,66.0,0.16113865132602573,0.4057675815117542,0.8996593826793178,14.240822474321924,0.1261559242582001,-0.912562557903053,0.3889913375487906,12.262761549592744,-0.9788355417655148,-0.0508158214293522,0.19823908411075614,11.683537039853672,69.42400019472458,59.47201535574101,60.804106586683844,21.279010604950923,6.073309723976527,87783.0,251047.09571711364, 0.0, 0.0,0.0,NaN, 157.96117276786046,157.96117276786046,0.0, 138.44720710216902, 2.737933821013237, 10.291586767210864, 2.737933821013237, 158.97125650061813, 19.2778649668676, 10.291586767210864, 19.2778649668676, 192.26291972616815, 6.106694533192147, 4.226258751252196, 38.0, 0.0
47, 0 ,1.0,1.0,1.0,24.00941514207863,188.78892565200468,121.32089334371351,12.570877641725811,12.141126836268215,12.712043863453228,53.0,60.0,64.0,-0.6127513567843708,-0.37222495128353905,0.6971257852072898,13.874258303863062,0.5609362565314739,-0.8262314726048341,0.05188515959023091,11.924954433387088,0.5566743131018079,0.422835830221629,0.7150689266171592,11.503495251586862,68.89757376608944,63.219427469135724,58.874467900738324,20.78704543534134,5.9100530279352395,82208.0,256437.46909062064, 0.0, 2.8421709430404007E-14,0.0,68.14709861025295, 166.32232031455288,166.32232031455288,0.0, 158.0269646832419, 9.146133850055332, -25.412835386434768, 9.146133850055332, 147.40696085435223, -16.035274653316883, -25.412835386434768, -16.035274653316883, 161.59605918635887, 6.0366450678615164, 4.284707390382253, 21.0, 0.0
48, 0 ,1.0,1.0,1.0,218.79895616816617,137.51473957306064,208.53789200588673,12.487258283105938,12.74250491995756,10.12178959226112,69.0,62.0,60.0,-0.5966128221831261,-0.8023343857655866,-0.017682585355216076,13.079176675314574,0.7808459486656987,-0.5752650218865121,-0.2436180597703632,12.258864439064064,0.18529097349587983,-0.15915303331092975,0.9697100428111897,9.970409007393016,64.7661479841758,60.47073776414703,56.67394066194373,19.66146513182772,5.84640611693005,65911.0,221961.03749679305, 0.0, 0.0,-2.8421709430404007E-14,88.98680968390605, 184.03594843930065,184.03594843930065,0.0, 155.93161942899786, 11.449633810481096, -8.921096524555578, 11.449633810481096, 162.37143163514259, 8.145877591240293, -8.921096524555578, 8.145877591240293, 102.45062455000551, 5.5613377323703865, 4.018310525664247, 28.0, 0.0
49, 0 ,1.0,1.0,1.0,125.37256892341189,91.98470003236531,213.0870332774296,12.715300731277479,10.449197067898846,12.174584691825945,62.0,52.0,65.0,0.7569205470662647,0.12764319630320883,0.6409200417106702,13.549965823114665,-0.6065511562574951,0.5022615376908048,0.6163027199349069,11.74039798180736,0.24324263662360307,0.8552429842997655,-0.4575942061853808,9.88162870635465,64.805405344442,58.043259943651634,52.80033068400482,19.669562949975205,5.673922613678253,67974.0,198609.34084841094, 1.4210854715202004E-14, 0.0,-2.8421709430404007E-14,78.56157109010181, 178.13851313800313,178.13851313800313,NaN, 161.6788726868256, -3.939278670074654, 26.675035782050777, -3.939278670074654, 109.18571936378584, 19.472629455505512, 26.675035782050777, 19.472629455505512, 148.22051241844264, 6.141152894541726, 4.206120766986643, 37.0, 0.0
