// Sample: .//bubblelabels.tif, Map: .//bubblelabels.tif, Thickness:(8.191250068658265):/gpfs/home/mader/Foam/NewValid/InSilicoTest/LatticeData_Phi_6.65/out_Step_03000.vtk/distmap.tif, Neighbors:(1.0):
//LACUNA_NUMBER, TRIANGLES, SCALE_X, SCALE_Y, SCALE_Z, POS_X, POS_Y, POS_Z , STD_X, STD_Y, STD_Z,PROJ_X, PROJ_Y, PROJ_Z, PCA1_X, PCA1_Y, PCA1_Z, PCA1_S, PCA2_X, PCA2_Y, PCA2_Z, PCA2_S, PCA3_X, PCA3_Y, PCA3_Z, PCA3_S,PROJ_PCA1, PROJ_PCA2, PROJ_PCA3,OBJ_RADIUS, OBJ_RADIUS_STD, VOLUME, VOLUME_BOX, Mask_Grad_X,Mask_Grad_Y,Mask_Grad_Z,Mask_Angle, Mask_Distance_Mean,Mask_Distance_COV, Mask_Distance_STD, SHAPET_XX, SHAPET_XY, SHAPET_XZ, SHAPET_YX, SHAPET_YY, SHAPET_YZ, SHAPET_ZX, SHAPET_ZY, SHAPET_ZZ, Thickness, Thickness_STD, Neighbors, Neighbors_STD
1, 0 ,1.0,1.0,1.0,156.0068497950317,182.0578290879787,183.64004414701657,15.741454525908983,11.582268581116514,9.31030280524645,73.0,54.0,41.0,-0.953326145424503,-0.3018487522385149,0.007522713746416065,16.13492669176511,-0.27157234154058896,0.8462821872829792,-0.45831749126309584,11.5877317427455,0.13197622422323124,-0.43896900831332936,-0.8887567079804187,8.603062716921993,78.59743958325973,66.88313403067407,45.729914282691,20.393277658025422,7.262114069911762,57082.0,240394.9837255943, 0.0, 0.0,0.0,NaN, 50.249048921394035,50.249048921394035,9.5367431640625E-7, 247.7933905912604, 39.766395515689794, 6.164460648514753, 39.766395515689794, 134.14894548511876, -23.796990044660173, 6.164460648514753, -23.796990044660173, 86.68173832537991, 9.731204793087414, 6.413148088199956, 12.0, 0.0
2, 0 ,1.0,1.0,1.0,184.9814123883646,35.376226090186215,16.009960663819154,8.766781467359165,16.251310411616817,10.182004948775008,37.0,72.0,47.0,0.009100182051350793,0.9993436632836321,0.03506321921163518,16.257678651393,-0.3109926278316159,0.03615421410721028,-0.9497244117304113,10.328435580593359,0.9503687558632272,0.0022617376375038793,-0.3111175218817493,8.581729166875975,72.51268013571892,55.85454086824143,40.85196712867355,19.9496763854312,6.829727980277602,59233.0,165457.1035226395, 0.0, 0.0,0.0,NaN, 41.633570429274705,41.633570429274705,0.0, 76.85645729643211, 1.3625719603142803, 9.816638810981445, 1.3625719603142803, 264.1050900947252, 5.546824010378988, 9.816638810981445, 5.546824010378988, 103.67322477687875, 8.552381950423733, 5.889782470101206, 13.0, 0.0
3, 0 ,1.0,1.0,1.0,170.9178414974114,186.96770211071285,78.94301075268817,16.264604184451414,7.601679807682505,15.653856640887035,64.0,32.0,64.0,-0.8679418106372572,-0.020596344598944317,0.4962386562299243,16.562678051462743,0.49536849792825854,0.0362720500349874,0.867925336446955,15.348766104925504,0.03587568268368329,-0.9991296857642762,0.0212792484961003,7.580183884888928,73.6058710454888,78.87413132753986,33.02467956533013,22.67216575564917,7.303356273469351,75330.0,191728.05126079434, 0.0, 0.0,0.0,NaN, 85.13290596557741,85.13290596557741,9.5367431640625E-7, 264.5373492768744, 7.077301319038941, -16.820545685007403, 7.077301319038941, 57.785535898527925, 3.3911502079024087, -16.820545685007403, 3.3911502079024087, 245.04322773344313, 8.39555189631643, 5.57685490904884, 12.0, 0.0
4, 0 ,1.0,1.0,1.0,55.616460290350126,79.39654497580416,30.528012026757757,13.402547046930579,13.743113075527086,15.007531968375943,66.0,68.0,66.0,0.07264837087677377,0.5794413396770061,0.8117696397884481,16.284482066727534,0.9657398041358275,-0.24418321836389065,0.08787028267364415,13.464743981069772,0.249136197523853,0.7775746200479853,-0.5773290788974575,12.134403713261394,79.80683199219713,66.13164423324396,72.14797950419161,23.390054967676413,6.828818985946241,112416.0,380779.5053568637, 0.0, 0.0,0.0,NaN, 101.6314986981342,101.6314986981342,NaN, 179.62826734518757, -3.0661344187946873, 9.845349118859302, -3.0661344187946873, 188.87315700672357, 54.745350126950164, 9.845349118859302, 54.745350126950164, 225.22601578182594, 8.357650519814209, 5.3178071611975515, 23.0, 0.0
5, 0 ,1.0,1.0,1.0,13.487188537872832,106.5715500505399,138.47761002454794,7.97130678336258,15.341286046486514,12.225632179651955,32.0,76.0,60.0,0.0029126144091836453,0.9993799779328395,-0.03508812312251747,15.344787004148728,0.0019478593248087128,-0.035093875283210035,-0.9993821219942135,12.221310716951582,-0.999993861241835,0.0028424680409866194,-0.002048866535867579,7.971194875536417,75.90295362730274,59.98633403898718,32.155402939146796,20.11895864690594,6.602300701333055,62327.0,146408.04911425844, 0.0, 0.0,0.0,NaN, 112.67556959211035,112.67556959211035,0.0, 63.541731834482285, 0.4945670851373509, -0.18463311879934804, 0.4945670851373509, 235.35505756012182, -3.0187864313134183, -0.18463311879934804, -3.0187864313134183, 149.46608219214139, 9.2147460776444, 5.450642159825957, 16.0, 0.0
6, 0 ,1.0,1.0,1.0,51.712911451089475,186.03233657858135,121.14191337174647,14.597026064895656,8.203973624714527,12.039044107688156,65.0,33.0,54.0,-0.9637679269895497,0.022608734332007545,0.2657822944407152,14.790455446594233,0.26587907572925396,0.0013331509943729572,0.964005466684595,11.80388766812242,-0.021440615560754384,-0.9997435010243034,0.0072960375578132956,8.199243855489001,65.25981996036965,57.37787616853633,34.063566311839736,19.694303545238114,6.1197503273538665,60396.0,127549.99766721371, -7.105427357601002E-15, 0.0,0.0,15.470498298525628, 95.33057567680684,95.33057567680684,0.0, 213.07316993924317, -3.2762155782498428, -20.333836082642723, -3.2762155782498428, 67.30518323501161, 1.0032095368067695, -20.333836082642723, 1.0032095368067695, 144.9385830268609, 9.54239778372389, 5.425647597681855, 11.0, 0.0
7, 0 ,1.0,1.0,1.0,56.64115901187193,149.6482342007435,11.895700923372107,12.966946218431994,16.97964051766639,8.258900767347294,59.0,87.0,32.0,-0.2511906501425275,0.9653086833373975,-0.07129097526611505,17.25459684798455,0.9574287961118716,0.2586123067666559,0.12825667688116907,12.70783657530013,-0.14224400745460608,0.03603915457177678,0.989175324035636,8.090062139116199,93.89878875049882,58.08020846046816,36.740245725478346,21.35942796027564,8.272494511064062,66712.0,200368.8535031955, 0.0, 0.0,0.0,NaN, 76.71394210813085,76.71394210813085,0.0, 168.1416942317078, -32.54072612825908, 15.95282984177657, -32.54072612825908, 288.3081921091781, -12.798920530507862, 15.95282984177657, -12.798920530507862, 68.20944188488971, 8.372802380204384, 5.310034396285132, 18.0, 0.0
8, 0 ,1.0,1.0,1.0,26.55585160893626,51.12703422832548,50.42458495593359,13.735860869784936,13.180001279720257,12.990561325385613,64.0,66.0,63.0,0.8127625766125773,-0.20318838181892537,0.5460141715669031,14.789084620646435,-0.1156186236430472,0.8623149898921572,0.49299613799113745,13.581044818663083,0.5710072923570872,0.46381821837989046,-0.6773649919902357,11.312788729263211,75.73707366665509,67.39744417923346,61.19581817982961,22.148698527878853,6.369940709098368,97580.0,312373.1478793621, 0.0, 0.0,0.0,NaN, 76.5625603780227,76.5625603780227,0.0, 188.67387383408897, -20.61440189121085, 37.04911367073276, -20.61440189121085, 173.7124337334276, 13.937741800432748, 37.04911367073276, 13.937741800432748, 168.75468354860442, 7.9395279348611245, 5.12917416889209, 21.0, 0.0
9, 0 ,1.0,1.0,1.0,88.38258752117447,180.48154291360814,84.89904479578392,14.647102024258047,12.400346718132477,12.450639225309233,69.0,57.0,60.0,-0.9625142537572056,-0.07162061634024013,-0.2616042786906483,14.846300229497203,0.1240801122663631,0.7413934924360979,-0.6594996702905717,13.046413088823948,0.24118548267708184,-0.667237721272149,-0.704715109996496,11.51968265921967,70.24104888659635,67.16649886216047,62.349001688947226,21.79444700653577,6.951740302763051,85008.0,294152.94645575207, 0.0, 0.0,0.0,NaN, 124.09794418606583,124.09794418606583,0.0, 214.53759770902417, 9.496574202671747, 19.01594398299815, 9.496574202671747, 153.76859872989888, -16.695068684305003, 19.01594398299815, -16.695068684305003, 155.01841711880888, 8.346177181600613, 5.108799534373841, 19.0, 0.0
10, 0 ,1.0,1.0,1.0,186.50400114318376,20.275997223696567,111.03794961825828,8.2940657383684,10.998079541155816,13.385243746999341,33.0,44.0,66.0,0.02537558239174262,-0.34830185738689745,0.9370388977833938,13.729267345799435,0.08459718957163345,-0.9332302327189721,-0.34917710156291004,10.583912557366723,-0.9960920616764602,-0.08813142958179572,-0.005784097596685986,8.270552784314477,74.30220872707065,56.011063956390025,34.7667008716829,18.290455939666124,5.862870606765353,48986.0,144690.1701196766, 0.0, 0.0,0.0,NaN, 92.23613422451143,92.23613422451143,0.0, 68.79152647237657, -4.504921721631859, 1.5670816534279801, -4.504921721631859, 120.95775359359011, -24.98109824927206, 1.5670816534279801, -24.98109824927206, 179.16475016658498, 8.82021183674203, 5.379990316331855, 10.0, 0.0
11, 0 ,1.0,1.0,1.0,77.17456231218141,100.449718464426,160.2898124121804,11.905312416014285,14.649918919753802,13.589112952571925,59.0,80.0,76.0,0.16636466041450948,0.8423345086917646,0.5126357139647697,15.315654966656163,0.034149771421736023,-0.5244905377025207,0.8507311378880899,12.937978904515006,-0.9854727763246472,0.1240252044042859,0.11602222112796735,11.79237014873123,73.2252627270147,69.08025494669553,62.11568079935084,22.291465987103606,6.6416205147382605,97501.0,314207.1907466641, 0.0, 0.0,0.0,NaN, 132.07221744238507,132.07221744238507,0.0, 141.7364637229039, 12.876717077111842, 8.968547940479427, 12.876717077111842, 214.6201243553604, 28.60049953693529, 8.968547940479427, 28.60049953693529, 184.6639908377581, 7.5481609072817015, 4.847564878932345, 30.0, 0.0
12, 0 ,1.0,1.0,1.0,22.658335026031924,178.28609457017927,48.52340734880638,14.293958694006259,12.650944888027256,13.882915604457883,58.0,51.0,81.0,-0.6567248511722295,0.21517575607116837,-0.7227806471205591,14.804150686920243,-0.6855800422254199,-0.5696100108252335,0.45334803547591174,14.347991317881268,0.31415358593370285,-0.7932489076997702,-0.5215972535185719,11.492226719279559,79.98666433145625,75.33946037008492,65.73475296590627,22.49986020599898,7.131290072411812,93539.0,396127.6214384859, 0.0, 0.0,0.0,NaN, 57.78767079494812,57.78767079494812,0.0, 204.31725514595712, 16.510346447667306, 18.40408359572482, 16.510346447667306, 160.04640655990298, -32.60074304901127, 18.40408359572482, -32.60074304901127, 192.7353456805002, 7.5171520826436495, 4.764911347607737, 11.0, 0.0
13, 0 ,1.0,1.0,1.0,175.71234508322124,61.44644782372088,108.87526568163382,13.167957384419207,13.26124690025669,13.720747138147706,54.0,67.0,66.0,-0.5980877607686886,-0.4924526597332727,0.632282696537175,15.176965013928887,-0.1201287362909228,-0.7249428413135252,-0.6782528758106511,12.88618552401441,-0.7923762472057335,0.4816100650421436,-0.37442172494963527,11.87942038413897,77.06268748095711,66.85619778252482,68.32753637397892,22.23157708272777,6.578119295899813,97391.0,352031.54889821634, 0.0, 0.0,0.0,NaN, 112.55786661136841,112.55786661136841,0.0, 173.39510167788032, 28.449191771124042, -31.707852182740314, 28.449191771124042, 175.8606693495677, -15.520762204284624, -31.707852182740314, -15.520762204284624, 188.25890202898844, 7.083415124195133, 4.515798632465336, 19.0, 0.0
14, 0 ,1.0,1.0,1.0,167.49496633738124,187.27052790536715,25.249575284716542,15.40550553902043,7.345070719988884,14.370996819635053,74.0,31.0,51.0,0.78329419683546,0.03140440749049299,0.6208574428917337,17.018521363655097,-0.6211470762948428,-6.744881010478428E-4,0.7836937250458051,12.428104953427363,-0.025030198046758434,0.9995065323728369,-0.018978433280106247,7.329212252745659,88.23599393698467,60.92888085121604,32.31459555595674,21.050490707064387,7.394731595952626,63572.0,173727.1551379823, 0.0, 0.0,0.0,NaN, 43.08314897119968,43.08314897119968,0.0, 237.32960091278915, 5.845396856001362, 65.68831976485122, 5.845396856001362, 53.95006388163803, 4.5464953793092775, 65.68831976485122, 4.5464953793092775, 206.52554958996083, 8.54361674844523, 5.0336720088860565, 12.0, 0.0
15, 0 ,1.0,1.0,1.0,189.71313276026743,24.431518624641832,175.88779847182425,6.301334694699647,13.13196337809757,12.819312009124145,27.0,55.0,54.0,-0.022936033893704848,0.7997040690967038,0.5999561152446082,13.530089340247436,0.01038023362861423,-0.5998911408127693,0.8000142935749146,12.401921998594458,-0.9996830443190693,-0.02457683959603743,-0.005458008467237706,6.294366899958838,74.71910188115596,61.878525817375476,27.7095337444064,18.382361309528942,6.211186212916368,41880.0,128115.2474744162, 0.0, 0.0,0.0,NaN, 35.83457830712488,35.83457830712488,0.0, 39.70681893462549, -3.3421140220523626, -1.0256205625476962, -3.3421140220523626, 172.44846216369572, 14.021172541002718, -1.0256205625476962, 14.021172541002718, 164.33476038727454, 7.910376146111954, 4.933046821670577, 10.0, 0.0
16, 0 ,1.0,1.0,1.0,189.47341444181592,174.36361758852465,138.09293680297398,6.676535804799505,15.160711921007632,14.404950851792844,28.0,65.0,69.0,-0.045409334880520166,0.7776211915623231,0.6270911215596201,16.53761393861624,0.06377814233004062,-0.624201261065001,0.7786559793938477,12.838387866917529,-0.9969304593935516,-0.07535295692974892,0.021250670937773976,6.603714677587977,85.1716171419717,74.40467711572236,31.1135735267641,20.58474014391496,7.628525319785576,53262.0,197171.90122777218, 0.0, 0.0,0.0,NaN, 67.82711537682954,67.82711537682954,0.0, 44.57613035276977, -12.943104229932116, -0.5264241201416484, -12.943104229932116, 229.84718595178293, 53.185124346378295, -0.5264241201416484, 53.185124346378295, 207.50260904256737, 7.408961002752316, 4.74456293512478, 14.0, 0.0
17, 0 ,1.0,1.0,1.0,21.0595690747782,9.732352454951231,20.32203670028104,12.307837666014217,6.357149403270248,12.098542000993445,57.0,25.0,47.0,-0.7281207980178493,0.05276341790123999,0.6834150460922185,13.733009541764343,0.684978495623471,0.019080700740260866,0.728313385427363,10.473833100039,-0.02538826554249344,-0.9984247335631463,0.050034861667682416,6.322515655702003,73.7816829070554,55.26229524281109,27.01946436162668,17.350081788849412,6.102917090904891,36294.0,110167.68181703729, 0.0, 0.0,0.0,NaN, 30.841681367433893,30.841681367433893,NaN, 151.48286801295828, -4.798433515391075, -39.16995215038305, -4.798433515391075, 40.41334853549927, 6.328160701673252, -39.16995215038305, 6.328160701673252, 146.37471854980248, 7.970968595768897, 4.663697576837111, 4.0, 0.0
18, 0 ,1.0,1.0,1.0,22.402651452510888,39.456273083071494,145.0707375558128,13.98420863689912,13.118466178520293,11.133673402161927,58.0,64.0,60.0,0.8510727639751712,0.35855021533248266,0.38355820093525983,14.451825359575253,-0.4599616763120245,0.8614321469678532,0.21533674209151427,13.317391816627406,0.2532003292728803,0.3596893093426402,-0.8980607963833628,10.266584070764518,73.66017257946683,63.01477293518256,50.94219165127072,21.169472476607176,6.592750910317588,72564.0,236457.30372135396, 0.0, 0.0,0.0,NaN, 71.2453517808074,71.2453517808074,0.0, 195.558091200324, 3.0602587103634105, 26.644192576129157, 3.0602587103634105, 172.09415487698084, 27.57390648619976, 26.644192576129157, 27.57390648619976, 123.95868342600795, 7.72413735809145, 4.79338211637957, 17.0, 0.0
19, 0 ,1.0,1.0,1.0,121.85491158496944,78.94373293459888,179.59821544662591,11.468606131433571,11.1910246488483,11.60250966235655,55.0,55.0,47.0,-0.341772773719795,0.6632693235238601,-0.6657816275747465,12.527413720667077,-0.8486320304254527,0.08654518345431214,0.5218559266280616,11.60053548159345,-0.4037512205304786,-0.7433597619545059,-0.5332928053397012,9.993881716615263,60.344290900161724,60.707036919899764,49.979233843507046,19.00919271474833,5.480582276339716,61528.0,183090.08163837736, 0.0, 1.4210854715202004E-14,0.0,48.450310792080224, 112.9380388797526,112.9380388797526,0.0, 131.5289265979557, -15.482581850423177, -2.3816267505521083, -15.482581850423177, 125.2390326911302, -23.629615429134045, -2.3816267505521083, -23.629615429134045, 134.6182304650771, 7.758285728951778, 4.817513978020771, 16.0, 0.0
20, 0 ,1.0,1.0,1.0,170.89962556535923,91.33352487580633,9.813079261511085,13.427396545380475,15.453205089690993,6.638340662734367,58.0,68.0,26.0,0.31676631267973343,0.9476497146084972,-0.04023830952859675,15.697523617895056,0.9479848635982592,-0.31771091734908025,-0.01960794190617129,13.155312634030654,0.031365610784349934,0.03193417291303502,0.9989977012288294,6.609810439944554,76.18141138334883,68.32698061736039,27.585526186653798,20.338724581093242,7.0356502684507305,53948.0,143589.44484780804, 0.0, 0.0,0.0,NaN, 96.35839913089323,96.35839913089323,1.3486991523486091E-6, 180.29497798689553, 21.888875161312562, -4.988714610345483, 21.888875161312562, 238.80154754405163, -6.924236953221684, -4.988714610345483, -6.924236953221684, 44.06756675451256, 7.436027176815735, 4.913478398355985, 13.0, 0.0
21, 0 ,1.0,1.0,1.0,15.851069045826256,101.78088500534085,22.709002399005374,9.718247259977264,11.589120947823163,12.49004520824734,39.0,52.0,54.0,-0.08255548011118555,-0.5050002978541941,0.8591619706846827,12.893116104781429,-0.31647922668316997,-0.8041950118977909,-0.5031016616119801,11.333000026202173,-0.945000260201887,0.31344071529698897,0.09343139842942311,9.4912565536982,58.60957165546944,59.47951352472769,45.22891382177373,18.79303825742066,5.619163328158548,57107.0,157671.10578245373, 0.0, -1.4210854715202004E-14,0.0,59.66862786450349, 102.04876153186602,102.04876153186602,1.9073486328125E-6, 94.4443298060556, 12.935917260063118, 0.705501346656995, 12.935917260063118, 134.30772434327366, -17.521796854697957, 0.705501346656995, -17.521796854697957, 156.00122930406235, 7.888111939945446, 4.877059737491743, 11.0, 0.0
22, 0 ,1.0,1.0,1.0,80.66668384569795,23.199422784549178,41.7018965650527,11.953163978156036,11.63033473012589,13.494409110403382,63.0,49.0,67.0,-0.4430175695266002,-0.025950971657139943,0.8961372552018999,13.98221134078437,-0.5959219765662047,0.7553116966285182,-0.2727292407894266,12.349260523212608,-0.6697853618407706,-0.6548517297878963,-0.35008110639911516,10.594122087925028,62.95037887838821,61.75745430271059,61.8749715347107,20.60245487723427,5.981700869646755,77614.0,240548.55155246993, 1.4210854715202004E-14, 0.0,0.0,63.703426966133776, 93.72499814521417,93.72499814521417,0.0, 142.87812908868705, -17.16797140417594, -26.512599993070033, -17.16797140417594, 135.26468593477244, -10.231620004559606, -26.512599993070033, -10.231620004559606, 182.09907723893778, 6.837415877523936, 4.525193459956397, 19.0, 0.0
23, 0 ,1.0,1.0,1.0,159.226384531193,81.04248084640642,69.90117475373951,14.885005442989423,9.996406021990882,11.051028042750561,69.0,51.0,58.0,-0.9860072549627439,0.16359607472508364,-0.0320315078536638,15.00068843611293,0.07729341968733644,0.27840880797313583,-0.9573475141849039,11.159524597701203,0.14770044154934608,0.9464274192866147,0.2871580045699682,9.69851011196819,72.34862301553208,55.60949027025,51.59761570416504,20.10498139881635,6.277456821775176,68525.0,207591.14179263043, 0.0, 0.0,0.0,NaN, 114.52748863085718,114.52748863085718,0.0, 221.56338703782473, -20.468909235611896, 1.8811685668768805, -20.468909235611896, 99.9281333564956, -8.808585475492734, 1.8811685668768805, -8.808585475492734, 122.12522080165931, 6.766995161402099, 4.339622557047958, 17.0, 0.0
24, 0 ,1.0,1.0,1.0,136.96967165811134,118.10111472223066,123.59218479482429,10.409192129119814,12.345252546164955,13.05809226601642,49.0,60.0,65.0,0.36052066988954706,0.6190428760039531,0.6977182556384387,14.065254151198662,-0.3118555195609715,-0.6249783785556463,0.7156452761370755,12.029709376247217,-0.8790739340361245,0.47559220347552894,0.03226568597663373,9.419396627307846,69.17934301540691,61.91052388630716,48.651805814601005,19.890019854719633,5.9713838443151,65846.0,208372.24793904505, 0.0, 0.0,0.0,NaN, 128.5239430030677,128.5239430030677,0.0, 108.3512807809299, 35.26250533214276, 14.949330149671447, 35.26250533214276, 152.40526042859233, 22.08319766783169, 14.949330149671447, 22.08319766783169, 170.51377362779786, 7.249709606114983, 4.561337264081117, 23.0, 0.0
25, 0 ,1.0,1.0,1.0,116.15621289376266,58.41321505902074,15.537141160857722,13.101476194861895,11.099310474172805,9.347555286992364,67.0,56.0,40.0,0.995587729988536,-0.08684301619013585,-0.03554381008378962,13.119983329241025,-0.08581381504886183,-0.9958735743541489,0.029526480485318772,11.083668492654917,0.0379613098171329,0.02634605173626712,0.9989318417764435,9.340154790760167,66.74357806122224,56.3271576666463,41.275151140793795,18.73141507576816,5.59948663622715,57268.0,155172.94195479734, 1.4210854715202004E-14, 0.0,0.0,5.384290527796579, 103.35998783523478,103.35998783523478,0.0, 171.64867848453295, -4.296895682021367, -3.0944203538631263, -4.296895682021367, 123.19469300208212, -0.7850266890853653, -3.0944203538631263, -0.7850266890853653, 87.37678984337889, 7.293650527884318, 4.795519964563471, 16.0, 0.0
26, 0 ,1.0,1.0,1.0,150.88247298729652,151.87937226115707,54.646517220104094,10.111213295998793,14.194990836314679,10.662706476522684,47.0,64.0,50.0,-0.0030295454229850097,-0.9837071480247979,0.1797527990865481,14.30103146167694,0.5630848452019127,-0.15022602760796416,-0.8126300497354682,10.862046745221775,-0.8263935375827114,-0.09875417740050328,-0.5543657037439111,9.742902452629941,65.24557113494443,55.53578474313646,52.025882765038915,19.57024611461934,5.867978832432582,63211.0,188513.9129548336, 0.0, 0.0,0.0,NaN, 87.83147566852722,87.83147566852722,0.0, 102.23663431718276, -1.6240234052912605, -10.611428763535574, -1.6240234052912605, 201.4977648430577, -16.56398896073013, -10.611428763535574, -16.56398896073013, 113.69330940447881, 6.731574157184338, 4.551595850925122, 21.0, 0.0
27, 0 ,1.0,1.0,1.0,10.671388635863932,83.58852906995006,105.56965166315922,7.042969511535881,11.425910266197542,10.67902672908073,28.0,55.0,47.0,-0.04441449612262671,-0.7664550516698473,0.6407604905921908,12.991091032566896,0.051577199581123695,-0.6422972947300738,-0.7647182341658909,8.725345543646004,-0.9976808833577709,9.159433392907356E-4,-0.06805891587629867,7.021136358138888,64.53723051644565,44.289971288055966,29.718335696890712,16.239144881366734,5.521469945043796,31837.0,84945.46684901214, 0.0, 0.0,0.0,NaN, 126.56228274850537,126.56228274850537,0.0, 49.60341954042396, 3.1780378531211464, -4.4585012501186565, 3.1780378531211464, 130.55142541119838, -45.49356293660254, -4.4585012501186565, -45.49356293660254, 114.04161188042069, 8.596186417152891, 4.67369325292679, 10.0, 0.0
28, 0 ,1.0,1.0,1.0,57.62625314619684,69.91482160886197,93.83730785091649,14.82161696645116,10.239858892764245,11.050294391770809,70.0,47.0,53.0,-0.978178491406394,-0.09948278348054389,-0.1824006983014984,14.956042740866062,0.2068762077158184,-0.5475423708148291,-0.8108018172424118,11.458247001265294,-0.019211289155924613,-0.8308432631690765,0.5561747912441989,9.574414184695575,71.6730515740555,58.88267736120923,53.12820700548228,20.214754757970972,6.165041432449538,70323.0,224217.0342558156, 0.0, 0.0,0.0,NaN, 130.43890400097752,130.43890400097752,0.0, 219.68032950019287, 8.358392792482116, 16.90793854422643, 8.358392792482116, 104.854710143723, 19.98561600083908, 16.90793854422643, 19.98561600083908, 122.10900614480138, 7.545831398366857, 4.5446669755992355, 18.0, 0.0
29, 0 ,1.0,1.0,1.0,97.24165047227369,187.09800244045735,138.9322547114385,10.989910809455832,7.715799081236494,12.583653198745596,54.0,32.0,59.0,0.07332486936859411,-0.1047429492956975,0.9917925075866008,12.633753612772548,0.9953625495420138,-0.05440123323370192,-0.07933410862847198,10.991457151309106,0.062264424042148096,0.9930102821197226,0.10026824573716375,7.631262164989279,58.651918976832235,53.59544494045596,34.71888613955531,17.57992139102682,5.441175127986706,44254.0,109137.9747085178, 0.0, 0.0,0.0,NaN, 115.54942510556647,115.54942510556647,1.3486991523486091E-6, 120.77813959979416, -4.167014012253141, 2.4309546733826974, -4.167014012253141, 59.533555462009915, -10.261155797973716, 2.4309546733826974, -10.261155797973716, 158.34832782630028, 7.277473551765204, 4.743775643252695, 11.0, 0.0
30, 0 ,1.0,1.0,1.0,46.62641549692896,121.5165744593297,144.8057854388612,11.082604188408638,10.735132277796888,13.40181618280195,52.0,55.0,62.0,0.19330774325422642,0.36935387506740186,0.9089608524962184,13.86980301221824,-0.8401153490872372,-0.41622431056804066,0.3477981074131785,11.343446039493822,-0.506792182877743,0.8308640311536258,-0.22984047752551995,9.830089214635601,63.144633463384736,56.28258041940922,50.45978871747726,19.59546997501413,5.804602835224921,65613.0,179331.20840086986, 7.105427357601002E-15, 1.4210854715202004E-14,0.0,65.37110891178527, 106.67742042115202,106.67742042115202,0.0, 122.8241155969327, 18.040514427736802, 7.4598389446805005, 18.040514427736802, 115.2430650217966, 27.504255381330132, 7.4598389446805005, 27.504255381330132, 179.60867699761224, 7.008515291666895, 4.433769727820933, 16.0, 0.0
31, 0 ,1.0,1.0,1.0,18.01231322110838,140.0069226404388,24.100416114999053,9.985032286267169,10.306762097158604,12.07588694094077,39.0,45.0,52.0,0.03392472833163537,-0.31632596346558906,0.9480437741186802,12.2712335867616,0.673752561122102,-0.693392748616375,-0.2554681634717639,10.53383186482438,-0.7381778912897843,-0.6474136089114854,-0.18960226741042083,9.498024668232405,58.77705174965818,56.22986525237491,51.73109852871964,18.0288436024462,5.168951388250131,52870.0,170972.61011708793, 0.0, 0.0,0.0,NaN, 67.1151459475558,67.1151459475558,0.0, 99.70086975779778, -10.341337367863167, -1.6297403232620389, -10.341337367863167, 106.22934492742522, -14.429123364821002, -1.6297403232620389, -14.429123364821002, 145.82704541038382, 7.618252019353347, 4.674762599298905, 9.0, 0.0
32, 0 ,1.0,1.0,1.0,112.46336588860817,71.09932501225536,69.89807307967872,9.896456330743394,11.396433320615552,16.31373176943214,48.0,58.0,74.0,-0.10287259345964758,-0.12955950135950248,0.9862208500748516,16.44475364383834,0.062272146911953194,-0.9903750986391989,-0.12360964248137479,11.294040455567906,-0.9927433753160292,-0.04869804516481331,-0.10995040319736703,9.796484694214964,73.10678375189997,59.97809002029807,47.56982531095608,21.213850875025827,6.627889229217351,79557.0,208584.4200964307, 0.0, 0.0,0.0,NaN, 132.67824595238707,132.67824595238707,0.0, 97.93984790631102, 0.37732044632425427, -17.942853124291823, 0.37732044632425427, 129.8786924312364, -18.42480955133581, -17.942853124291823, -18.42480955133581, 266.1378442449796, 7.379194288514613, 4.403551606577976, 23.0, 0.0
33, 0 ,1.0,1.0,1.0,188.54814469320067,10.195014510779437,46.98642205638474,7.114175149563514,6.726084562081686,10.565799227589041,31.0,29.0,49.0,-0.0808586773294169,0.03141716555627929,0.9962303127334294,10.589357992798226,0.8417415138424119,0.5374311342932183,0.051371195884363265,7.321894614565114,-0.5337912496236916,0.8427222185279762,-0.06990110317057807,6.460895562244029,49.14748132571769,40.889119505660034,30.628892834708537,13.645416773154551,4.6141538768851325,19296.0,61551.73842309054, 2.8421709430404007E-14, 0.0,0.0,85.36207576964857, 49.424762705587064,49.424762705587064,0.0, 50.61148805866704, 5.1895383250148175, -5.15715102043857, 5.1895383250148175, 45.24021353627359, 2.5307884432951786, -5.15715102043857, 2.5307884432951786, 111.63611331772118, 8.295530771101465, 4.694913841550609, 7.0, 0.0
34, 0 ,1.0,1.0,1.0,172.53187258613437,103.95304194868265,124.0297757893261,11.971391226703576,12.040918157487702,13.943811104636106,52.0,59.0,66.0,-0.3522070246728044,0.005633891217133723,0.9359051613496338,14.24523775181457,0.5238231034350219,0.8298759363319049,0.19213351244628554,12.384002805702151,-0.7756027127846014,0.5579195188976611,-0.2952392967647923,11.244441382413083,70.43654716638171,66.84631159937149,60.111271971862806,21.04356449163304,6.316342263237159,78453.0,283029.31834590953, 0.0, 0.0,-1.4210854715202004E-14,20.62512449821942, 125.50295271887406,125.50295271887406,NaN, 143.31420790279535, 11.553202791573444, -22.50341547628787, 11.553202791573444, 144.98371007531705, 4.696591513490547, -22.50341547628787, 4.696591513490547, 194.4298681217732, 7.508021649524283, 4.672311923428369, 17.0, 0.0
35, 0 ,1.0,1.0,1.0,123.82161373487831,151.31671246848174,162.78940136555514,13.015050631185273,11.270710314476784,11.358925420252552,69.0,53.0,60.0,-0.97999671981105,0.1046574603363458,0.16927269465430417,13.099746710473676,0.05033871857231291,-0.692543463028816,0.7196176521101698,11.82040063604585,0.19254205403516547,0.7137439091242757,0.6734219996524599,10.6827152706056,68.18310319466255,57.650721787427244,52.69213695776483,19.81178630064304,5.739230279896138,70594.0,207122.52136209895, 0.0, 0.0,0.0,NaN, 97.76419421019288,97.76419421019288,0.0, 169.39154293231618, -6.788192195999793, -8.608253797823659, -6.788192195999793, 127.02891099285335, -11.74056486005984, -8.608253797823659, -11.74056486005984, 129.02518670285963, 7.282952649096313, 4.369989695715127, 22.0, 0.0
36, 0 ,1.0,1.0,1.0,145.2041050521484,42.8969524418233,83.06238923912727,12.608056596280743,10.212209713131964,12.784007850378918,64.0,48.0,57.0,0.6777188996773351,-0.11566803096136875,-0.7261666472881159,13.004210036020465,0.6837511009962963,-0.2641842978031535,0.680214002120368,12.583536692731295,0.27052084005949645,0.95751112965217,0.09995454809927305,9.961340307423733,64.53264120623716,63.28286660655644,46.63163866747868,19.831900190709472,5.777448390441404,68842.0,190434.7767986487, 0.0, 0.0,0.0,NaN, 108.36096685635619,108.36096685635619,0.0, 158.96309113501837, -16.15670780570091, -6.895915737471045, -16.15670780570091, 104.28922722498683, -4.753833571622512, -6.895915737471045, -4.753833571622512, 163.4308567185498, 7.384720616511671, 4.512599065653728, 16.0, 0.0
37, 0 ,1.0,1.0,1.0,85.7970002544853,35.832405522331086,108.37999427408067,11.56924122169324,12.175233320804509,10.759366790712502,58.0,71.0,56.0,0.4909710048947149,0.7286260510072867,-0.47754743235222247,12.86213373459085,-0.7404303544975106,0.6378397336961533,0.21195132520725327,11.546173895940619,-0.4590319841703452,-0.2495286595001602,-0.8526576602580246,9.954848404523345,60.633077249122366,56.764444010230456,54.64504534867997,19.13497137346898,5.630319097117867,62872.0,188077.47657225732, 0.0, 0.0,0.0,NaN, 130.53471564071538,130.53471564071538,0.0, 133.8473424457261, 7.571494332636354, -20.922702205749964, 7.571494332636354, 148.23630641602838, -18.45608538513252, -20.922702205749964, -18.45608538513252, 115.76397373708704, 6.525878077364613, 4.196202901215555, 15.0, 0.0
38, 0 ,1.0,1.0,1.0,16.148800792486618,72.37959346960547,170.866039281428,10.223776579516041,11.260425265389744,11.194026580402763,40.0,56.0,57.0,-0.09231832425455873,-0.7099180850893215,0.6982074473034079,11.806398573380472,0.4404551403065577,-0.6579845723453485,-0.6107827534672535,10.762739749226844,-0.8930154513693258,-0.25114261888142403,-0.37343110287845493,10.0698262946758,54.67898376625055,55.326936715913064,52.93127704161877,18.121042938472197,5.315714308546505,52493.0,160128.793635357, 0.0, 0.0,0.0,NaN, 79.67670289998243,79.67670289998243,0.0, 104.52560754786072, -1.6937116299523531, -6.332094428347298, -1.6937116299523531, 126.79717715742768, -13.02904575318098, -6.332094428347298, -13.02904575318098, 125.30623108276357, 7.5006449694696435, 4.527512617465368, 11.0, 0.0
39, 0 ,1.0,1.0,1.0,186.8699662542182,111.18992125984252,65.71574803149606,8.794880918469318,14.862326342576464,9.539131975114628,37.0,70.0,54.0,0.15304280894141367,-0.9778433613869774,0.1428294760290728,15.093422888091432,0.468258332062071,-0.05552011274452623,-0.8818455939308666,9.662389321702575,-0.8702367684060295,-0.20184121896246235,-0.4493863474138684,8.249880704533739,68.6122914389422,51.27199359297017,44.705253478866865,18.643409911555462,6.454221904435091,44450.0,157268.11798276755, 0.0, 0.0,0.0,NaN, 111.25730273261804,111.25730273261804,1.3486991523486091E-6, 77.34993037005572, -24.564797640452262, -6.955680008502809, -24.564797640452262, 220.88874431324228, -21.072831155947913, -6.955680008502809, -21.072831155947913, 90.9950388386543, 7.311063470702337, 4.645785073766784, 11.0, 0.0
40, 0 ,1.0,1.0,1.0,50.41848400422711,151.01577160790342,187.33242066160693,15.938914771719409,14.016072018998099,6.802849329576997,74.0,63.0,29.0,-0.9147660557013401,0.39395470285556183,0.0894581211215579,16.381247571139035,0.39890964531566325,0.915838520594687,0.04594452164368781,13.573633012704192,0.06382913293116799,-0.07771419621228752,0.9949303219303016,6.64749973992337,69.53708440547351,61.62421630628961,30.998303216218375,21.14223953005427,7.055759746232315,62454.0,132832.94724793505, 0.0, 0.0,0.0,NaN, 71.42790579842075,71.42790579842075,0.0, 254.04900410013516, -29.61355888724763, -15.776541877410132, -29.61355888724763, 196.45027484174145, 13.792976681210881, -15.776541877410132, 13.792976681210881, 46.2787590009262, 8.818928319517644, 5.329572998498245, 14.0, 0.0
41, 0 ,1.0,1.0,1.0,81.42350393377012,105.12742947997478,76.43732010197648,12.285056812961765,12.217090597560219,11.928190792623486,63.0,64.0,62.0,0.5303481616505978,-0.6267372155972221,0.5709039236327533,14.13123988076005,-0.8475685592660356,-0.4070090031910727,0.3405454575605234,11.482490916959303,0.018930525019874835,-0.6644878734084247,-0.7470592354797719,10.531957127062576,66.71116579886287,53.01634554682795,53.188072277354976,20.175559610247348,5.950500278570965,72958.0,188114.62823089972, 0.0, 1.4210854715202004E-14,0.0,51.19019164220792, 146.53755673649624,146.53755673649624,0.0, 150.92262089769827, -22.287484800464362, 20.837696804862038, -22.287484800464362, 149.2573026689943, -34.66281648329263, 20.837696804862038, -34.66281648329263, 142.28173558522772, 6.321623369785051, 3.955798151053716, 21.0, 0.0
42, 0 ,1.0,1.0,1.0,49.18887479687686,182.9203955451627,162.68822083944355,11.777891813459423,9.90962813804948,10.679451634772565,54.0,42.0,46.0,-0.9384794606667802,0.06858528714856466,0.3384558468889828,11.955260097580453,-0.2934255063509121,0.35841936686135745,-0.8862488531340479,10.59015503218899,0.18209276242975858,0.9310379239566198,0.3162445414947852,9.79237075568658,56.203283677636435,51.00534788562071,49.18906267014455,17.948061821657657,5.370030676762684,50462.0,141008.71369167106, 0.0, 0.0,0.0,NaN, 64.05799837836537,64.05799837836537,0.0, 138.7187355695545, -4.73776881496848, -10.712168222043099, -4.73776881496848, 98.20072983442202, -4.073350578414576, -10.712168222043099, -4.073350578414576, 114.05068721944643, 7.2031634474048944, 4.497359320115832, 10.0, 0.0
43, 0 ,1.0,1.0,1.0,178.73433329315125,155.19006698927137,88.49351633401643,12.53934451733025,8.75561065546092,12.913264293676782,50.0,40.0,57.0,0.41489605006462504,0.08891132559446965,-0.9055142427492827,13.042707351802937,-0.9094569276825876,0.01058257108103262,-0.41566345266268406,12.434985665056958,0.027374519738631774,-0.9959833258495595,-0.08525168795238122,8.712473244591472,62.71467623941022,59.29151400801828,41.20648816995694,19.170666397425837,5.756198699773608,58069.0,153224.1878392814, 0.0, 0.0,0.0,NaN, 101.44585309450356,101.44585309450356,NaN, 157.2351609243002, 2.717476854147473, -5.63329011202409, 2.717476854147473, 76.66071795002081, -7.93077097553844, -5.63329011202409, -7.93077097553844, 166.75239471834772, 7.773564893742521, 4.61961338413149, 10.0, 0.0
44, 0 ,1.0,1.0,1.0,115.31985684508594,152.5247768120502,63.231151925118965,9.377300017866332,12.210659849890813,10.633537713262555,46.0,54.0,49.0,-0.04299174245883631,-0.8975689570128802,0.4387729224635032,12.686494123242296,-0.3966339663735647,-0.3877527683494417,-0.832063271245714,10.221634661341705,-0.9169695779027388,0.20980409444087228,0.3393361683592223,9.202018561445364,60.23255461857954,52.72506673611957,47.348226530112356,17.942360063208817,5.308277428352291,50854.0,150366.86249899, -1.4210854715202004E-14, 0.0,0.0,87.53599517277809, 115.85681695636153,115.85681695636153,0.0, 87.93375562507592, 5.988987697628463, 5.097299775553812, 5.988987697628463, 149.10021396973553, -23.64765311333714, 5.097299775553812, -23.64765311333714, 113.07212429937704, 6.38185817722376, 3.9802554407752067, 16.0, 0.0
45, 0 ,1.0,1.0,1.0,99.51672255559478,158.5868337451465,15.06022767384398,11.404382843011975,10.796157261389721,9.670994833554841,49.0,55.0,41.0,0.8183352703542088,0.3136669210776347,-0.48160196004167266,12.529754649487538,-0.20068772971094961,0.9411488356438347,0.2719619537908173,10.625156813348857,-0.5385645926328329,0.12590445499636058,-0.8331243891366404,8.381908602978204,63.49709587774424,49.853903213100935,48.71805988820604,17.618618139523118,5.452466924884992,45328.0,154220.82210233138, 0.0, 0.0,-1.7763568394002505E-15,61.20991908648085, 108.83675328236954,108.83675328236954,1.9073486328125E-6, 130.0599480299859, 14.211153812680424, -36.51175107167223, 14.211153812680424, 116.557011612658, -2.1895529501467097, -36.51175107167223, -2.1895529501467097, 93.52814107064444, 7.47470629996197, 4.334925208612085, 12.0, 0.0
46, 0 ,1.0,1.0,1.0,95.74815635494927,8.506976422116816,133.25045874736003,11.345114929829789,5.720768049286504,10.806709318397292,57.0,24.0,54.0,-0.8324650826706548,0.010488472205215777,0.5539782288907569,11.749606751737126,0.5529598487844567,0.07919926263323462,0.8294352792295625,10.388923967062395,0.03517515837078882,-0.99680362597111,0.07173032472000668,5.678097051235468,65.80521057105881,51.584892730301476,25.466179008776,15.835847255698294,5.239248785018047,28883.0,86446.33836859702, 0.0, 0.0,0.0,NaN, 117.02811350549982,117.02811350549982,0.0, 128.71163277104677, 2.390843973772729, -14.08296101761258, 2.390843973772729, 32.72718707373731, 5.586868835038249, -14.08296101761258, 5.586868835038249, 116.78496629233486, 6.535013661243057, 4.15739243826906, 9.0, 0.0
47, 0 ,1.0,1.0,1.0,117.64278573180164,112.76839643106408,54.63293909041179,10.235969096795817,10.855743943537366,11.069844575270928,50.0,48.0,53.0,0.09267118460425508,0.6719105245386257,0.7348117436175556,11.888037848149578,-0.842503374066294,-0.3403986395355612,0.4175126715313551,10.382594360962937,0.5306600759723253,-0.6577727671594252,0.5345417388310085,9.799999453853358,59.04246853115842,50.737016538670204,49.032055416162464,17.887447897360573,5.0202496509698635,53013.0,146882.32286039187, 0.0, 0.0,0.0,NaN, 131.82117218748502,131.82117218748502,0.0, 104.77506335055897, 6.191898651558292, -1.0522896731909555, 6.191898651558292, 117.84717656764819, 20.687590329769773, -1.0522896731909555, 20.687590329769773, 122.54145892065517, 6.558820075432716, 4.0138520361540335, 12.0, 0.0
48, 0 ,1.0,1.0,1.0,108.70687229132662,53.336822948912776,129.0522129040731,10.684455942255786,11.227027803938991,11.27496568315934,51.0,53.0,49.0,-0.2515184596001202,-0.6417178532095011,0.7245251281719445,12.655827071788682,-0.8411257926693276,0.5152568369804328,0.16437090025705686,10.872556863107187,-0.4787962670977902,-0.5680744571067328,-0.6693620438866495,9.431126742671124,60.12197465770642,52.0478874190795,48.22831023631943,18.376535567077028,5.443486364526042,53301.0,150917.07824449724, 0.0, 0.0,0.0,NaN, 127.3296522532155,127.3296522532155,0.0, 114.15759878200498, -1.1881105091121347, -17.025482178322147, -1.1881105091121347, 126.04615331041919, -30.636186530587285, -17.025482178322147, -30.636186530587285, 127.12485115642077, 7.189990643305849, 4.150956948829022, 14.0, 0.0
49, 0 ,1.0,1.0,1.0,15.83729216152019,49.693630685317146,93.53738893287587,9.296772507125176,10.571825200378115,11.029744407575548,38.0,55.0,50.0,0.20107195702426633,0.449404589411788,-0.8704054130771783,11.402346947940876,-0.3751551993459734,0.8561360108247827,0.3553726317159364,10.465522517350594,-0.9048915097966798,-0.2550816457227964,-0.3407414115032619,8.961475957153684,54.93349198459934,51.0563980755526,43.5839978312433,17.164632076733202,5.02236343601559,45468.0,122240.31043936391, 0.0, 0.0,0.0,NaN, 107.09584437352427,107.09584437352427,0.0, 86.42997904923854, -4.893189060218712, -12.594646711414311, -4.893189060218712, 111.76348806734975, -10.55316205166351, -12.594646711414311, -10.55316205166351, 121.65526169644407, 7.394175675250358, 4.186373776385139, 9.0, 0.0
