// Sample: .//bubblelabels.tif, Map: .//bubblelabels.tif, Thickness:(8.191250068658265):/afs/psi.ch/project/tipl/test/LabelValidation/Step4900//distmap.tif, Neighbors:(1.0):
//LACUNA_NUMBER, TRIANGLES, SCALE_X, SCALE_Y, SCALE_Z, POS_X, POS_Y, POS_Z , STD_X, STD_Y, STD_Z,PROJ_X, PROJ_Y, PROJ_Z, PCA1_X, PCA1_Y, PCA1_Z, PCA1_S, PCA2_X, PCA2_Y, PCA2_Z, PCA2_S, PCA3_X, PCA3_Y, PCA3_Z, PCA3_S,PROJ_PCA1, PROJ_PCA2, PROJ_PCA3,OBJ_RADIUS, OBJ_RADIUS_STD, VOLUME, VOLUME_BOX, Mask_Grad_X,Mask_Grad_Y,Mask_Grad_Z,Mask_Angle, Mask_Distance_Mean,Mask_Distance_COV, Mask_Distance_STD, SHAPET_XX, SHAPET_XY, SHAPET_XZ, SHAPET_YX, SHAPET_YY, SHAPET_YZ, SHAPET_ZX, SHAPET_ZY, SHAPET_ZZ, Thickness, Thickness_STD, Neighbors, Neighbors_STD
1, 0 ,1.0,1.0,1.0,42.008356244322385,271.8898933962207,221.4035993815537,23.615505875941547,18.350877453918237,44.01919947849194,103.0,97.0,179.0,0.17474467398780819,0.05104891390384161,0.9832895338109384,44.57976279216421,-0.9803916825663822,0.10140484499761519,0.168965103396138,22.676711338756576,0.09108483774785242,0.993534632411094,-0.06776788717526615,18.18098611422658,193.33800025857855,115.51134219640522,103.61886569679177,49.654541054488156,19.14584279959282,664892.0,2314092.348159207, 0.0, 0.0,0.0,NaN, 93.44663866507473,93.44663866507473,0.0, 557.6921177766297, -3.4817222161033583, 254.25243287935604, -3.4817222161033583, 336.75470332872464, 86.31209295212521, 254.25243287935604, 86.31209295212521, 1937.6899227272652, 5.41704426817213, 3.9705224543427984, 12.0, 0.0
2, 0 ,1.0,1.0,1.0,186.36354706470442,263.42537447011006,98.30631676831531,23.518506185081247,22.000935598603935,25.97099511747392,112.0,93.0,118.0,-0.49074571768710595,0.4320438582928136,0.756641754784407,29.794757569363473,-0.8468998215005646,-0.4406105597984339,-0.29769619906277317,21.24429039953308,0.20476653270024092,-0.7868929019285724,0.582125611857399,19.303016204382203,154.7584805915389,100.28539479704537,101.2604916771356,39.303572939526426,12.91832194872658,458114.0,1571564.3825766502, 0.0, 0.0,0.0,NaN, 154.64500827676164,154.64500827676164,0.0, 553.1201331777049, -79.84572053353227, -171.42897146233688, -79.84572053353227, 484.0411672139179, 178.71904166072218, -171.42897146233688, 178.71904166072218, 674.492587391854, 5.315906465334398, 3.8057916689544937, 17.0, 0.0
3, 0 ,1.0,1.0,1.0,193.37946113659152,124.70615214553474,13.991591914616446,43.65814497065929,24.48081335733968,9.737543952322735,193.0,124.0,43.0,-0.9738437939546085,0.22575497232780373,0.0257479600233968,44.512412041306,0.22640470171709207,0.9736877975277473,0.0259419348923471,22.924476759219452,0.01921395369226231,-0.031092851507007524,0.9993318060427551,9.658009459532831,191.31922408278768,120.32444554515685,45.83245908626268,46.95928425644362,19.874335945187987,370001.0,1055080.604328944, 0.0, 0.0,0.0,NaN, 164.66732625136663,164.66732625136663,0.0, 1906.0336222791034, -319.80460719669105, -44.803793763811335, -319.80460719669105, 599.3102226369009, 21.893351205333857, -44.803793763811335, 21.893351205333857, 94.81976222341709, 5.536477539458056, 3.9550786267738673, 10.0, 0.0
4, 0 ,1.0,1.0,1.0,67.13740740591717,46.035043918062534,116.48430376894633,25.922997603546367,28.99008878731366,21.367161503748502,118.0,125.0,115.0,-0.5733710389700777,0.6934659057799673,0.4362919769960739,31.39215568404721,-0.6136009645114474,-0.7163375058732304,0.3321963787128648,26.66647140281376,-0.5428991692948104,0.07723739508870442,-0.8362385286381608,16.50498433227155,152.55947116971421,157.05177627489397,91.20314012566114,41.889206140531925,14.63820522785678,497062.0,2185203.1538319457, 0.0, 0.0,0.0,NaN, 142.10999178897384,142.10999178897384,0.0, 672.0018047534707, -90.69681548700613, -267.79535942683566, -90.69681548700613, 840.4252478963291, 111.34490046040199, -267.79535942683566, 111.34490046040199, 456.555590727272, 5.654653217390706, 3.9698431661334457, 16.0, 0.0
5, 0 ,1.0,1.0,1.0,40.23737806609879,19.865306553326683,55.548292234183464,28.429873905093647,13.504224748306811,34.863364449243576,116.0,63.0,155.0,-0.5483554486413001,0.07611990463719946,0.8327737160017853,39.06231647550138,0.8194204498854111,-0.14984669566018308,0.5532595178659974,22.660756957265097,-0.1669024513151016,-0.9857746841534065,-0.019795045523107485,12.911294386103313,192.76527792730474,117.47235022958237,65.62231093559487,43.576669640235494,17.525691429962723,397859.0,1485990.3417895448, 0.0, 0.0,0.0,NaN, 71.40931149525291,71.40931149525291,0.0, 808.2577302595247, -99.31622043692619, -463.4436354675287, -99.31622043692619, 182.36408605278214, 57.406396317631994, -463.4436354675287, 57.406396317631994, 1215.454180720781, 5.109262744814089, 3.587774368799238, 8.0, 0.0
6, 0 ,1.0,1.0,1.0,171.05905105416284,134.38604280419273,218.06677892471404,28.689228376479498,25.797663493422924,18.72183613652403,141.0,120.0,86.0,-0.9683292800344098,0.2279209090125014,-0.1019336287147541,28.867858249157678,-0.24584744179747933,-0.9416239086077981,0.23000750009469212,26.0606116969456,-0.043559623387687596,0.24778311882186413,0.9678357738982546,18.07179274361293,142.04285943467318,124.7843454309484,84.89419302001903,40.76954614751538,13.30197435744721,501820.0,1504726.2455557592, 0.0, 0.0,0.0,NaN, 203.46604024110505,203.46604024110505,0.0, 823.0718248377964, -30.22646687341419, 30.083805229213837, -30.22646687341419, 665.5194417198858, -88.1324352963435, 30.083805229213837, -88.1324352963435, 350.50714832285695, 5.296165344083855, 3.7307808313421353, 26.0, 0.0
7, 0 ,1.0,1.0,1.0,16.908561273841617,123.30651056654449,266.90678419612476,12.265636297050104,31.081671849219287,17.610620707084554,55.0,164.0,70.0,-0.12561867826646045,-0.9918310919635677,0.02215925731935555,31.301644966290645,-0.09893185738827982,-0.009701058682912586,-0.9950469220364112,17.64820402366285,-0.9871334434939852,0.12718873564427297,0.09690505797386861,11.636066240199956,166.12566937245694,74.71427413971145,61.844906994882535,33.95844008281902,16.537063449853687,198078.0,767616.4378043098, 0.0, 0.0,0.0,NaN, 128.7849211852477,128.7849211852477,0.0, 150.445833771513, 105.3742592280889, 14.981303705410413, 105.3742592280889, 966.0703249425507, -16.85879597380478, 14.981303705410413, -16.85879597380478, 310.13396168879524, 5.688649871017299, 3.9582276660993516, 7.0, 0.0
8, 0 ,1.0,1.0,1.0,249.27348813253786,240.67187075267896,20.04245175043278,21.820251966148493,30.506394518114917,14.539101460044277,100.0,124.0,60.0,0.43770999246393943,-0.897914685263901,-0.0464669827366533,32.72932146094226,0.843375017135495,0.4279389975944429,-0.3249412174679701,18.830323382985732,0.3116545250255828,0.10304092548736866,0.9445919884827443,13.869369546775609,142.97791181256787,115.3305700878314,68.71940961378459,37.77311381357511,13.83260085643137,279588.0,1133164.103424469, 2.8421709430404007E-14, 0.0,0.0,64.04213931207855, 80.58973755010642,80.58973755010642,0.0, 476.12339586620715, -286.86281930995665, -62.331376992738385, -286.86281930995665, 930.6401064948718, 14.110822231413726, -62.331376992738385, 14.110822231413726, 211.3854712654616, 5.015668180600662, 3.4606838105365516, 5.0, 0.0
9, 0 ,1.0,1.0,1.0,48.02545136696936,133.66991307725925,199.97612198319817,23.98517531713935,26.1165131581915,22.126549474612986,104.0,122.0,111.0,0.21731396195922686,0.9070685318174803,-0.3605569587791423,26.846579116662685,0.9574068540109251,-0.27002495093718853,-0.10226750101704742,23.92891858433942,0.19012300710457566,0.32297554777080134,0.9271138213356893,21.298195494107546,126.78419518589565,115.26047236828228,110.84090228380137,40.10516942149957,11.769472029837118,514825.0,1619740.9633445407, 0.0, 0.0,0.0,NaN, 173.7206545422945,173.7206545422945,0.0, 575.2886349939108, 21.896297050354125, -32.57990603864673, 21.896297050354125, 682.0722595419898, -84.07781238001176, -32.57990603864673, -84.07781238001176, 489.5841916524962, 5.238738206577864, 3.6090727346501494, 19.0, 0.0
10, 0 ,1.0,1.0,1.0,23.61339700892296,43.21918227137531,213.88947467638556,14.985374009128906,25.08381986868411,39.24795440201179,62.0,99.0,167.0,0.039809178801706493,-0.32529750840510874,0.9447733909824945,40.83843486201788,-0.25873433331172035,-0.916630328776526,-0.30470540712756705,22.93331678801841,-0.9651278537317598,0.2323152414123209,0.12065593461849138,14.157916416675883,177.49974148123601,109.7636435356975,65.07715696928678,46.08785126304643,16.433847513458055,477420.0,1267899.4435041852, 3.552713678800501E-15, 0.0,-2.8421709430404007E-14,46.68692568881318, 99.19935889921979,99.19935889921979,NaN, 224.56143419347612, 58.192840497240994, 80.84821565910396, 58.192840497240994, 629.1980192045918, -360.04825606192463, 80.84821565910396, -360.04825606192463, 1540.4019247423971, 5.041154866228105, 3.5739758971239852, 5.0, 0.0
11, 0 ,1.0,1.0,1.0,129.73235920930054,172.76339250392414,84.89291611898776,17.659891312414288,28.17215132413811,21.614612730506664,77.0,144.0,104.0,0.05480135503552086,0.9149867750709003,0.39974493484173557,29.643599572048775,-0.580238699119115,-0.2966292111838833,0.7585078530358036,21.45820731612523,-0.8126006790120396,0.2735147391234696,-0.5146550533623393,15.281874822037432,153.2411143878486,106.40540797557408,81.13968709865212,37.630213556081856,12.518002341018224,391805.0,1323038.040491751, 0.0, 0.0,0.0,NaN, 200.5653173415258,200.5653173415258,0.0, 311.8717611662857, 71.40864365727653, -85.73630284711689, 71.40864365727653, 793.6701102301366, 184.9361133622441, -85.73630284711689, 184.9361133622441, 467.1914834897808, 4.8663867673193915, 3.4828517311605114, 14.0, 0.0
12, 0 ,1.0,1.0,1.0,186.4291693327599,109.67201283920573,265.6216525232606,23.92904016619215,16.323799279972793,13.759679426275998,110.0,80.0,57.0,0.9345989199342138,-0.3470980365131585,0.07776767906085022,25.00160770744333,0.301800747964853,0.8894995099888359,0.34308443604669114,14.875661024255633,-0.18825824652762593,-0.29717599966742103,0.9360797283543816,13.491793255772654,115.30002373603324,76.20470352310281,62.45238323283243,30.330669516859285,10.413676141546032,190666.0,548731.8776537348, 0.0, 0.0,0.0,NaN, 161.58018057262242,161.58018057262242,0.0, 572.5989632752371, -133.1863544974272, 36.266489134542134, -133.1863544974272, 266.4664229328403, 0.02083046896008144, 36.266489134542134, 0.02083046896008144, 189.328777913883, 4.737054489271388, 3.39925284375894, 7.0, 0.0
13, 0 ,1.0,1.0,1.0,200.78160544446843,27.44751593496534,237.42982737778806,28.252198936505817,18.69018942116392,30.330338545597492,149.0,77.0,135.0,-0.5396517369296984,0.029248233031539297,0.8413801422028525,31.832572401461242,0.8091284098345638,0.29409584958038015,0.5087424177893803,27.252651616543435,0.23256659095267612,-0.9553283059368262,0.18237491233314776,17.64708689303945,161.0516953366858,136.75028759383756,89.86022252123556,43.061929492353926,14.598273529170072,569973.0,1979069.46851515, 0.0, 0.0,0.0,NaN, 120.46859529002036,120.46859529002036,0.0, 798.1867447479004, 91.55111967771195, -141.161859452713, 91.55111967771195, 349.32318059898773, 81.80159774427042, -141.161859452713, 81.80159774427042, 919.9294362905571, 5.070392762635754, 3.5205143355608617, 6.0, 0.0
14, 0 ,1.0,1.0,1.0,34.52224149245336,221.29778756913848,242.34231742758038,20.1981346446699,15.292026504119624,18.09102973798586,73.0,66.0,111.0,0.7474565122160142,0.23639211518559858,0.6208281003820223,23.404735750075368,-0.5635298886208906,0.7204955554821636,0.4041289635269606,16.027462674009655,-0.3517709865477798,-0.6519240158243349,0.6717531173092346,12.823215642340728,119.23729510376074,91.92509500139127,69.36209805018908,29.37948998377281,10.292795684408226,170672.0,760270.9983309174, 0.0, 0.0,0.0,NaN, 103.49024958322221,103.49024958322221,0.0, 407.9646431242145, 30.200159360571895, 156.8357760092186, 30.200159360571895, 233.84607460269706, 83.17695380062648, 156.8357760092186, 83.17695380062648, 327.2853569806888, 5.3134366974566, 3.5980189552908284, 7.0, 0.0
15, 0 ,1.0,1.0,1.0,17.041417434686245,103.80820475958205,92.42034417545932,10.767709556087016,18.45382895656849,15.412536050228919,45.0,80.0,70.0,-0.1319491275603587,-0.906304744270714,0.4014986155000493,19.341119588299147,-0.24257931909384445,-0.36320132030724794,-0.8995777203082784,14.669671956477785,-0.9611163830067758,0.21609375613253695,0.17192669041339884,10.23501135820472,90.44586127286323,68.71010138807159,49.419138886783905,25.052374512944862,8.149366294718362,116859.0,307117.4277903172, 0.0, 0.0,0.0,NaN, 140.02883024970572,140.02883024970572,0.0, 115.94356908424767, 41.93801323786475, 9.832880087890333, 41.93801323786475, 340.54380315828564, -61.91637636806372, 9.832880087890333, -61.91637636806372, 237.54626749960607, 5.658650770257429, 3.7470771165466465, 7.0, 0.0
16, 0 ,1.0,1.0,1.0,267.1213610586011,119.11919212018705,272.5471125829697,19.88675728586534,28.974790328210343,17.394721095361227,73.0,135.0,75.0,-0.05940032521533234,-0.9721360039782159,0.22676682105982415,29.518235023929474,0.9761838153442548,-0.1040530151654482,-0.19036314951931377,19.990160990218964,0.20865464294917174,0.21005846758520488,0.9551642163374358,16.329885993272143,130.99636213484655,83.81544393888188,85.66631116516339,37.03524960654284,12.883640730673045,351785.0,940574.826566308, 0.0, 0.0,0.0,NaN, 126.58612821923674,126.58612821923674,0.0, 395.4831153469182, 21.4127672607212, -32.84921437100726, 21.4127672607212, 839.5384745637516, -130.66314490556056, -32.84921437100726, -130.66314490556056, 302.57632198540483, 5.264846389762955, 3.885290542885919, 9.0, 0.0
17, 0 ,1.0,1.0,1.0,54.67796140058914,75.6165302661653,281.7635584204927,25.838873129726288,25.74924582374381,11.499666199486608,113.0,125.0,52.0,0.7220110250582744,0.6903303306601841,0.04630458146770813,27.246228059710848,0.6884761468104047,-0.7234784622991052,0.05078887538053629,24.30672659005567,-0.06856146853296564,0.004790528146501813,0.9976353922514379,11.39032250639987,128.59618280572778,112.40447264820014,54.90811659696476,36.19055022611743,12.375678653563565,284823.0,793685.0812685204, 0.0, 0.0,0.0,NaN, 95.07947682807784,95.07947682807784,0.0, 667.6473646140911, 75.68292456063472, 36.60374910931062, 75.68292456063472, 663.0236604915881, 2.6404630744167283, 36.60374910931062, 2.6404630744167283, 132.24232269961476, 4.998672946139248, 3.4299463927258413, 8.0, 0.0
18, 0 ,1.0,1.0,1.0,167.6822541469141,126.00841734752574,117.10181600486143,31.825216284141476,21.400153501994108,26.565589370473727,151.0,110.0,132.0,0.786682232622133,0.32290120839864356,0.5261804581047754,35.949741334006895,-0.6166873627399903,0.3712965891871928,0.6941437455561725,23.652621808437956,-0.028770844851191146,0.8705593905487735,-0.4912215243796795,18.019741386793598,174.6038671791003,132.59743777515553,102.85815128888459,43.94752374173379,15.657479267478097,554569.0,2381374.5326343463, 2.8421709430404007E-14, 0.0,0.0,38.12346699990374, 217.02290759665553,217.02290759665553,0.0, 1012.8443915323837, 192.06058080715164, 300.07228532761343, 192.06058080715164, 457.9665699089107, 224.91089607044205, 300.07228532761343, 224.91089607044205, 705.7305386006267, 5.239854708553271, 3.6762055710290427, 22.0, 0.0
19, 0 ,1.0,1.0,1.0,96.42572526622007,106.34077504070031,167.0433558408284,12.502393529325092,20.68407293071767,21.423454207133222,63.0,97.0,103.0,-0.17689059141322344,0.5338454073023525,-0.8268729042432493,22.33704745685279,-0.06552742750139501,-0.8446449509703964,-0.5313012921547119,20.001336817894675,0.9820467783738867,0.03979934550218901,-0.18439126113530394,12.004496804861466,100.85194883815448,105.09566969714763,61.39057198264043,30.837634692984473,9.59923922364151,224814.0,650685.0020212157, 0.0, 0.0,0.0,NaN, 195.66233708979854,195.66233708979854,0.0, 156.3098439621099, -19.342008230671834, 60.811112545615906, -19.342008230671834, 427.83087300324746, -41.77405114593217, 60.811112545615906, -41.77405114593217, 458.96439016513415, 5.542620342644635, 3.8156477779712596, 11.0, 0.0
20, 0 ,1.0,1.0,1.0,233.746707596782,126.99974625982,190.270835302722,14.535744910189178,18.588385300431458,20.342606509689645,76.0,88.0,100.0,-0.2439603184779129,-0.3090528424044628,-0.9192223363310306,20.440968486467646,-0.4163695954922932,-0.8226742339158488,0.38709619579705945,20.00609869709539,0.8758537109345026,-0.47717234355387056,-0.07201966113199386,12.35153472394298,93.67649821681547,87.32273119435125,63.33576800605138,29.796047590026024,9.101271108529286,200993.0,518092.1351272452, 0.0, 1.4210854715202004E-14,0.0,71.99784034561776, 180.44091523123942,180.44091523123942,0.0, 211.2878800940906, 104.84134811703568, 19.568001001335702, 104.84134811703568, 345.52806807729627, -3.5149541894471943, 19.568001001335702, -3.5149541894471943, 413.8216396080676, 4.710808871488014, 3.416213969517949, 9.0, 0.0
21, 0 ,1.0,1.0,1.0,155.04621343573382,64.59470323953653,278.5936075188421,28.61406592728114,21.421729091618378,13.497747067998757,138.0,111.0,57.0,-0.9733227133296452,-0.22940873531145525,-0.0038115455416763092,28.98302667857886,-0.22639577420724066,0.9629717279073022,-0.1463912725278684,21.056329897482883,0.03725384728751829,-0.14162303278077043,-0.989219423307213,13.283808108908541,141.6634255149993,107.28794138045026,63.03381318195605,35.92562157363288,13.007464650190439,300259.0,958036.8884437403, 0.0, 0.0,0.0,NaN, 160.1321628061646,160.1321628061646,0.0, 818.7647688907915, 89.97497792854888, 11.307714679888129, 89.97497792854888, 458.8904772746892, -37.046188545890246, 11.307714679888129, -37.046188545890246, 182.18917591166903, 5.648153877404027, 4.162891946218038, 5.0, 0.0
22, 0 ,1.0,1.0,1.0,195.83606190081247,180.07231326182063,83.1987091550154,17.462788491022117,17.67004926066437,22.420938205067827,76.0,87.0,109.0,0.23606770600584398,0.36968043334847445,0.8986703596872564,23.168467060763163,-0.6858852747514268,-0.5917233675695736,0.4235857010703784,19.24190103611497,-0.6883555971010176,0.7163796713136189,-0.11387158762524281,14.589361580365333,114.60571568662124,99.64478021460272,72.91205788551257,31.881792311360034,10.17002516059355,254407.0,832645.5918635811, -2.8421709430404007E-14, 0.0,0.0,76.34543126191966, 179.31759883447887,179.31759883447887,0.0, 304.94898188217456, 92.15110028110995, 22.990470241495746, 92.15110028110995, 312.23064087430544, 68.1638333366422, 22.990470241495746, 68.1638333366422, 502.6984699954701, 5.083577556403573, 3.6602906974275315, 7.0, 0.0
23, 0 ,1.0,1.0,1.0,243.6733222655539,284.1626235676511,224.24339502733815,29.073575280249205,10.077537084721952,33.79871777059576,127.0,43.0,140.0,0.5753958589631032,0.015522707261310605,0.8177277365036555,37.87726420823452,-0.8176557633113346,0.03406898035762262,0.5746984925168593,23.53266390923514,0.018938273729970645,0.9992989293182852,-0.03229538127127667,10.035409390813472,176.03375949115406,116.27088046413428,44.9201192417583,42.555335266336904,16.68011680344554,357193.0,919407.0419112073, 0.0, 0.0,0.0,NaN, 95.72136811519148,95.72136811519148,1.3486991523486091E-6, 845.2727795763177, -0.7065338451805595, 414.7560815457088, -0.7065338451805595, 101.55675369394622, 25.803612247866297, 414.7560815457088, 25.803612247866297, 1142.3533229363854, 5.150808820496814, 3.5593242657175588, 7.0, 0.0
24, 0 ,1.0,1.0,1.0,288.37304041343225,64.58884900642204,106.95900274612407,7.072459514602499,17.97548301701968,22.448532886071263,27.0,78.0,101.0,0.009521849405957732,-0.5565596485991463,0.830753087225732,25.51869647183791,0.01044439396675195,-0.8306900764099386,-0.5566371453547792,13.263446119018079,-0.9999001195212237,-0.013976927603911414,0.0020967775746324434,7.0676325204405614,118.412760022946,67.32384754362745,27.639555687477184,27.33362672495455,11.399436480758892,92494.0,220342.60988646868, 0.0, 0.0,1.4210854715202004E-14,33.823823842865, 125.48758453985573,125.48758453985573,0.0, 50.01968358569141, -4.279225096953065, 4.023748234996203, -4.279225096953065, 323.1179896951629, -219.7507523143932, 4.023748234996203, -219.7507523143932, 503.936628737023, 4.908607935641955, 3.2667823487867733, 5.0, 0.0
25, 0 ,1.0,1.0,1.0,107.24125910848157,280.8912233497207,111.76699291326375,20.625168380107628,12.632757784772743,20.778904516431083,96.0,53.0,97.0,0.21565071207096115,0.05810119661144444,0.9747404892255201,20.80684012022141,0.9761510527605876,0.012707113397194478,-0.21672021470898262,20.62049673719533,0.02497784173390658,-0.9982298233480248,0.05397524618643998,12.594345214513906,106.02879182143546,100.57439908197078,55.17802100541658,30.27919792265682,9.995858443384996,199951.0,588406.3884528008, 0.0, 0.0,0.0,NaN, 156.0695156176128,156.0695156176128,NaN, 425.39757070779154, 6.743714138011213, 1.2633008180213663, 6.743714138011213, 159.58656924873634, 14.800841685530346, 1.2633008180213663, 14.800841685530346, 431.7628729029601, 4.308409713197013, 2.916826211134897, 5.0, 0.0
26, 0 ,1.0,1.0,1.0,277.91471450974655,261.56220494194315,29.078460050865775,13.381067862424521,20.026484881133204,12.288315291979378,53.0,85.0,52.0,-0.06361973727944416,0.981408333659079,-0.18108067719390766,20.307038143364352,-0.7987280752408072,0.05871156109352002,0.5988208533577272,15.033753835652325,0.5983193050960409,0.18273104612646304,0.7801431752767686,9.629445155413446,89.43448484699834,73.04858619228744,45.576276444724556,25.646967262658517,8.564393543984322,123069.0,297752.6705023544, 0.0, 0.0,3.552713678800501E-15,79.56728748353399, 53.01679698964259,53.01679698964259,0.0, 179.05297713881032, -26.20840420357177, -60.068307074130594, -26.20840420357177, 401.06009669425674, -52.12014927332969, -60.068307074130594, -52.12014927332969, 151.0026927150942, 4.658996587656372, 3.2058445967789937, 1.0, 0.0
27, 0 ,1.0,1.0,1.0,284.58588798439877,31.048133319544373,84.24823082718986,9.18147767310765,15.34795896227064,12.74991847578252,35.0,68.0,59.0,-0.2496867839941435,0.9497422398854996,-0.18880198006360205,15.807214686146054,0.03222999102073021,-0.1867184121221911,-0.9818846481401831,12.623632718851423,-0.9677901309568441,-0.25124870616948947,0.01601093597176515,8.555446134132964,74.66771388554211,60.91868883422585,40.97094307708443,20.869306247795354,6.84776273275732,67687.0,186362.85831384838, 0.0, 0.0,0.0,NaN, 91.10074549293857,91.10074549293857,0.0, 84.29953226177429, -42.41425714026596, 5.601931095869787, -42.41425714026596, 235.55984430754367, -15.883385820541253, 5.601931095869787, -15.883385820541253, 162.56042113910044, 5.156770982905501, 3.2853722902853293, 2.0, 0.0
28, 0 ,1.0,1.0,1.0,206.96937638986563,205.73431661376466,206.6951665938076,17.69857577600168,18.845454518630238,20.82732890938605,83.0,82.0,97.0,0.17157524833263726,0.0257039223505576,0.9848356423969382,20.910926411840972,0.47569864827683167,0.8732384929782349,-0.10566612706395613,19.37772105615556,-0.8627124261230903,0.4866146758544152,0.13759879016878573,17.011920916838857,98.67753359531906,87.47750395527561,83.24497874433621,31.76434444177563,9.65374498298716,263065.0,718576.0121185643, 0.0, 0.0,0.0,NaN, 162.00774034138547,162.00774034138547,0.0, 313.2395844988734, 36.41399522794822, 20.6572796156069, 36.41399522794822, 355.1511560137608, -4.200746645982944, 20.6572796156069, -4.200746645982944, 433.77762949974795, 4.926309310627829, 3.505991895487313, 12.0, 0.0
29, 0 ,1.0,1.0,1.0,129.4813333536094,72.42264937118874,130.83398470171383,15.169416819001892,9.691056640578761,10.371466051822383,71.0,46.0,47.0,0.9981728260309582,0.02375836433240487,0.05555672324407318,15.184297668615974,-0.058792902259377035,0.16972018858386004,0.9837369832587257,10.37309963742636,-0.013942884109436372,0.985205865650072,-0.17080690346529662,9.66597132866201,70.81471392495398,48.06374293990602,45.97131937139356,19.891607484334525,5.993249969158563,65759.0,156468.91152973205, 0.0, 0.0,0.0,NaN, 197.80795581042474,197.80795581042474,0.0, 230.11120662861748, 3.1106814596197347, 6.785120154219918, 3.1106814596197347, 93.91657881090569, 2.5468614666474023, 6.785120154219918, 2.5468614666474023, 107.56730806410417, 4.790358490726751, 3.111283376639929, 7.0, 0.0
30, 0 ,1.0,1.0,1.0,280.3530681919515,56.20733385138664,33.74484388336157,12.298666643968245,19.9955962864487,17.740449866156037,52.0,98.0,68.0,-0.021598912867428606,-0.7973276778710635,0.603160062556933,22.645193814353004,0.24331427746212125,-0.5893536860117636,-0.7703638070207047,14.329204207632678,-0.9697069914907448,-0.13011843407098736,-0.2067306067540147,12.152108352464795,113.16459388540119,77.23264794294772,57.828148016870955,27.88754159164218,9.385609063789511,156998.0,505418.08532565535, 0.0, 0.0,0.0,NaN, 68.43961423666697,68.43961423666697,0.0, 151.25720121945713, -1.9791699430324345, -15.563169220617336, -1.9791699430324345, 399.82387085064096, -149.42231374442653, -15.563169220617336, -149.42231374442653, 314.7235614535958, 5.656178170056589, 4.211500872357723, 3.0, 0.0
31, 0 ,1.0,1.0,1.0,44.21136706823436,270.34320926629755,98.71673352763705,21.024262626754734,17.78173598299356,22.492322924767336,93.0,74.0,99.0,0.033527804050781596,0.32121795730886177,-0.9464115966416805,23.088926836728593,0.9036208047829054,-0.4143333580238092,-0.10861542060042768,22.04215362279995,0.4270191184467346,0.8515555720744453,0.30415091673367917,15.65756255988585,106.91100350539153,108.71178833508277,77.5818423170681,34.09341720428732,10.087281469945967,331783.0,901693.90595787, 0.0, 0.0,0.0,NaN, 112.15687091316018,112.15687091316018,0.0, 442.0196189987559, -87.01608756152928, -32.760382806913874, -87.01608756152928, 316.1901345688879, -76.7027097938291, -32.760382806913874, -76.7027097938291, 505.9045905520142, 4.923428904586412, 3.4297589516445464, 6.0, 0.0
32, 0 ,1.0,1.0,1.0,92.85911371809071,132.3082434335562,257.7479798186964,11.397698023698984,11.567961146707788,15.992211674524858,58.0,56.0,74.0,0.2004471653464786,-0.42683428471700413,0.8818352608592409,17.293651551114976,-0.9669853288780075,0.05837267665464238,0.24805645396736578,11.113636088085148,-0.1573540836433955,-0.9024439727818543,-0.4010418536143718,9.843413457953087,73.0625073197329,53.97873373691598,47.92700727881288,21.639465213695523,7.156090052483834,73137.0,189015.56790808012, 0.0, 0.0,0.0,NaN, 167.07339551940566,167.07339551940566,0.0, 129.90752023943173, -18.80044108536903, 29.351903743000616, -18.80044108536903, 133.81772509174095, -75.71369425916625, 29.351903743000616, -75.71369425916625, 255.75083424280916, 4.041505360653616, 2.695757310558029, 6.0, 0.0
33, 0 ,1.0,1.0,1.0,146.64419924009786,96.36126580960808,187.98974652578983,8.635327001938114,6.654915599007399,7.9955843877115536,39.0,32.0,38.0,-0.9466834567644253,0.3180873136538882,-0.0510969038299867,8.871830824384803,-0.031190026246753717,-0.2483514781298739,-0.9681677156223675,8.094007165815894,-0.3206518594227777,-0.9149546459815151,0.24503138747016806,6.209976617069247,40.47071216783533,37.97091926364999,32.30520678206524,12.99359563014337,3.7353201150165565,19213.0,49643.738974652195, 0.0, 0.0,0.0,NaN, 208.1737533949856,208.1737533949856,0.0, 74.56887243040148, -11.880205429944136, 2.755733474746233, -11.880205429944136, 44.287901629912014, 5.827313244391483, 2.755733474746233, 5.827313244391483, 63.92936970101673, 3.6619236142223484, 2.287451772025888, 3.0, 0.0
34, 0 ,1.0,1.0,1.0,38.911765728390485,136.23166421378326,128.87706998250147,15.53029503588205,10.912643437970559,12.970998797453596,74.0,48.0,59.0,-0.9232389545983385,0.37920759283887195,0.06189858031905893,16.26120842674898,-0.18703522242533135,-0.30282395885198776,-0.9345134967016345,13.401773379601348,-0.33563024042012873,-0.8743564784906429,0.3505040516698326,9.191747999864003,77.8539549306434,61.60384718785147,45.584552707255284,21.987349298302924,6.714099443987788,86293.0,218628.21648950945, 0.0, 0.0,0.0,NaN, 191.52673707300693,191.52673707300693,0.0, 241.19006390154266, -57.60894984154289, 6.3426235134572435, -57.60894984154289, 119.08578680428188, 31.1416974028002, 6.3426235134572435, 31.1416974028002, 168.24680980354265, 4.665393600795498, 3.448246543491013, 3.0, 0.0
35, 0 ,1.0,1.0,1.0,254.8917866493601,280.6823922156088,139.2650302494188,25.625754648040015,11.607233732111899,19.64275137558013,102.0,46.0,97.0,0.9480440594871726,-0.04835618568696002,0.3144425870916494,26.289630724432435,0.3163929731737982,0.03989791070574095,-0.9477888178531968,18.789022953683325,-0.033285849806269086,-0.9980329834364817,-0.053124534591368955,11.535718036395258,113.72403365811542,83.7482512033581,49.95030249448871,32.50674636902623,10.979813217731051,224963.0,475736.1185006805, 0.0, 0.0,0.0,NaN, 147.65727050358865,147.65727050358865,1.9073486328125E-6, 656.6793012815444, -22.807554326280187, 100.4056573587309, -22.807554326280187, 134.72787491187634, -16.803156913266722, 100.4056573587309, -16.803156913266722, 385.83768160285507, 4.503715224339693, 3.0307565379635077, 5.0, 0.0
36, 0 ,1.0,1.0,1.0,123.48069578213219,117.32356360013284,161.10021587512455,5.649433624688077,11.925311659416234,8.933753009206937,24.0,53.0,40.0,-0.19171235182190166,0.9804016635576297,0.04537567908414232,12.118922058130885,-0.1390375874823917,0.018637023257646324,-0.9901117162377034,8.97944003348046,0.9715528412937671,0.19612557063658348,-0.13273973450509363,5.1422257941047445,52.54975136317077,40.47596822091779,24.750565319083535,15.101927388599968,5.086540123988392,24088.0,52644.50357313132, 0.0, -1.4210854715202004E-14,0.0,11.362112484779068, 219.78501049118634,219.78501049118634,NaN, 31.916100279756268, -22.775055750828034, 6.41205581127251, -22.775055750828034, 142.21305817420878, 4.357394448243062, 6.41205581127251, 4.357394448243062, 79.81194282951401, 3.7161619250907907, 2.384062368680754, 2.0, 0.0
37, 0 ,1.0,1.0,1.0,270.4201781363582,211.05614262320339,267.75254337865675,17.072792340082298,29.497455987929495,19.062336467738497,75.0,124.0,74.0,0.11924456964803774,0.9586868080465023,0.25826408323083344,30.369291846188837,-0.5632789505729116,-0.14888510836038818,0.8127423013169636,18.82852053790811,-0.8176169986313478,0.24238982772823636,-0.5222543584910926,15.752642532961376,138.3375744701071,93.41297243259567,84.76142882688407,37.04795768212973,12.345106368167897,350518.0,1095331.600863759, 0.0, 0.0,0.0,NaN, 99.12554708597645,99.12554708597645,0.0, 291.48023828757283, 85.98778183846412, -27.933617071901484, 85.98778183846412, 870.0999097598376, 154.04426790877557, -27.933617071901484, 154.04426790877557, 363.372671609273, 5.329187946222051, 3.8952771726730164, 5.0, 0.0
38, 0 ,1.0,1.0,1.0,118.75475108927412,118.8763480732981,243.50237940731128,9.931228998279824,13.100710591081368,12.487445030511907,47.0,61.0,57.0,-0.29200346366516944,0.6486190088348106,-0.7028707979320895,13.846579162759333,-0.4025461965181326,-0.7499848908552282,-0.5248611465498819,12.628729317708467,0.8675773953235117,-0.12967669361538997,-0.48009730082208474,8.659194656958102,63.58710725997446,57.33704986170375,38.695149117553214,19.81807754533678,5.7825611284804825,64722.0,141078.5334812448, 0.0, 0.0,0.0,NaN, 177.2745276968882,177.2745276968882,0.0, 98.62930941627407, 3.4002081667355797, 41.8149511500307, 3.4002081667355797, 171.62861799127154, -19.960360582233115, 41.8149511500307, -19.960360582233115, 155.93628339005653, 4.138545856825582, 2.821339254323392, 4.0, 0.0
39, 0 ,1.0,1.0,1.0,166.34894034170478,52.762487162729904,116.1156287928298,7.54943460086457,8.152791043918992,7.978054893651054,33.0,36.0,35.0,0.5060228125111645,-0.7149604664407664,0.48246496727233196,8.483679523300449,-0.11711567714848906,-0.6111407010503997,-0.782809658656353,7.969916557109579,0.8545319370183545,0.33961533379166947,-0.39298421554717833,7.184631953224171,37.802588297057554,36.96638526418246,32.94675897977062,13.208512647616557,3.556194331358989,21422.0,46040.62608310413, 0.0, 0.0,0.0,NaN, 184.74123808542768,184.74123808542768,0.0, 56.99396279273119, -6.511977945168806, 6.060203285108655, -6.511977945168806, 66.46800180580573, -1.327592227713666, 6.060203285108655, -1.327592227713666, 63.64935988610952, 3.762129526235801, 2.3373247193320035, 3.0, 0.0
40, 0 ,1.0,1.0,1.0,42.43861046272141,210.70199093780036,207.97620486063434,12.965913458508222,12.571359411718626,10.384400738808722,55.0,53.0,45.0,-0.8501353728726063,-0.5075254957973613,-0.14031293207112808,13.41034315119442,0.43769862985605057,-0.8292475651947897,0.3475174600515046,12.430847772628804,-0.2927281284962044,0.2340221073620091,0.9271159021680914,9.981306938334518,62.445096770983696,58.19587183955137,47.10266507248443,20.09175461335194,5.505557604201891,72830.0,171173.2915716827, 0.0, 0.0,0.0,NaN, 135.06868235209535,135.06868235209535,0.0, 168.11491181352466, 14.681842667622062, 17.91859277676646, 14.681842667622062, 158.03907745860647, -10.108821223462739, 17.91859277676646, -10.108821223462739, 107.83577870417115, 4.402656077808704, 2.968899004421614, 5.0, 0.0
41, 0 ,1.0,1.0,1.0,118.43910067272513,154.74408414965183,278.46769149061726,9.988928285745338,13.63688011995837,12.120324528491913,43.0,62.0,50.0,0.0843309575106611,0.9324904472817112,-0.35121198062379566,13.841794498290474,0.3662253395860608,-0.356803725585787,-0.8594010135281298,12.241416153178875,-0.9266969786561353,-0.056148616514183035,-0.37159123053852305,9.549759683449043,62.39657630397292,59.10060475480597,44.11760605382116,19.967551786647302,5.8260046367501745,67784.0,162691.4102954292, 0.0, 0.0,0.0,NaN, 188.65508730864002,188.65508730864002,0.0, 99.77868829776331, 0.23063081803625682, -21.434119696782304, 0.23063081803625682, 185.9644994061158, -14.894694259889162, -21.434119696782304, -14.894694259889162, 146.90226667596272, 4.534852539639708, 2.9351110405483865, 4.0, 0.0
42, 0 ,1.0,1.0,1.0,101.8097806624888,214.40839621434966,152.48774939250544,28.28471173209057,26.808033910573172,22.842845791536273,138.0,143.0,115.0,-0.697467911109299,-0.6507293934637689,0.3001495784689791,31.08640200547575,0.7019785157540089,-0.5361829002182096,0.46875799826070985,25.52897963266246,-0.1440995364067119,0.5376422174605193,0.8307684211689232,20.552323786931446,144.11698395208455,128.06268211723642,103.35729262460535,43.12019139306924,13.458837171363184,625520.0,1907562.9682263983, 0.0, 0.0,-2.8421709430404007E-14,72.53341262831243, 198.62280371707604,198.62280371707604,0.0, 800.024917767462, 160.5685836295554, -38.41333714475001, 160.5685836295554, 718.670682150441, -163.8854256615478, -38.41333714475001, -163.8854256615478, 521.7956038559064, 5.581887792620805, 3.996160635150219, 12.0, 0.0
43, 0 ,1.0,1.0,1.0,32.74789455129461,163.13333855615184,217.25427944690352,16.657659838497825,8.45465218818171,8.10862793791602,70.0,37.0,35.0,-0.9999986716419426,5.941143214020642E-4,0.0015178084608226672,16.657676663303874,5.876221281512273E-4,0.9999906928368792,-0.004274218039942549,8.454654078324404,-0.0015203337084822022,-0.0042733204644127,-0.9999897136059068,8.108591403596272,70.01805567115122,37.04667203340392,35.04475655654244,19.245636034900645,6.65688482444226,51058.0,90903.85371108532, 0.0, 0.0,0.0,NaN, 163.25367341097964,163.25367341097964,0.0, 277.4776312951034, -0.12242285450299173, -0.3213779419377439, -0.12242285450299173, 71.48114362312577, -0.024308325326524844, -0.3213779419377439, -0.024308325326524844, 65.74984703555222, 4.403180262643926, 2.842248594272109, 2.0, 0.0
44, 0 ,1.0,1.0,1.0,205.20499523759128,125.87956397502381,184.1818181818182,6.664248263172429,8.3934617663812,7.868378531418769,31.0,39.0,37.0,-0.2550582692860084,-0.9052742274835721,0.3397408605435149,8.6445702050841,-0.18115590698928646,-0.3004013049586733,-0.9364515969029126,7.771795777179271,-0.9498040938170961,0.30039578730925676,0.08737593681979455,6.453245882327924,40.51777712518597,37.44089416604868,30.548767821868978,12.81331122315906,3.548639394057026,18898.0,46343.146907389644, 0.0, 0.0,0.0,NaN, 195.56484549661943,195.56484549661943,0.0, 44.412204913196746, 8.65978247225936, 0.3150405526318191, 8.65978247225936, 70.45020042370301, -4.898940724848242, 0.3150405526318191, -4.898940724848242, 61.91138071369179, 3.638949552534156, 2.1910848995385357, 1.0, 0.0
45, 0 ,1.0,1.0,1.0,138.08686868686868,43.77578915969188,201.72311183637183,30.058992609069453,25.1128640658729,38.97270185234069,162.0,111.0,197.0,-0.5322765079985412,-0.09622537691409441,0.84108405993136,43.909669805770136,0.31660385718751144,0.8987981050293834,0.3031896502349296,25.52106420099187,-0.7851392976070353,0.42767118588154795,-0.4479437912504218,21.7643434895618,204.72775300985222,128.42269689083537,137.5346688231667,51.702114488803915,19.492609505164037,854865.0,3616018.900322088, 0.0, 0.0,0.0,NaN, 175.05042064338093,175.05042064338093,NaN, 903.543036672092, 125.03999943992618, -634.0553081575257, 125.03999943992618, 630.6559415910102, -69.3001528362058, -634.0553081575257, -69.3001528362058, 1518.8714896714393, 5.585066184494681, 4.054113097358236, 7.0, 0.0
46, 0 ,1.0,1.0,1.0,190.3308296168792,218.67501238818036,61.760008345721516,16.79483599463325,7.519277452358846,7.394543870637255,74.0,34.0,32.0,-0.9957656069062218,-0.049941256098213684,0.07717983572162372,16.851423696428107,-0.08662490201478679,0.790795506178368,-0.6059196264844269,7.73509504114691,-0.030773080015051982,-0.6100396203095593,-0.7917731235644188,7.03442624915817,75.37100358749029,37.158499693289926,33.61312074663985,18.45886429849487,7.249528078207426,38343.0,94139.3736262227, -2.8421709430404007E-14, 0.0,0.0,5.274564208584512, 149.85119009686971,149.85119009686971,0.0, 282.06651608662867, 10.952102544295728, -17.477889207038476, 10.952102544295728, 56.539533405552135, -5.862413895729776, -17.477889207038476, -5.862413895729776, 54.679279054778995, 4.330385736537192, 2.96006547974382, 2.0, 0.0
47, 0 ,1.0,1.0,1.0,141.31420361885532,185.81062026425855,208.27856976447487,20.20312846937666,13.34188179533075,19.431583853929705,97.0,65.0,87.0,-0.8351738201916259,-0.3905053985177605,0.3872857133887217,21.933215512699327,-0.38681185733064544,-0.08352214780195596,-0.9183684651897434,19.005010597909028,-0.39097477808030373,0.9168040055295534,0.08129660724792961,11.022807732600116,104.29597481170227,86.62183068568498,54.544209324050044,29.427547787633973,9.888280541613506,180278.0,492769.2014498423, 0.0, 0.0,0.0,NaN, 203.52331402892145,203.52331402892145,NaN, 408.1663999501378, 125.01173867999066, -31.155372844932383, 125.01173867999066, 178.00580984057808, -35.9943218233594, -31.155372844932383, -35.9943218233594, 377.5864510723016, 5.96119117311102, 4.391544544691168, 6.0, 0.0
48, 0 ,1.0,1.0,1.0,207.49421705519268,43.88215795334343,85.98217662823448,42.58737147727158,30.435383162656194,36.34216359301149,192.0,119.0,187.0,0.8454041701379942,0.061147725164027486,0.5306154396741152,46.4544008152603,0.3773349741482812,0.634735407800188,-0.6743361768207647,33.2655540983174,0.37803453069502246,-0.7703063791712977,-0.5135347853945242,28.215973625751296,248.8421087892669,190.51528250442567,149.306302238559,59.898465948989454,21.746801814851768,1435082.0,7078346.718930577, 0.0, 0.0,0.0,NaN, 133.7007792146437,133.7007792146437,0.0, 1813.6842093431248, 144.75789155521502, 531.9181615293421, 144.75789155521502, 926.3125482576962, -88.69577011199607, 531.9181615293421, -88.69577011199607, 1320.75285462121, 5.178994612115428, 3.705552304287975, 9.0, 0.0
49, 0 ,1.0,1.0,1.0,196.76844713202232,228.8423049389192,143.33758903151525,20.76424133566081,19.847717395125706,19.190204520574277,92.0,91.0,92.0,0.5499549640636847,0.5199552810530372,0.6536023586300536,23.325883167623243,0.7529481839202373,-0.6473041462347565,-0.1186017478729113,20.411857963710112,-0.36141191158140884,-0.5573543289258195,0.7474875130694303,15.251517383641684,118.74188899518305,97.18498630961872,79.06426744537924,33.085560336165244,9.934548345329144,303123.0,912396.0214010928, -2.8421709430404007E-14, 0.0,0.0,56.636076629027954, 190.43590917499617,190.43590917499617,0.0, 431.15371824556496, -0.6256254346986245, 95.53043825949601, -0.6256254346986245, 393.9318857967756, 119.98597959672074, 95.53043825949601, 119.98597959672074, 368.26394954146934, 5.029746205099246, 3.6192264557514306, 6.0, 0.0
