// Sample: .//bubblelabels.tif, Map: .//bubblelabels.tif, Thickness:(8.191250068658265):/gpfs/home/mader/Foam/NewValid/InSilicoTest/LatticeData_Phi_6.65/out_Step_06000.vtk/distmap.tif, Neighbors:(1.0):
//LACUNA_NUMBER, TRIANGLES, SCALE_X, SCALE_Y, SCALE_Z, POS_X, POS_Y, POS_Z , STD_X, STD_Y, STD_Z,PROJ_X, PROJ_Y, PROJ_Z, PCA1_X, PCA1_Y, PCA1_Z, PCA1_S, PCA2_X, PCA2_Y, PCA2_Z, PCA2_S, PCA3_X, PCA3_Y, PCA3_Z, PCA3_S,PROJ_PCA1, PROJ_PCA2, PROJ_PCA3,OBJ_RADIUS, OBJ_RADIUS_STD, VOLUME, VOLUME_BOX, Mask_Grad_X,Mask_Grad_Y,Mask_Grad_Z,Mask_Angle, Mask_Distance_Mean,Mask_Distance_COV, Mask_Distance_STD, SHAPET_XX, SHAPET_XY, SHAPET_XZ, SHAPET_YX, SHAPET_YY, SHAPET_YZ, SHAPET_ZX, SHAPET_ZY, SHAPET_ZZ, Thickness, Thickness_STD, Neighbors, Neighbors_STD
1, 0 ,1.0,1.0,1.0,182.34661591416818,34.797252078199755,20.811806667497628,11.793638598350473,18.110735518545944,13.946749734503227,50.0,81.0,64.0,0.17640756932694399,0.9760384650155024,0.1273942082448867,18.280654273325737,-0.4837570329344311,0.1986838750785408,-0.8523519524646205,14.948489274257758,-0.8572394662931913,0.08873349195178074,0.5072148113328394,10.196118296912204,92.1422379768457,77.6498945920814,56.70078830620045,24.35636464863083,8.268493313230866,104297.0,405684.78846462315, 0.0, 0.0,0.0,NaN, 44.222415341554736,44.222415341554736,4.76837158203125E-7, 139.0899113885021, 28.154295330843617, 54.445980010578765, 28.154295330843617, 327.99874102272156, 8.3895554406254, 54.445980010578765, 8.3895554406254, 194.51182815686582, 10.10933796332237, 7.03410094861762, 8.0, 0.0
2, 0 ,1.0,1.0,1.0,61.045989318554625,83.48115328773518,33.930990325026016,16.58083984067282,18.363554672214946,18.171344976517197,80.0,86.0,77.0,0.11033674860536076,0.7280432346073137,0.6765935637069852,19.811647313192747,-0.6181090828117541,-0.48282511047384424,0.6203394832198996,16.77205847692,-0.7783103260607618,0.4866548687092742,-0.39673678315572103,16.38715513631045,100.96522913538831,88.14000905245791,83.14469050134005,29.50458758204509,8.474755447239296,233489.0,739910.9372263437, 7.105427357601002E-15, 0.0,0.0,83.66527199199479, 108.84405298668564,108.84405298668564,0.0, 274.924249822043, 13.766898551950266, 4.360342568128928, 13.766898551950266, 337.2201401994274, 57.23987349693257, 4.360342568128928, 57.23987349693257, 330.1977782555968, 10.435188006361756, 6.659645746349136, 21.0, 0.0
3, 0 ,1.0,1.0,1.0,167.97053355928722,184.76921891850253,80.82797719919888,18.045445082700184,8.646551014250091,15.898564675916926,73.0,35.0,69.0,0.9554920266224809,0.0556258275261667,-0.2897253084783837,18.273814702758425,-0.2892011090637453,-0.017429694360527728,-0.9571096720182066,15.662911641975152,-0.05828984111459809,0.998299540752438,-5.668829747950435E-4,8.596870740799858,78.52323857918378,69.65131274010338,37.13338392640921,24.275875714974173,7.990441145530163,97365.0,203091.635555209, 0.0, 0.0,0.0,NaN, 88.26678486805477,88.26678486805477,0.0, 325.6380882327482, 14.684474801799286, -24.53434533369942, 14.684474801799286, 74.76284444202929, -1.3309747068659388, -24.53434533369942, -1.3309747068659388, 252.7643587543135, 10.922409396631805, 6.860261767562465, 12.0, 0.0
4, 0 ,1.0,1.0,1.0,14.426084461236789,113.21591180831221,142.26119533853046,9.236619730533816,17.8996598816425,19.689857221301683,37.0,91.0,103.0,-0.04577864572950345,0.21149862919203488,0.9763056106799052,19.783175033896246,0.055992166606454716,-0.9752505240081819,0.2138955181869942,17.83515309589582,-0.9973811672945745,-0.06445731356221639,-0.03280338175332595,9.161699893818664,97.20421889670448,94.8616500431802,39.43073181815892,26.602255346855223,9.258696224682124,125454.0,363588.9089089977, 0.0, 0.0,0.0,NaN, 105.23003107421721,105.23003107421721,0.0, 85.31514404648657, -15.763055381267575, -10.93622312262503, -15.763055381267575, 320.397823878482, 14.636560028897248, -10.93622312262503, 14.636560028897248, 387.690477395246, 11.305775965377041, 6.89701937788019, 16.0, 0.0
5, 0 ,1.0,1.0,1.0,58.19553140096618,148.52227905655016,184.81206308610402,18.87829911647027,22.237139373700987,8.802561175031073,94.0,96.0,39.0,0.11617413770653447,0.9920104662814057,0.0491813431729043,22.3067207743178,0.9922879624420705,-0.11376689433105498,-0.04921070357992084,18.841102429666204,0.04322232433254214,-0.05451906586153459,0.9975768151560447,8.705670326168713,100.43877649753898,92.23582093340393,42.35640538889854,28.556903385807875,10.62397747127198,140760.0,392391.9845730767, 0.0, 0.0,0.0,NaN, 79.16659053081052,79.16659053081052,0.0, 356.39017753092224, 17.092294071657854, -11.223589175325435, 17.092294071657854, 494.4903675254028, 22.142109762446093, -11.223589175325435, 22.142109762446093, 77.48508324016441, 9.176733477412172, 6.39838432376105, 15.0, 0.0
6, 0 ,1.0,1.0,1.0,185.44960530971292,174.9887144199212,137.21796420336005,9.288439427385144,14.753032629041355,15.965301564263962,38.0,61.0,76.0,0.05870427871223628,0.4902070517585323,0.8696268476002127,16.565720803193898,0.1359252013934813,-0.8669413120928243,0.47951757112009313,14.175641267664266,-0.9889783350948683,-0.09005447125478842,0.1175246566470322,9.13487940307773,78.16520590072261,72.89689830920392,44.608291421954675,22.453074847027498,7.394414290630399,81963.0,254178.0920686234, 0.0, 0.0,0.0,NaN, 69.1293165797404,69.1293165797404,0.0, 86.27510699620287, -8.35063522673056, 17.40819395510142, -8.35063522673056, 217.65197175355885, 32.565494392446666, 17.40819395510142, 32.565494392446666, 254.8908540378893, 10.948954761417713, 6.885886581220401, 7.0, 0.0
7, 0 ,1.0,1.0,1.0,81.14454234365317,21.73291299544634,43.10898068062404,17.23902832749167,13.535317946494814,19.79023468157278,92.0,55.0,86.0,-0.30764251792755193,0.06799578857721633,0.9490693620062542,20.106967150237114,0.9485858582242696,0.09994885578045724,0.3003249836512171,16.930246247115694,0.07443756269600958,-0.9926665094400738,0.09524836111943231,13.458044151057063,95.17481977155495,89.07514065084978,60.889448925942716,28.17604104340461,8.840420208381909,185565.0,516203.1179151716, 0.0, 0.0,0.0,NaN, 94.42002157779346,94.42002157779346,NaN, 297.1840976760602, 5.335433986129653, -35.10086535615879, 5.335433986129653, 183.2048319127046, 17.569079839910543, -35.10086535615879, 17.569079839910543, 391.653388751726, 9.609680557550984, 6.177517558096312, 13.0, 0.0
8, 0 ,1.0,1.0,1.0,51.78791301488355,183.2161474343394,121.7424617188282,14.651640631846869,9.711380661886768,12.70119185554247,61.0,37.0,60.0,-0.963724387124804,0.024689247075917437,0.2657550502619757,14.807028629037644,-0.26120605080384984,0.11731851214956882,-0.9581272179259226,12.55807624179658,0.054833426706503194,0.9927873930433622,0.10661373049371614,9.661696869610255,62.711637788080594,63.74804158024911,41.330056979023624,20.723721944057125,6.38976610695416,69943.0,165226.99116282095, 7.105427357601002E-15, 0.0,0.0,15.479847833892432, 95.33062435131771,95.33062435131771,0.0, 214.6705732047861, -4.9677833229774455, -16.138245755299547, -4.9677833229774455, 94.31091436006827, -6.4080399220114765, -16.138245755299547, -6.4080399220114765, 161.32027455129838, 10.864458288648812, 6.572259067955553, 9.0, 0.0
9, 0 ,1.0,1.0,1.0,169.71136625389485,95.1937736034355,16.608060210522556,16.157914417505577,15.889748758719925,10.426698573056171,68.0,78.0,41.0,0.7922250837185159,0.5971483229401574,0.12567138551376048,16.616778431950586,0.6000417120249167,-0.7997743791683348,0.017631966881534095,15.497535848258446,-0.11103765378193672,-0.06143958687737476,0.9919152265223777,10.295018904667145,81.18489881674179,71.93282914138426,44.47486510189516,23.852210818937404,7.304135549198819,112007.0,259726.96149495474, 0.0, 0.0,0.0,NaN, 101.2673863147666,101.2673863147666,0.0, 261.07819832343455, 16.088668626295455, 18.357816730615145, 16.088668626295455, 252.48411561524142, 10.875067283212587, 18.357816730615145, 10.875067283212587, 108.7160431333716, 9.574368276320692, 6.090048838001762, 12.0, 0.0
10, 0 ,1.0,1.0,1.0,88.03900147409315,179.34198961246503,79.35257690771074,16.183603665619152,11.92991046555284,18.813574144178975,82.0,54.0,88.0,0.5237190882979896,-0.11804058789625517,0.8436733586889114,20.425704240257726,0.8513832593037947,0.10671331755787605,-0.5135745453515379,14.258057586777937,0.029408541779042518,-0.9872581665729077,-0.15638558183391446,11.733744651308479,90.45438266514475,73.54563232666776,59.71440697718879,26.26428005313309,8.268612742862679,145174.0,397251.57153124554, 0.0, 0.0,0.0,NaN, 120.30981105305179,120.30981105305179,1.9073486328125E-6, 261.9090276058417, -11.319432854269824, 94.82059948439571, -11.319432854269824, 142.32276371610718, -31.433464245072155, 94.82059948439571, -31.433464245072155, 353.9505720785197, 10.17655087342259, 6.239891299140107, 15.0, 0.0
11, 0 ,1.0,1.0,1.0,158.24499735070967,181.66889507682941,182.14259946112307,19.901141682379247,11.337823584205331,10.873493396051341,79.0,52.0,45.0,0.9909352281449277,-0.002397072766782695,0.13431912620141445,20.030801210681933,0.08634448192634965,0.7773364560289453,-0.6231313381376595,12.567412709191627,-0.10291746237753349,0.6290805100863567,0.7704970524065997,9.146676072632038,82.27262352119482,68.16593255461437,51.39382752676778,23.894253234454112,8.479339885306372,88703.0,288226.3550469883, 0.0, 0.0,0.0,NaN, 48.97342552805974,48.97342552805974,0.0, 396.05544026213266, 4.2311147558746605, 38.272775763062036, 4.2311147558746605, 128.54624362656264, -36.08131465482171, 38.272775763062036, -36.08131465482171, 118.23285863397211, 9.953686921148035, 6.552601531976149, 8.0, 0.0
12, 0 ,1.0,1.0,1.0,21.514559098687585,44.98630985277765,57.207949074783095,12.405725331670768,16.825684352935745,16.968621565513782,53.0,85.0,82.0,0.2798085442074928,-0.7368286366902609,-0.6154597783297096,17.303281271877513,0.0653095686917426,-0.6249729320167704,0.777909695584044,16.871839722825015,-0.9578318426664368,-0.257861192116094,-0.12675080581473513,11.869173281096742,85.8323230549261,80.67609008009208,62.421479244087514,25.808455007921314,7.672251487494394,150181.0,432244.78805966035, 0.0, 0.0,0.0,NaN, 75.89066981338362,75.89066981338362,0.0, 153.90202100485777, -38.5522074463021, -19.99513041364824, -38.5522074463021, 283.1036539446267, 1.987112506227477, -19.99513041364824, 1.987112506227477, 287.9341178336194, 11.041452484275254, 6.264698782768387, 13.0, 0.0
13, 0 ,1.0,1.0,1.0,133.4186938721606,117.85166402535658,117.09442023243528,13.223699809265568,16.476831807164807,17.771075537514065,68.0,82.0,87.0,0.12498231299681821,0.20043317936685193,0.9717026098796178,17.814201343689717,-0.38087721272883096,-0.894649080945043,0.23352852242950167,17.117998530617697,-0.916139711104088,0.399286316536248,0.03547488076136464,12.32037765652712,86.82057937328382,81.8477714335996,65.63772108931639,26.48119867815949,7.804451638351478,151440.0,466426.302156262, 0.0, 0.0,0.0,NaN, 134.3679819960395,134.3679819960395,0.0, 174.8662366455702, 52.27297635463013, 7.543648285274686, 52.27297635463013, 271.4859864015979, 2.736047649903765, 7.543648285274686, 2.736047649903765, 315.81112576003085, 9.348181182345424, 6.214969680471576, 26.0, 0.0
14, 0 ,1.0,1.0,1.0,78.10894971300361,90.62445949919946,159.3502880855652,13.970589583599605,18.157148428374164,18.165581467970775,75.0,95.0,83.0,0.17969838604149033,0.8073625603054498,0.5620268554714367,18.367860468288736,-0.047882496482527154,-0.5634711639051038,0.8247469393565685,18.09315868010149,0.9825557269614197,-0.17511694282523158,-0.06259632378071756,13.787932159211516,89.44880449397496,96.33367059420648,75.52443072766955,27.969999791695376,8.516271137354478,183626.0,650788.8587821039, 0.0, 0.0,0.0,NaN, 126.35742860440423,126.35742860440423,1.3486991523486091E-6, 195.1773733133818, 25.069571102453217, 9.45336246806099, 25.069571102453217, 329.68203905001036, 3.040263993620256, 9.45336246806099, 3.040263993620256, 329.9883500694832, 9.852305073227564, 6.306515475572081, 22.0, 0.0
15, 0 ,1.0,1.0,1.0,119.21986856052575,50.811159635361456,14.440695357218571,16.644008433386563,18.617168273888392,9.478719681515182,77.0,94.0,39.0,-0.518186389132143,0.8544330121067749,0.03777689691246563,19.706078845851057,-0.8540054062279602,-0.5145177119571546,-0.07711219239388652,15.381829641388398,-0.04645032025302248,-0.07222016272841314,0.9963064869024358,9.409456491958982,97.98030816391729,72.3342412759272,42.99827210718993,25.35414193916506,8.404497879012142,117925.0,304742.997645084, 1.4210854715202004E-14, 0.0,0.0,58.78932349256671, 96.51806701995702,96.51806701995702,0.0, 277.023016730643, -67.67549499279744, 3.881998310604519, -67.67549499279744, 346.5989545382765, 15.55110320042265, 3.881998310604519, 15.55110320042265, 89.84612680074328, 9.46844250589249, 5.890866419371629, 8.0, 0.0
16, 0 ,1.0,1.0,1.0,15.40765338393422,97.94616468288196,23.117675809326663,9.401682614318501,13.22057543746095,14.562223213413365,38.0,61.0,57.0,-0.06485637158054709,0.2317588151136454,0.9706088309316608,14.695393697022928,0.3315070595549978,0.9224202011156957,-0.19810109045353277,13.537424195662245,0.9412208670288845,-0.3089155615873027,0.13665451064123726,8.718781223969716,63.17683640576006,66.40969395196605,44.31498070120568,20.83330605961039,6.419264320921118,69564.0,185925.91096222345, -1.7763568394002505E-15, 0.0,3.552713678800501E-15,45.209951275975804, 101.80998916467294,101.80998916467294,0.0, 88.39163598037875, 30.690826604606425, -15.852050638273747, 30.690826604606425, 174.78361489759575, 11.881442928898934, -15.852050638273747, 11.881442928898934, 212.05834491727506, 11.055236560304378, 6.518788703052236, 6.0, 0.0
17, 0 ,1.0,1.0,1.0,186.4175047602009,28.022107778615517,171.9697391793286,8.034143639509631,15.516517620322945,15.08732640399582,32.0,73.0,59.0,0.01178854690750844,0.7866549403077129,0.6172803536896977,16.190634540090876,-0.04376172989818808,-0.6163258882103007,0.7862743226877642,14.371955989122283,-0.9989724426420018,0.036282287844800705,-0.027159794377342467,8.0154497901692,79.92260878101136,73.65000627975644,33.79802374154377,21.94210377679675,7.175045850104641,78253.0,198945.32873380798, 0.0, 0.0,0.0,NaN, 41.89771142879257,41.89771142879257,0.0, 64.54746402027307, 5.67332519858473, -3.456549253419612, 5.67332519858473, 240.76231906179243, 27.13084931210023, -3.456549253419612, 27.13084931210023, 227.62741802070946, 8.758291001731381, 5.6454304625373375, 9.0, 0.0
18, 0 ,1.0,1.0,1.0,23.893371929929273,176.23086335014474,46.54194395535528,15.20818948339966,12.443827699135102,13.183171996421512,66.0,54.0,72.0,0.9654280161914485,0.16552084250041565,0.20137426908767952,15.39861808027276,0.10750059173407389,0.45095865069327734,-0.8860473566021869,13.291549793034513,0.2374707736321853,-0.8770627948230681,-0.417574527010066,12.089299581578889,72.09051522670771,71.22574926991805,64.81458936170543,22.65106146865117,6.845678446972942,100527.0,332803.53436511755, 0.0, 0.0,0.0,NaN, 57.463184965722675,57.463184965722675,0.0, 231.28902736298804, 16.015544323915005, 14.77847839145191, 16.015544323915005, 154.848847805762, -9.16049852592732, 14.77847839145191, -9.16049852592732, 173.79602388723234, 10.246678082837743, 6.136617070518331, 8.0, 0.0
19, 0 ,1.0,1.0,1.0,108.9579587238836,72.82087469092507,62.92758613360539,13.269126508071324,16.02920443550621,15.775283320564524,61.0,79.0,68.0,-0.3203838251357375,0.688670363047287,0.6504516397486525,17.654220654740303,-0.09338456779486254,-0.7062627584499054,0.7017636628698416,14.495548923848583,-0.9426736058091155,-0.16409158140211866,-0.2905863483094001,12.651965516732457,91.55950346922523,71.06818840360316,61.85261180983176,25.071226868191722,7.300565751355957,141147.0,402472.968403563, 0.0, 0.0,0.0,NaN, 132.48175031707507,132.48175031707507,0.0, 176.06971828720108, -30.147774515818053, -34.87229416058988, -30.147774515818053, 256.9353948352519, 43.10278759176826, -34.87229416058988, 43.10278759176826, 248.85956384408126, 9.198987661608323, 5.662660162390319, 12.0, 0.0
20, 0 ,1.0,1.0,1.0,141.3518195174106,40.18297476289738,86.22310337135693,15.201602523331813,12.615605513631463,16.829941532462158,87.0,65.0,88.0,-0.33758875652045606,8.372183348750208E-4,0.9412933286369515,17.057676516225033,0.8864615497197621,0.3366017218562425,0.31762430906945843,15.257102662412986,0.31657503429583694,-0.941646738383813,0.11437511858668042,12.237060266070722,80.14733557958097,79.15171030430797,63.81687853752787,24.851454746597334,7.4762524513845054,130007.0,404841.4303039815, 0.0, 0.0,0.0,NaN, 111.75287061056521,111.75287061056521,0.0, 231.0887192773681, 24.736005886758807, -21.496000408458773, 24.736005886758807, 159.1535024755686, 8.988645357574429, -21.496000408458773, 8.988645357574429, 283.2469319860947, 8.889746980168773, 5.6835869389173475, 15.0, 0.0
21, 0 ,1.0,1.0,1.0,57.61948932369895,79.83184487564613,91.94140212714134,14.985373665889892,16.65196464062631,13.95214487622266,71.0,76.0,63.0,0.3932579804931003,0.906559920411184,0.15328819746659045,17.135014899196502,-0.860555217108716,0.30422513339814006,0.40852391180426023,14.675960441060996,0.32371728264870175,-0.29256824659034997,0.8997838307069033,13.693763050485723,85.66852817937504,70.77285343524369,74.1083828223834,25.369519110659137,7.27318341855682,147804.0,449319.58369792043, 0.0, 0.0,0.0,NaN, 134.70839035218924,134.70839035218924,0.0, 224.56142390634628, 30.52716291609941, -3.4007577803537945, 30.52716291609941, 277.28792639266896, 18.205844283429325, -3.4007577803537945, 18.205844283429325, 194.66234664710623, 8.759739125778426, 5.508321063124664, 12.0, 0.0
22, 0 ,1.0,1.0,1.0,117.52927381410352,150.95411771668688,159.8056106294203,16.3086384818982,12.792086035564635,15.540227000635248,77.0,66.0,76.0,0.9244353484993538,0.356170910470233,-0.1362408491594306,16.860262383979713,-0.13789158405617977,-0.020881931276386462,-0.9902271739316415,15.51694288890977,-0.35553508616078244,0.9341874691307803,0.02980897562264638,12.0856876193075,84.2295542269147,79.06386571342716,63.02698692053147,24.84702937663643,7.3302756197970345,135172.0,419729.11214294826, 0.0, 0.0,0.0,NaN, 104.03128463809091,104.03128463809091,0.0, 265.9716891332508, 45.77754680107611, -4.473987225613416, 45.77754680107611, 163.63746514128775, -4.747947821119192, -4.473987225613416, -4.747947821119192, 241.49865523127278, 9.19532036671756, 5.777318989421283, 16.0, 0.0
23, 0 ,1.0,1.0,1.0,183.71752259329193,20.318641087360728,114.74384179650903,10.306730132577727,11.454095780288881,15.845890790781128,42.0,43.0,81.0,-0.2329791799484122,-0.31254364337174784,0.9208893379220325,16.59570581555185,-0.24347359740438623,-0.8980429614645066,-0.3663870176889821,10.863678543474439,-0.9415101216012141,0.30957278684014417,-0.13312918752285124,9.750912168145664,91.61097837086935,52.67378416930754,47.63733720077906,20.87021964350857,7.276756362202422,69379.0,229873.82309362048, -2.8421709430404007E-14, 0.0,0.0,76.52746777108104, 89.14358506227816,89.14358506227816,0.0, 106.22868602578568, 18.147115525304468, -36.64467905954224, 18.147115525304468, 131.19631014403157, -44.35657923284313, -36.64467905954224, -44.35657923284313, 251.0922549533622, 9.191784641463116, 5.823677904204661, 8.0, 0.0
24, 0 ,1.0,1.0,1.0,174.92260283368282,61.317907464383,113.80226929785024,14.334776533245577,11.963815864763525,15.05568966600153,61.0,55.0,77.0,-0.594615661457612,-0.004684873692964928,0.8039964347606322,15.891037942577254,-0.7471553095177397,0.3725744717108458,-0.5504064012062676,13.66207182018738,0.29696996246889534,0.9279904713885081,0.2250389441926836,11.666842173896619,84.11278446791945,73.33023012469465,60.343080326110226,22.948406270804444,6.975897738153874,102058.0,372196.7133155422, 0.0, 0.0,0.0,NaN, 108.7143523305372,108.7143523305372,0.0, 205.4858182580881, -13.743752071751755, -34.86915160806852, -13.743752071751755, 143.1328900459674, -10.801961897830273, -34.86915160806852, -10.801961897830273, 226.6737913189453, 9.527049970532453, 5.660184327867219, 10.0, 0.0
25, 0 ,1.0,1.0,1.0,98.16400509719925,184.5757666133449,141.81674484179703,13.033674164783205,9.338393685303313,15.050879716656393,61.0,38.0,63.0,-0.33211592715063964,0.03083889888355559,0.9427343068163588,15.339427645786424,0.9069311045991973,0.2850717325813991,0.3101774956271318,12.979036699091589,0.2591813697844642,-0.9580099527659878,0.1226456193997966,8.936319430505248,70.24295525100442,65.2145780119209,42.65715095381458,21.009849909510997,6.495956117503892,73766.0,195406.6363672351, 0.0, 0.0,0.0,NaN, 115.14933804887251,115.14933804887251,0.0, 169.8766622337372, 21.3140250997987, -23.744529716889296, 21.3140250997987, 87.20559662171279, 12.35314661333428, -23.744529716889296, 12.35314661333428, 226.52898024525885, 9.413118928925815, 5.62438674199059, 7.0, 0.0
26, 0 ,1.0,1.0,1.0,175.28696043165468,150.00531699640288,92.59292940647482,14.586397000344673,10.970717280416041,13.763913722481412,62.0,51.0,65.0,-0.808876881636886,-0.08890856680625409,0.581217220238565,15.351952335563466,-0.5855608927481137,0.21134813713448855,-0.7825921069202098,13.031504164165309,0.0532600341477442,0.9733587374027316,0.22301600185713558,10.819537640968074,74.15859627245062,66.40707236935334,52.447340136469705,21.87976721651693,6.6212327107167175,88960.0,258285.06997297573, 0.0, 0.0,0.0,NaN, 108.0909488782904,108.0909488782904,1.3486991523486091E-6, 212.7629774516641, 2.0015430273812105, -31.590718321588792, 2.0015430273812105, 120.35663764681912, -14.855805481219495, -31.590718321588792, -14.855805481219495, 189.44532095991212, 9.422219355913924, 5.548379664678029, 8.0, 0.0
27, 0 ,1.0,1.0,1.0,20.35008574561198,75.20707331015547,175.38312826231598,11.794493531121267,15.807830423692126,14.308556533730895,49.0,75.0,59.0,-0.005286132526502878,0.8489316406450839,0.5284762306050843,16.687525685984145,0.0313225128330204,-0.5280837302194362,0.8486144437065345,13.273623936770242,-0.9994953511611435,-0.02103909192841127,0.023799151625432773,11.792784425387433,83.60110648779572,69.01783700387625,49.85547671979078,23.25940867495685,7.261699424393176,106711.0,287664.48241020506, 0.0, 0.0,0.0,NaN, 81.70814059738751,81.70814059738751,0.0, 139.1100776556614, -1.2395708476237997, 0.5972214146283003, -1.2395708476237997, 249.88750270420638, 45.90748858868896, 0.5972214146283003, 45.90748858868896, 204.73479007897308, 8.397820054108756, 5.164423961646246, 7.0, 0.0
28, 0 ,1.0,1.0,1.0,49.578574590526785,13.15863273632198,119.58966536257373,15.97148483723783,8.263482919043309,15.876723411267184,69.0,33.0,72.0,-0.741680662047791,0.08256272487838862,0.6656524558694319,16.59650328424285,0.6639675807412065,-0.05043297149017134,0.746058688784831,15.282819513218833,-0.09516746959449894,-0.9953089529625095,0.017413813013037863,8.150787115353452,82.47708616278292,82.31296713371759,36.871392400137374,22.73003354822583,7.667424537209513,83583.0,250317.437789726, 0.0, 0.0,0.0,NaN, 95.37822912185311,95.37822912185311,0.0, 255.08832790611788, -18.395143994541705, -20.39892833792402, -18.395143994541705, 68.28514995332051, 5.198313376615286, -20.39892833792402, 5.198313376615286, 252.07034627787948, 8.594567161830497, 5.675735849892614, 8.0, 0.0
29, 0 ,1.0,1.0,1.0,88.45495751603019,33.85335133769228,107.76092106509998,12.974344616435339,14.427640430550564,16.570776533983512,67.0,68.0,78.0,-0.3314717206751307,0.45705784053464515,0.8253633313871382,17.76322135559669,0.28634358115580366,-0.7848202005182869,0.5496040450991104,13.76088505667391,-0.8989626532418005,-0.41851569058309196,-0.1292701234323692,12.090784552194412,82.95824929351124,65.44935335623266,64.42158288381633,24.434877240904175,7.349682699308161,126636.0,349781.09254962, 0.0, 0.0,0.0,NaN, 132.20581147859824,132.20581147859824,0.0, 168.33361822602464, -35.35867355230579, -39.535501012703364, -35.35867355230579, 208.15680839325725, 45.26041619365734, -39.535501012703364, 45.26041619365734, 274.59063493921866, 8.297975245154714, 5.149659066918359, 11.0, 0.0
30, 0 ,1.0,1.0,1.0,104.30721729490023,162.13147450110864,18.344323725055432,11.724325963890223,17.891203552763596,11.089697778860847,55.0,84.0,44.0,-0.08396144558447696,0.9961032485421009,-0.026996183049443453,17.93565640109021,-0.7763890281038762,-0.04841120770306247,0.6283919413937844,12.682433739657267,0.6246363363552294,0.07372023611332988,0.7774283080079546,9.899721440610199,84.545229309303,68.5632423170105,53.55055127434014,22.820113258988027,7.731675856332542,90200.0,310416.2151690607, 0.0, 0.0,0.0,NaN, 104.53539160607406,104.53539160607406,0.0, 137.45981930755042, -16.345701661865032, -30.15098175992248, -16.345701661865032, 320.0951645664207, -7.926722118131173, -30.15098175992248, -7.926722118131173, 122.98139682647121, 8.008611956342824, 5.226409716191424, 12.0, 0.0
31, 0 ,1.0,1.0,1.0,153.6178058481677,89.3054641739549,68.70485207643195,10.6618837916255,12.676038728837499,14.996682475725835,51.0,62.0,69.0,-0.08837596891024746,-0.2626237779201707,0.960842567432413,15.222136626753187,0.2785690285927375,-0.9326433012880031,-0.22929406636787344,12.597497597990374,0.9563414580724157,0.24739689535956785,0.1555821060995558,10.433015858511052,69.04677723828578,64.62643218112346,48.111006448649874,21.464472735659083,6.207625898765497,87241.0,214683.18777038122, 0.0, 0.0,0.0,NaN, 121.8488020643133,121.8488020643133,0.0, 113.67576598612658, -10.099413212226118, -13.617256991730182, -10.099413212226118, 160.6819578549882, -20.34370998710275, -13.617256991730182, -20.34370998710275, 224.90048527774235, 8.079332777601813, 5.087728567913422, 8.0, 0.0
32, 0 ,1.0,1.0,1.0,152.7987117979166,49.70017494102367,157.77363691785723,12.257276207755305,11.483543168072472,12.405725665866632,55.0,56.0,57.0,-0.7067512527738419,0.16759359723682027,-0.687324561519394,12.828704199019818,0.5041626595796046,-0.5622524640903692,-0.6555090993341952,12.224318755454947,-0.4963090563229979,-0.8098052560890987,0.3128781996596197,11.045587017538459,59.70243617103685,59.11818366936714,55.740216206406835,20.119397676900483,5.5878842276563825,75454.0,196735.07008359535, 0.0, -7.105427357601002E-15,0.0,80.35206491575623, 80.5054950686563,80.5054950686563,0.0, 150.24082003320427, -12.817567564287303, 11.614626096806136, -12.817567564287303, 131.87176369298396, 5.205502531245996, 11.614626096806136, 5.205502531245996, 153.90202929674209, 8.254783808255656, 5.042245634825581, 13.0, 0.0
33, 0 ,1.0,1.0,1.0,120.84187616356161,79.23438651005183,178.5445937077267,12.355094868330307,12.013765234455459,12.818500734031376,58.0,55.0,52.0,0.37868030682736264,0.45975374785612894,-0.8032606778334026,13.93654219144797,0.8041943088694897,-0.5930399101908516,0.039688518525518156,12.54459513833897,0.45811869510319914,0.6610069260250377,0.5943038826592604,10.473719966829762,67.30425050953338,59.89534063301814,58.13153434451689,20.579372759026995,6.1467310196139975,74663.0,234340.4812963237, 0.0, 0.0,0.0,NaN, 114.03697222434363,114.03697222434363,0.0, 152.6483692054419, -8.017449511301791, -24.190328900346575, -8.017449511301791, 144.33055510861064, -32.338472735963435, -24.190328900346575, -32.338472735963435, 164.31396106836294, 8.496608666497554, 5.091789985381382, 10.0, 0.0
34, 0 ,1.0,1.0,1.0,48.554767502091885,31.264872295493486,11.02454476630673,12.639119399966802,13.269063510152325,7.498782306545501,59.0,59.0,30.0,-0.6036489638943059,0.7936394356209449,0.07579165268417765,14.039368548484996,0.7881503462269092,0.6083786274399795,-0.09324418167719589,11.84373263835859,0.12011228135263423,-0.00344846364553255,0.9927543240735599,7.39386567871792,70.48289669010286,59.14809717370812,33.018764391436854,18.8112397115271,6.1793512798268635,50194.0,137652.89176265468, 0.0, 0.0,0.0,NaN, 58.792842031492356,58.792842031492356,6.743495761743046E-7, 159.74733920661717, -27.19057325457844, -12.807735457675662, -27.19057325457844, 176.06804643645592, 3.711453108577812, -12.807735457675662, 3.711453108577812, 56.23173608095987, 8.130939905503316, 4.881365720988722, 2.0, 0.0
35, 0 ,1.0,1.0,1.0,50.14514609738582,25.079432584426847,169.49107001296363,14.521455440012966,12.66856755690581,14.130731770349147,64.0,52.0,59.0,-0.7764756666180329,-0.06576791674287513,0.6267057685049527,15.410879362962653,0.4871699394841043,0.5681616180461739,0.6632177816088828,13.623178010919682,0.399688615315892,-0.8202846804045871,0.40912351909956124,12.163744100758189,75.78955766524446,77.1715170360264,64.09304239493989,22.935842508718952,6.707457105416017,107223.0,374867.0749004308, 0.0, 0.0,-2.8421709430404007E-14,51.192503866887904, 63.830309609454865,63.830309609454865,0.0, 210.87266809628215, 14.989328695229263, -31.41176354524493, 14.989328695229263, 160.49260394388642, 10.490646192510852, -31.41176354524493, 10.490646192510852, 199.67758036555472, 8.046845269878542, 4.782505020602804, 8.0, 0.0
36, 0 ,1.0,1.0,1.0,114.53817805256907,154.8479273901258,61.50417263119422,10.093467787379799,12.362524809230294,13.939809826661957,51.0,55.0,60.0,0.15682484451752343,-0.43455055646438,0.8868888216786546,14.646700361872785,-0.4108140529338288,-0.8453279086814833,-0.34154434663198613,12.045858343331858,0.8981301587487948,-0.31078375227911514,-0.3110878931510796,9.455150708429095,62.77483578128925,55.82591254205582,47.710196205500516,20.30507150439229,6.060732698177447,65666.0,167198.5930961607, 0.0, 0.0,0.0,NaN, 114.56524744698753,114.56524744698753,0.0, 101.87809197487367, 10.816940974521938, 25.219025663411767, 10.816940974521938, 152.83201965883453, -32.14094557464749, 25.219025663411767, -32.14094557464749, 194.31829800350127, 7.9867369521570275, 5.017862150322376, 8.0, 0.0
37, 0 ,1.0,1.0,1.0,35.32241048105949,53.961875044467256,127.97975342270828,14.533700599652187,13.30861347053391,12.358488898158978,71.0,64.0,60.0,-0.9150545832136737,-0.24148207135256902,-0.3230503350175047,14.766842718808846,-0.3601252183858077,0.8498424960001425,0.38480847063808427,13.63807148885413,0.1816175564812596,0.4684593271646107,-0.86461605465678,11.705693301004937,73.10567564473178,65.21216381025218,53.834299814363646,22.329715738525543,6.51641684599634,98387.0,256648.52632830382, 0.0, 0.0,0.0,NaN, 96.67715633778776,96.67715633778776,0.0, 211.22845312033033, 2.918153432002771, 17.168317376059115, 2.918153432002771, 177.11919250807662, 22.3374333508352, 17.168317376059115, 22.3374333508352, 152.73224784591872, 8.273757796716056, 4.954441617299345, 6.0, 0.0
38, 0 ,1.0,1.0,1.0,59.859077455012184,141.92673599287528,86.1682295623019,12.122647538970716,13.77396311502133,10.786854806898187,62.0,57.0,51.0,-0.49943708601854303,0.8662310228243404,-0.014367052794615583,14.523653069221151,-0.8105373065973286,-0.4730535928018259,-0.3453253146689834,11.28008491238487,-0.3059278864753172,-0.1608232366108242,0.9383730680506362,10.717278841547119,64.79162378289358,55.97320958093728,56.40475745710876,20.450780121295328,5.899362025130635,76354.0,204557.21910264317, 0.0, 0.0,0.0,NaN, 119.91904324213029,119.91904324213029,1.3486991523486091E-6, 146.95858335411273, -36.81841580947475, 4.154610761589008, -36.81841580947475, 189.72205989396807, 0.8267160354600668, 4.154610761589008, 0.8267160354600668, 116.35623662510253, 7.304853637707325, 4.590205905061324, 10.0, 0.0
39, 0 ,1.0,1.0,1.0,169.82225193976626,150.90457882346385,167.67813113794978,12.13622692120717,11.24349503999275,13.509602238461843,53.0,57.0,62.0,0.5139030871990716,-0.14497142595543722,0.8455098477390495,14.363766760442713,-0.6703358221250467,-0.6828994036311138,0.29034167819347956,11.40933744955549,0.5353069236832277,-0.7159830236651674,-0.44812365177491253,10.94178964578465,68.40293735640603,54.821501593139004,53.50131336160217,20.422223561350677,6.256702170398299,71787.0,200627.34309301295, 0.0, 0.0,0.0,NaN, 66.07389851691806,66.07389851691806,0.0, 147.28800388303367, -1.6676219122208888, 35.59253003078913, -1.6676219122208888, 126.41618071434158, -12.686374994150023, 35.59253003078913, -12.686374994150023, 182.50935264145326, 7.456053733628073, 4.774204812112792, 11.0, 0.0
40, 0 ,1.0,1.0,1.0,130.58809350397115,119.75883536225852,183.45976832102104,15.555199283835455,9.983891860594877,9.3961632999264,71.0,49.0,38.0,-0.983728737858931,-0.06114799597681134,0.16893398976669793,15.731432977852506,-0.0315565474049525,-0.8668701231849585,-0.49753429413978495,10.332209801637878,0.17686705353556934,-0.4947697566720452,0.8508354325345949,8.700440407303777,71.66863347686035,52.739877702505765,44.02702197411672,19.665399919316354,6.572842019712467,57666.0,166413.1159674163, 0.0, 0.0,0.0,NaN, 107.37893894907364,107.37893894907364,0.0, 241.96422475983505, 11.182683320496004, -28.059742709235667, 11.182683320496004, 99.67809668405262, 11.620278813173579, -28.059742709235667, 11.620278813173579, 88.28788475888378, 7.750605781574351, 4.96133833864351, 5.0, 0.0
41, 0 ,1.0,1.0,1.0,125.2255389019872,10.513283091950152,43.04620663523072,9.430028045379286,7.118611514302968,18.641139341807307,45.0,29.0,83.0,-0.13131713226789143,0.013986825586965056,0.9912417361486232,18.767639054909765,0.9306451840420255,0.3462369922492897,0.11840391301620809,9.463490846198514,0.34154846243589126,-0.9380428102747576,0.058483620779781725,6.7312851742758095,86.16518188962637,49.27602540543076,33.594401567175936,20.409160945046885,8.399897874855892,47504.0,142637.72018535112, 0.0, 0.0,0.0,NaN, 86.91792139457026,86.91792139457026,0.0, 88.92542893663989, 13.693871778226487, -35.074373903036985, 13.693871778226487, 50.67462989156679, 6.069117203039016, -35.074373903036985, 6.069117203039016, 347.4920759606761, 8.307177044182097, 4.596549563497792, 4.0, 0.0
42, 0 ,1.0,1.0,1.0,48.542160342160344,183.34428974428974,164.48029848029847,15.086412053803398,9.917009409977517,9.141319705833647,62.0,43.0,41.0,-0.9939991687019624,0.03445586123612594,0.10381929611727007,15.137993107012003,-0.08906702073566787,-0.8059212150654466,-0.5852845982295342,10.809482420967614,0.06350368837383125,-0.5910192794942581,0.8041538987215119,7.969120700669487,63.11180905471956,52.535295600729285,41.12518705002081,19.272595543120758,6.170712381099971,54945.0,136354.56920370852, 0.0, 0.0,-2.8421709430404007E-14,84.04085457122436, 62.41316536480795,62.41316536480795,6.743495761743046E-7, 227.59982865714446, -1.8447729036790892, -14.314179842198879, -1.8447729036790892, 98.3470756375826, 25.751755276152878, -14.314179842198879, 25.751755276152878, 83.56372596426255, 8.64711769717776, 5.205847099885593, 6.0, 0.0
43, 0 ,1.0,1.0,1.0,117.0571594898943,115.93889283050447,52.238425294256764,13.160510887660896,8.588112468000409,11.560490860536808,60.0,38.0,58.0,-0.9379236324630695,-0.08610541081220821,0.3359838060028216,13.4111722201562,-0.33627179018956355,-0.011574489188522292,-0.9416938538201951,11.30417625374228,-0.08497377707261745,0.996218795962456,0.018098833695225698,8.541412671769224,66.6426830580712,58.72394894446566,38.58472787664667,18.66810800696426,5.665811059694434,54969.0,151002.16278922104, 0.0, 0.0,0.0,NaN, 129.13031250511975,129.13031250511975,0.0, 173.199046824241, 8.846986460123953, -16.32596795056418, 8.846986460123953, 73.75567576302406, -2.495117783415867, -16.32596795056418, -2.495117783415867, 133.64494893655507, 6.979974506851494, 4.271065184085045, 8.0, 0.0
44, 0 ,1.0,1.0,1.0,171.17737495083844,103.98280238835854,120.76005577603776,8.276234091059457,12.606742181907535,16.847793440485788,43.0,53.0,73.0,-0.13659223182385194,-0.010545373171580264,0.9905712277822589,16.96998679559652,0.18631222587555146,0.9818255526709514,0.03614330659580726,12.750422405855973,-0.972949287832967,0.1894924252498056,-0.1321450115527267,7.792330820358128,71.37614713227441,55.20672809343699,40.18069798584105,21.51207113197741,6.9645487001774615,55938.0,158329.77209582433, 0.0, 0.0,0.0,NaN, 127.78503321020897,127.78503321020897,0.0, 68.49605073001477, 18.95889439562909, -30.063396499872418, 18.95889439562909, 158.92994844108674, 1.2404478825941425, -30.063396499872418, 1.2404478825941425, 283.84814381327595, 9.352714809883079, 5.501214605854975, 8.0, 0.0
45, 0 ,1.0,1.0,1.0,159.7708127146766,51.56792513244455,42.49339232694883,12.525847984366274,12.567245907319405,10.827859143074464,64.0,58.0,55.0,-0.8066058686140801,-0.38611005934278053,-0.44755557732156587,13.852105543850993,0.20055225633392515,-0.8910252149357242,0.4072503638158205,12.526824108501899,0.5560267666189258,-0.23873225258238756,-0.7961414110446973,9.125399761184074,65.11367341664047,57.155920944174724,47.18729415834883,19.929723427391448,5.9060304056459945,68708.0,175613.7425262969, 0.0, 0.0,0.0,NaN, 77.99568451879261,77.99568451879261,0.0, 156.89686772745264, 20.663941856270014, 45.22278990761611, 20.663941856270014, 157.93566969503632, -7.956754118732326, 45.22278990761611, -7.956754118732326, 117.24253362226126, 7.563346922135192, 4.404404392572991, 3.0, 0.0
46, 0 ,1.0,1.0,1.0,50.65330919908959,139.9249269700174,49.53067259269879,10.516267359744832,13.663834757381181,9.326084194905444,50.0,59.0,41.0,-0.36889309284817856,-0.9234727987665818,0.10543185470777432,14.241398696039107,-0.8958497182951988,0.3230211712895163,-0.30514030400647213,9.846267351719373,0.24773204935841092,-0.20701524783688108,-0.9464531255607519,9.192479985729562,66.78944973678747,50.41024938747934,44.60541741801913,18.74899558158321,5.722173586225718,55799.0,150180.76742617585, 0.0, 0.0,0.0,NaN, 92.88734929936066,92.88734929936066,1.9073486328125E-6, 110.59187918163455, 36.70378881763074, -1.1990741535554648, 36.70378881763074, 186.70038027701807, -12.746518978999651, -1.1990741535554648, -12.746518978999651, 86.97584641046512, 7.300822627724075, 4.3514135752028595, 5.0, 0.0
47, 0 ,1.0,1.0,1.0,141.52694691457828,147.4008738499442,17.432921430496208,8.668363387380355,13.911496607168946,10.237686789693935,37.0,61.0,40.0,-0.033057316520762006,-0.9798968084820167,0.19674719451926878,14.046322249198745,0.23093046935791828,-0.19901660610248934,-0.9523988181521322,10.135997658636775,-0.9724085212227307,-0.013951172789533612,-0.23286698484589624,8.56988186654852,65.18345481438028,47.3027144027058,41.131004233959246,18.47943225723033,5.656065409921843,51954.0,126821.46069575481, 0.0, 0.0,0.0,NaN, 80.55850519021493,80.55850519021493,0.0, 75.14052381567623, 2.6656518576063157, -7.248760249503307, 2.6656518576063157, 193.52973785127307, -18.325719956749207, -7.248760249503307, -18.325719956749207, 104.81023080387371, 7.8976623537292445, 4.4588321882932815, 5.0, 0.0
48, 0 ,1.0,1.0,1.0,44.32573326962022,148.98691605797893,123.21002571279041,11.613060708386222,8.308281652234609,10.747011074717221,52.0,37.0,52.0,0.8414520737038348,-0.0175627297757567,0.5400462555951475,12.19401965441409,-0.528216722166659,0.18372293727581818,0.8289951608678161,10.14275845534474,0.11377830233847928,0.9828211601515151,-0.14531711900324792,8.23524775910915,59.35897774990309,46.71265220527523,38.10831598976094,17.154400445389324,5.011538229810196,43947.0,105667.32098168267, 0.0, 0.0,0.0,NaN, 102.29274419134289,102.29274419134289,0.0, 134.86317901666388, -4.597235382846788, 21.400629893311244, -4.597235382846788, 69.02754401285823, 4.572183875687942, 21.400629893311244, 4.572183875687942, 115.49824704009461, 6.857131108569402, 4.289646869888142, 9.0, 0.0
49, 0 ,1.0,1.0,1.0,179.50686628251387,144.09063492918304,16.965336492720844,11.233176396496747,11.587247319073906,10.420987563251547,42.0,47.0,41.0,0.19290420884706957,0.8716329863857787,-0.4506039316886782,12.07150631079418,-0.9667823031964903,0.09035697487359941,-0.23909745987312614,11.23758025825418,0.1676900248529278,-0.4817588132415437,-0.8601095868718845,9.850942062025984,61.23235219356454,50.1423450837994,49.2732318949615,18.436741861941425,5.397414538256493,55707.0,151285.2660694405, 0.0, 0.0,0.0,NaN, 61.916462063783165,61.916462063783165,0.0, 126.18425195481164, 5.630707669405766, 2.5280262586665665, 5.630707669405766, 134.26430043338542, -19.751449260447576, 2.5280262586665665, -19.751449260447576, 108.59698179344342, 7.164868690852025, 4.256121759927011, 4.0, 0.0
