// Sample: .//bubblelabels.tif, Map: .//bubblelabels.tif, Thickness:(8.191250068658265):/gpfs/home/mader/Foam/NewValid/InSilicoTest/LatticeDataPhi_16.0/out_Step_02000.vtk/distmap.tif, Neighbors:(1.0):
//LACUNA_NUMBER, TRIANGLES, SCALE_X, SCALE_Y, SCALE_Z, POS_X, POS_Y, POS_Z , STD_X, STD_Y, STD_Z,PROJ_X, PROJ_Y, PROJ_Z, PCA1_X, PCA1_Y, PCA1_Z, PCA1_S, PCA2_X, PCA2_Y, PCA2_Z, PCA2_S, PCA3_X, PCA3_Y, PCA3_Z, PCA3_S,PROJ_PCA1, PROJ_PCA2, PROJ_PCA3,OBJ_RADIUS, OBJ_RADIUS_STD, VOLUME, VOLUME_BOX, Mask_Grad_X,Mask_Grad_Y,Mask_Grad_Z,Mask_Angle, Mask_Distance_Mean,Mask_Distance_COV, Mask_Distance_STD, SHAPET_XX, SHAPET_XY, SHAPET_XZ, SHAPET_YX, SHAPET_YY, SHAPET_YZ, SHAPET_ZX, SHAPET_ZY, SHAPET_ZZ, Thickness, Thickness_STD, Neighbors, Neighbors_STD
1, 0 ,1.0,1.0,1.0,168.12728963581714,63.57262899181294,167.31718617666107,12.10346105936546,11.131048359990423,10.69091482354652,59.0,57.0,59.0,-0.8622921568783051,-0.5026086133755379,-0.061942053137427816,12.547243121674123,0.38350013131742045,-0.568220242393607,-0.7280476669928092,11.019905734067523,0.33072629993044417,-0.6515445785937215,0.6827223276262819,10.286789325645554,67.89716889510717,56.53987609950576,54.534198880595426,18.84914065599338,5.42213643344432,60217.0,209351.20066538977, 0.0, 0.0,0.0,NaN, 78.26567026673202,78.26567026673202,0.0, 146.49376961557607, 18.96596972246613, -1.6044012827624838, 18.96596972246613, 123.9002375924455, 8.068897259185272, -1.6044012827624838, 8.068897259185272, 114.2956597643267, 6.291414571896829, 4.382314932311189, 31.0, 0.0
2, 0 ,1.0,1.0,1.0,38.99646229862878,9.599479577814812,25.988860626260855,11.169452784021738,6.164765609606973,12.498334544956517,52.0,25.0,57.0,0.42517338043824093,0.07272515094107267,0.9021854848019428,12.892770669425126,-0.90498162577714,0.05107016725499566,0.42237435412476265,10.753098091630976,0.015357524946502792,0.9960436187422438,-0.08752860098489279,6.092349531249058,62.61335330177896,49.81724691623626,26.545667692492565,16.950702102426042,5.6252177867467905,34203.0,82801.90716745096, 0.0, 0.0,0.0,NaN, 47.83612606205138,47.83612606205138,0.0, 124.75667549449096, 0.3634341148120234, 19.512810342244197, 0.3634341148120234, 38.00433502139283, 10.164471003103365, 19.512810342244197, 10.164471003103365, 156.2083663976534, 6.137640313835822, 4.328036886089628, 14.0, 0.0
3, 0 ,1.0,1.0,1.0,172.28607204290196,42.234645350602044,12.996407973287463,11.20288351680204,10.747918093301283,8.49912276504362,51.0,52.0,31.0,0.9475324638896123,0.21754530004157305,-0.23421415906196272,11.346499013625717,0.24767408536846883,-0.9628421894835113,0.10766831282921813,10.777059623933136,0.20208853829985743,0.16002799936392326,0.9662045653521862,8.268577640840746,57.482870017738804,53.43373536145138,38.23074719686898,16.854495235056568,5.402168136780177,39532.0,117426.67530535543, 0.0, -7.105427357601002E-15,0.0,77.43510255571674, 52.16065270786478,52.16065270786478,0.0, 125.50459909103483, 1.0517908461510097, -12.124440396891323, 1.0517908461510097, 115.5177433403131, -8.028955791768889, -12.124440396891323, -8.028955791768889, 72.23508777528271, 6.2592641644494185, 4.323328100192875, 16.0, 0.0
4, 0 ,1.0,1.0,1.0,9.558126786483417,30.921257684325933,134.56196405497474,6.246375544188326,9.859565712103743,10.07196527930913,24.0,42.0,54.0,0.07011184668047919,-0.6273929656289193,0.775540067072232,10.474690336761785,0.005534483770563869,-0.7771966558822739,-0.6292334444185268,9.44919073088292,-0.9975237833978928,-0.0484089326959349,0.05101839659175996,6.21823004867783,57.05666192060388,44.766435349723125,26.765116562613343,14.719926137816556,4.582194076549101,25539.0,68364.08614844542, 0.0, 0.0,0.0,NaN, 73.004236266051,73.004236266051,9.5367431640625E-7, 39.01720743903401, -3.3431852082063553, 3.6871750796973495, -3.3431852082063553, 97.21103603129178, -9.816511620871843, 3.6871750796973495, -9.816511620871843, 101.44448458760861, 6.374686233344282, 4.121031072520648, 13.0, 0.0
5, 0 ,1.0,1.0,1.0,59.894045991298945,73.69692977004351,141.34331883157242,9.407813718195152,9.988719891315839,9.91309254355834,46.0,50.0,51.0,-0.5648189137506446,0.8161696508670166,0.12184701749798277,10.342793134239383,-0.2886263368044323,-0.3337141106400943,0.897401654813799,10.145882194083137,0.7730940643753486,0.4717011695589725,0.42405609801570016,8.75434706227135,50.20297639622774,48.04961062508837,48.40643041161724,16.308783078277628,4.535910306239023,40225.0,116767.61150818395, -7.105427357601002E-15, 0.0,0.0,55.61028269697872, 111.62051983588469,111.62051983588469,0.0, 88.5069589562609, -11.450756626975075, -8.899832818889658, -11.450756626975075, 99.77452506716868, -4.859579866359274, -8.899832818889658, -4.859579866359274, 98.26940377715198, 6.065509111578232, 3.9085662490106587, 20.0, 0.0
6, 0 ,1.0,1.0,1.0,30.595201104781633,107.79443170328722,176.745998865626,10.195528960520514,9.33629172581527,9.891627248254503,50.0,47.0,45.0,-0.8530091691306327,0.45771167544353347,0.2507496351776826,10.457323074023952,-0.36305594415167824,-0.17526348066810993,-0.9151355603189246,9.951671088834711,-0.3749209767340325,-0.8716551694946645,0.31567630050104595,8.975972385089417,55.84619574123119,48.97930731367296,47.69084140406049,16.370405496901956,4.579221272197973,40551.0,130449.13923280238, 0.0, 0.0,0.0,NaN, 99.89335175235269,99.89335175235269,0.0, 103.94881078481252, -10.064471988127046, -0.02161299649205744, -10.064471988127046, 87.16634318952667, 6.266001986236, -0.02161299649205744, 6.266001986236, 97.84428961841094, 6.0469760113922355, 4.0021488706128086, 18.0, 0.0
7, 0 ,1.0,1.0,1.0,136.68643844882007,16.805839470915377,180.37462422967081,13.011584441844185,9.8179271969235,9.761292457597863,64.0,41.0,39.0,-0.9809295066477989,-0.19332984088544122,0.02002187830639148,13.125103439409402,-0.10625907752494185,0.4471679915394524,-0.8881158684462971,9.79323132451581,-0.1627461564254414,0.8733065670002617,0.45918332788001287,9.633282644219191,64.24603963931712,48.23500241411563,51.464327985771355,18.203207080642237,5.442343847397854,53224.0,159483.21138475605, 0.0, 0.0,0.0,NaN, 68.38273678892833,68.38273678892833,0.0, 169.30132968724166, 14.92294181065128, -1.2675277361906692, 14.92294181065128, 96.39169444409013, -1.5416096725271087, -1.2675277361906692, -1.5416096725271087, 95.28283044275693, 6.165716120004251, 3.975573611972857, 16.0, 0.0
8, 0 ,1.0,1.0,1.0,185.1641922528825,155.2350045342661,91.13265967094183,8.37756910098651,10.745949816685995,10.261451671176902,32.0,55.0,52.0,0.19284268820471673,0.8184196288532505,0.5412956758682689,11.329415985233908,-0.20540506415747667,-0.5057575743753066,0.8378651655132041,9.795292502594084,-0.9594896858353618,0.2727610439005426,-0.07057588614990913,8.16413315218385,54.550493973946004,48.385511867876474,38.26086078909776,16.358987442757396,4.831151182913002,38595.0,100987.76573783542, 0.0, 0.0,0.0,NaN, 102.61173261014706,102.61173261014706,0.0, 70.1836640418039, 12.781572127642331, 1.39915366408191, 12.781572127642331, 115.47543746273377, 14.920864795557891, 1.39915366408191, 14.920864795557891, 105.29739039989921, 6.163921076401418, 4.069605453614096, 18.0, 0.0
9, 0 ,1.0,1.0,1.0,79.29778140737716,146.66824554239827,44.89269089424255,9.63457484833049,8.890979378939894,10.381542535281755,45.0,40.0,48.0,-0.588498409071676,-0.1019332623180075,0.8020469017166726,11.21604860112192,0.13136589039104626,-0.9908935873782936,-0.029544903694945338,8.864796122262025,0.7977547401061766,0.0879744765587392,0.5965298534963209,8.675633448035963,54.05050176094595,40.8444090598737,42.74900847507689,16.072301577147392,4.618668016855178,36735.0,94375.31041240387, 0.0, 0.0,0.0,NaN, 105.58299041694217,105.58299041694217,0.0, 92.82503250808247, 2.5994572481749145, -23.86468342703266, 2.5994572481749145, 79.04951431673442, -4.034211952412316, -23.86468342703266, -4.034211952412316, 107.77642541186431, 5.992398187832491, 3.9423351947670655, 14.0, 0.0
10, 0 ,1.0,1.0,1.0,40.28330561714708,173.04319105691056,190.32340169992608,9.89608678047095,10.251544816171254,4.999634431844625,47.0,49.0,20.0,-0.42974650180552204,0.9028824913127345,0.011006864532055967,10.354333987137325,0.9029354007646544,0.4296395099049967,0.010842212623230606,9.78942104266986,-0.005060260061461611,-0.014597890584079242,0.9998806405559647,4.99780476497546,48.88103664835482,45.12871599550611,20.457539237688422,14.384728669663858,4.5937599237249005,21648.0,45128.071792679846, 0.0, 0.0,0.0,NaN, 49.42722746118472,49.42722746118472,9.5367431640625E-7, 97.9325335666119, -4.4205880798241255, 0.3046737515869, -4.4205880798241255, 105.0941711179677, 1.1472939491208998, 0.3046737515869, 1.1472939491208998, 24.99634445208633, 6.15401684560559, 4.03561236061305, 11.0, 0.0
11, 0 ,1.0,1.0,1.0,153.69581937724848,10.71409667948559,87.30405656866394,8.879810219756507,6.879962342635372,9.639542626030416,46.0,26.0,45.0,-0.3060144489695411,-0.01506093207657688,0.9519077294290939,9.720774678301876,0.9363922719513312,0.17570172798950798,0.30380654339780977,8.847329743624577,0.17182744266179464,-0.9843282334193637,0.03966432706881501,6.807127843319176,43.950918294498656,42.920967052595046,29.280392942847985,14.160792646772137,4.310179233994749,24183.0,55234.99927557113, 0.0, 0.0,0.0,NaN, 99.40255179896658,99.40255179896658,NaN, 78.8510295388921, 5.4766114698050705, -4.941998919940024, 5.4766114698050705, 47.333881836080806, 1.01444184409469, -4.941998919940024, 1.01444184409469, 92.92078203905734, 6.412254074525336, 4.059006600543522, 16.0, 0.0
12, 0 ,1.0,1.0,1.0,100.02372421559093,91.78556073092082,13.895173260991964,10.717537691050456,10.190020647202248,8.183862224086555,52.0,46.0,33.0,0.839692462845545,0.5321843631507358,-0.1081497640229913,11.066892366746728,0.5400716801037173,-0.8392124729990347,0.06360035780396409,9.84931434177221,0.05691351500593497,0.111813365840986,0.9920980914350052,8.135885704219879,49.105563285509675,47.488552339167164,34.82691409503681,16.261853749917222,4.607585969748494,39074.0,81214.69588631157, 0.0, 0.0,0.0,NaN, 136.42917839803462,136.42917839803462,0.0, 114.86561415908714, 11.184413809756796, -4.05274160856171, 11.184413809756796, 103.83652079040812, -4.884228470239753, -4.05274160856171, -4.884228470239753, 66.97560090283093, 6.263032802223073, 3.917579624917236, 14.0, 0.0
13, 0 ,1.0,1.0,1.0,154.55049520094835,9.881801843141753,40.20821383503499,10.182974915532382,6.255908146274517,9.564469375743773,46.0,24.0,46.0,-0.9683607435082294,0.012117647604412128,0.24926017140474754,10.225394271796459,-0.24952124804474984,-0.030699005724886534,-0.9678825950608334,9.522163762098806,-0.0040764207804504585,-0.9994552184385446,0.03275132256233392,6.251251760936406,51.66161777126197,45.26082166940767,24.92420442185394,14.64724431187205,4.445972713912392,26151.0,58278.95292384501, 0.0, 0.0,0.0,NaN, 61.48176928122707,61.48176928122707,9.5367431640625E-7, 103.69297813036172, -0.37315664157656736, -3.34508991507642, -0.37315664157656736, 39.136386734623855, 1.7307785157008717, -3.34508991507642, 1.7307785157008717, 91.47907443954047, 5.856807002593516, 3.8739191955937344, 14.0, 0.0
14, 0 ,1.0,1.0,1.0,188.8406856474544,58.43689923613903,93.79708343993275,6.937983461692839,9.761104838428665,10.172438555619049,28.0,46.0,54.0,0.18378530507322718,-0.6060674779253052,0.7738896393158391,10.824103950964233,0.05951105359043096,-0.7789955491335988,-0.6241989818404052,9.173374699509617,-0.9811632871952037,-0.16077358810234116,0.1071002204899745,6.751389385191836,49.21060349714865,44.96674875742619,30.09739024504171,14.987164218386933,4.719978500000483,27361.0,66600.73442173017, 0.0, -7.105427357601002E-15,0.0,52.69430403673171, 111.07337372652053,111.07337372652053,0.0, 48.13561451472335, -9.76106707465623, 8.748053313645913, -9.76106707465623, 95.27916766679549, -14.818732335841375, 8.748053313645913, -14.818732335841375, 103.47850616784497, 6.020284781100339, 3.9048916712556805, 12.0, 0.0
15, 0 ,1.0,1.0,1.0,73.51937657961247,186.80684984770915,29.67367636575724,9.052776072069191,7.588318756795221,10.976540154312968,44.0,29.0,55.0,-0.21937521950853894,0.03250939749408104,0.9750987909643577,11.08028280683107,0.9074050328771885,0.37400023195480286,0.19167663604858368,9.168154597049073,0.35845588204788575,-0.9268586545813362,0.1115455738832636,7.293287607811405,56.43342083325655,46.309627330038566,39.2681423140191,15.400477048951855,4.779652350303799,30862.0,102623.78281144128, 0.0, 0.0,0.0,NaN, 80.37216565861257,80.37216565861257,0.0, 81.95275461102848, 9.97773973790004, -9.51621276867094, 9.97773973790004, 57.582581554730176, 4.41817720226419, -9.51621276867094, 4.41817720226419, 120.48443375924494, 5.7648158880334135, 3.8305051744244745, 16.0, 0.0
16, 0 ,1.0,1.0,1.0,185.54414171060492,148.75564271057894,34.03438871717618,8.43332768531969,11.895708686832046,9.190175457271197,36.0,57.0,48.0,-0.1937071314115632,0.9790212277407782,0.06320587688847829,12.026024822397094,0.03185236250478271,-0.05811609693599307,0.9978015565631222,9.177383715484028,-0.9805421838162637,-0.19529453374291958,0.019926636619569168,8.260664686043024,57.66528327857786,47.25519764873394,40.652177574922604,16.472038193097937,5.0754491141657425,38501.0,110776.548042801, 0.0, 0.0,0.0,NaN, 63.192528104521685,63.192528104521685,6.743495761743046E-7, 71.12101584797954, -14.515823349695653, -0.4271692585863067, -14.515823349695653, 141.5078851619714, 3.799811149092046, -0.4271692585863067, 3.799811149092046, 84.45932493542985, 5.919821772476979, 3.9107123341331347, 16.0, 0.0
17, 0 ,1.0,1.0,1.0,152.5812939283597,109.8609958506224,10.275425522906257,10.263969670847521,9.64789687919686,5.86792333093148,55.0,51.0,24.0,-0.8910490179949517,-0.4520117408889429,-0.0414371044931794,10.48122587198536,-0.45050206029459694,0.8918328181037309,-0.04101363460461243,9.423194629857383,-0.05549361405202482,0.017877657892023852,0.9982989773348164,5.849001538864218,53.704022567223035,42.08452541395657,24.518418952909382,14.570993362582037,4.533173749259913,23618.0,55414.28224116387, 0.0, 0.0,0.0,NaN, 102.36775920291954,102.36775920291954,0.0, 105.34907340407777, 8.536175288627463, 3.8015785839622276, 8.536175288627463, 93.08191419161652, -0.5797602679438644, 3.8015785839622276, -0.5797602679438644, 34.432524217689995, 6.040759313495438, 3.9494342465981855, 18.0, 0.0
18, 0 ,1.0,1.0,1.0,11.324976039869657,47.33344834195898,15.148437799501629,6.867100572620805,9.969017879132839,9.486997142008958,27.0,51.0,38.0,0.07744609751502625,-0.7755690411409832,0.62649402583213,10.812050940059468,-0.053997258411025074,-0.6307219569825477,-0.7741279668531547,8.542952519850589,-0.9955332229834353,-0.026124230204197508,0.09072555611541912,6.830740752991795,55.268726361484184,41.929928097690635,30.50983776436806,14.657120991692382,4.659432020787519,26085.0,70703.91670297727, 0.0, 0.0,1.7763568394002505E-15,51.20807081365653, 50.97240019863584,50.97240019863584,0.0, 47.15707027448899, -3.3225471188340423, 4.508403019882104, -3.3225471188340423, 99.3813174744702, -21.277098408283283, 4.508403019882104, -21.277098408283283, 90.00311477248613, 6.948900782750076, 4.116435885822783, 10.0, 0.0
19, 0 ,1.0,1.0,1.0,62.89612519160161,11.518589812141304,107.0906141945603,9.385597948868966,7.022341773028597,9.770973133235044,45.0,27.0,47.0,-0.498044216919233,0.05510866888337916,0.8653987477499663,9.982998905179441,0.8643193970777194,0.11214125689087323,0.49028187641207244,9.192715375829515,0.07002812169775467,-0.9921629770944077,0.1034827959355915,6.97913788971178,47.459124391244984,48.7697348116929,29.81732441103732,14.663617783180122,4.225276596180839,28053.0,69014.2520896813, 0.0, 0.0,-1.4210854715202004E-14,30.071731737381292, 112.7863220701962,112.7863220701962,1.3486991523486091E-6, 88.08944885781335, 2.0712640613331916, -6.7910009709140065, 2.0712640613331916, 49.31328397722241, 4.398130135726436, -6.7910009709140065, 4.398130135726436, 95.47191597040106, 5.786139460522423, 3.843445438679974, 16.0, 0.0
20, 0 ,1.0,1.0,1.0,191.66239762546033,134.59314021876546,118.60319903259496,4.86460696616712,9.65969760465654,9.688589570606574,19.0,45.0,46.0,0.0239082603848521,0.7019366038938611,0.7118380428154446,10.721791853317121,0.01636144600266926,-0.7122209447621357,0.7017646535177109,8.502173793075517,-0.9995802609946197,0.0051312723650162526,0.028512661640824954,4.857895312050063,49.029160073701945,44.78713412666123,19.875336142496877,13.805950474980852,4.498739612238295,18193.0,43643.765047822715, 0.0, 0.0,0.0,NaN, 104.75214617145252,104.75214617145252,0.0, 23.664400935281673, 0.965814721247599, 2.1138266618038877, 0.965814721247599, 93.3097578134073, 21.31352054302578, 2.1138266618038877, 21.31352054302578, 93.86876786766648, 6.173331992418018, 3.8458812545514056, 10.0, 0.0
21, 0 ,1.0,1.0,1.0,11.57425955842757,153.3428648357566,188.06230479267637,7.278356966579165,9.986495942847876,6.08908428315576,29.0,56.0,23.0,0.08058438304399028,0.9964732494177237,0.023392742556261503,10.003445477981643,0.9949693812926005,-0.08181977653890789,0.0578053151305609,7.261043231188892,-0.05951543917035101,-0.018616856931480963,0.9980537686609642,6.081928848703973,56.56156031271992,30.986740963030268,24.164454834592647,13.107413853104491,4.239956466791286,18570.0,42352.03517921062, 0.0, 0.0,0.0,NaN, 49.53140733840791,49.53140733840791,0.0, 52.974480132951456, 3.7844743883408474, 1.0237793048411046, 3.7844743883408474, 99.73010121651707, 1.3959776728610307, 1.0237793048411046, 1.3959776728610307, 37.07694740737449, 6.185093926497538, 4.074550065839265, 8.0, 0.0
22, 0 ,1.0,1.0,1.0,9.00165474060823,20.045706618962434,54.1677549194991,5.554539066257244,10.604470670605261,10.053305491738683,22.0,42.0,45.0,0.06389623905009414,0.9077496303399681,-0.4146177507691915,10.75627324468144,0.021330555535880855,-0.4166141041171728,-0.9088331506119127,9.90984843632163,-0.997728559296457,0.049226993289205,-0.04598287829095371,5.520339084459594,49.8020978779446,52.82809091217895,23.214627858161645,14.839421043736786,4.916120100165345,22360.0,61076.51945990488, 0.0, 0.0,-7.105427357601002E-15,65.50475326246894, 58.45516072120191,58.45516072120191,9.5367431640625E-7, 30.8529042385779, 4.341203437169011, -3.5708053189633695, 4.341203437169011, 112.45479820372721, -6.430252483350919, -3.5708053189633695, -6.430252483350919, 101.06895131022317, 5.320154020499458, 3.7330793997487355, 10.0, 0.0
23, 0 ,1.0,1.0,1.0,100.38736100944612,21.08341176060511,102.93408623514239,8.776480189743953,8.841896950314242,8.804320751457942,44.0,41.0,45.0,-0.6333318431031952,0.7435633107032598,0.21448631538519297,8.998187418185434,0.057327618334064634,-0.23131735172952483,0.9711878432955093,8.796801064077723,-0.7717540545326945,-0.6273801764200444,-0.10387393102940015,8.623846260326518,52.66516169715783,45.036036318734276,44.09503055009816,14.667702781852725,4.192887453619637,28689.0,104585.92225917072, 0.0, 0.0,0.0,NaN, 140.6733084601923,140.6733084601923,0.0, 77.02660452096806, -3.146465714929218, -0.7283453703906557, -3.146465714929218, 78.1791416799763, 0.3751867140473548, -0.7283453703906557, 0.3751867140473548, 77.51606389455294, 5.580688707569194, 3.6271728419059057, 16.0, 0.0
24, 0 ,1.0,1.0,1.0,123.26222062328551,10.716553491927868,145.5959886675361,8.854492208370514,6.5049558445905005,9.156021381292929,42.0,26.0,45.0,-0.6431639417942012,-0.041093524350844395,0.7646250494406859,9.813481601033253,0.7551917271248357,0.1310433699812185,0.6422718197665012,8.151418174549537,0.12659225591619908,-0.9905245869943826,0.05324888075495573,6.465227834551912,42.15307887832191,43.32037065276916,27.87154391309523,13.71666801919772,4.049966517637812,22237.0,50895.86404208372, 0.0, 0.0,0.0,NaN, 94.67485279353498,94.67485279353498,1.9073486328125E-6, 78.40203226809413, 3.879649979249406, -14.850079143787564, 3.879649979249406, 42.314450540072116, 0.3617626735387494, -14.850079143787564, 0.3617626735387494, 83.83272753469326, 5.900899902124834, 3.7922508828976884, 10.0, 0.0
25, 0 ,1.0,1.0,1.0,139.75692752309175,36.64263047543492,37.69499064996884,8.890444182823927,8.953490920601066,10.129645764071673,39.0,43.0,44.0,0.4078645082244326,0.26938293039361166,0.8723986357986765,10.452819392327667,-0.4733869550300866,-0.7546395416967504,0.45433902860645875,9.129240083582559,-0.7807376856141788,0.5982908982428768,0.1802683204047429,8.31927058019253,49.07423081078514,45.274980663149506,43.54061276146824,15.583601813361824,4.355005770530862,35294.0,96740.0508680758, 0.0, 0.0,0.0,NaN, 79.95512785130501,79.95512785130501,0.0, 79.03999776790782, 9.449230091481757, 11.211376573527657, 9.449230091481757, 80.16499966528572, 4.566807872954688, 11.211376573527657, 4.566807872954688, 102.60972330557522, 5.4736601956868, 3.5695289656537836, 16.0, 0.0
26, 0 ,1.0,1.0,1.0,70.77315874614656,63.54674480358941,45.81857583249397,9.180048999363859,9.315545618797897,8.672169982682634,43.0,39.0,43.0,-0.6482921276072373,-0.7609265180853682,0.026611113410749922,9.65284558304054,0.6874030494759834,-0.5999654922686422,-0.4092901851473661,8.863828033229792,0.3274055052279982,-0.24704704442944542,0.912016114432785,8.6321692964441,50.190023570969544,43.95392606743728,40.963647070610136,15.134138791207747,4.14934513672107,32763.0,90367.79567136026, 0.0, 0.0,7.105427357601002E-15,88.47511550245854, 105.57637361340737,105.57637361340737,0.0, 84.27329963072137, 7.53497565486303, -1.4623002903551174, 7.53497565486303, 86.77939017590468, 0.6173687120390603, -1.4623002903551174, 0.6173687120390603, 75.20653220854172, 5.725798053851776, 3.6379404641959168, 21.0, 0.0
27, 0 ,1.0,1.0,1.0,67.69726021736436,190.37993305508493,72.98814000578537,10.287402950370815,5.5854670222603,10.086131805759559,50.0,23.0,45.0,-0.8087986624709183,0.04671783305357451,0.5862270615214145,10.491333276640027,0.588022070243147,0.04958748188718976,0.8073234336664898,9.890914575211688,-0.008646877599296226,-0.9976765636792644,0.06757740593509659,5.555167960335735,46.875696020644696,49.6920328591863,24.000261211927466,14.719733356184456,4.699745317146846,24199.0,55904.975500567096, 0.0, 0.0,0.0,NaN, 100.01366561858592,100.01366561858592,1.3486991523486091E-6, 105.83065946329813, -1.040150850797463, -5.7633326301755, -1.040150850797463, 31.197441856757337, 4.850326079044959, -5.7633326301755, 4.850326079044959, 101.73005480315457, 5.352228214428776, 3.6628637408207916, 16.0, 0.0
28, 0 ,1.0,1.0,1.0,92.15726337202345,126.69773842287903,77.17003709465119,8.971746210199564,8.17698644038039,10.27861757890218,43.0,39.0,46.0,-0.09987562422861328,-0.10400181879131944,0.9895496356287758,10.31061240034295,0.988286289782505,0.10496654561421365,0.11078011432450507,8.967853395201796,-0.11539094034141505,0.9890225710214696,0.09229997235756467,8.14089639117055,45.63566364140311,44.17577519047512,39.01035306321913,15.32926789003652,4.244863083210072,33428.0,78644.5135703245, 0.0, 0.0,0.0,NaN, 140.78848450683387,140.78848450683387,0.0, 80.49223006023024, 1.8835404185390785, -2.4077086576098243, 1.8835404185390785, 66.86310724616474, -3.955634354303004, -2.4077086576098243, -3.955634354303004, 105.64997933331692, 5.7647749462883855, 3.624532224145856, 19.0, 0.0
29, 0 ,1.0,1.0,1.0,125.85756045708212,74.69799509847344,165.65208019606106,9.014836495682014,8.98866767159537,9.386136054440929,43.0,42.0,44.0,-0.4926218711132548,-0.3333330982886962,0.8038735831498219,9.757426473351368,0.5203462643287609,-0.8532406760713411,-0.03493012877765177,8.93617895952548,0.6975410076117236,0.40108527058791144,0.5937736508278573,8.666043376721351,48.01730911561995,42.38530701455852,44.85862399200977,15.265574200186197,4.138262669932371,33867.0,91297.54503456497, 0.0, 0.0,0.0,NaN, 110.70985235273605,110.70985235273605,0.0, 81.26727704388036, 1.1906023077047252, -8.048937465208038, 1.1906023077047252, 80.79614651038375, -5.24612524742933, -8.048937465208038, -5.24612524742933, 88.09955003247592, 5.622748856309786, 3.635957943748103, 17.0, 0.0
30, 0 ,1.0,1.0,1.0,45.76867186350934,53.54075599352846,171.2998676275923,9.12989854136601,10.328871173545185,8.486382245245737,44.0,45.0,40.0,-0.29490705373257897,0.9158563404881976,0.2724646642159966,10.600460825340566,0.9380595695783778,0.3317679479775476,-0.09987128024209786,9.002228173165944,-0.18186278778573173,0.2261353406310773,-0.9569685126149494,8.285495091811311,52.61406725995941,45.33451589697656,43.84636002581104,15.544355048628693,4.520214246019791,33995.0,104583.79664063132, 0.0, 0.0,0.0,NaN, 76.05972307799884,76.05972307799884,0.0, 83.3550473756372, -7.952331074184226, -4.673829709563563, -7.952331074184226, 106.6855797196927, 10.499353828562171, -4.673829709563563, 10.499353828562171, 72.0186836124221, 5.552213660170531, 3.580448463694013, 19.0, 0.0
31, 0 ,1.0,1.0,1.0,188.935015015015,182.13555555555556,187.4848048048048,6.547647888184076,9.363987790145806,6.998123539207548,26.0,47.0,28.0,0.007803683995901038,-0.9894331623468926,0.14477955575397955,9.409870439564934,0.5169317894285355,-0.11994595811835652,-0.8475815549015221,7.15029177044985,-0.8559910207439703,-0.08145541344377887,-0.5105334347781727,6.313268502106582,49.14060536985919,38.02063385646606,32.11739426784749,12.726735584271943,4.1904527964978096,16650.0,60006.75725397638, 0.0, 0.0,0.0,NaN, 24.45817611352944,24.45817611352944,0.0, 42.87169286764139, -1.0746744077410724, -4.88254902109323, -1.0746744077410724, 87.68426733399974, -5.828901167834688, -4.88254902109323, -5.828901167834688, 48.973733070010766, 6.289586955317864, 3.9639412306395125, 7.0, 0.0
32, 0 ,1.0,1.0,1.0,89.53837467800558,75.89071597445216,100.36762059352836,10.497274590526567,8.941846354701628,7.39359904062854,48.0,43.0,37.0,-0.9737870371896404,-0.2148058789636707,0.07481470820679016,10.594788116232188,0.1953186381401459,-0.9582215945762704,-0.20895455315160907,8.909184835971057,0.1165737354488613,-0.18886452830098796,0.97505935929724,7.293256279895656,48.690820099540986,41.69492405758069,36.55430859306085,15.024666150668237,4.367390971112636,28339.0,74211.09682764222, 0.0, 0.0,0.0,NaN, 153.95821620585565,153.95821620585565,0.0, 110.1927738289147, 7.4532745113724586, -5.371141797362717, 7.4532745113724586, 79.9566162310908, 4.293183280220097, -5.371141797362717, 4.293183280220097, 54.66530677358327, 5.877052563304365, 3.679505420655918, 19.0, 0.0
33, 0 ,1.0,1.0,1.0,143.14214005113175,71.43106566065973,115.90253788114984,9.522183404464943,9.752099823250255,8.047311567535822,47.0,43.0,36.0,-0.6134944590382878,-0.7779356238822471,0.13579658988449583,10.36274017834264,0.7591930954836232,-0.5336761843427997,0.3725796210681756,9.066066445006419,-0.2173715540251606,0.3316713665064412,0.9180107363971498,7.807349513554069,50.51189170437411,42.967096588603766,40.94113088082757,15.224271258092175,4.330844706975621,32074.0,88856.5559657944, 0.0, 0.0,-1.4210854715202004E-14,82.19531466658061, 124.12733991435584,124.12733991435584,0.0, 90.67197678826757, 13.554741274959568, 2.1393755004002775, 13.554741274959568, 95.10345096263767, -9.128156411572505, 2.1393755004002775, -9.128156411572505, 64.75922346499586, 5.545199721937332, 3.565956502996426, 20.0, 0.0
34, 0 ,1.0,1.0,1.0,146.4980167724388,105.04048617407072,83.58924524025386,9.355212361745481,9.354305726262455,9.57909656722018,43.0,47.0,45.0,-0.5078562626519795,-0.7202679921991243,-0.47254209960447535,9.834793524874597,-0.58128962149795,-0.11830167306121567,0.8050509860187044,9.641424055396229,-0.6357549782926865,0.6835340032246818,-0.3586040630161721,8.78076895863813,49.09123628478304,48.65541394817326,43.09418556506111,15.71029966184727,4.468625015910783,35296.0,102932.80752251699, 0.0, 0.0,0.0,NaN, 137.35695612226706,137.35695612226706,0.0, 87.51999833335546, 8.267631857212852, -2.71092341435807, 8.267631857212852, 87.50303562038654, 5.168205138023504, -2.71092341435807, 5.168205138023504, 91.75909104412943, 5.304329296644078, 3.4124254031754266, 20.0, 0.0
35, 0 ,1.0,1.0,1.0,9.757434301521439,97.42384163208852,110.48456950207469,5.908493960906669,9.88848132796584,9.62173246460089,24.0,49.0,48.0,0.050826886807242254,-0.8404788837891022,0.5394551635512513,10.028828578419827,-0.15993564302077198,-0.5400320172224111,-0.8263086653704075,9.56268715059746,0.9858180449094115,-0.044279411460819686,-0.16187067693584115,5.766082837110681,45.80372338638509,44.47091655106814,24.92768053163379,14.303487680131958,4.547564146250485,23136.0,50776.02905891488, 0.0, -1.4210854715202004E-14,0.0,32.80927683505247, 132.66357729132616,132.66357729132616,0.0, 34.91030088607057, 2.1502679477559132, 9.537232194227395, 2.1502679477559132, 97.78206297352907, -4.557775265272594, 9.537232194227395, -4.557775265272594, 92.57773562035472, 5.4355442418007085, 3.5920316500600946, 16.0, 0.0
36, 0 ,1.0,1.0,1.0,101.4505609365201,97.0698209184029,171.76287366734024,9.279641503190637,8.408446630397208,8.764074792836212,41.0,41.0,46.0,-0.8817052418535637,-0.3243087424126878,0.3426655892888111,9.530914658312762,-0.2447129956640527,-0.30660207424459657,-0.9198427679892012,8.675388679050622,-0.4033750317521809,0.8948849130830238,-0.19097009214878602,8.21717866312779,44.761554601710884,45.927259821199755,40.11187872639559,14.691148380538767,4.218161613711917,28702.0,82461.0194778309, 0.0, 0.0,0.0,NaN, 141.1803009501819,141.1803009501819,0.0, 86.1117464277382, 7.247929617560227, -5.302225707826786, 7.247929617560227, 70.70197473623816, -0.4081527011828625, -5.302225707826786, -0.4081527011828625, 76.80900697442708, 5.3519474759227545, 3.526116973011987, 15.0, 0.0
37, 0 ,1.0,1.0,1.0,116.80420871277381,38.3316514890475,158.01827467388628,9.194479665576656,8.408673130145285,9.661214748534295,45.0,39.0,47.0,-0.60564919036098,-0.14081138459175538,0.783173807136348,10.141923104944636,0.5976721069781614,0.569273805321591,0.5645488350133755,9.008264169836279,0.5253352365446028,-0.8099996842863754,0.2606211823712693,8.035912078131553,50.41437164386875,45.03308682087325,40.889997702784164,15.173011749716839,4.285210028758828,32504.0,92833.16594490113, 0.0, 0.0,0.0,NaN, 100.7636861927091,100.7636861927091,0.0, 84.53845632070262, 8.903600482288306, -12.566628721861479, 8.903600482288306, 70.70578380962729, 1.1044486529503073, -12.566628721861479, 1.1044486529503073, 93.33907041729657, 5.306837679495072, 3.4056297488096114, 13.0, 0.0
38, 0 ,1.0,1.0,1.0,181.859984540067,160.4975521772739,8.340839989693379,9.437682827367105,9.361395159734068,5.394088991463648,39.0,48.0,21.0,-0.7335447618097588,0.6783539969356164,0.04180833963382891,9.879430257475871,-0.6790098986850006,-0.7341261845099012,-0.0020742961985827143,8.900708194733777,-0.029285489738939963,0.0299098655698665,-0.999123495886441,5.3829382268767425,54.45593184816136,49.3859779602094,21.309977559052868,13.655793305905497,4.39557524345625,19405.0,57310.18952891932, -2.8421709430404007E-14, 0.0,0.0,42.815607004641606, 44.261418375459634,44.261418375459634,0.0, 89.06985714997997, -9.102197924985665, -2.0339055783562374, -9.102197924985665, 87.63571933669245, 2.022838953852643, -2.0339055783562374, 2.022838953852643, 29.096196047829313, 5.896601946321353, 3.630114005742587, 11.0, 0.0
39, 0 ,1.0,1.0,1.0,53.331810039118196,83.73980916170073,72.05363214272657,7.7053754442510884,8.67967684769258,9.1709580603777,34.0,42.0,45.0,0.04371604228106017,0.3947586997552829,0.9177442326785821,9.276427380187112,-0.14318773176161578,-0.9066625530904024,0.396812661462003,8.587475305570864,-0.988729579369528,0.14875679410068365,-0.016888904305569663,7.682397776656095,43.45138375133777,39.48651878980469,35.08424139061576,14.272017441811535,3.889163252302007,27353.0,60195.57248337834, 0.0, 1.4210854715202004E-14,0.0,66.74907436482296, 122.67177142866245,122.67177142866245,0.0, 59.37281073686766, 2.378221476562139, 0.24787901409767563, 2.378221476562139, 75.33679018037058, 4.495803018308283, 0.24787901409767563, 4.495803018308283, 84.10647174520669, 5.19992248222422, 3.4409115645171013, 16.0, 0.0
40, 0 ,1.0,1.0,1.0,155.24883329012187,178.4612717137672,135.60231397459165,9.359078318216282,9.568929889385348,8.379510585531827,44.0,44.0,39.0,0.6383977125259775,0.7515095458222546,0.16637837353342264,9.862509874329618,-0.6835787289956716,0.6529148773030922,-0.3262242852102682,9.192887812975707,-0.35379157975602094,0.09452812033631332,0.9305353043057648,8.22159817093439,48.68141359959611,49.944263369303776,40.91965920286785,15.145276400351694,4.471416621659533,30856.0,99490.31383536757, 0.0, 0.0,0.0,NaN, 81.32432418108708,81.32432418108708,0.0, 87.5923469665061, 6.68739810026238, 6.923821405985469, 6.68739810026238, 91.56441922797228, 0.10760517240204974, 6.923821405985469, 0.10760517240204974, 70.21619765303994, 5.517773876763013, 3.5732991762700905, 17.0, 0.0
41, 0 ,1.0,1.0,1.0,133.59728221458525,137.25636094208153,18.448623766434405,9.173831902824674,8.266848269610664,9.565105122620112,48.0,39.0,38.0,0.46486283477977386,0.06088672155725661,0.8832866759883353,9.694263905543444,0.8359265038050104,0.2985779891069838,-0.4605193423268584,9.123635725863295,0.2917694724895755,-0.9524410698614582,-0.08790098613961023,8.171396855633105,46.26217172561809,47.46702125063736,40.85030388082171,15.042077835556329,4.2103565751491505,31717.0,89704.305201412, 0.0, 0.0,0.0,NaN, 93.20105627295882,93.20105627295882,0.0, 84.15919178128378, 4.880552962550317, 4.8314869429222735, 4.880552962550317, 68.34078031276482, -0.801297721880341, 4.8314869429222735, -0.801297721880341, 91.49123600677352, 5.39175085445034, 3.404779466031762, 14.0, 0.0
42, 0 ,1.0,1.0,1.0,117.81476178544582,89.42069656727637,63.21516268747539,8.342878529525507,8.731805475503025,8.685641683028269,39.0,41.0,39.0,-0.4145907951141225,-0.7136115274605478,0.5646884632096386,9.31066318184708,-0.5124925533775537,-0.32967303389755515,-0.7928852839177536,8.408206848223568,-0.7519746374308077,0.6181215726669025,0.2290411885766399,7.993874478504397,50.52105584266606,41.506027064063304,40.42821550128777,14.343262434188345,3.944520656608079,27937.0,84775.06965233684, 1.4210854715202004E-14, 0.0,0.0,65.5064504516944, 136.9183375175287,136.9183375175287,0.0, 69.60362215841768, 7.889719896039438, -2.5731300101053924, 7.889719896039438, 76.2444268620246, -7.405799014421669, -2.5731300101053924, -7.405799014421669, 75.44037144595814, 5.291686503697804, 3.386425315376167, 15.0, 0.0
43, 0 ,1.0,1.0,1.0,15.930095397705298,152.74413433028232,56.991878303467836,9.31854202669823,8.338060869937348,9.188621806433394,35.0,40.0,44.0,-0.8901259717643616,0.10393610581769137,0.44370377539300304,9.422542777383562,-0.37508474028866384,0.38587783963285455,-0.8428580725619623,9.250589920413002,-0.25881884010468864,-0.9166763762570376,-0.3044950397282833,8.150553908079806,45.76867424759951,45.913204875029194,38.86354699675104,14.94801135429771,4.164878368885336,31028.0,81667.33368464002, 0.0, 0.0,0.0,NaN, 75.72951189682712,75.72951189682712,0.0, 86.83522550334116, -4.838532056130515, -2.7767054260596407, -4.838532056130515, 69.52325907078036, -5.1948716690978936, -2.7767054260596407, -5.1948716690978936, 84.43077070166328, 5.675966886471416, 3.6690336735001874, 20.0, 0.0
44, 0 ,1.0,1.0,1.0,184.44667523955698,11.93180404032024,94.38789563197412,8.479721628143057,6.769118120517437,10.365390262808862,33.0,27.0,48.0,-0.2994384919644697,0.060519408753184865,0.9521943030149934,10.547596346776807,0.9057288188500238,-0.2957499016614628,0.30362361958809503,8.411828659590363,-0.2999864934202626,-0.9533464201597447,-0.03374473194462475,6.569421909711857,49.40526845043902,44.88640481113063,32.59332608890775,14.332658610865593,4.443292862848494,24107.0,72279.77083940741, 0.0, 0.0,0.0,NaN, 96.40201606083168,96.40201606083168,0.0, 71.90567889079713, -8.627604675246555, -11.824899828477127, -8.627604675246555, 45.82096012951751, 1.4455013240538255, -11.824899828477127, 1.4455013240538255, 107.44131530033276, 5.776646670915093, 3.6802956507101423, 10.0, 0.0
45, 0 ,1.0,1.0,1.0,186.4361852498545,24.13478007815748,177.1619689033009,8.023847035066396,8.799903821430586,8.44391493272335,33.0,44.0,44.0,-0.5928478582009168,0.7185847793132002,0.36354825259652224,9.285678309973912,0.2113404262801965,0.574440376849654,-0.7907929423461822,8.7231242124774,-0.7770885671828472,-0.3919874594731657,-0.4924217606579577,7.127651099556666,48.72750775580148,45.13172659291136,38.06983330295316,13.982570593328406,4.1961705759209735,24054.0,83721.52355450194, 0.0, 0.0,0.0,NaN, 35.88927896142644,35.88927896142644,0.0, 64.38212124214378, -12.019294611292464, -11.860662581418005, -12.019294611292464, 77.43830726642864, -2.234850884863274, -11.860662581418005, -2.234850884863274, 71.29969939106839, 5.696643818979193, 3.6205105181143002, 12.0, 0.0
46, 0 ,1.0,1.0,1.0,182.06217398347644,94.17566823262595,79.98648955127166,9.429131830320767,8.503279833084237,9.506012602130603,38.0,43.0,43.0,0.666216272201682,-0.23393472149027764,0.7081175218386856,10.609985181978429,0.5837948323772449,0.7544373687836274,-0.3000130835021399,8.474104197836619,-0.46404684283304826,0.6132689480677328,0.6391883329603077,8.19733755969444,54.533289557763624,50.765205216248575,47.75034028099008,15.203919366454533,4.5187837394058965,30865.0,132191.73812766283, 0.0, 0.0,0.0,NaN, 124.8545577862354,124.8545577862354,0.0, 88.90852707356827, -5.039595248288005, 20.598150868333658, -5.039595248288005, 72.3057679197371, -8.560950796921919, 20.598150868333658, -8.560950796921919, 90.36427559186585, 5.50263372654083, 3.384638883294919, 14.0, 0.0
47, 0 ,1.0,1.0,1.0,29.44687679470288,152.3733995473126,128.94932603628257,9.472996786191846,8.970573785486721,8.305271468951414,50.0,44.0,40.0,-0.6315622900470372,0.6189363412316227,-0.46695490070600276,9.67319624543929,-0.7733035275808675,-0.5463209396467883,0.3217686826501877,9.345893457339399,0.05595290896394973,-0.5643148380170966,-0.8236613597663841,7.6334753688160175,47.626590103923355,52.05594376861254,36.041515142031585,14.857923226183166,4.292844480049482,29601.0,89355.82176359731, 0.0, 0.0,0.0,NaN, 90.46330689478914,90.46330689478914,1.6518123698891422E-6, 89.73766811120103, -1.5152639847252019, 3.1758155194774624, -1.5152639847252019, 80.47119404086156, -15.313668480086841, 3.1758155194774624, -15.313668480086841, 68.97753417297838, 5.339214365647083, 3.4309402415626944, 21.0, 0.0
48, 0 ,1.0,1.0,1.0,178.63334455633435,81.72461816289676,18.512595267974657,10.221166695302585,8.870818463246874,9.17463864562037,49.0,42.0,42.0,-0.8045859199742231,0.4880535231644479,0.33829758483619643,10.900815681153794,0.4973302118432699,0.24249136535249066,0.8329829518768158,9.15691960684086,-0.3245060211570221,-0.8384519641913037,0.437828900344168,8.041187965600617,57.45467851642286,45.971679045414845,43.50567623406123,15.619108287431175,4.835402713760838,32671.0,114911.02232717055, 0.0, 0.0,0.0,NaN, 86.47637459026274,86.47637459026274,0.0, 104.47224861316276, -18.95628536092107, -6.794546272992339, -18.95628536092107, 78.69142020788163, 12.819283757031329, -6.794546272992339, 12.819283757031329, 84.17399427771078, 4.634791888062398, 3.2298325696997274, 19.0, 0.0
49, 0 ,1.0,1.0,1.0,16.983583879000278,134.52669925297428,12.354268498877925,9.868721179280882,10.369497864270363,7.96147115155712,41.0,49.0,31.0,-0.3094771863511169,0.9009231034331217,-0.3042391046999512,10.825854783915654,-0.9332506396481214,-0.22639681881038662,0.2789045070071637,9.841830572435494,-0.18239274855258958,-0.37024592115642346,-0.9108517130370141,7.364944381977063,56.15462145083134,49.92134834155013,37.68374039483966,15.650471432154049,4.833829798400347,32529.0,105639.37278940922, 0.0, 0.0,0.0,NaN, 68.75916798673384,68.75916798673384,0.0, 97.39165771438705, -8.548487275935656, -5.165569818365098, -8.548487275935656, 107.52648595710761, -19.947298785430956, -5.165569818365098, -19.947298785430956, 63.38502289707626, 5.691765574316083, 3.497757880488658, 15.0, 0.0
