// Sample: .//bubblelabels.tif, Map: .//bubblelabels.tif, Thickness:(8.191250068658265):/afs/psi.ch/project/tipl/test/LabelValidation/Step3500//distmap.tif, Neighbors:(1.0):
//LACUNA_NUMBER, TRIANGLES, SCALE_X, SCALE_Y, SCALE_Z, POS_X, POS_Y, POS_Z , STD_X, STD_Y, STD_Z,PROJ_X, PROJ_Y, PROJ_Z, PCA1_X, PCA1_Y, PCA1_Z, PCA1_S, PCA2_X, PCA2_Y, PCA2_Z, PCA2_S, PCA3_X, PCA3_Y, PCA3_Z, PCA3_S,PROJ_PCA1, PROJ_PCA2, PROJ_PCA3,OBJ_RADIUS, OBJ_RADIUS_STD, VOLUME, VOLUME_BOX, Mask_Grad_X,Mask_Grad_Y,Mask_Grad_Z,Mask_Angle, Mask_Distance_Mean,Mask_Distance_COV, Mask_Distance_STD, SHAPET_XX, SHAPET_XY, SHAPET_XZ, SHAPET_YX, SHAPET_YY, SHAPET_YZ, SHAPET_ZX, SHAPET_ZY, SHAPET_ZZ, Thickness, Thickness_STD, Neighbors, Neighbors_STD
1, 0 ,1.0,1.0,1.0,57.063538758143864,265.30935879537293,15.759880667464433,15.989478122783114,20.46160894619987,10.663250716113678,102.0,89.0,46.0,-0.04839856796217324,-0.9960834964571058,-0.0739949099938533,20.520259001788563,0.9604143308458536,-0.026061986583095654,-0.2773537199340481,16.37166973631979,0.2743390087558143,-0.08448929483153546,0.9579142275453202,9.946515353894126,90.87731601382146,101.3741756560011,52.60618493531352,26.37541816369816,9.611611926776513,120336.0,484640.4230435069, 0.0, 0.0,0.0,NaN, 68.61531812535067,68.61531812535067,0.0, 255.66341063895982, 11.2978463855418, -43.88980893152017, 11.2978463855418, 418.67744066720655, 24.96625218049693, -43.88980893152017, 24.96625218049693, 113.70491583469887, 6.71605738685384, 5.217242374897741, 21.0, 0.0
2, 0 ,1.0,1.0,1.0,79.68507278026422,15.875580207753817,258.44955202564125,16.433806767160473,10.104953507659294,19.038724872194006,81.0,43.0,83.0,0.27924287271920717,-0.07019203751993547,0.9576515524470913,19.267679820595355,0.9457059603767874,-0.15264683300581786,-0.2869480456129856,16.328147648520112,-0.16632394458809246,-0.9857849776914306,-0.023755488093560397,9.83876230582758,89.85896300917796,92.00022944363855,45.12187209380186,25.667809991543386,8.707276568992631,120431.0,373024.55675836606, 0.0, -1.7763568394002505E-15,0.0,85.97498271129746, 91.2588877742805,91.2588877742805,0.0, 270.07000486036935, -29.89243524890308, 27.31031179411053, -29.89243524890308, 102.11008539195589, -11.010029912960906, 27.31031179411053, -11.010029912960906, 362.4730447590987, 6.402357069632412, 4.974405502956963, 29.0, 0.0
3, 0 ,1.0,1.0,1.0,153.40541922290387,175.534262243943,13.79769332085543,18.360525864206355,18.407355785191868,9.47681312751624,91.0,102.0,46.0,-0.7096012430203094,0.7016679880949112,0.06425037265940298,19.94111765057919,-0.6924376952547486,-0.7113156598460105,0.12066511611948028,16.80609007682625,0.1303691454843698,0.04113473642403746,0.9906118409170165,9.255096284861244,103.71080834942387,98.9096324379922,47.20156890926826,25.977870043702,9.534144537355104,115404.0,484193.5963381324, 0.0, 0.0,0.0,NaN, 192.80058954616422,192.80058954616422,0.0, 337.1089100101905, -58.415657408819015, -30.66658588439615, -58.415657408819015, 338.83074700263654, -2.8251670599864727, -30.66658588439615, -2.8251670599864727, 89.80998705386412, 7.73921570394949, 5.249448039703207, 26.0, 0.0
4, 0 ,1.0,1.0,1.0,192.2339274299108,116.89475206234209,236.03211469970472,15.88709850228926,15.684279527968226,13.922435475965665,95.0,81.0,81.0,0.7004488224868248,0.537988934937036,0.46897692156665244,17.74977977748679,0.5321535094174241,-0.8315606497166225,0.1591211119166414,14.816501594293733,0.47558815112609776,0.1381115191726684,-0.8687583776748732,12.55576883636858,94.756395178579,79.61536084408564,84.05789718344322,25.070190288008895,7.982248532733584,131404.0,634138.2060236279, 0.0, 0.0,0.0,NaN, 171.37619381550604,171.37619381550604,0.0, 252.39989882144167, 31.932773860427854, 56.94734426840724, 31.932773860427854, 245.9966243114432, 31.52649193553446, 56.94734426840724, 31.52649193553446, 193.83420958242732, 6.030182991372912, 4.555078150933334, 39.0, 0.0
5, 0 ,1.0,1.0,1.0,22.210551243046247,135.19832547983913,188.31314169201994,14.373193332203137,15.603562248103904,15.231039640548923,68.0,81.0,74.0,0.3289157303101347,-0.6871450727084025,0.6478009658893039,17.018403456134465,-0.6779177758023548,-0.6493677744386905,-0.34459974284919404,14.359789992804513,0.6574510868541775,-0.325811513874367,-0.6794151351133962,13.646053828638406,86.00442834142834,79.17372959108158,66.47888201985776,24.872465654935848,7.962717009373208,124573.0,452674.0765042184, 0.0, 0.0,0.0,NaN, 176.76495726749494,176.76495726749494,0.0, 206.58868656488872, -14.572851894155813, 26.703624433544306, -14.572851894155813, 243.47115483045334, -41.55886491168313, 26.703624433544306, -41.55886491168313, 231.98456853197266, 5.8034036857004985, 4.420721819551498, 30.0, 0.0
6, 0 ,1.0,1.0,1.0,261.05967799690563,140.6021376789563,128.82204701001953,18.8746696909624,14.842623371580425,13.6760874628568,86.0,89.0,74.0,-0.89174325582756,-0.42206122176286404,0.16327366833051196,19.973986439366648,-0.4155322880251394,0.620764681875285,-0.6648188680722511,13.93307865953117,-0.17923973692977738,0.6606932229259775,0.7289427836840344,13.057609948705908,100.42577101402657,72.095420136743,69.55905739171111,26.31843670710025,8.422106748271295,148011.0,503624.1412707066, 0.0, 0.0,0.0,NaN, 194.62895363601106,194.62895363601106,0.0, 356.2531559429346, 79.8899765414855, -26.7354733177902, 79.8899765414855, 220.30346855058545, -25.495248972535954, -26.7354733177902, -25.495248972535954, 187.03536829170895, 5.750125450031288, 4.363156461649352, 35.0, 0.0
7, 0 ,1.0,1.0,1.0,51.744142318973,250.14611264491097,215.283889804755,19.6336804554402,17.652431027610458,12.929846285800217,108.0,90.0,69.0,0.7754872724216995,0.6166212032825831,0.13563842366487266,22.22000333143145,-0.5915336746526965,0.6345039163700419,0.49748637354500097,15.300600410419662,0.22069753524638647,-0.46602904606195694,0.8568019176932037,11.6804851533291,131.56530583667393,72.98589227810791,58.70634668886021,27.48936454199236,10.421395850019834,151041.0,563722.4832652208, 0.0, 0.0,0.0,NaN, 111.08413782063097,111.08413782063097,NaN, 385.4814082263345, 134.19164679234544, 8.838679044132368, 134.19164679234544, 311.60832118454437, 60.71494386225471, 8.838679044132368, 60.71494386225471, 167.18092497442166, 6.3102205468445804, 4.6260226850799215, 34.0, 0.0
8, 0 ,1.0,1.0,1.0,30.902696563038997,10.984813428126708,73.63308232720541,18.09261058052521,7.408227760806107,13.937099770754715,75.0,31.0,69.0,-0.9947483651564424,0.05380473209892332,-0.0870674498440634,18.142140278561552,0.0883531807448526,0.02199395239826681,-0.9958463644107812,13.903664667768075,-0.051666289501499936,-0.9983092290776772,-0.026632267411569058,7.3496939469432725,77.38248699688535,69.37230183786791,34.2798005546502,22.57359532622275,8.179238365668166,71313.0,184020.86801283635, -3.552713678800501E-15, 0.0,0.0,5.874557202981993, 80.60690785486703,80.60690785486703,0.0, 327.34255761853285, -14.454298369472966, 11.57219522763694, -14.454298369472966, 54.88183855597826, -4.339732893577092, 11.57219522763694, -4.339732893577092, 194.2427500199711, 5.8877368384625015, 4.3210256547501045, 23.0, 0.0
9, 0 ,1.0,1.0,1.0,223.00798445892426,25.771671070356902,270.0084527725904,17.924466462321764,15.322111181006537,16.558958842974114,97.0,69.0,73.0,-0.9381218528420721,0.30959381687269233,0.1551742819360067,18.30975404841074,0.05229475772098606,-0.3163008286302613,0.9472164716276388,16.659442108873137,0.34233411681434983,0.8967192728842215,0.28053858576483104,14.746816682699516,106.32809082514203,78.83739642805787,82.18793890538598,27.50363385628341,8.590857446423838,172961.0,688951.0697991168, 0.0, 0.0,0.0,NaN, 86.55311890353727,86.55311890353727,NaN, 321.28649795889766, -35.20078328494932, -14.16983986724714, -35.20078328494932, 234.76709104312556, -12.338620747479329, -14.16983986724714, -12.338620747479329, 274.1991179633106, 5.828668473727809, 4.322537916100896, 35.0, 0.0
10, 0 ,1.0,1.0,1.0,140.07973684389748,20.568768601063795,248.21714464732042,17.205275261079855,13.34702896198384,16.41870706094594,77.0,60.0,80.0,-0.8704231165986667,0.26450748164598764,0.41521005556701235,17.472618851681908,0.47326500780128117,0.21729478055248028,0.8536997193015257,16.600954714919144,0.13558698492671586,0.9395843605009335,-0.3143205354737987,12.761446371464796,90.52025795509371,92.61115839699289,68.38435808136838,26.058937081079357,8.041792006695122,146833.0,573278.789704457, 0.0, 0.0,-2.8421709430404007E-14,65.46745462224568, 150.75433998560774,150.75433998560774,0.0, 296.0214968095265, -21.200296546289174, -5.929479950221127, -21.200296546289174, 178.14318211203542, 36.556662207567264, -5.929479950221127, 36.556662207567264, 269.57394155315615, 6.626256236898393, 4.616195126637851, 23.0, 0.0
11, 0 ,1.0,1.0,1.0,162.98758894113365,253.9944935502715,280.42899552780517,17.585690863155715,14.46360749711876,11.635707413672757,89.0,77.0,53.0,-0.853987845063975,0.5150621224996729,0.07359191836825692,19.171136618510708,0.5197867893323282,0.8508172724820859,0.0770172869019259,12.340707590392405,-0.022944588001932494,0.10402393384349264,-0.9943100960309851,11.576554275975926,93.17834857135271,65.21909893198335,54.982321907190254,24.180179288733466,8.316314180365467,104423.0,334128.00644840434, 0.0, 0.0,0.0,NaN, 145.84900282110414,145.84900282110414,0.0, 309.25652313447847, -94.63089679820428, -13.944025950182947, -94.63089679820428, 209.19594183070998, 10.048894136622211, -13.944025950182947, 10.048894136622211, 135.38968701659914, 5.952003039635485, 4.562212410049791, 26.0, 0.0
12, 0 ,1.0,1.0,1.0,40.439323723082396,88.18535682505784,36.01828795159281,17.672525579390452,14.559464796329767,16.900843117540113,82.0,82.0,78.0,0.738632790179959,0.39873982746833175,0.5435330268359907,20.773597427270364,-0.33966676243529037,-0.4763155634100354,0.8110178632743598,15.161337951439227,-0.5822783627851001,0.7836644907381637,0.2163836273575191,12.187130714217881,106.18105883549077,78.05917850680824,63.070561656294856,26.79833923136148,9.580380370006566,140475.0,522754.435889262, 0.0, 0.0,0.0,NaN, 103.48581124244465,103.48581124244465,0.0, 312.3181603542098, 96.51446797578505, 91.21567807329207, 96.51446797578505, 211.97801515556577, 29.915926807729974, 91.21567807329207, 29.915926807729974, 285.638498083703, 5.802409952726201, 4.386489782842563, 34.0, 0.0
13, 0 ,1.0,1.0,1.0,190.98587165279588,283.51306872116385,60.785249122497184,15.203452540700553,10.402532195112386,14.6452807064034,71.0,43.0,82.0,0.8065876816664876,0.09069671438626759,0.5841150723816468,15.881062547717788,-0.5809076712927866,-0.061217995328031696,0.811664114323905,13.962410611052908,-0.10937362212651064,0.9939952027286417,-0.003308736220126732,10.328835097960857,82.49640770740962,69.38504386816948,47.32206557490218,22.436761131850137,7.101664742118267,90598.0,270872.3015672756, 0.0, 0.0,0.0,NaN, 125.89974421410791,125.89974421410791,1.3486991523486091E-6, 231.1449691573341, 13.784583853541662, 26.945176702320403, 13.784583853541662, 108.2126760703497, 3.3237297185252115, 26.945176702320403, 3.3237297185252115, 214.48424696935163, 5.919076455488721, 4.493374008869876, 29.0, 0.0
14, 0 ,1.0,1.0,1.0,279.7807222819556,207.46838999972894,209.19486433495666,12.769724762012622,15.030975261797824,14.899922257064006,55.0,79.0,86.0,0.40070038015090403,0.21427542561823013,-0.8908003408862434,15.441448847434723,0.1300635625278689,-0.9757242174484685,-0.17619796022409798,15.01654609494238,0.9069303584341413,0.04525807619309472,0.41884249007212726,12.127191428991928,92.4867983818722,79.25500397728842,61.238545242351165,23.596444281510852,7.362851917188568,110677.0,448881.08253333817, 0.0, 2.8421709430404007E-14,0.0,77.62697839940341, 131.2116256428088,131.2116256428088,0.0, 163.06587049755834, -2.1079686212723305, -34.41114989975302, -2.1079686212723305, 225.93021732077815, -3.956944687009337, -34.41114989975302, -3.956944687009337, 222.00768326655134, 6.793660491896663, 4.931510949103017, 28.0, 0.0
15, 0 ,1.0,1.0,1.0,52.69950150621607,186.9188387711424,48.043650074807616,19.851807916141492,16.21154061221728,13.736934377499342,98.0,92.0,79.0,-0.9003652067101428,0.4183566305449993,0.11966713928575626,20.92149079511309,0.32317095176178545,0.8270661910691434,-0.45991526559547996,15.394877060104015,-0.29138124593594444,-0.37541875987943646,-0.8798623325540206,13.072898525841651,98.90318108022534,82.70017631710247,68.80065868755656,27.468204226323824,9.545126988869612,149049.0,562741.9509496547, 0.0, 0.0,0.0,NaN, 133.68911248258445,133.68911248258445,0.0, 394.094277539378, -82.83173406248545, -38.57176470019748, -82.83173406248545, 262.8140490215702, -11.786378741521853, -38.57176470019748, -11.786378741521853, 188.7033660917232, 5.940316217329264, 4.369505661297549, 35.0, 0.0
16, 0 ,1.0,1.0,1.0,74.43432964031629,62.42130496391416,156.78961550039278,16.98475560680076,13.784789973924138,14.102458048572624,82.0,63.0,69.0,-0.9840826727236314,0.015851960980790447,0.1770028490679682,17.067393807864466,-0.14101473356754016,-0.6757926085077948,-0.7234771559649316,15.110525078129202,0.10814868543810452,-0.7369213428984762,0.6672711564414546,12.560166445162992,79.71595904717269,77.4946149209402,71.20676801191027,24.948550983949136,7.412926848482022,136203.0,439883.9073013537, 0.0, 0.0,0.0,NaN, 173.04942349203762,173.04942349203762,0.0, 288.4819230227499, 4.641959885242885, -16.060764330864544, 4.641959885242885, 190.02043462519944, 34.87789911926309, -16.060764330864544, 34.87789911926309, 198.87932301175076, 5.593682856515747, 3.995448674226874, 34.0, 0.0
17, 0 ,1.0,1.0,1.0,280.92923014810566,103.47068698072714,164.4361042051805,11.871654685545847,14.18841663570044,15.174326893373435,48.0,70.0,72.0,-0.28975969415057484,0.6223637577526112,0.7271194349498672,16.17725207493935,0.4136487762597625,-0.6036616914848796,0.6815330161719347,14.005893364778714,-0.8630955969906037,-0.4982528627812007,0.08252317968771748,10.70696103599606,81.20923164197596,72.70710352397947,55.4088288956188,22.768866281004662,7.354337260813493,94122.0,327160.7659784583, 0.0, 0.0,0.0,NaN, 171.60258497492458,171.60258497492458,0.0, 140.93618497284268, -46.87837863646499, -8.001562970286235, -46.87837863646499, 201.311166628221, 33.01043020231277, -8.001562970286235, 33.01043020231277, 230.26019666695626, 5.617241376315888, 4.31072821766489, 23.0, 0.0
18, 0 ,1.0,1.0,1.0,13.357164634146342,252.56179323725055,78.27926829268293,8.873335542277701,15.540014539378081,18.309193173791055,36.0,79.0,96.0,-0.012484844434809315,-0.4462779790144736,0.8948072943970652,19.154938922143486,0.25097060043616665,-0.8676302552598747,-0.429221968070595,14.808968400792695,-0.9679141937052834,-0.21921155445012916,-0.12283488111855488,8.320904998760868,106.45525698565366,80.80834034126863,43.516996478063795,23.29792945277265,10.614196786323355,72160.0,374353.771473685, 0.0, 0.0,0.0,NaN, 92.5010332502664,92.5010332502664,0.0, 78.73608364584871, -31.018723629486086, -19.491125023660032, -31.018723629486086, 241.49205188408217, -62.98482895395138, -19.491125023660032, -62.98482895395138, 335.22655467519695, 7.074476754862791, 4.838539365808353, 23.0, 0.0
19, 0 ,1.0,1.0,1.0,276.9057602131115,208.3856441695404,287.41730070976337,14.636784106024026,14.505833265644686,7.641139382680503,63.0,76.0,34.0,0.7291689592045828,0.6724140363149106,-0.12716914995075176,15.401900009759407,-0.6786257293043351,0.73444360865182,-0.007726916374097129,13.797967758238059,-0.08820288237164012,-0.09193448470070256,-0.9918509475037826,7.445751848845675,92.40462716267862,69.52975239515081,39.86626070723361,20.578284316930294,7.71854088116078,54807.0,256135.57618832611, 0.0, 2.8421709430404007E-14,0.0,47.74634419392189, 95.31452369388882,95.31452369388882,0.0, 214.23544896635752, 21.868919155138524, -16.14838691835108, 21.868919155138524, 210.41919873068395, -16.30981567685801, -16.14838691835108, -16.30981567685801, 58.38701106555098, 5.362185523334538, 4.20049039275889, 11.0, 0.0
20, 0 ,1.0,1.0,1.0,235.42426678862267,91.79637525079664,182.93457158031393,13.341780845415483,19.319380118160645,13.751974754365774,66.0,89.0,71.0,-0.10048318609406288,-0.9324130107144534,0.34714421608719565,20.199159773462046,-0.7968230511609247,-0.1335204196696746,-0.5892752520425647,14.131550952104309,0.5957987533143889,-0.33582476826708535,-0.7295516229626098,11.517447028574596,91.48967859503026,70.48640944780652,63.18025262867026,25.896705894517424,8.349790280880834,135568.0,407435.4829356193, 0.0, 0.0,0.0,NaN, 162.1755664705898,162.1755664705898,0.0, 178.00311612709547, 32.93196687049979, 21.877841720871313, 32.93196687049979, 373.2384481499808, -83.85178029863631, 21.877841720871313, -83.85178029863631, 189.1168096447136, 5.734822221731691, 4.088968162047619, 40.0, 0.0
21, 0 ,1.0,1.0,1.0,272.83252333497086,63.71019896133062,238.99527159800687,15.995595494524183,14.473738267429692,13.015005366369301,64.0,76.0,63.0,-0.9420187867699998,-0.01437867733097415,-0.33525193364183514,16.38650299077409,0.04189667803797562,0.986223746704318,-0.1600230914770721,14.52554558845348,-0.33293433848397186,0.1647907008138168,0.9284388785394175,12.459116519088901,77.07240001753433,75.4756549408438,69.81629958609707,24.05132537301747,7.501485662633915,113992.0,406127.6890263473, 0.0, 0.0,0.0,NaN, 92.29646866179759,92.29646866179759,0.0, 255.85907522444234, 3.8385361110495633, 35.40400843986906, 3.8385361110495633, 209.48909943405866, -8.25415996525915, 35.40400843986906, -8.25415996525915, 169.39036468662172, 5.241546726994296, 3.9471248534119017, 26.0, 0.0
22, 0 ,1.0,1.0,1.0,202.81462117319955,176.78813704453646,190.2179777771062,13.07163749802274,13.200921583187482,15.260955647428931,65.0,69.0,66.0,0.3708827471483801,0.5614102823467805,0.739773264414833,16.35064862890143,-0.6576674497077041,-0.4036410099892844,0.6360404551990341,14.176407570965154,-0.6556824791487379,0.7224212274913714,-0.21951778198411667,10.474471948220495,77.64066600126222,75.85935594927466,57.51909925634714,22.940970901433936,7.193098004160433,99267.0,338774.3180484837, 0.0, 0.0,0.0,NaN, 191.51567412097788,191.51567412097788,0.0, 170.8677068797142, 57.04608075083829, 5.075918755017322, 57.04608075083829, 174.26433064546507, 42.037628724855615, 5.075918755017322, 42.037628724855615, 232.89676727279297, 5.602311347570578, 3.9321173121299706, 43.0, 0.0
23, 0 ,1.0,1.0,1.0,100.86128020446097,229.27437267657993,156.2958062267658,16.306585974097676,11.75383048085314,11.417967932427484,81.0,58.0,60.0,-0.9588294465673931,0.28329593599601877,-0.019735882128911503,16.68053760558646,-0.13477829883266118,-0.5151319764905145,-0.8464477874982901,11.541749389696347,0.2499618021999373,0.8089390950158832,-0.5321058522473172,11.089407334175869,82.69831078730918,57.54126107180292,52.472285797059655,21.982628916944474,7.154809201445887,86080.0,249692.78744986418, 0.0, 0.0,0.0,NaN, 189.27759379490573,189.27759379490573,0.0, 265.904746130639, -41.46437866948155, 4.106008621675215, -41.46437866948155, 138.15253097263235, 3.5955698017687285, 4.106008621675215, 3.5955698017687285, 130.36999170594234, 5.737030070074263, 4.008895775038446, 31.0, 0.0
24, 0 ,1.0,1.0,1.0,52.63700160690971,20.50370342472632,164.7253063171638,13.088024515828346,11.93659016377671,12.981582055998274,65.0,49.0,67.0,-0.464325035000714,0.6124647802786466,-0.6397571060877822,13.867897756749148,-0.8001187585526548,0.019645064372365573,0.5995198442570215,13.32124790453925,-0.37975285921733803,-0.79025373416646,-0.48092286445148547,10.607818306120803,73.20334442809852,72.80646652630182,58.56511319199173,20.987711313366237,6.46653052017085,79656.0,312133.12774619437, 0.0, 0.0,0.0,NaN, 146.59569756060412,146.59569756060412,0.0, 171.29638572692383, -23.712280499573744, -7.443140100421997, -23.712280499573744, 142.48218473797093, -30.50038246163017, -7.443140100421997, -30.50038246163017, 168.52147267661636, 5.394543968481544, 3.986680894427276, 20.0, 0.0
25, 0 ,1.0,1.0,1.0,187.15432918161193,59.59407273514653,58.303612280057614,15.242417807110938,14.909167947296,12.054674912306776,78.0,79.0,63.0,-0.6738560176761292,0.7060750489409037,0.21766049872397392,15.956441670563022,-0.7309080762132528,-0.593909466356279,-0.3362215488314839,14.684790069954751,-0.10812701590217953,-0.3856547303424408,0.9162854235425709,11.387655006360527,86.1982484738171,73.54539571992049,59.50084743695038,23.40670498954229,7.214980128949089,106221.0,377204.68782830663, 0.0, 0.0,0.0,NaN, 140.30292275115733,140.30292275115733,0.0, 232.3313006065326, -22.123945682560432, 2.801874242315661, -22.123945682560432, 222.2832888806784, 36.36553180907245, 2.801874242315661, 36.36553180907245, 145.31518724139838, 5.468196986163114, 3.856755930532937, 35.0, 0.0
26, 0 ,1.0,1.0,1.0,80.09603452688808,205.78491302083793,187.0120385161911,15.043305286350007,14.69038175300708,13.371410793768607,72.0,72.0,68.0,0.8213449494177958,-0.1317440113250929,0.5550099004034544,16.53772394493667,-0.014235929093695811,0.9679273527530257,0.250826589729556,14.798914625399597,0.5702541647272014,0.21391623424250325,-0.7931267441832918,11.331318953869545,75.9469112366131,76.13333067146385,61.71671157320364,23.838964663976153,7.2530504171064205,113303.0,356851.66146265477, 0.0, 0.0,0.0,NaN, 167.5056321491615,167.5056321491615,0.0, 226.30103393832607, -16.94914202253893, 65.8198283267473, -16.94914202253893, 215.80731604908337, 11.388827997842935, 65.8198283267473, 11.388827997842935, 178.79462661571162, 5.438871833656993, 3.886683330615138, 23.0, 0.0
27, 0 ,1.0,1.0,1.0,36.063449904087356,176.1146279081206,204.15307494302624,14.456884717294706,12.12744117915581,19.00181087035131,70.0,63.0,86.0,0.14649063029110515,-0.007178683574175505,0.9891860096761663,19.091461957989225,0.9881016210033537,-0.04630598592644671,-0.1466660909614922,14.343070629831837,-0.046858102900776,-0.9989015077421407,-3.0987581169674035E-4,12.121780679831666,85.03225140894389,79.61878096807854,63.58092078794351,25.406146437965802,8.465983983468126,121986.0,430453.27373119025, 0.0, 0.0,0.0,NaN, 160.73204683635797,160.73204683635797,0.0, 209.00151572914925, -2.918533438335875, 23.00453494614943, -2.918533438335875, 147.07482955388403, -1.145561350715105, 23.00453494614943, -1.145561350715105, 361.06881635260123, 5.358653373218249, 3.8803287748713093, 38.0, 0.0
28, 0 ,1.0,1.0,1.0,286.1273314842617,77.35906766075473,285.9711951958065,9.607361912483997,15.191088995557127,8.6622670783816,41.0,75.0,36.0,0.3247629439671205,-0.9405800202898241,-0.09918798141611139,15.808453549409101,0.6613708738749339,0.3008146884477941,-0.687094673537761,9.558845920815406,0.6761047237046305,0.15754284701518664,0.7197656937772416,7.538349936417393,75.68073926729892,51.8516140762317,40.795697242241715,18.591958391591156,7.241860388797135,39299.0,160089.18946167367, 0.0, 0.0,0.0,NaN, 79.83535335503281,79.83535335503281,0.0, 92.30140291744817, -52.10673998255451, -21.917627948798053, -52.10673998255451, 230.76918487093684, 10.873291040280266, -21.917627948798053, 10.873291040280266, 75.03487093721371, 6.118121913148021, 4.1933810750650595, 9.0, 0.0
29, 0 ,1.0,1.0,1.0,60.582645209721306,43.40719714741484,33.31803040255231,11.773125140662897,12.887857006239518,15.417138954551676,61.0,71.0,68.0,-0.3319605840539518,-0.2218343183141654,0.916837884171814,15.939225414779859,-0.28425176171468275,-0.9032499842880789,-0.32146601973720934,12.978102167443605,-0.8994459998224785,0.36732683144806394,-0.23678659654141634,10.949952723330451,79.73287062857456,79.79469303306627,63.325509316198435,22.128375982309695,7.2613004152480025,85256.0,402893.3508778857, 0.0, 7.105427357601002E-15,0.0,77.18320578794845, 81.63658992576127,81.63658992576127,0.0, 138.60647557770875, 22.3394000293154, -36.396849983770935, 22.3394000293154, 166.09685821327702, -13.194481836527608, -36.396849983770935, -13.194481836527608, 237.68817354395478, 6.1056209138933735, 4.328103616125537, 22.0, 0.0
30, 0 ,1.0,1.0,1.0,120.08742275724296,234.89280723727111,78.20121932285143,12.777910061260416,14.251075251701923,13.529398557052627,68.0,71.0,72.0,-0.3501263143831268,0.8158680233443373,0.4601857586461057,14.990868627077226,0.31876567296435515,-0.35818055301172774,0.8775506465063968,13.126481700521932,-0.8807951008697026,-0.45394499658925314,0.1346622826017496,12.344314183075685,74.49659709935662,72.05538365482518,64.46979714625095,22.4237268116902,6.825630560877755,96611.0,346066.19175945234, 0.0, 0.0,0.0,NaN, 157.4019261556244,157.4019261556244,NaN, 163.27498553366016, -22.940230925319465, -6.083339354740166, -22.940230925319465, 203.09314582967102, 20.89958521604706, -6.083339354740166, 20.89958521604706, 183.0446253155777, 5.794918664672214, 4.178649196547162, 33.0, 0.0
31, 0 ,1.0,1.0,1.0,28.07454195455639,188.35211921212746,128.6521690557217,14.039840109532394,12.84732586250664,16.43390729926321,61.0,70.0,81.0,0.4346711703738283,-0.04909083192067524,0.8992502787695884,17.11948774772856,0.8035222314124535,0.47207289935990443,-0.36262818604720376,13.354061739100342,0.4067099670180194,-0.8801916086348865,-0.24464205447333076,12.682128195342901,80.17732445042343,75.6691904582769,63.84963393107344,24.044893040078748,7.354408197166501,116364.0,387372.7430853466, 0.0, 0.0,0.0,NaN, 172.64069564596625,172.64069564596625,0.0, 197.11711030123456, 3.8142700315733093, 46.59234888462665, 3.8142700315733093, 165.053781817432, -8.832594057347226, 46.59234888462665, -8.832594057347226, 270.0733091207766, 6.129722609963106, 4.183772326690934, 30.0, 0.0
32, 0 ,1.0,1.0,1.0,108.18125109925543,206.25934220554612,278.4036700474878,11.380324281020002,15.965943950546986,12.132064254350793,58.0,89.0,51.0,0.2172425649941591,-0.9757981989544279,0.024970840435470914,16.167554656720636,-0.3549525438379568,-0.10280207470391467,-0.9292149509449004,12.312687451223571,-0.9092933297774277,-0.1930015760398498,0.3686950393867703,10.891190669312065,90.78386256093466,61.935024238326776,63.3687563443561,21.950517372320018,7.055842765566119,85285.0,356303.552440031, 0.0, 0.0,0.0,NaN, 144.76496634391498,144.76496634391498,0.0, 129.51178074117342, -29.06187385605126, 11.653597565881558, -29.06187385605126, 254.9113662320079, -0.3280222091851035, 11.653597565881558, -0.3280222091851035, 147.18698307169623, 5.401090602211651, 4.095717181244173, 31.0, 0.0
33, 0 ,1.0,1.0,1.0,218.09669903311232,135.67888448668734,209.92236158725598,13.389784543502742,12.878259067069395,15.064955174772745,72.0,60.0,78.0,0.4963497331141392,0.3201269764441101,0.8069421673145326,16.582970654508827,0.5989871242469316,-0.7991061086686742,-0.051418402102757214,12.64871876617693,0.628371997644639,0.508869478394177,-0.5883880407816975,11.709131435924471,80.01550064161825,63.23929445787053,52.42732727670207,22.824765800078488,7.149743163881333,97426.0,265288.76685190806, 0.0, 0.0,0.0,NaN, 182.2934210190853,182.2934210190853,0.0, 179.28633012142492, 10.955568629020139, 54.52405345068663, 10.955568629020139, 165.8495565985551, 36.56095993120249, 54.52405345068663, 36.56095993120249, 226.95287441791208, 5.506564814637058, 3.7225648932077515, 30.0, 0.0
34, 0 ,1.0,1.0,1.0,25.973630584871803,283.0455508581972,134.02190861441446,16.270159548133325,10.832059788773458,15.222498512321978,64.0,46.0,79.0,0.8686673586632162,0.16375755881181003,0.46754730447845416,16.95586908877554,0.4410968874932959,0.17393181928471782,-0.8804437847381487,14.730154651053919,0.225500678129353,-0.9710464377012585,-0.07885594455015395,10.454526261254614,88.32302226793763,87.2650636487711,51.08175952156975,23.517738846341746,7.7905090656645495,98637.0,393713.38482323615, 0.0, 0.0,0.0,NaN, 137.5643660986079,137.5643660986079,0.0, 264.71809172171396, 33.611043297973325, 30.55763034465821, 33.611043297973325, 117.3335192675629, -2.845751953167342, 30.55763034465821, -2.845751953167342, 231.72446095764482, 6.003289767774349, 4.176155849752355, 18.0, 0.0
35, 0 ,1.0,1.0,1.0,280.4193134803364,231.86658786087747,42.96463741759491,11.73941113689292,15.30059395207088,18.242915829128798,50.0,75.0,88.0,0.16855265561333288,0.49723801324967715,0.8510842264225132,19.825188532564386,0.10328033046449123,-0.8675940382447205,0.4864296024517475,13.487376619919115,-0.9802668899972287,-0.005911258895853505,0.19759018546837667,11.392036632515216,97.45028339768908,68.78923058735708,56.40472622464205,24.95338397293275,9.058396953951075,109975.0,378110.77525995456, 0.0, 0.0,0.0,NaN, 82.89466329460697,82.89466329460697,9.5367431640625E-7, 137.81377384100554, 17.392790792302684, 40.38423014435109, 17.392790792302684, 234.10817528614797, 89.40877617814057, 40.38423014435109, 89.40877617814057, 332.8039779486781, 5.869702382720744, 4.260715079350376, 18.0, 0.0
36, 0 ,1.0,1.0,1.0,61.08967622834422,111.16329573578935,162.27731569765083,12.523496872529515,13.845518487071024,14.887084023096074,62.0,71.0,75.0,0.41897704334319935,0.5144146365383537,0.7482217711791767,16.025232337568706,-0.22931615491869295,-0.7373759440007307,0.6353666801952534,13.449524201027481,-0.8785626547063659,0.43778339270025435,0.19098000636495446,11.50929424837695,77.7889587778046,70.32770009210178,62.61231130527091,22.771588545818474,7.1844541826651716,98588.0,342534.3337552699, -7.105427357601002E-15, 0.0,0.0,65.22997920502137, 187.23451773636992,187.23451773636992,0.0, 156.83797391625654, 34.98808478110799, 31.92474998901477, 34.98808478110799, 191.6983821758255, 25.171912348191828, 31.92474998901477, 25.171912348191828, 221.62527071072242, 5.431108077103145, 3.950484854437318, 28.0, 0.0
37, 0 ,1.0,1.0,1.0,167.12756571003993,159.0833681619764,253.80204560230334,16.264697402114408,10.944145204697492,12.23144961964902,86.0,53.0,64.0,-0.9728715836100899,0.1976039916648197,0.12030604424602344,16.470485443456923,-0.1982653548189725,-0.4441845268528254,-0.8737224703434379,12.702901359522443,-0.11921296440615543,-0.8738722839080448,0.47131252957547726,10.063918816692572,88.71922691444966,74.05701468954072,54.98016123211151,21.996061549511353,7.077876231753703,86136.0,361235.11371512176, 0.0, 0.0,0.0,NaN, 199.11512226158135,199.11512226158135,3.814697265625E-6, 264.54038158234715, -27.389152611727926, -9.48873731167124, -27.389152611727926, 119.77431426150311, 27.358439102464335, -9.48873731167124, 27.358439102464335, 149.60835979801215, 5.488225920292783, 3.9663168772527593, 22.0, 0.0
38, 0 ,1.0,1.0,1.0,82.80168600614897,280.8851829812556,120.06587325200833,13.364704186565964,11.491949311246579,18.254685054232695,65.0,47.0,83.0,-0.4484612475091712,0.049971843566371445,0.8924042381864268,19.630419690556376,0.5519263711853544,-0.7698547636816802,0.3204698482334823,11.861712562597557,-0.7030361230212036,-0.6362597407405272,-0.3176692494405347,10.856341061832614,86.17800545222103,63.78938494315564,56.94064826569189,24.00626774722448,8.222703463248196,100830.0,313016.5210707897, 1.4210854715202004E-14, 0.0,0.0,63.354998028990245, 147.09625880656617,147.09625880656617,0.0, 178.6153179944138, -15.699463265960592, -103.01326786128003, -15.699463265960592, 132.06489897226072, 6.293886885237722, -103.01326786128003, 6.293886885237722, 333.2335264292265, 5.349151213817519, 3.787196693260486, 19.0, 0.0
39, 0 ,1.0,1.0,1.0,284.13111333549506,149.1216957324724,174.06786877387884,10.207676078033384,11.895595931062951,15.348337392413706,46.0,54.0,72.0,-0.12563736397381498,-0.18796849298499996,0.9741063075551142,15.502086829177454,-0.4130841730566093,-0.882808730418974,-0.22362963011679918,12.196178462617425,-0.901984877225693,0.43048413575994576,-0.03326695229750435,9.602700090556347,74.64787308155965,60.82685527912372,48.66975880439489,20.87827250285454,6.735803699417425,70931.0,220989.68162381355, 0.0, 0.0,0.0,NaN, 195.82646240294488,195.82646240294488,0.0, 104.19665091405501, 24.114410197066096, -12.90286587806408, 24.114410197066096, 141.50520255512146, -15.956575309189478, -12.90286587806408, -15.956575309189478, 235.57146071136475, 5.700152691558893, 4.106299604711833, 16.0, 0.0
40, 0 ,1.0,1.0,1.0,180.2096249892362,237.12054378713512,214.28586497890296,12.75507361672019,12.49099349609186,14.987656018308295,69.0,66.0,76.0,-0.38952213840460004,0.15423843440806598,0.9080104674749389,15.466772833751504,0.52723026006031,-0.7710235616430966,0.3571427169465071,12.686231128412071,-0.7551825981638124,-0.6178455897249278,-0.21901157660729006,11.96599900869662,75.70911217860791,68.9435741164411,57.32332038578056,22.277354149083667,6.860477135506061,92904.0,299208.05829216354, 0.0, 0.0,0.0,NaN, 160.15765014903243,160.15765014903243,0.0, 162.6919029679515, -12.98743423592576, -30.62369995332972, -12.98743423592576, 156.02491851940917, 8.560638918682187, -30.62369995332972, 8.560638918682187, 224.62983292313282, 5.41467485029703, 3.79892546244684, 30.0, 0.0
41, 0 ,1.0,1.0,1.0,132.34351404903853,171.1740876199122,201.405392666044,13.963564420523898,14.27304652714365,15.469518435120342,69.0,69.0,73.0,0.5516499362925865,-0.04707262580280953,0.8327463693636945,16.4235359472957,-0.41823371188701175,0.8482057443716655,0.3250039652929196,15.102981874090586,0.7216390441415969,0.5275710218680871,-0.4482252858278578,11.839526789759523,73.23831128698686,70.76320268925215,60.85201232791756,24.1561897028853,7.381428597835265,114563.0,315370.26786478254, 0.0, 0.0,-2.8421709430404007E-14,33.61810112337737, 209.3604977228204,209.3604977228204,0.0, 194.9811313261209, -34.55579064963445, 47.56547207231345, -34.55579064963445, 203.71985716600742, 19.15986704842244, 47.56547207231345, 19.15986704842244, 239.3060006145281, 6.340488151783569, 4.366885483531195, 33.0, 0.0
42, 0 ,1.0,1.0,1.0,30.267033610812135,117.62958623414488,97.24808239894277,11.958028971759738,11.684389382929659,12.630576411139417,58.0,56.0,62.0,-0.3897692402873223,-0.42704732063971407,0.8159108561971005,12.944811709158442,-0.7432158032592877,-0.37729691576597096,-0.5525190559058923,12.048330917153399,-0.5437924320101338,0.8217527750412094,0.1703295852181194,11.23923683103956,71.4529542273645,61.71011747180778,57.21519437962664,20.124893883104026,5.834339620965731,73399.0,252282.9730320018, -3.552713678800501E-15, -1.4210854715202004E-14,-1.4210854715202004E-14,83.36359736907325, 155.59563750788683,155.59563750788683,0.0, 142.99445688944525, 12.149172465711501, -5.380242442257846, 12.149172465711501, 136.52495525191935, -10.444204086397553, -5.380242442257846, -10.444204086397553, 159.5314604776315, 5.081333626950329, 3.7728542746183127, 24.0, 0.0
43, 0 ,1.0,1.0,1.0,176.12581332278003,279.7583252825533,171.18185839162874,11.321962264165464,12.30366232919081,15.876561749958004,68.0,55.0,76.0,0.14512687115841627,-0.03750255499851931,0.9887020530151392,15.962170632407469,-0.3792841575126429,0.9208337994026875,0.09060155482957107,12.520853154794555,-0.9138280577481153,-0.38814774538337093,0.11941360318704378,10.957622652753884,76.57687506976089,65.56435822844654,55.17001945075563,21.94667795284156,7.069333494498347,85913.0,276992.8707803038, 0.0, 5.6843418860808015E-14,0.0,87.85075787945755, 179.85731324509453,179.85731324509453,0.0, 128.18682951118677, -13.551787715236555, 18.069573785630464, -13.551787715236555, 151.38010671074903, -1.9332822065883062, 18.069573785630464, -1.9332822065883062, 252.06521300022956, 5.729419115378851, 4.0624947295891936, 22.0, 0.0
44, 0 ,1.0,1.0,1.0,176.48533233383307,157.92784857571215,41.844940029985004,15.015041092932922,11.675644253517302,13.208290102061975,69.0,64.0,64.0,-0.7802340315282985,-0.25972374396937126,0.5690153186546303,17.2986668802046,0.0032541171927811447,0.9080168245091569,0.4189210631247871,11.240900585041237,-0.6254792296842426,0.3287081125053634,-0.7076204561816788,10.518047983457588,71.79370848444447,65.1863388281247,51.37491042175313,21.966366256224976,7.328697611086993,80040.0,240432.98851092893, 0.0, 0.0,7.105427357601002E-15,55.318410563411064, 192.85063739879755,192.85063739879755,0.0, 225.4514590224643, 38.26832576496591, -83.71683583714155, 38.26832576496591, 136.32066873469157, -21.891809986592087, -83.71683583714155, -21.891809986592087, 174.45892742022835, 5.9800970369949, 4.273444672592069, 28.0, 0.0
45, 0 ,1.0,1.0,1.0,125.24898354554608,91.01974279560025,211.96626263398718,14.95324973444348,10.820478821745041,13.44564423893614,80.0,69.0,77.0,0.8686989521631758,-0.11401314242651425,0.48204059358588414,15.804624880526239,-0.3838527014610629,0.4601338520374798,0.8005835008231151,13.10550706937103,0.31308023586876976,0.8804986323460035,-0.35595354239728194,9.996364608847594,83.80120583735163,69.54103925001445,63.22197756942113,21.613187322922688,7.371426069407437,78459.0,368433.847069716, 1.4210854715202004E-14, 0.0,2.8421709430404007E-14,36.588764358683235, 178.10626146320016,178.10626146320016,0.0, 223.599677620634, -27.52883258150184, 40.6802413928936, -27.52883258150184, 117.08276193183295, 18.223228172420725, 40.6802413928936, 18.223228172420725, 180.7853490000366, 5.786719186848435, 4.1082195598095295, 35.0, 0.0
46, 0 ,1.0,1.0,1.0,67.28267412153396,213.24229210417195,241.92739529968833,13.00477755337732,12.428311637078359,11.330751158978838,59.0,62.0,59.0,-0.7855693654508612,-0.6159029880167207,-0.05953386781661704,13.839575173299641,0.5390267498092906,-0.6339043421306575,-0.5546309115239891,11.644728423009695,0.3038600583412762,-0.46779140049809986,0.8299640176326095,11.173162048623587,69.59788152693022,61.66784001729667,50.94385527370902,20.402523273066084,5.97579578633124,74761.0,218648.53178534925, 0.0, 0.0,0.0,NaN, 124.20259873674553,124.20259873674553,0.0, 169.1242392128266, 28.592349499906916, -0.09770662335049085, 28.592349499906916, 154.46293014833736, 6.228570531978851, -0.09770662335049085, 6.228570531978851, 128.3859218267003, 5.217182884670146, 3.680644317088487, 27.0, 0.0
47, 0 ,1.0,1.0,1.0,54.04422933524814,101.88925405285978,271.59434118589303,11.771697389054628,11.608056101930792,14.04782567852466,61.0,64.0,63.0,0.5202735886206643,-0.23642773191977748,0.8206200829635147,15.235413969404497,0.34772153161371366,-0.8190066327197786,-0.45641852724579773,11.930535823391484,-0.7800032880930627,-0.5228097772041753,0.3438965068501441,9.808450862746472,75.39389678736066,64.64376131568355,54.00237930132849,20.678091526855603,6.56336521810958,72418.0,263193.82981151325, 0.0, 0.0,0.0,NaN, 118.78164954466897,118.78164954466897,NaN, 138.57285941947555, -29.85590986676414, 50.705823485618644, -29.85590986676414, 134.74696646557268, -9.124725671644402, 50.705823485618644, -9.124725671644402, 197.34140629421682, 5.1211058591303456, 3.814085517646154, 24.0, 0.0
48, 0 ,1.0,1.0,1.0,26.78405401671617,76.03196449540651,286.0371278579816,13.688528528700378,14.094350604521757,8.853660656659633,65.0,74.0,37.0,-0.6660637579645159,0.7364042634820005,-0.11860788781408893,15.916574329970633,0.743161475193864,0.6687798941932215,-0.02108257362333887,11.628079536507538,-0.06379727356138787,0.1021871510926714,0.9927173283657825,8.710009595786001,80.3474520815669,59.60037250788528,41.173730737662254,20.252255546247362,7.36613769603936,57908.0,197170.21203704318, 0.0, 0.0,0.0,NaN, 81.81202217923402,81.81202217923402,0.0, 187.37581328104412, -57.552536505922184, 13.090596875458576, -57.552536505922184, 198.65071896318284, -16.337876004440325, 13.090596875458576, -16.337876004440325, 78.38730702328267, 5.687673831828298, 4.094622283787595, 17.0, 0.0
49, 0 ,1.0,1.0,1.0,237.03473424094625,275.8620440725967,97.38148432655555,13.824151702274266,14.279218492266592,14.024840556981438,72.0,57.0,66.0,-0.6125364771881665,-0.7729264444374622,-0.16548043873271986,14.769753437260276,0.24088230940861477,-0.3819239245125057,0.8922498690943801,14.191531885350193,-0.7528444574597621,0.5066742813427861,0.42012664221385465,13.120754926289848,71.92083469475887,74.19199676103158,72.6927298169167,23.268432354051196,7.0908010457973765,108049.0,387884.7959985952, 0.0, 0.0,-1.4210854715202004E-14,80.47485473959425, 118.45007006373915,118.45007006373915,0.0, 191.10717028749247, 19.08389479398747, 10.947443190797037, 19.08389479398747, 203.89608074988823, -4.083495401417244, 10.947443190797037, -4.083495401417244, 196.69615264875142, 5.539102500312527, 3.8274720234277564, 27.0, 0.0
