// Sample: .//bubblelabels.tif, Map: .//bubblelabels.tif, Thickness:(8.191250068658265):/gpfs/home/mader/Foam/NewValid/InSilicoTest/LatticeData_Phi_6.65/out_Step_06000.vtk/distmap.tif, Neighbors:(1.0):
//LACUNA_NUMBER, TRIANGLES, SCALE_X, SCALE_Y, SCALE_Z, POS_X, POS_Y, POS_Z , STD_X, STD_Y, STD_Z,PROJ_X, PROJ_Y, PROJ_Z, PCA1_X, PCA1_Y, PCA1_Z, PCA1_S, PCA2_X, PCA2_Y, PCA2_Z, PCA2_S, PCA3_X, PCA3_Y, PCA3_Z, PCA3_S,PROJ_PCA1, PROJ_PCA2, PROJ_PCA3,OBJ_RADIUS, OBJ_RADIUS_STD, VOLUME, VOLUME_BOX, Mask_Grad_X,Mask_Grad_Y,Mask_Grad_Z,Mask_Angle, Mask_Distance_Mean,Mask_Distance_COV, Mask_Distance_STD, SHAPET_XX, SHAPET_XY, SHAPET_XZ, SHAPET_YX, SHAPET_YY, SHAPET_YZ, SHAPET_ZX, SHAPET_ZY, SHAPET_ZZ, Thickness, Thickness_STD, Neighbors, Neighbors_STD
1, 0 ,1.0,1.0,1.0,182.3841200069102,34.87839990786418,20.716240858398756,11.746068556860001,18.260152942122996,13.899308700794785,50.0,82.0,64.0,0.18908042021715143,0.9702913614959277,0.15094127499423193,18.47754211670057,-0.47788615249257455,0.22520802941703386,-0.8490619345736446,14.859077797858697,-0.8578306475909736,0.08840824222025506,0.5062712343805202,10.118415819430796,94.33738111764723,77.56409462923986,56.34813453038514,24.39518629386508,8.334805340246497,104194.0,412310.2068830803, 0.0, 0.0,0.0,NaN, 44.22651516191426,44.22651516191426,0.0, 137.9701265424552, 31.110791413013715, 54.867515328371184, 31.110791413013715, 333.43318546972307, 12.366871141101544, 54.867515328371184, 12.366871141101544, 193.1907823599896, 10.124673120008024, 7.034405974313665, 8.0, 0.0
2, 0 ,1.0,1.0,1.0,60.51693378975921,82.90613430976083,32.840081508904355,16.51072618197591,17.975349807022205,17.453364040258236,79.0,85.0,70.0,-0.08470427938435558,0.7916445443588471,0.6050818956478952,18.59688424702107,-0.5494841603262856,-0.5436905859551886,0.6344034239300897,17.042520769068634,-0.8311993398725088,0.2787462324957549,-0.4810490570252984,16.249479320936455,92.87051740516266,89.40169060664856,79.33047996100899,28.87878889053303,8.145719629273765,222307.0,658663.6226475615, 0.0, 0.0,0.0,NaN, 107.76918546140026,107.76918546140026,0.0, 272.6040790561849, 2.402505802295383, -13.395995118643542, 2.402505802295383, 323.11320068481325, 30.07576001136401, -13.395995118643542, 30.07576001136401, 304.61991632177933, 10.612848835411741, 6.709891803962757, 20.0, 0.0
3, 0 ,1.0,1.0,1.0,167.29707720964706,184.98243595119905,82.84560021065155,17.77565708672075,8.569017175046271,17.57379169894971,73.0,35.0,80.0,-0.7360053580364732,-0.024683560821180024,0.6765255610594398,18.939125574741364,0.6741461392093033,0.06454999067302714,0.7357718951504622,16.343413842052623,0.06183118898091217,-0.9976091521880194,0.030868811767015822,8.511318425518903,87.81244366179273,79.98739683350371,36.61550845546975,25.02885414887683,8.473290676192306,102539.0,257183.258944635, 0.0, 0.0,0.0,NaN, 90.32387205636576,90.32387205636576,1.3486991523486091E-6, 315.97398486468563, 13.671383922747232, -45.97329478166306, 13.671383922747232, 73.42805534623797, 4.465344171284875, -45.97329478166306, 4.465344171284875, 308.83815467807364, 10.696669072262992, 6.798926469306651, 12.0, 0.0
4, 0 ,1.0,1.0,1.0,14.240618101545254,113.89701198360139,142.50398927783033,9.116900113097278,18.276007606072355,19.7016232223546,37.0,93.0,103.0,-0.04294149844346333,0.2389956319937106,0.970070675569237,19.797082210880017,0.053118798981423576,-0.969046805366796,0.24109475772645428,18.207641830757527,-0.9976644831335841,-0.06188195937697402,-0.028917160950989198,9.046634411953205,95.1187135850901,95.89362376116401,39.03897807938675,26.79534355731072,9.343117409659172,126840.0,356085.377096991, 0.0, 1.4210854715202004E-14,0.0,76.17273065852537, 104.50986077031196,104.50986077031196,0.0, 83.11786767219316, -16.034333063225233, -9.719376795643164, -16.034333063225233, 334.0124540172145, 13.557959728290166, -9.719376795643164, 13.557959728290166, 388.15395759562193, 11.221751778200622, 6.912786310099226, 16.0, 0.0
5, 0 ,1.0,1.0,1.0,58.30481554813761,148.76198168705014,184.9159977412599,18.968063083596597,22.11454037908146,8.767392777420941,95.0,94.0,39.0,0.1001938173719011,0.9936839059229764,0.050532109297987626,22.17149746424206,0.9941515789737834,-0.09792547826687054,-0.04553283134330698,18.945088120831333,0.04029686072611018,-0.05479868443550707,0.9976839515596905,8.672705790117703,97.81133351622717,93.26929426330697,42.260604618099165,28.520225809920788,10.597368031069182,139901.0,385534.7922753604, 0.0, 0.0,0.0,NaN, 79.07156986478903,79.07156986478903,0.0, 359.78741714330005, 13.834125938609766, -10.734110604486734, 13.834125938609766, 489.0528961780244, 22.17160569821852, -10.734110604486734, 22.17160569821852, 76.86717611357287, 9.199605137823388, 6.405167174491504, 16.0, 0.0
6, 0 ,1.0,1.0,1.0,183.56594392274982,176.5869396704465,137.2655031892275,10.751406682776777,14.532631265805858,15.758345709791667,43.0,60.0,77.0,0.028556300320153105,0.46924749462352117,0.882604852978712,16.26606138705987,-0.35680102969655053,0.8295844653888939,-0.42951442349810004,14.4453366923679,0.9337438422391369,0.302648977488728,-0.19111785239877757,10.09272368947918,78.23944817814112,73.02335024049697,54.02409878266076,22.796142909141537,7.446572711099839,90304.0,308656.2415891998, 0.0, 0.0,0.0,NaN, 68.9482899225669,68.9482899225669,0.0, 115.59274565845712, -29.4333553966325, 20.46917000917064, -29.4333553966325, 211.197371507878, 29.336347608758405, 20.46917000917064, 29.336347608758405, 248.32545950930944, 10.579064493278777, 6.7544552373588855, 7.0, 0.0
7, 0 ,1.0,1.0,1.0,81.40731070496084,21.925533963960106,43.020935881522064,17.350330717362898,13.64936873181618,19.70044427935787,94.0,56.0,86.0,-0.3299996291466616,0.0641282300163188,0.941800305201713,20.04540368054564,0.9396622581282741,0.11764199556773082,0.3212400995020921,17.02006504709049,0.09019470833889207,-0.9909833151944666,0.09908069233632788,13.562666576297149,95.6795288215583,90.19526849949526,62.08149100180401,28.232626708429667,8.852431119500237,186904.0,535753.3834734164, 0.0, 0.0,0.0,NaN, 94.650304806381,94.650304806381,1.3486991523486091E-6, 301.03397600186656, 7.077852536016573, -35.79596373961294, 7.077852536016573, 186.30526677708121, 17.154541291781143, -35.79596373961294, 17.154541291781143, 388.1075048040842, 9.570588026244716, 6.1854767829885775, 14.0, 0.0
8, 0 ,1.0,1.0,1.0,51.8046759225955,183.23982447305949,121.80641680454643,14.675238023276885,9.684300457929757,12.597217283609908,62.0,36.0,58.0,-0.9707651210461017,0.02521681321246155,0.2387031463800926,14.804843712504985,-0.2344370524603927,0.11384428821092352,-0.96544225434535,12.480556167284645,0.05152036678859431,0.9931785289529557,0.10460430886351069,9.637971264396112,63.253609767119116,62.33736817574406,41.170397473914136,20.670695122300256,6.3687151648263685,69505.0,162337.49405059923, 0.0, 0.0,0.0,NaN, 95.28307501378889,95.28307501378889,0.0, 215.36261103983165, -4.769658915959221, -15.034617444234096, -4.769658915959221, 93.78567535945848, -6.150264897704991, -15.034617444234096, -6.150264897704991, 158.6898832904802, 10.911893020972581, 6.5633837360724065, 9.0, 0.0
9, 0 ,1.0,1.0,1.0,169.73893256102608,95.32454893777769,16.57549783238294,16.115463273041833,15.823454340185968,10.413450113052651,68.0,76.0,41.0,0.8064725224731449,0.5774837128517872,0.12694342002134987,16.521732672581233,0.5805803027450344,-0.8140670822702637,0.014876075707787416,15.486998111900343,-0.11193115098258624,-0.06170370292692459,0.9917984021386701,10.281782238284546,80.13742364912409,71.47864059079937,44.495177528565975,23.783749083681226,7.270700553741669,111182.0,254873.45391190032, 0.0, -1.4210854715202004E-14,0.0,54.72624567236907, 101.37676736377144,101.37676736377144,0.0, 259.70815650476015, 14.498663070172785, 18.281182206496585, 14.498663070172785, 250.38170725595015, 10.636557502260235, 18.281182206496585, 10.636557502260235, 108.43994325703628, 9.620300623183693, 6.085655896661982, 12.0, 0.0
10, 0 ,1.0,1.0,1.0,88.06041087671629,179.47305992124518,79.34423855400084,16.30294119846204,11.811781342877,18.83523152965453,83.0,53.0,88.0,0.531845295336097,-0.11279059580276354,0.8392966479900398,20.47909205447515,0.8468141786676373,0.07879996373349091,-0.5260193081276154,14.324928023524095,0.006806514255784581,-0.9904891959098083,-0.1374220657304629,11.639297347062104,90.71377399484366,72.61591460069442,58.157458135191945,26.28738767174854,8.30922778502098,145007.0,383098.51085273304, 0.0, 0.0,0.0,NaN, 120.29754538014097,120.29754538014097,0.0, 265.78589172051096, -12.378519691532887, 95.67433620629873, -12.378519691532887, 139.5181784919372, -29.767561097662632, 95.67433620629873, -29.767561097662632, 354.76594677569204, 10.188556291232898, 6.234782275054612, 16.0, 0.0
11, 0 ,1.0,1.0,1.0,154.9386190196654,181.52829957929754,181.95803981997847,17.832846284997498,11.883578248479623,10.667720110489244,79.0,54.0,47.0,-0.99290811578495,-0.11434112111305363,-0.03255121550711178,17.914077142108237,0.07281298860926383,-0.8013282805102481,0.5937771093131456,12.980073001638326,-0.09397734992096562,0.5871959595204125,0.8039708718758,9.14514275375505,80.45668788807433,70.96081231944345,49.62720578829607,22.632281129938047,7.798072955753602,81768.0,283335.2129252831, 0.0, 0.0,0.0,NaN, 51.93499879103227,51.93499879103227,0.0, 318.01040662434906, 21.987837975595607, 11.33739851600298, 21.987837975595607, 141.21943198773803, -39.488729137845816, 11.33739851600298, -39.488729137845816, 113.80025235573663, 10.28369918180231, 6.645897461787349, 7.0, 0.0
12, 0 ,1.0,1.0,1.0,21.626154696423402,45.070038424086114,57.280173434744846,12.483143385834497,16.83582895873391,17.06485517503036,54.0,85.0,83.0,0.2729134503386292,-0.6295007160178028,-0.7274937093592897,17.315454436913083,0.09267204355432679,-0.7354812368758272,0.6711775045001646,16.963545855372143,-0.9575646928368495,-0.25059169726205377,-0.14238560424282298,11.95392978562618,80.6670775270174,77.8442689526176,63.70855708502619,25.908024803940467,7.6978918167421995,151988.0,400055.95248499606, 0.0, 0.0,-7.105427357601002E-15,43.3233076877361, 76.02642434849007,76.02642434849007,0.0, 155.82886879130353, -36.83401595351894, -22.146488837526135, -36.83401595351894, 283.44513672774326, 0.3554856553618293, -22.146488837526135, 0.3554856553618293, 291.20928214476044, 10.993840125287605, 6.2608418755813835, 13.0, 0.0
13, 0 ,1.0,1.0,1.0,133.51531579296176,117.89029756776459,117.22183047252966,13.137422462020732,16.605207775903526,17.665319764161236,68.0,84.0,87.0,0.12140606555146505,0.19531305271934604,0.9731975024036815,17.69404411337152,-0.3721781307261194,-0.8999634247535399,0.22704465004727764,17.251519445500023,-0.9201869409291382,0.38976742493867933,0.036569771672051055,12.234957962011816,86.76186149347254,83.16573584755294,64.99479104867025,26.45123068893948,7.792349558197018,150890.0,468977.3277671025, 0.0, 0.0,1.4210854715202004E-14,13.295359343219946, 134.2178893364758,134.2178893364758,0.0, 172.59186894560685, 53.41977614368644, 6.8048203974949155, 53.41977614368644, 275.7329252809269, 0.831002450870059, 6.8048203974949155, 0.831002450870059, 312.06352237006564, 9.37343593312784, 6.212793998237432, 27.0, 0.0
14, 0 ,1.0,1.0,1.0,78.03117479338154,91.63428949372225,159.24558000455755,14.231249240182903,17.21899962191175,18.321484127356726,76.0,83.0,84.0,-0.07033808860204976,-0.04197928160499095,-0.9966395001241619,18.33768588843115,0.22936973979121297,0.9716621810893505,-0.05711504450490024,17.382868480885488,-0.9707945589875963,0.2326163058700191,0.058716083686364884,14.00943764674581,85.36273499749261,82.70723759243849,76.86499498025604,27.662524001387066,8.335703294684564,179921.0,542675.7812826582, 0.0, 0.0,0.0,NaN, 127.0693904912567,127.0693904912567,0.0, 202.52845493620643, 24.015274871914986, 8.427351680762476, 24.015274871914986, 296.493947979397, -0.019453433896440168, 8.427351680762476, -0.019453433896440168, 335.67678062898443, 9.958561574385577, 6.315917956398963, 22.0, 0.0
15, 0 ,1.0,1.0,1.0,119.39057524396507,50.5065228556754,14.149777435370655,16.883912890538756,18.52689204168929,9.31452831889932,79.0,93.0,39.0,-0.5536560642349527,0.832196331008289,0.03023622318022707,19.760768371981147,-0.8317350362493816,-0.5508315704080826,-0.06929221108469617,15.454382333991079,-0.041009657534562295,-0.063512579054141,0.9971380848662785,9.259955779971209,98.1754811341151,71.46634398677128,42.34056750022806,25.36936639652625,8.453870691115341,116820.0,297071.69788279943, -1.4210854715202004E-14, -7.105427357601002E-15,1.7763568394002505E-15,76.8693962743021, 96.17174435321553,96.17174435321553,0.0, 285.0665144953008, -70.271581221844, 3.7215554267791737, -70.271581221844, 343.2457287244099, 13.511276918286551, 3.7215554267791737, 13.511276918286551, 86.76043780357739, 9.506363856869749, 5.886469068551539, 8.0, 0.0
16, 0 ,1.0,1.0,1.0,15.48766416911199,97.80587447651064,23.150408820261532,9.416540332490532,13.255780347465244,14.569074258494414,38.0,60.0,57.0,-0.05823225147203179,0.25852482124643195,0.96424785283038,14.717819943392215,0.32346140542012697,0.9186665404364496,-0.22676972171381563,13.523994495843388,0.9444478408531276,-0.29869165418877297,0.1371188230179951,8.782494986817552,63.777567349068654,65.38290015662116,43.84102780065051,20.868450925926446,6.415031188965665,70202.0,182815.4339205875, 0.0, 0.0,3.552713678800501E-15,15.367073690658927, 101.69463236609586,101.69463236609586,0.0, 88.67123183342089, 29.32893489212067, -15.590043673423358, 29.32893489212067, 175.71571262024577, 12.736528466461465, -15.590043673423358, 12.736528466461465, 212.25792474952456, 11.003868393872743, 6.521443582508749, 6.0, 0.0
17, 0 ,1.0,1.0,1.0,186.59569585791147,28.00071303558696,172.0932780190575,7.930172154598074,15.51915406446362,15.068451175952642,32.0,72.0,59.0,0.01178790108620804,0.7884701909369981,0.6149600014568066,16.204960521513378,-0.0475300235872164,-0.6138657400859093,0.7879782674709865,14.340597350028775,-0.9988002514245681,0.038517673249466165,-0.030239818148707943,7.908003304294294,80.65750634792192,73.62788552567022,33.6477708617997,21.89210269974336,7.178149727059039,77135.0,199822.053273401, 0.0, 0.0,0.0,NaN, 41.74326810105458,41.74326810105458,0.0, 62.88763040156266, 6.035188134152022, -3.90979492704567, 6.035188134152022, 240.84414287655773, 27.77951474309932, -3.90979492704567, 27.77951474309932, 227.05822084206855, 8.835700543423114, 5.640462032452099, 9.0, 0.0
18, 0 ,1.0,1.0,1.0,23.881102802990924,176.27966931904515,46.47304970210724,15.15475101857954,12.417200153218882,13.154123774305779,65.0,54.0,70.0,0.9668294155823317,0.15407222697066106,0.20372194295418483,15.33132157493958,0.11717132000893324,0.4411823139838006,-0.8897353806583523,13.243185088177906,0.22696202971442428,-0.884092707075565,-0.4084951925833503,12.10177416067775,71.41047977496751,67.25165341991541,64.53926646730702,22.59525487008226,6.80725845743089,100036.0,309948.074088874, 0.0, 0.0,0.0,NaN, 57.38210093152219,57.38210093152219,NaN, 229.66647843513763, 14.692924416017291, 14.434458126643937, 14.692924416017291, 154.18685964509902, -8.574808184212163, 14.434458126643937, -8.574808184212163, 173.0309722697565, 10.277800287222714, 6.133172006087809, 9.0, 0.0
19, 0 ,1.0,1.0,1.0,109.80341777211333,71.19401060323828,61.82086862090029,13.101629387105943,14.709986372914413,15.801960278572531,62.0,72.0,69.0,-0.23737785139644055,0.39749820814464065,0.8863672659728634,16.29188409711975,-0.15160977972647433,-0.916425865266952,0.3703756311651834,14.397538486026107,-0.9595135383920851,0.046462974415311185,-0.2778038186396702,12.846156563089346,78.37441804534875,71.2871180852033,60.073834948549475,24.31206501306609,6.830946869543463,132601.0,335637.7058799186, 0.0, 0.0,0.0,NaN, 130.48306552349442,130.48306552349442,0.0, 171.65269259707804, -3.6013206959634196, -23.49823468645761, -3.6013206959634196, 216.3836990913277, 21.02869762564954, -23.49823468645761, 21.02869762564954, 249.70194864558405, 9.136369745364252, 5.723310027822709, 11.0, 0.0
20, 0 ,1.0,1.0,1.0,141.32385831585628,40.24642268432172,86.26519730376035,15.27615608033912,12.566679351029343,16.648590768198606,88.0,65.0,86.0,-0.37599667301039597,-0.013033760817964233,0.9265293427431498,16.8971804609341,0.8771118186509825,0.31745983862056204,0.360408252466245,15.281372058500338,0.2988333305839212,-0.9481821406997429,0.10793177748084207,12.223866391192633,76.66146517191888,78.12802231859055,62.61060195674986,24.765212954000464,7.425777832135677,129217.0,375000.4816882544, 0.0, 0.0,0.0,NaN, 111.82284385437305,111.82284385437305,0.0, 233.36094459088187, 24.083678645275093, -20.825827691153346, 24.083678645275093, 157.92142991158727, 7.978552260566623, -20.825827691153346, 7.978552260566623, 277.17557456694783, 8.918319294845803, 5.68190507459271, 15.0, 0.0
21, 0 ,1.0,1.0,1.0,54.79291339840567,76.39998721983481,93.42188124031503,14.214928102991848,14.96648444560244,14.382450042715522,69.0,75.0,64.0,-0.1755620668024808,0.7884541126588254,0.5895066351886339,16.209402829959316,-0.8555542393878315,0.1740479015168669,-0.48758001542627266,14.648023072524998,0.48703686119794926,0.589955456122713,-0.6440090493350935,12.474188824439732,76.43007636635436,72.44727716445988,64.59243662623302,24.182401500603618,6.93730239565544,125194.0,357658.07029137225, 0.0, 0.0,0.0,NaN, 132.54006677361994,132.54006677361994,0.0, 202.06418097322742, -23.609972772964806, 13.506507444737101, -23.609972772964806, 223.99565666045976, 44.79484540002386, 13.506507444737101, 44.79484540002386, 206.85486923120774, 8.710263682184785, 5.613389024998628, 11.0, 0.0
22, 0 ,1.0,1.0,1.0,117.4865496563461,150.9628663876533,159.7266399339717,16.4425411324697,12.915354688260571,15.546971744373108,77.0,68.0,77.0,0.9316084551734788,0.3531264345364828,-0.08606629700896393,16.96396240317753,-0.095560113397864,0.009503921959699763,-0.9953782899957034,15.54132168856913,-0.3506764191910704,0.9355273361580276,0.042598736183054896,12.229602438054082,86.34872247236908,80.19833947550865,63.984441232422824,24.9835330944414,7.395603434187145,136911.0,443093.801278052, 0.0, 2.8421709430404007E-14,0.0,69.32133850280616, 104.09156301803591,104.09156301803591,0.0, 270.35715889295795, 45.38512331699333, -2.333920521809813, 45.38512331699333, 166.80638672357432, -5.070635395079714, -2.333920521809813, -5.070635395079714, 241.70833042033578, 9.126551377574415, 5.780216831878069, 14.0, 0.0
23, 0 ,1.0,1.0,1.0,183.80756117997169,20.377322238594665,114.83164311923954,10.262543774435098,11.49753144490819,15.875140310314269,42.0,43.0,81.0,-0.23207529159458945,-0.31764964460364387,0.9193692197993495,16.64449806819541,-0.2282960484895294,-0.9009851785847535,-0.3689263100060311,10.875392799680926,-0.9455273519445923,0.29550704095465863,-0.1365782393753447,9.706679629590226,91.67882942777833,53.791049605993734,47.19712754836141,20.880866642405678,7.315908841906134,69222.0,232752.65628947818, 0.0, 0.0,-1.4210854715202004E-14,23.165960304161526, 89.05660756128353,89.05660756128353,9.5367431640625E-7, 105.3198047221966, 18.425028308057115, -36.98095521667276, 18.425028308057115, 132.1932293266526, -45.39450877801009, -36.98095521667276, -45.39450877801009, 252.020079872165, 9.19681603901013, 5.829236243582044, 8.0, 0.0
24, 0 ,1.0,1.0,1.0,174.81724510864223,61.17463376265854,113.79514305378035,14.337187312928611,11.94886367746538,14.820311205650352,62.0,57.0,75.0,-0.6257035110945007,0.004014593006253987,0.7800506388991728,15.645198848254942,-0.7313407905762814,0.34484542337666474,-0.5884065618392001,13.649207690742799,0.2713591056944166,0.9386509026358857,0.21283495656861293,11.700375629632923,83.60505847692046,73.45667037844439,60.20597908157703,22.821665119056945,6.86611306741983,101710.0,369745.9428230792, 0.0, 7.105427357601002E-15,-1.4210854715202004E-14,53.75476326307317, 108.66362924655057,108.66362924655057,NaN, 205.55494004600115, -12.730153452165048, -31.39193669173447, -12.730153452165048, 142.77534318265148, -9.686327115536931, -31.39193669173447, -9.686327115536931, 219.6416242323254, 9.58660161121764, 5.631371773496854, 10.0, 0.0
25, 0 ,1.0,1.0,1.0,11.407525960657019,24.744676374675024,170.52290999804637,7.122577966355306,14.048860559491825,16.06055708332311,29.0,52.0,61.0,0.0324451408464946,-0.2924752241804557,0.9557225309032132,16.257341567553485,0.040128716017949345,-0.9550737339712396,-0.29363897702618386,13.837032670083088,-0.9986676118640285,-0.047879076002206034,0.019250846604060817,7.09073097617489,72.69384378194529,65.75447388626874,29.023817950455417,21.336298972150168,7.127793480775777,66543.0,138732.26663089107, 0.0, 0.0,0.0,NaN, 40.14136884080734,40.14136884080734,0.0, 50.73111688681008, -7.441986894616217, 4.972900630764731, -7.441986894616217, 197.37048302004493, -20.22983272670602, 4.972900630764731, -20.22983272670602, 257.94149382668013, 8.579367730289166, 5.2164272694567275, 6.0, 0.0
26, 0 ,1.0,1.0,1.0,98.38597782959054,184.7555255586916,141.7969348659004,13.15110457391957,9.234467643702054,14.988176462542574,63.0,37.0,63.0,-0.31095112457545704,0.04935770629144781,0.9491434111634058,15.234690038208033,-0.9201218586316001,-0.2658004832079098,-0.28762104998551785,13.135384183181772,0.23808646201241435,-0.9627636885321808,0.1280660636168789,8.845240508262433,69.91429194122145,66.83457829842004,42.28518459790334,20.985234442963357,6.518612829650691,73341.0,197585.65304639476, 0.0, 0.0,0.0,NaN, 115.32472165793693,115.32472165793693,0.0, 172.95155151416824, 20.701470971006092, -20.452906725895236, 20.701470971006092, 85.27539266258016, 14.417066063260613, -20.452906725895236, 14.417066063260613, 224.64543367231525, 9.468512132466616, 5.60382136764717, 7.0, 0.0
27, 0 ,1.0,1.0,1.0,175.6309736889207,150.22084750313226,92.55898738142116,14.422330199283197,11.036857372131207,13.912909650531292,60.0,51.0,67.0,-0.7676811970061465,-0.11097099919394114,0.6311505502660275,15.282616356857625,-0.639291291727605,0.20087067901327374,-0.7422651915818214,13.099118771181745,0.0444097296148218,0.973312081323686,0.22514743672734486,10.8738037816282,75.63144150169661,65.92845750288626,52.48381412458946,21.897510903682207,6.624492448245701,89392.0,261698.16748629787, 0.0, 0.0,0.0,NaN, 107.88410268306714,107.88410268306714,NaN, 208.0036083771561, 2.9734575513840347, -30.559962012950642, 2.9734575513840347, 121.81222065276697, -16.03090353593143, -30.559962012950642, -16.03090353593143, 193.56905494384674, 9.410644265615865, 5.542382604933591, 8.0, 0.0
28, 0 ,1.0,1.0,1.0,20.0918270991116,75.48726176022817,175.28518432868898,11.711118012177613,15.469335091993637,14.180707559788525,48.0,72.0,58.0,-0.008641441709624892,0.8252744480201614,0.5646657515116335,16.519854538411114,-0.054147091590821574,-0.5642445435330612,0.8238301934048201,12.945534964769871,-0.9984955773349397,0.02345592757036376,-0.049562097457427214,11.706861692419471,82.8305404706638,66.7854027157685,49.8531550392466,22.96054521236818,7.096227429455822,103782.0,275781.2227446475, 0.0, 0.0,0.0,NaN, 81.9318638742259,81.9318638742259,0.0, 137.1502850951509, -0.03590800500063789, -2.025069922071291, -0.03590800500063789, 239.3003281883858, 49.114466031512954, -2.025069922071291, 49.114466031512954, 201.09246689624342, 8.538776800818662, 5.146778650421949, 8.0, 0.0
29, 0 ,1.0,1.0,1.0,49.12179053237271,13.084933030317682,118.97216043711619,15.764096702409805,8.369782106404406,15.713079320324354,69.0,34.0,73.0,-0.7264828853414387,0.09063739956677834,0.6811809444675843,16.83096448440648,0.6736221682373889,-0.102037008526628,0.7319983766034567,14.678343405696639,-0.13585209518125627,-0.9906428774743746,-0.013072778746461912,8.16858179046458,82.9134592406773,77.92699569947713,38.15426848471073,22.541299401341806,7.5730231993221935,82724.0,246522.23674065436, 0.0, 0.0,0.0,NaN, 95.65394169475003,95.65394169475003,0.0, 248.5067448429277, -24.482166001166178, -33.82972917658665, -24.482166001166178, 70.05325250868736, 2.2616121170251495, -33.82972917658665, 2.2616121170251495, 246.90086172680486, 8.636705985910732, 5.6886369720898555, 8.0, 0.0
30, 0 ,1.0,1.0,1.0,88.90609272205712,33.80905920950925,104.62617448511602,13.23119200265151,14.969768449618421,13.93305682823461,67.0,68.0,61.0,-0.41423061759371577,0.7393250716258981,0.5308591469620637,16.567144539256425,-0.1513504025560666,-0.6310828691027488,0.7608071161412463,12.830911512941581,-0.8974998891888765,-0.23480385599560372,-0.3733109938316181,12.417162050464052,82.72144639255396,64.58905593434599,63.58858823829887,23.40383531893892,6.748998013701869,116434.0,339747.4762389336, 0.0, 0.0,0.0,NaN, 134.69785596318397,134.69785596318397,0.0, 175.06444181102927, -35.83943475791631, -27.653189001320417, -35.83943475791631, 224.09396743519108, 42.19326065541993, -27.653189001320417, 42.19326065541993, 194.1300725788151, 8.269754768821587, 5.2202678989492535, 10.0, 0.0
31, 0 ,1.0,1.0,1.0,104.28567125213375,162.1108545034642,18.324285124566277,11.646597376070266,17.866980734450372,11.09552068394779,55.0,84.0,44.0,-0.08362640393760548,0.996164512519549,-0.025746622325147805,17.91079396015503,-0.7668509332810776,-0.04783357491390117,0.6400403075095324,12.639372451829162,0.6363538879353257,0.07326809065101633,0.7679098359846352,9.870791963881983,84.55260278726766,68.44808367963518,53.70284480302283,22.769931955181352,7.71446751303636,89631.0,310803.2611741056, 0.0, 0.0,0.0,NaN, 104.55907181798563,104.55907181798563,0.0, 135.64323044028683, -16.321467233002004, -30.107287887165093, -16.321467233002004, 319.22900056522076, -7.636800850126711, -30.107287887165093, -7.636800850126711, 123.11057924791321, 8.034055929644419, 5.229634141193837, 12.0, 0.0
32, 0 ,1.0,1.0,1.0,153.5163970763757,89.42793811737693,68.74938901708478,10.711707483945672,12.731885143025073,14.988447606645375,52.0,62.0,69.0,-0.09352115450133416,-0.25818725569351947,0.9615576605998138,15.208710859130267,0.2859322615073017,-0.9320699571367278,-0.22245974204888927,12.676834210919498,0.953675277801652,0.25413566455849396,0.1609923243802479,10.463657418235163,69.35248298810853,65.56179211736516,48.1978582458766,21.513452605055004,6.218238913385905,87973.0,219149.54380984113, 0.0, 0.0,0.0,NaN, 122.00229484279807,122.00229484279807,NaN, 114.7406772216177, -10.707601204168512, -14.212133196061977, -10.707601204168512, 162.1008992951826, -19.623341801759583, -14.212133196061977, -19.623341801759583, 224.65356165715346, 8.053578667667624, 5.080903136412672, 9.0, 0.0
33, 0 ,1.0,1.0,1.0,152.97178895795057,49.62791394654887,157.56772604667526,12.291832275073567,11.455842847066839,12.570181256000925,55.0,56.0,57.0,0.66612374698371,-0.1693050744100444,0.7263710797405082,12.932692478558533,0.5541750308603847,-0.5394463094837443,-0.6339461446804927,12.346033067483432,-0.4991684974788313,-0.8248232968117337,0.2655133521338396,10.984346388183088,59.862777911826015,59.24347387545453,56.287487488585775,20.221564066410952,5.605647110906,76743.0,199622.38780039942, 0.0, 0.0,0.0,NaN, 80.46788396218457,80.46788396218457,0.0, 151.08914067854022, -14.752479917460988, 11.386030346625176, -14.752479917460988, 131.23633533669246, 5.133620229373501, 11.386030346625176, 5.133620229373501, 158.009456808717, 8.200130359994818, 5.034962627378358, 13.0, 0.0
34, 0 ,1.0,1.0,1.0,120.5595987621385,79.20964945043218,178.76670045886246,12.582878438727283,11.993551038295314,12.689522375211647,59.0,55.0,52.0,0.48530469197334136,0.40507347891923895,-0.7748514906902642,13.910909969516313,0.7578603448825125,-0.6368335553177806,0.14174173865123235,12.649320111665686,0.4360356104760469,0.656017148783155,0.6160474388382771,10.472791364082516,68.73406562847943,59.45402240563404,58.04358822486631,20.618534504589306,6.170422133538777,74968.0,237196.0913264208, 0.0, 0.0,0.0,NaN, 114.17442324923937,114.17442324923937,NaN, 158.32882980378795, -7.808414440088151, -26.11884560946273, -7.808414440088151, 143.8452665081946, -30.855861582434805, -26.11884560946273, -30.855861582434805, 161.02397811099704, 8.496751411153191, 5.080424308101314, 10.0, 0.0
35, 0 ,1.0,1.0,1.0,48.66715110569936,31.524804587768568,11.030558937900153,12.644051833184893,13.45358329838652,7.497900841777243,59.0,59.0,31.0,-0.5765964709415736,0.8137541892494019,0.07307960848808862,14.187166314967016,0.8075509123296981,0.5812079761808279,-0.10029363100046931,11.884896986393493,0.1240888137311148,-0.0011865508144660933,0.9922704058894278,7.3866773947624775,70.57987953788731,58.93262305526753,33.85904327340673,18.92662137056116,6.23477913445541,50918.0,140835.24932254947, -7.105427357601002E-15, 0.0,0.0,54.788489137961186, 59.025233006947616,59.025233006947616,NaN, 159.87204676026624, -28.151392667553726, -13.203132234582315, -28.151392667553726, 180.9989035666247, 3.6716761078880418, -13.203132234582315, 3.6716761078880418, 56.21851703312389, 8.077844228487068, 4.877273380339458, 2.0, 0.0
36, 0 ,1.0,1.0,1.0,46.335072789552555,22.74095482766003,166.81604581460073,11.99288569351008,13.204285221899376,11.514996666371996,52.0,52.0,55.0,0.350665367563052,-0.9163447826661826,0.1932512335596737,13.408522324783428,0.7586186674959781,0.3989414329259772,0.5151149875722838,12.084542082994863,-0.5491188553660268,-0.03402899315927825,0.8350512022062301,11.178236686326592,64.03139530343596,65.5001452529612,61.33010085321203,20.394890669033945,5.901359021746652,74736.0,257222.47194434263, 0.0, 0.0,0.0,NaN, 61.36175366028488,61.36175366028488,NaN, 143.82930725759877, -11.239603280805264, 11.954808669326242, -11.239603280805264, 174.35314822127023, -5.377921657960213, 11.954808669326242, -5.377921657960213, 132.5951482265582, 8.031335292408752, 4.8860983500742385, 6.0, 0.0
37, 0 ,1.0,1.0,1.0,114.52949436058668,154.87066741960592,61.55296775079746,10.039484366776861,12.329640086372473,13.912132071431316,51.0,55.0,60.0,0.1506958071366382,-0.43062357200119517,0.8898618504848764,14.583340054490604,-0.39530626255766743,-0.8512918806921044,-0.3450146267194893,12.010918972057942,0.9061035992060322,-0.29977570466038717,-0.2985143118867884,9.456358077237578,62.42812660169436,55.69091743097735,47.92119877942697,20.249425000118215,6.0265642739253185,65521.0,166606.65630990264, 0.0, 0.0,0.0,NaN, 114.58896906918882,114.58896906918882,0.0, 100.791246350757, 10.456478613141071, 24.0071410665524, 10.456478613141071, 152.020024659483, -31.12246686222344, 24.0071410665524, -31.12246686222344, 193.5474187729478, 8.016340324306617, 5.0074086644391995, 9.0, 0.0
38, 0 ,1.0,1.0,1.0,35.000250255469126,54.32068152906091,128.07032178682405,14.276598888502129,13.054957586494574,12.33108081661669,70.0,63.0,60.0,-0.9096561707141843,-0.2539377142840012,-0.3286963467180969,14.49280993147939,-0.38368300459575444,0.8168352358629677,0.4307755209352815,13.437694102088418,0.15910060674296742,0.5179728127198436,-0.8404707979561887,11.64884479349756,71.48988563879314,64.89677523226382,53.674274731359326,22.044215855450545,6.353053976838865,95902.0,249019.8137978256, 0.0, 0.0,0.0,NaN, 96.69349806258,96.69349806258,0.0, 203.82127582318023, 3.1092083965225097, 14.812322081678218, 3.1092083965225097, 170.43191758517224, 21.996186980125763, 14.812322081678218, 21.996186980125763, 152.05555410593217, 8.389502969819628, 4.931299189355371, 6.0, 0.0
39, 0 ,1.0,1.0,1.0,58.848228043143294,144.21822747246475,86.65254237288136,12.016378858352764,12.390247498471584,10.913080779109615,61.0,59.0,52.0,0.5811614571125261,-0.7814435134509781,0.22715060213927651,12.898949270315942,0.7900534864522181,0.6087076328294981,0.07273586652954789,11.584495033824487,-0.19510727641874545,0.13718984299320158,0.9711395871181234,10.789972593354069,56.78910164875423,52.88304878273493,49.35288233891177,19.666781042431026,5.497694922541483,70092.0,148215.63028457947, 0.0, 0.0,0.0,NaN, 118.67343085044556,118.67343085044556,0.0, 144.39336086746727, -14.139623582547408, 7.616757201431152, -14.139623582547408, 153.51823307338137, -8.080983395189197, 7.616757201431152, -8.080983395189197, 119.09533209137172, 7.371055654059335, 4.689792186423581, 11.0, 0.0
40, 0 ,1.0,1.0,1.0,169.81177137641575,151.21865276375655,167.21277537304144,12.051104584776072,11.540146387715069,13.36506116018154,53.0,59.0,62.0,0.49015059882602263,-0.2704165103052705,0.828629773436129,14.276739765889204,0.6249107493155428,0.7717591377986919,-0.11778959467672168,11.406376792619474,-0.6076503483586411,0.5755542929894096,0.5472643876236443,11.094964186529262,71.94220177307267,58.745868774912736,55.09047842708986,20.441875775735994,6.257689265845002,72311.0,232829.2825835118, 0.0, 0.0,0.0,NaN, 66.07534399722324,66.07534399722324,0.0, 145.22912171321087, -7.320517172110868, 32.27178555963094, -7.320517172110868, 133.17497864989315, -18.725922631731645, 32.27178555963094, -18.725922631731645, 178.6248598153931, 7.432966476674644, 4.774589249156298, 11.0, 0.0
41, 0 ,1.0,1.0,1.0,130.64088208605133,120.06576266543394,183.6355916242916,15.318573587694125,10.370576762640436,9.388492050031623,71.0,50.0,37.0,-0.9831097761835955,-0.08382219947833025,0.16269298339773716,15.49821797385878,-0.0022369870373053534,-0.8833808875178161,-0.46865040644091116,10.735330345571706,0.18300317992110526,-0.46109873827939646,0.8682728774388344,8.655013814612479,71.3095936996452,54.64111309368283,43.653564922221776,19.692869448955193,6.522440876796053,58407.0,170093.30329516408, 0.0, 0.0,0.0,NaN, 107.08857734392929,107.08857734392929,0.0, 234.65869676160005, 13.700299140642144, -26.394310025861525, 13.700299140642144, 107.54886238981777, 14.44578034432698, -26.394310025861525, 14.44578034432698, 88.14378297350699, 7.7056041244125115, 4.95533912165259, 4.0, 0.0
42, 0 ,1.0,1.0,1.0,125.24443695922191,10.420601671543757,42.97894781162502,9.489689461127544,7.102416719726455,18.686461050990133,44.0,29.0,84.0,-0.1420123480340718,0.013631815537344449,0.9897710172615714,18.834704051777486,0.9283062004564305,0.34894736859152475,0.12838742986443863,9.489388659542028,0.34362783822035614,-0.9370431727290938,0.06220933404078828,6.699834482251656,87.57041187010292,48.713280676418194,33.16997209299572,20.451575312252228,8.450764651011097,47501.0,141497.86183050144, 0.0, 0.0,0.0,NaN, 86.8571994697913,86.8571994697913,0.0, 90.05420606863517, 14.029060314345035, -38.17120824910575, 14.029060314345035, 50.4443232606499, 6.203945215290766, -38.17120824910575, 6.203945215290766, 349.1838266101713, 8.334487096663814, 4.5823206547570905, 4.0, 0.0
43, 0 ,1.0,1.0,1.0,170.886107946454,103.7278731130732,121.06732412418114,8.176332671447481,12.734033147047215,16.800163780888337,43.0,54.0,72.0,-0.12115368754031042,0.007235982575663578,0.9926073869116377,16.897979567124626,-0.1741940850948982,-0.9846106178646519,-0.014083746168534242,12.858863673956648,0.9772298627822096,-0.17461263340421,0.12054967251017634,7.769261919422324,71.2200465162276,55.96548676531265,39.6467531696191,21.525298038143312,6.922070757950839,56176.0,158026.58880321798, 0.0, -1.4210854715202004E-14,0.0,89.58540511973773, 127.85268259506776,127.85268259506776,NaN, 66.8524159541795, 17.809597197690223, -26.82217068238203, 17.809597197690223, 162.1556001900972, 3.0732373947301377, -26.82217068238203, 3.0732373947301377, 282.2455030646723, 9.376273822061647, 5.470592408705656, 8.0, 0.0
44, 0 ,1.0,1.0,1.0,48.51218942984346,183.35047752405572,164.44556943846044,15.118375197851979,9.889571074082948,9.216341745263627,62.0,43.0,42.0,-0.9949616070589485,0.033409069585046774,0.09452636959143312,15.161063464831424,-0.08385582890928055,-0.794092146589487,-0.6019849355946032,10.822143628107062,0.054950891135742225,-0.6068784860203587,0.7928927435467079,8.02079807287457,63.25704994275482,52.94140999147618,40.819284399682346,19.319436876310295,6.170024197690922,55704.0,136700.41242947403, 0.0, 0.0,0.0,NaN, 62.40798550273296,62.40798550273296,0.0, 228.56526862302584, -1.987208714613567, -12.902996941848414, -1.987208714613567, 97.80361602933814, 25.755908872844675, -12.902996941848414, 25.755908872844675, 84.940955165489, 8.615384259947746, 5.187816588092323, 6.0, 0.0
45, 0 ,1.0,1.0,1.0,118.38638147942477,116.0462056948088,51.2747639928767,12.416724576256932,8.817451906584813,11.020933415731875,58.0,39.0,55.0,-0.9926529541058786,-0.07931916993035773,-0.09137057505801444,12.448528990534077,0.08887481054402319,0.03445198912319936,-0.9954467984258222,11.009614397499499,0.08210591181904771,-0.9962537476602105,-0.027149392577897717,8.786694342684227,58.20842469758382,56.49611994105896,39.663972471107044,18.058523876085633,5.2223745651187325,52223.0,130436.96235349984, 0.0, 0.0,7.105427357601002E-15,84.75753983028261, 127.82067019377399,127.82067019377399,NaN, 154.17504920262292, 6.257274792527155, 3.1595812602058992, 6.257274792527155, 77.74745812493614, -0.9456179368250306, 3.1595812602058992, -0.9456179368250306, 121.46097335399547, 6.897532793233334, 4.303762935227266, 9.0, 0.0
47, 0 ,1.0,1.0,1.0,159.64187513439896,51.73576087735646,42.51239337681886,12.602785452895326,12.537656301116407,10.87043486625288,65.0,58.0,56.0,-0.8107996407588385,-0.38783869445558966,-0.43838919880435356,13.870812788792751,-0.2035739751038149,0.8890610613748295,-0.4100342251660139,12.482915693269042,0.5487819049547552,-0.24321097062025362,-0.7998042539047812,9.271825561942004,65.93392253497262,57.679866888531095,47.258360196578245,19.984704367657894,5.899234883896588,69755.0,179726.37343399922, 0.0, 0.0,0.0,NaN, 78.18357108019462,78.18357108019462,0.0, 158.83020117171006, 20.825475485302128, 43.66213316531169, 20.825475485302128, 157.19282552492393, -7.369702032520789, 43.66213316531169, -7.369702032520789, 118.16635418144627, 7.518373278798309, 4.40093099156058, 3.0, 0.0
48, 0 ,1.0,1.0,1.0,50.554668951605706,140.18154554704654,49.56182723718738,10.544508370860193,13.609101954418646,9.334168418908304,50.0,58.0,41.0,-0.38641320862877077,-0.9172353722550312,0.09676830101532832,14.23085592674789,0.9013026633320963,-0.35324830574715327,0.2507372001862425,9.778397007724069,-0.19580179076731707,0.18410569347779795,0.9632064951823008,9.240492649903725,67.1622947301909,47.779433314352644,43.82008901758462,18.739948520664235,5.686417352280511,56019.0,140617.63072771503, 0.0, 0.0,0.0,NaN, 92.68439331967018,92.68439331967018,0.0, 111.18665678314069, 38.25762717581845, -2.067853690959973, 38.25762717581845, 185.2076560057614, -11.302554187011374, -2.067853690959973, -11.302554187011374, 87.12670007254515, 7.294686561267054, 4.346928010104674, 6.0, 0.0
49, 0 ,1.0,1.0,1.0,141.38041874988028,147.57132731835335,17.454150144627704,8.684091704368855,13.901915144806509,10.25777841698824,37.0,60.0,40.0,-0.03790183365512734,-0.9794771984256462,0.19795926037906622,14.03865239583128,0.22725544302008144,-0.20135951757538245,-0.9527902750865773,10.153614546210166,-0.9730973304985097,-0.008874820902818107,-0.2302234195963072,8.585980551534483,64.0377282684633,47.51745967301954,41.982580590349656,18.493398568331177,5.64738177106796,52203.0,127749.22146424653, 0.0, 0.0,0.0,NaN, 80.55847802913011,80.55847802913011,NaN, 75.41344872988797, 3.235503913277405, -7.286477170318896, 3.235503913277405, 193.26324469340057, -18.283949735906447, -7.286477170318896, -18.283949735906447, 105.22201805202975, 7.890755931750442, 4.4528206093000815, 5.0, 0.0
50, 0 ,1.0,1.0,1.0,44.29246903938414,149.13272341849827,123.33787794265312,11.714870582071814,8.36776109024582,10.766632737391758,52.0,38.0,52.0,0.8574020396664191,-0.028690575820875475,0.5138468577649685,12.231295150124682,-0.5006219204595307,0.18500938218907623,0.8456649580403742,10.240002816332751,0.11932910429261011,0.9823178606546269,-0.1442642904798015,8.28949698063962,59.25543195699457,47.26544033576744,38.85961584752616,17.2582715071233,5.032898121998715,44815.0,108835.45058495518, 0.0, 0.0,1.4210854715202004E-14,59.07959153903912, 102.10966457079049,102.10966457079049,0.0, 137.23819275469162, -5.337266670673937, 20.33648184325926, -5.337266670673937, 70.01942566343192, 4.4621064821399, 20.33648184325926, 4.4621064821399, 115.92038050187594, 6.791623522514319, 4.287528162452689, 9.0, 0.0
