// Sample: , Map: , Neighbors:(1.0):
//LACUNA_NUMBER, TRIANGLES, SCALE_X, SCALE_Y, SCALE_Z, POS_X, POS_Y, POS_Z , STD_X, STD_Y, STD_Z,PROJ_X, PROJ_Y, PROJ_Z, PCA1_X, PCA1_Y, PCA1_Z, PCA1_S, PCA2_X, PCA2_Y, PCA2_Z, PCA2_S, PCA3_X, PCA3_Y, PCA3_Z, PCA3_S,PROJ_PCA1, PROJ_PCA2, PROJ_PCA3,OBJ_RADIUS, OBJ_RADIUS_STD, VOLUME, VOLUME_BOX, Mask_Grad_X,Mask_Grad_Y,Mask_Grad_Z,Mask_Angle, Mask_Distance_Mean,Mask_Distance_COV, Mask_Distance_STD, SHAPET_XX, SHAPET_XY, SHAPET_XZ, SHAPET_YX, SHAPET_YY, SHAPET_YZ, SHAPET_ZX, SHAPET_ZY, SHAPET_ZZ, Neighbors, Neighbors_STD
153855, 0 ,1.0,1.0,1.0,51.6334431630972,200.65094728171334,243.89415156507414,6.150694246156115,5.730643151629868,6.615632756418882,25.0,27.0,26.0,-0.6301940264762054,0.5011179855714758,0.5930735650241834,7.16469861584298,0.45194341105034125,-0.3843582419022591,0.8049943447565251,6.298210736194079,-0.6313498572122201,-0.775338317393505,-0.015743296335851628,4.841233590258797,34.5248320028893,30.32695610083657,21.753283106954854,10.278040678394103,2.966443530914296,9712.0,22776.406675289447, 0.0, 0.0,0.0,NaN, 125.23622861416963,125.23622861416963,1.3486991523486091E-6, 37.83103970969793, -11.628668418152753, -4.5212953488814, -11.628668418152753, 32.84027093132231, 3.2688605648271745, -4.5212953488814, 3.2688605648271745, 43.7665967678025, 11.0, 0.0
153863, 0 ,1.0,1.0,1.0,70.67776425591099,134.29954798331016,155.697235744089,7.344306974242567,4.995162451619969,7.145799753094556,32.0,22.0,31.0,-0.7547335649593666,0.16636880957877634,0.634585427758207,7.7138636086940995,0.6535302212986264,0.10628208394805008,0.7494013400582012,6.837320301146997,-0.057231947137015564,-0.9803191000031576,0.18894170105062918,4.8682960352977975,35.7744534165941,31.55098735912236,21.909293007420743,10.946309006532129,3.1829649848556443,11504.0,24729.44246991638, 0.0, 0.0,0.0,NaN, 209.41586071888773,209.41586071888773,0.0, 53.938844931908015, -2.894695377770277, -5.859557292825333, -2.894695377770277, 24.951647918074013, 5.615727192791159, -5.859557292825333, 5.615727192791159, 51.06245411132622, 11.0, 0.0
153865, 0 ,1.0,1.0,1.0,163.03866400975522,84.42670195996789,110.65247003539244,7.942023916434583,9.93474396765097,9.667019800269602,30.0,40.0,39.0,-0.27422278383076537,0.8337698529168198,0.4791969294509001,10.239904159860705,0.011245928504615713,-0.4954842093309684,0.8685441424566371,9.523457911093258,-0.9616004336106421,-0.2435636070326,-0.1264965430717172,7.7249120139522285,48.175366194388886,42.01625755865047,33.19399528635671,15.389232974481661,4.289249569321336,33623.0,67189.5788883123, 0.0, 0.0,-1.4210854715202004E-14,61.367034660228455, 195.2696716978942,195.2696716978942,0.0, 63.07574388921891, -10.503069700739294, -5.63412577836629, -10.503069700739294, 98.69913770277734, 4.701454730458953, -5.63412577836629, 4.701454730458953, 93.45127181880451, 17.0, 0.0
153866, 0 ,1.0,1.0,1.0,89.89602176630635,168.76586513714244,198.0319141113317,6.366210800560281,8.906003557977483,6.273822306417434,30.0,36.0,29.0,-0.4228142375059141,0.8885664822902573,0.17798237865757818,9.652764163817988,0.35606279305857097,-0.017713332605506837,0.9342941320843966,6.223000920270039,-0.8333351114417428,-0.4584057639235393,0.3088960142832124,5.225398473648522,40.890555117432484,28.991024710226185,25.028801994036826,12.008658264101067,3.872791288001051,13599.0,29670.620931360005, 0.0, 0.0,0.0,NaN, 188.94756791874764,188.94756791874764,NaN, 40.52863995717038, -24.819697528941848, -1.1576493452883945, -24.819697528941848, 79.31689937470759, 10.228444336383578, -1.1576493452883945, 10.228444336383578, 39.36084633250096, 12.0, 0.0
153871, 0 ,1.0,1.0,1.0,228.4583269846107,272.7591040682615,187.8442023464879,112.78455337761301,8.559058083121284,9.600728357872558,299.0,42.0,44.0,0.9999311763473402,0.0076449506335192745,0.008899286400362685,112.79226557069084,-0.008749614493655026,-0.019393156868578027,0.9997736492391086,9.548854531549665,-0.007815805450307368,0.9997827064900062,0.019324931789819408,8.51534763973802,299.4094529547033,44.09954382111985,42.12159654687599,91.53348894472757,67.13722769421612,39378.0,556165.9911763661, 2.8421709430404007E-14, 0.0,0.0,0.6722162087290396, 135.79101714141567,135.79101714141567,0.0, 12720.35548058764, 96.70195768642482, 112.40120971229075, 96.70195768642482, 73.2574752702438, 0.4986313032348739, 112.40120971229075, 0.4986313032348739, 92.17398500165831, 15.0, 0.0
153887, 0 ,1.0,1.0,1.0,134.98541835435714,174.33760560120356,265.7778902904756,10.483793449470252,8.601661805648797,8.908512005496434,44.0,37.0,37.0,0.8302143685762938,0.29584612132036586,0.47246076525904396,11.27137054932213,-0.5173530722649824,0.7245316877375081,0.4554114975296764,8.56521594863134,-0.20758107049403554,-0.6225181972954159,0.7545735174312815,7.928012282733413,49.943878577084206,41.75011594998398,36.03186189071539,15.60519427290425,4.442747884687187,34564.0,75132.29520382566, 0.0, 0.0,0.0,NaN, 187.57199505072768,187.57199505072768,0.0, 109.90992509115537, 11.826789527340775, 22.702148382895224, 11.826789527340775, 73.98858581875734, 12.439989532474346, 22.702148382895224, 12.439989532474346, 79.36158615207408, 14.0, 0.0
153888, 0 ,1.0,1.0,1.0,156.29130624726955,187.02245522062034,64.80148536478812,5.891243733539598,6.460074842693609,6.973262139220072,28.0,28.0,29.0,0.43091368793626667,-0.4068469272821043,0.8054743765696556,7.273932149811689,0.2685466806549714,-0.7943405294299261,-0.544890634544384,6.54127960095354,-0.8615080230957589,-0.4511083030338667,0.23303481515761243,5.419158313385718,32.96512333254459,28.841015035179396,24.740342680475123,10.7622858930902,3.039557026746371,11445.0,23521.82186381257, 0.0, 0.0,0.0,NaN, 193.94676277261152,193.94676277261152,0.0, 34.70675272796958, -6.990377082179828, 6.207588273813526, -6.990377082179828, 41.73256697320286, -1.9060709251857104, 6.207588273813526, -1.9060709251857104, 48.62638486228009, 11.0, 0.0
153889, 0 ,1.0,1.0,1.0,141.37827992186263,260.22670397550286,265.9543846681801,7.23121801155381,7.8660668919424745,8.234969263871207,33.0,33.0,39.0,0.6023677410791352,-0.2737973225530484,-0.7497920582868312,8.995383443560042,-0.200728027723885,0.8571879577408108,-0.4742753040062466,8.196382612649739,-0.7725680315631107,-0.43619242458681046,-0.46138357723241535,5.820878784721103,42.92780453162433,39.17780487963891,27.08025255814823,12.944295674306069,3.7980851164996237,18941.0,45544.033174597076, 0.0, 0.0,0.0,NaN, 150.76086041688365,150.76086041688365,0.0, 52.290513930620236, -13.48652837677414, -18.073077775593198, -13.48652837677414, 61.87500834851354, -3.881375205383349, -18.073077775593198, -3.881375205383349, 67.8147187769035, 12.0, 0.0
153898, 0 ,1.0,1.0,1.0,207.7113997113997,151.6095238095238,252.01688311688312,6.5469202239583,4.272996039740495,5.71066474872587,26.0,18.0,24.0,-0.9753805741123615,0.11686858943665278,0.1870146209453341,6.590459602163436,-0.209591889558925,-0.22752504127341602,-0.9509487869620792,5.765182522793526,-0.06858553400943491,-0.9667337215576052,0.24641821387231785,4.1304798943924546,27.697515494121376,24.798763651692695,19.054765607152973,9.283309849610456,2.74818297843849,6930.0,13088.035200763308, 0.0, 0.0,0.0,NaN, 181.2161655953579,181.2161655953579,0.0, 42.862164418874194, -2.2349137634851868, -1.5866138190813395, -2.2349137634851868, 18.258495155637956, 4.076433725005161, -1.5866138190813395, 4.076433725005161, 32.61169187234031, 12.0, 0.0
153902, 0 ,1.0,1.0,1.0,31.330754261695336,169.23328403518332,49.61004903868607,20.49801635086038,14.894069400924781,87.86197857849184,299.0,68.0,298.0,0.023136308936956,-0.022413943794381237,0.9994810285004696,87.90561222434026,0.9964480492153223,-0.08045341901812932,-0.0248703153030376,20.434586623283867,-0.08096910783597001,-0.9965063283752269,-0.020472935411695245,14.72278052429269,299.7374878943469,301.21401235442136,68.23211483774344,61.863387411089384,67.3398140433539,128470.0,6160345.452576296, 0.0, 0.0,0.0,NaN, 143.3272728145297,143.3272728145297,0.0, 420.1686743201394, -19.993466997921765, 168.70170309214373, -19.993466997921765, 221.8333033195639, -167.8538115489151, 168.70170309214373, -167.8538115489151, 7719.72727972736, 29.0, 0.0
153909, 0 ,1.0,1.0,1.0,90.30926807964735,65.53761958702387,219.79254295579545,11.679783927204488,104.91722173158979,10.772176605029454,53.0,299.0,47.0,0.012080410637490834,0.9999209643424202,0.0034826351164143647,104.92541489982666,0.994653923882852,-0.011659416228919644,-0.1026042383025501,11.620400030448431,-0.10255552341670962,0.00470351801583542,-0.9947161612917523,10.756587214506757,299.5515481576584,54.20908387541373,47.43008449873952,81.41869414130656,68.05201541172885,73273.0,770189.3955323686, 0.0, 0.0,0.0,NaN, 137.4197207380112,137.4197207380112,0.0, 136.41735258618428, 131.36505946989845, -1.5143752258168746, 131.36505946989845, 11007.623415875578, 37.9586935889378, -1.5143752258168746, 37.9586935889378, 116.03978880994389, 23.0, 0.0
153914, 0 ,1.0,1.0,1.0,143.76215611793532,151.52723924160952,94.93937151595875,12.449304447605703,10.614912653793636,10.363236281154043,56.0,47.0,49.0,-0.9841258163841352,-0.14749234492768343,0.09870352432407108,12.500692909741119,0.17747078910562397,-0.8200822101130781,0.5440305944248688,10.74987980349206,7.046562895088246E-4,0.5529115452256195,0.8332396573709938,10.160264715187923,55.895891595271735,52.71654933765719,48.25045333686634,18.65964084404284,5.1842088757320965,60813.0,142176.64475025478, 0.0, 0.0,0.0,NaN, 227.43175346187064,227.43175346187064,0.0, 154.98518122917514, 5.90391837913999, -3.9614215775109303, 5.90391837913999, 112.67637064766828, -6.272656650982253, -3.9614215775109303, -6.272656650982253, 107.39666621902748, 20.0, 0.0
153918, 0 ,1.0,1.0,1.0,276.36802728823193,164.5847868106879,101.87604320636726,14.73913228055051,11.310787258677268,9.70182790665627,299.0,47.0,44.0,-0.9908761741866318,0.1262367061128476,0.04720912474345795,14.798883106775262,-0.1248437744836198,-0.9916798803191629,0.03138545750589245,11.246340832995108,0.05077833595095338,0.025205336735494487,0.9983918326980159,9.685776694984527,297.7385703100227,71.74326685528021,49.312144906150536,17.389401200628253,11.700859772195344,43975.0,1053343.7929057826, 0.0, 2.8421709430404007E-14,0.0,82.74782039923512, 171.09786169541164,171.09786169541164,NaN, 217.2420203835661, -11.615513126644117, -5.9843066117532455, -11.615513126644117, 127.93390841105601, -0.2706157383727454, -5.9843066117532455, -0.2706157383727454, 94.12546473037438, 17.0, 0.0
153954, 0 ,1.0,1.0,1.0,255.99018746338606,33.7400410076157,174.17882249560634,5.031103354211348,5.274891792210033,6.375051348138128,23.0,21.0,27.0,0.3163087230992906,0.2874680025704066,0.9040525090886463,6.775266597312628,0.6248351937305623,-0.7802003206374964,0.029469312052346125,5.553668328739734,0.7138135417369069,0.5555624241931134,-0.42640429225992144,4.126777762537282,29.75688611483406,25.030829062270683,18.704881179101804,9.27679204788921,2.7782896486686344,6828.0,13932.13490176861, 0.0, 0.0,-2.8421709430404007E-14,25.30402723381898, 137.49990063740273,137.49990063740273,0.0, 25.312000960756677, -4.108291923328897, 8.511127871588421, -4.108291923328897, 27.82448341952477, 7.186351776464745, 8.511127871588421, 7.186351776464745, 40.64127969139777, 10.0, 0.0
153963, 0 ,1.0,1.0,1.0,110.30812921547746,94.86936457223997,13.89776357827476,3.7367464924638396,4.733506055233496,44.81495324160289,16.0,20.0,298.0,-0.0014382256061277706,-0.0036147639179491165,0.9999924324658279,44.81528818099859,-0.4354998924988531,-0.9001804190160932,-0.003880316159586568,4.995337435554658,-0.900187633296855,0.43550217760859516,2.795667689118017E-4,3.37430542925811,298.0382071908146,21.961910574407412,15.706992564655266,16.180304482406793,42.22495867170897,2817.0,102809.9384802931, 0.0, 0.0,0.0,NaN, 146.1548067558391,146.1548067558391,0.0, 13.963274348940809, 5.329212478273237, -2.8492221462344816, 5.329212478273237, 22.406079574932175, -7.17132516975325, -2.8492221462344816, -7.17132516975325, 2008.3800340470539, 7.0, 0.0
153970, 0 ,1.0,1.0,1.0,282.0831715210356,263.3572815533981,8.375080906148867,3.7733362316203563,4.151404845270586,4.635737120503314,14.0,18.0,18.0,0.04563276466985794,0.32850255492181124,0.9434000859648188,4.690521889449298,-0.5278538746521653,-0.7938458632400274,0.3019586601364354,4.281504857519087,0.8481084469590441,-0.5117565992017469,0.13717596498724127,3.553872214394438,20.311859861254703,20.69357039706648,16.629679744651156,6.991501164798726,2.020197668354526,3090.0,6989.868507868035, 0.0, 0.0,0.0,NaN, 41.63944689937788,41.63944689937788,NaN, 14.23806631685891, 2.52950765073679, -0.5053060818382497, 2.52950765073679, 17.234162189336104, 1.5375115467999156, -0.5053060818382497, 1.5375115467999156, 21.490058650412358, 11.0, 0.0
153977, 0 ,1.0,1.0,1.0,182.45309573803985,188.02145167697634,238.3935077464389,7.516965219434061,7.151310771084474,7.770593579870124,32.0,32.0,32.0,0.6271224900857665,0.404651424548076,0.6655633756749547,8.72285183463235,-0.2833134378455155,-0.6774440222953015,0.6788247878447862,6.993310545684118,-0.7255693477296183,0.6142693393517019,0.3101971959377461,6.559999993978915,40.93199903723331,29.387627156193105,30.016170761905585,12.461675354471229,3.568582883735962,17621.0,36106.28151166686, -2.8421709430404007E-14, 0.0,0.0,51.16185729348165, 173.64282269616058,173.64282269616058,0.0, 56.50476611018136, 9.515278917826507, 12.667171792317808, 9.515278917826507, 51.14124574462882, 6.201592081711929, 12.667171792317808, 6.201592081711929, 60.38212458351879, 12.0, 0.0
154016, 0 ,1.0,1.0,1.0,251.27371655357828,249.29061579823326,88.88038236674775,7.581144367863768,7.234242751421237,9.955544319891755,35.0,28.0,43.0,0.25195114146119807,0.1539131807401671,0.9554220821766911,10.13219378832203,-0.730300383977787,-0.6175417919526275,0.29206760236944196,7.8960437769450325,-0.6349661183703397,0.7713318792753108,0.043187504388671666,6.626614710896378,43.03461420372901,37.55922089127387,31.620384752729166,13.871218306556983,4.063272512404119,23433.0,51109.500780191294, 2.8421709430404007E-14, 2.8421709430404007E-14,0.0,74.51453428456693, 113.3376138547248,113.3376138547248,1.3486991523486091E-6, 57.47374992639253, 10.592454669488772, 10.209884671176653, 10.592454669488772, 52.33426818649071, 5.3141124091003205, 10.209884671176653, 5.3141124091003205, 99.11286270532898, 17.0, 0.0
154040, 0 ,1.0,1.0,1.0,176.61517615176152,14.017615176151761,109.96341463414635,2.446918870915109,1.98120265503348,3.5449135657321804,9.0,8.0,13.0,0.21206263363135058,-0.11232786049546467,0.9707790125326394,3.6051676879611105,0.9625245369825118,-0.14782449482721335,-0.2273641010267005,2.3907460986143367,-0.1690442401383026,-0.982614049607266,-0.07677027022535053,1.9406409104483209,14.4289560924706,9.746473205100415,8.27577114736009,4.517437960011445,1.4393548510051088,738.0,1163.833563353233, 0.0, 0.0,0.0,NaN, 165.86820324971484,165.86820324971484,0.0, 5.987411960840472, -0.4972863007762871, 1.4737259567717522, -0.4972863007762871, 3.92516396031171, -0.9410899596800837, 1.4737259567717522, -0.9410899596800837, 12.566412188512043, 8.0, 0.0
154042, 0 ,1.0,1.0,1.0,139.43097288115737,250.05037193229074,263.14479001932875,6.9394250536335536,98.47005308609658,8.007413535741449,31.0,299.0,36.0,-0.0032575874649739926,0.9999561273386519,0.008782455339728573,98.47434167785075,-0.5209168421718524,-0.009193669823890407,0.8535579183493492,8.512895559586386,-0.8536012134864928,0.0017943893266425884,-0.5209239373472204,6.241817579162265,299.2796740216335,38.24391340296418,30.317884512639466,68.65333876624675,71.38168338329596,17073.0,347007.1653192151, 0.0, 0.0,0.0,NaN, 152.62459842832644,152.62459842832644,0.0, 48.15562007499705, -31.300687440859463, -15.17556170340427, -31.300687440859463, 9696.35135477868, 84.55634514047777, -15.17556170340427, 84.55634514047777, 64.11867153237537, 11.0, 0.0
154044, 0 ,1.0,1.0,1.0,237.43641912512717,142.1619381334539,121.13481029350815,8.813867509513113,7.332752707529883,9.903638143750507,36.0,33.0,42.0,-0.5215745058978889,0.2883388615029956,0.803007307404191,10.516178027605527,0.7066440039285842,-0.38144206790736346,0.5959498305581883,8.68194572292838,-0.4781362635370301,-0.8782725373013267,0.004802469483234158,6.600711278583547,49.4158225290583,43.23655708908365,30.191944719334828,14.523123313341337,4.314447873466726,26541.0,64507.20429155839, 2.8421709430404007E-14, 0.0,-1.4210854715202004E-14,39.71295814992643, 196.9717253074434,196.9717253074434,0.0, 77.68426047525088, -18.652565065362893, -14.675502340895381, -18.652565065362893, 53.76926226978683, 8.287501803191333, -14.675502340895381, 8.287501803191333, 98.08204848235, 14.0, 0.0
154049, 0 ,1.0,1.0,1.0,141.53656734794384,286.1497168185176,84.5072642206353,4.326658677741299,4.592719637656544,4.702345176761384,18.0,19.0,20.0,-0.5042073840322403,0.577224114304161,0.6423295382847825,5.123247579863408,0.14131334342764668,-0.6786225701145747,0.7207648342562147,4.429321104392638,-0.8519421652064562,-0.4541846862201164,-0.2605970413233223,4.007311809031949,24.986122935505847,19.49225258190505,19.067567043942006,7.578371128164916,2.1197618236485507,4061.0,9286.588137330875, 0.0, 0.0,0.0,NaN, 165.42644270763537,165.42644270763537,0.0, 18.71997531367408, -3.306878342169404, -2.937288534046881, -3.306878342169404, 21.093073670116055, 2.0363416286267744, -2.937288534046881, 2.0363416286267744, 22.11205016141106, 10.0, 0.0
154072, 0 ,1.0,1.0,1.0,167.9972648352955,183.9021286716613,87.7062670947794,5.419262617049269,5.223491900016419,7.085100831355582,22.0,22.0,30.0,-0.2798861047447973,-0.29395156933668265,0.9139235434407444,7.385292206213635,-0.8147229640503137,-0.43083735462639366,-0.38807945798199833,5.347299611103187,-0.5078289674879279,0.8532125460534624,0.11890370489228927,4.869884457612541,31.902073631237116,26.044332936134367,21.163027540808585,9.902064365290164,2.9666563734633433,8409.0,17583.68717088988, 2.8421709430404007E-14, 0.0,-1.4210854715202004E-14,58.88790728436213, 196.45820702031102,196.45820702031102,0.0, 29.368407312547692, 4.248394453496051, -6.343055756548961, 4.248394453496051, 27.284867629537136, -7.466017621714401, -6.343055756548961, -7.466017621714401, 50.19865379047556, 10.0, 0.0
154076, 0 ,1.0,1.0,1.0,33.77875381523115,140.25482021886398,128.1536514553711,7.834001637258094,5.748887692355068,7.0061859884658,31.0,24.0,29.0,-0.8261450726861936,-0.32057179661764895,0.46337678199242655,8.2989539991631,-0.5409892973295728,0.2213665133488261,-0.8113738022284418,6.834846873418123,-0.15752745491240208,0.9209943485066109,0.35630676525671584,5.283953462470115,38.539892973081415,30.662528503288456,24.42128125074555,11.502315007882876,3.3473396774570294,13433.0,28859.374534445175, 0.0, 0.0,0.0,NaN, 192.9657409626916,192.9657409626916,0.0, 61.371581652562504, 8.594976973904865, -7.427331785501125, 8.594976973904865, 33.049709699311585, -9.459089476046731, -7.427331785501125, -9.459089476046731, 49.0866421049745, 15.0, 0.0
154091, 0 ,1.0,1.0,1.0,150.37390618275714,97.33373977908478,184.67544111318318,7.659581488037781,7.472755031916264,6.0370417998939185,32.0,29.0,26.0,-0.8850455524934392,0.33175109982761947,-0.3265510339514298,8.047951503505224,0.23120016093084464,0.9221303712274936,0.31019681501491353,7.475028089287017,0.4040307607065758,0.19903965992487505,-0.8928282915431474,5.505593673182339,37.09980091289657,32.4993383790092,25.629568851512317,11.770885782365214,3.5218429736576398,13942.0,30902.05770734325, 0.0, 0.0,2.8421709430404007E-14,70.94042957961561, 212.5125378250136,212.5125378250136,0.0, 58.66918857189106, -4.667105542129438, 11.792205241499024, -4.667105542129438, 55.84206776702984, 3.579556197128002, 11.792205241499024, 3.579556197128002, 36.44587369366641, 10.0, 0.0
154097, 0 ,1.0,1.0,1.0,228.81515854601702,236.17272492910544,70.88373292085589,4.130210776883378,4.477904687885506,5.083640806881551,19.0,18.0,22.0,0.33028760869567,0.4862603552222413,0.8089876157774206,5.553417081525198,0.03686012309431874,-0.8630780894888561,0.503723676999343,4.091972653119309,-0.943160339956875,0.13655430562016785,0.30298761484428066,3.9203308321377386,24.998246823978377,18.235253383400277,16.703777507983403,7.6056972735864345,2.2598770522357525,3879.0,7614.406369715076, 0.0, 0.0,0.0,NaN, 119.01977267916268,119.01977267916268,NaN, 17.0586410614836, 2.441052790453366, 4.159483501998854, 2.441052790453366, 20.051630393786994, 5.488244120398715, 4.159483501998854, 5.488244120398715, 25.8434038533913, 9.0, 0.0
154135, 0 ,1.0,1.0,1.0,111.52515037593984,36.30421052631579,27.672481203007518,7.595203211204819,8.321148725149978,9.52510860009648,33.0,38.0,38.0,-0.22116359330713742,0.35572279703475573,0.9080462304669539,9.858508622193257,-0.25044480837060307,-0.9205939701918213,0.29964001736529094,8.093584834492606,-0.942530669504015,0.16114600124182393,-0.2926907981609313,7.4135021442099545,42.578555942396996,35.04826654899624,32.84651815772493,14.207492481507652,3.975358997258238,26600.0,49017.009416177934, -1.4210854715202004E-14, 0.0,0.0,77.22261438654466, 120.50568901195436,120.50568901195436,NaN, 57.68711181949599, -0.8908840918084767, -9.272364282887773, -0.8908840918084767, 69.2415161060651, 10.731777522754475, -9.272364282887773, 10.731777522754475, 90.72769384363194, 14.0, 0.0
154136, 0 ,1.0,1.0,1.0,47.82661791085967,187.2832206430247,211.7386964721034,9.199289274204551,11.777025860202945,9.392169519834871,39.0,48.0,41.0,0.24679097183263227,0.9299692327656081,0.2724911784466646,11.97261109138733,0.6385255334175468,-0.3675683094597832,0.676149895403908,10.44002671210532,0.7289577212676626,0.007124885277969287,-0.6845216407200235,7.694188420919744,54.18678667771795,49.22278508251618,36.17787535676882,16.956642580742415,4.9000389733813545,43482.0,96494.51749747481, 0.0, -2.8421709430404007E-14,0.0,21.56998055432889, 150.93878040398997,150.93878040398997,0.0, 84.6269231504949, 7.624814875759211, 27.156318308798586, 7.624814875759211, 138.69833811188892, 8.94724145499393, 27.156318308798586, 8.94724145499393, 88.21284828931519, 20.0, 0.0
154155, 0 ,1.0,1.0,1.0,174.52437001342918,222.62011217315742,274.0597203570582,7.457011283896772,6.5719213961079905,6.6754922640492635,35.0,26.0,29.0,0.7487250999677726,-0.2830309938742961,0.5994198705288114,8.621620967088793,-0.35678273009754724,-0.9341762791228159,0.004556646616884678,6.4156404937334015,0.5586741520621743,-0.21727433357573253,-0.8004217986704458,5.278879999317139,39.41068830159696,28.949541981545764,25.10078454774009,11.436751346260838,3.544020843048122,12659.0,28638.02163255504, 0.0, 0.0,0.0,NaN, 149.68192565762772,149.68192565762772,0.0, 55.60701728816379, -5.415854696691648, 20.83225975747277, -5.415854696691648, 43.190150836621996, -7.939711257043121, 20.83225975747277, -7.939711257043121, 44.56219696738157, 16.0, 0.0
154163, 0 ,1.0,1.0,1.0,139.98480559246636,231.92402796233173,138.27742792766767,7.241183960790761,6.428113878200121,8.587126210701296,31.0,32.0,38.0,0.1751472296504927,0.17452617404390922,0.968949979369086,8.708400831866577,0.9384281280567197,-0.3272640731135073,-0.11068367052604461,7.280631122034219,0.2977853193455288,0.928675853580113,-0.2210996665748942,6.216936155378132,37.94981071442919,34.88091549220462,31.598939466881433,12.439883700239209,3.569793168820945,17309.0,41828.27898572443, 0.0, 0.0,0.0,NaN, 208.2083832124089,208.2083832124089,0.0, 52.43474515401337, -3.272631616263622, 4.8195137526706855, -3.272631616263622, 41.32064803110901, 6.808470606325239, 4.8195137526706855, 6.808470606325239, 73.73873655851321, 10.0, 0.0
154180, 0 ,1.0,1.0,1.0,112.6936559952945,71.78252247710276,159.16028905134021,135.70921704714704,10.782574881343582,12.314625391721371,299.0,47.0,55.0,-0.999944214572526,-0.0094925893376869,0.004632331011547984,135.71673041083852,-0.00833372853758893,0.43956818771240164,-0.8981705613745627,12.759391289613232,-0.006489738946698697,0.8981590611349977,0.4396227748758048,10.152464315139978,299.5712506988978,62.326597097739125,47.07750817459237,131.5128410966378,37.27302158196901,59505.0,878996.2373055234, 1.4210854715202004E-14, 0.0,0.0,0.6052015503377158, 194.13504272764249,194.13504272764249,0.0, 18416.99159154966, 173.6373683259405, -84.39376675713171, 173.6373683259405, 116.26392107178157, -24.38705485903047, -84.39376675713171, -24.38705485903047, 151.64999853842872, 21.0, 0.0
154181, 0 ,1.0,1.0,1.0,137.07623762376238,8.811881188118813,6.80990099009901,3.213697433029396,38.03026748493864,3.303688456246983,12.0,299.0,12.0,-0.0054237034220192895,0.9999501703579389,0.008380945192387879,38.032145643595136,-0.6691505605926621,-0.009857322895906346,0.7430614782397562,3.61633996759984,-0.7431070654352009,0.0015779690914829343,-0.6691706802556657,2.8322140749043965,299.10440985125007,15.627957990595505,12.858372481576879,11.616769558211281,36.504713649259024,1010.0,60105.06255645287, 0.0, 0.0,0.0,NaN, 137.52788416410195,137.52788416410195,0.0, 10.327851191059729, -7.767836486618963, -2.579566709146147, -7.767836486618963, 1446.3012449759813, 12.01770414665233, -2.579566709146147, 12.01770414665233, 10.914357415939575, 9.0, 0.0
154184, 0 ,1.0,1.0,1.0,89.45091359554041,157.99189635594095,110.96268194487457,9.08155818242806,6.716984137403535,7.306599422409468,38.0,28.0,32.0,-0.9741908177480612,-0.03939010618394019,0.2222626152779217,9.161173342942485,0.2023271997497166,-0.5889432486900561,0.7824382110197846,7.738842251136678,0.10007974248968582,0.8072138931889247,0.5817127949306063,6.096080186078016,39.995163162964396,37.530977801880596,28.142932633779765,12.928404165538556,3.7195881189971978,19374.0,42244.16237733689, 0.0, 0.0,0.0,NaN, 201.19762480719808,201.19762480719808,0.0, 82.47469902082605, -0.9136578179777025, -6.527871862827749, -0.9136578179777025, 45.11787590213071, -10.882515687759467, -6.527871862827749, -10.882515687759467, 53.38639511955437, 14.0, 0.0
154205, 0 ,1.0,1.0,1.0,247.41349728338577,59.93065484701172,270.4929939948527,5.577593223059468,111.12664213870016,4.952449859317808,26.0,299.0,21.0,-0.0031773946567935966,-0.9999895406832144,0.0032897853074075494,111.12780177125275,0.9893988959095911,-0.00362135376073201,-0.1451782028054557,5.579449104236601,0.14518859781703713,0.0027936215050516477,0.9894000539432012,4.924258317360537,299.08038405056266,27.93101516581706,22.659265661418544,86.08583218153377,70.66821347965767,6994.0,189286.86632537656, 0.0, 0.0,0.0,NaN, 85.01580477619396,85.01580477619396,0.0, 31.109546161918903, 39.13676668322013, -1.1173489609828626, 39.13676668322013, 12349.13059302273, -40.543022292320735, -1.1173489609828626, -40.543022292320735, 24.52675960905697, 10.0, 0.0
154217, 0 ,1.0,1.0,1.0,106.19953659249363,249.93549868492465,119.08408132592994,10.16736087219412,11.534396628184538,9.426507472806149,44.0,52.0,42.0,-0.4471556025078655,-0.8941919783283494,0.02173874511236981,11.974481673070583,0.6821275879051779,-0.3251868224924249,0.6549469324273101,10.288004414559376,-0.578579139759196,0.3076917879477986,0.7553621268404948,8.720397332912796,57.2731948234877,50.15362577103034,44.385750166853285,17.352923215629954,4.914532703015246,47906.0,127496.22001441574, 0.0, 2.8421709430404007E-14,0.0,26.595170148153443, 167.22982476110016,167.22982476110016,NaN, 103.37522710542397, 20.31688239616759, 12.65773111103894, 20.31688239616759, 133.04230557627486, -7.655370698928595, 12.65773111103894, -7.655370698928595, 88.85904313487018, 19.0, 0.0
154235, 0 ,1.0,1.0,1.0,191.4298846078623,68.48604397753626,209.2206420608533,9.348815236592475,10.16493412710372,8.561966625066512,42.0,45.0,39.0,-0.4637717116864901,0.8537175796978983,-0.23681658209286155,10.464509696278286,-0.7494341581732191,-0.5205925931671507,-0.40906209125596044,9.312662242402366,0.4725084570699036,0.012232990405609379,-0.881241233683011,8.234188691090663,47.52384516089947,42.42334307255305,37.75819545621427,15.657190153842542,4.345791195108463,35791.0,76125.06765024428, 0.0, 0.0,2.8421709430404007E-14,76.3012717023367, 157.22181783645308,157.22181783645308,0.0, 87.40034632794361, -9.128783007973315, 10.381693756857956, -9.128783007973315, 103.32588580835787, -4.401589485921084, 10.381693756857956, -4.401589485921084, 73.30727248875284, 15.0, 0.0
154236, 0 ,1.0,1.0,1.0,256.8616654477066,121.40330164037195,115.12694598265594,5.967109771353114,4.967402418781058,7.881599280128659,26.0,21.0,36.0,0.18948370491981556,0.19860878769714527,0.9615874765299989,8.047572471387795,-0.9752332993858367,-0.07572269852458638,0.2078126191961636,5.8888694440334906,-0.11408741095701742,0.9771492323988309,-0.1793416858499432,4.791543281126064,38.32684054188445,24.417844230415312,22.053337969453402,10.52210597235301,3.418534617725764,9571.0,20638.81089757639, 0.0, 0.0,0.0,NaN, 172.78278631976656,172.78278631976656,0.0, 35.60639902337781, 2.438718145632894, 5.241780010556581, 2.438718145632894, 24.675086790111905, 7.799392801896149, 5.241780010556581, 7.799392801896149, 62.1196072125246, 11.0, 0.0
154242, 0 ,1.0,1.0,1.0,81.55568917668825,196.91480111008326,51.9054424915202,11.304583792395887,12.640738506134843,10.44502743859779,48.0,54.0,46.0,0.22525068350534755,-0.9345702808034144,-0.2753915754328747,12.800037762151192,-0.8307797304160921,-0.33190006954034995,0.44681918419969024,11.714118146695942,-0.5089864134828547,0.1281434121527044,-0.8511827634601883,9.778494374165833,55.49817561976289,51.840617167722826,47.70906316461101,19.175305916337475,5.384062212465223,64860.0,137261.8218016307, 0.0, 0.0,0.0,NaN, 141.3225517300717,141.3225517300717,0.0, 127.79361471929977, -2.8905374901267287, -19.674822051793814, -2.8905374901267287, 159.78826998048015, 11.388999001050713, -19.674822051793814, 11.388999001050713, 109.09859819306074, 23.0, 0.0
154250, 0 ,1.0,1.0,1.0,105.8060887420766,155.57860905276314,220.93572002499778,6.759062301726737,5.625939473403549,7.0177865169408085,27.0,25.0,27.0,-0.3537362730575297,0.3874383058326112,0.8513296707486033,7.373113647962316,-0.9301465388340848,-0.04988121368919195,-0.36378466270015547,6.680769451329237,0.09847875617787563,0.9205451774326177,-0.3780191938079459,5.252614627668572,34.1035197935644,28.91541735695597,23.389395452501788,10.802178752814546,3.146169090596345,11201.0,23064.69236127346, 0.0, 0.0,0.0,NaN, 195.71312410259145,195.71312410259145,NaN, 45.68492319862354, -2.878516305454725, -2.2957428895371117, -2.878516305454725, 31.651194958400204, 9.139951657708234, -2.2957428895371117, 9.139951657708234, 49.2493275973562, 10.0, 0.0
154258, 0 ,1.0,1.0,1.0,215.50018843037498,273.1057094403618,278.7134916148483,5.409824856383229,7.360814478562768,6.216113927313071,24.0,31.0,23.0,-0.14409946283779418,0.9340436477119444,-0.3267993405422108,7.5967396109548195,0.5087287259488522,-0.2133387779117628,-0.8340753258750515,6.298222789492278,-0.8487817317805071,-0.28644201857981716,-0.44443283158155994,4.9708957039115935,33.394198342871505,29.87278057913184,22.797783654534953,10.609798874532627,3.0854553900295683,10614.0,22742.557384946977, -2.8421709430404007E-14, 0.0,0.0,81.71486543871566, 91.19559451661858,91.19559451661858,0.0, 29.266204976741818, -6.065122613423862, -4.792813923424688, -6.065122613423862, 54.18158978781927, -7.411676803453906, -4.792813923424688, -7.411676803453906, 38.64007235733553, 11.0, 0.0
154266, 0 ,1.0,1.0,1.0,217.8398723338004,38.594815506772534,69.2490269344543,5.475218521389722,9.338372513858971,6.0212424502173345,24.0,37.0,28.0,0.04283238717796914,-0.9801221186912837,0.19371633658714926,9.453339056450206,-0.23792187272946444,-0.19832263197460967,-0.9508213902324497,5.872086808267077,-0.9703394092200629,0.005363403655574572,0.24168712174149085,5.4398122126442825,37.92035945793332,29.121341804268127,25.694290231385253,11.791976771611576,3.7931337343463736,12846.0,28373.992701889707, 0.0, 0.0,0.0,NaN, 114.17212485320927,114.17212485320927,NaN, 29.97801785696906, -2.2786442863590977, 1.6021522967594946, -2.2786442863590977, 87.20520120759672, -10.42696674499182, 1.6021522967594946, -10.42696674499182, 36.25536064429925, 11.0, 0.0
154281, 0 ,1.0,1.0,1.0,268.9717382888115,47.260162601626014,258.9588333978578,5.091862423048103,6.190480040151958,5.671684461155122,21.0,26.0,25.0,-0.4131883679233263,-0.9017355056263728,0.12707655372100402,6.479724015192828,0.18301765197599607,0.05446998060257427,0.9815994907691976,5.675670787355825,-0.8920649705475778,0.4288427440285126,0.14252715255713355,4.713496418813381,28.403383561365615,24.641239130050735,20.81256707289839,9.450338315708963,2.666123854646938,7749.0,14566.602607951389, 0.0, 0.0,0.0,NaN, 69.86167296891,69.86167296891,0.0, 25.927062935249303, 7.465605318074038, 0.7577731983650828, 7.465605318074038, 38.32204312751979, -1.7309340727940812, 0.7577731983650828, -1.7309340727940812, 32.16800462690847, 10.0, 0.0
154306, 0 ,1.0,1.0,1.0,170.4447643727805,48.49608087788335,53.663307419138114,140.36305797402196,90.45618457938163,7.063586369570985,299.0,299.0,33.0,-0.9972679800616554,0.07383658196720513,0.0021760301343617954,140.58927619972695,0.07385766024885415,0.9971949012831497,0.012139805494841161,90.11130715896073,-0.0012735644115383004,0.012267355798536581,-0.9999239421153,6.972185067717646,320.30813670958526,320.49965181346084,33.247931463421786,159.12049990043977,51.13384531124358,31257.0,3413187.635925729, 0.0, 0.0,0.0,NaN, 148.3785008082353,148.3785008082353,2.6973983046972182E-6, 19701.788043818648, -857.3736928164717, -35.54999839206744, -857.3736928164717, 8182.321328659159, 100.87870733464018, -35.54999839206744, 100.87870733464018, 49.894252400389014, 16.0, 0.0
154313, 0 ,1.0,1.0,1.0,234.42223954563173,252.36288212038534,248.5313213430592,7.514683577153424,6.731707925832987,8.319541712441858,35.0,30.0,37.0,0.42913282716579737,0.05313846671941336,0.9016769488033947,8.587362655656888,-0.7404744990706609,0.5923593194650049,0.3175026816721555,7.751488685970367,0.5172451380871007,0.80391961040745,-0.29354850898546603,6.096946853961,39.582460552924374,36.72818427298438,28.555253365458157,12.568428949936395,3.6105025825943926,17959.0,41513.396192665576, 0.0, 0.0,-2.8421709430404007E-14,25.620622279842557, 96.01438719680631,96.01438719680631,0.0, 56.47046926473939, -9.216255644461372, 8.763516357012197, -9.216255644461372, 45.31589159872266, 6.06155013125914, 8.763516357012197, 6.06155013125914, 69.21477430506, 12.0, 0.0
154336, 0 ,1.0,1.0,1.0,259.8048309061292,76.98237339233182,188.72396732391627,13.359781660577859,11.816778965582426,133.33082104265392,59.0,54.0,298.0,-0.005936568134103805,-0.0067987308589067055,0.999959266379135,133.33620657141466,0.9887077526803769,-0.1497779804658269,0.004851428376970127,13.370864385063246,0.14973889591054063,0.9886962798687406,0.007611125094612225,11.743248008504114,298.51680737055455,61.214194300236954,54.28114954748848,128.21119369657413,40.70771035002292,82262.0,991904.7324607334, 0.0, 0.0,-2.8421709430404007E-14,0.5171489090492247, 141.15343736420348,141.15343736420348,0.0, 178.4837660183125, -5.3412145970935905, -104.52452778457169, -5.3412145970935905, 139.63626512143125, -119.95878105784413, -104.52452778457169, -119.95878105784413, 17777.107839908207, 23.0, 0.0
154357, 0 ,1.0,1.0,1.0,255.16052666141317,150.55552272130285,45.99461518255845,8.557271221916821,8.939318588875269,9.805749127285788,41.0,41.0,44.0,0.31294309526135283,-0.5039463553183929,0.8050494954284191,10.898736730981035,0.7540897060722479,0.6471557312026829,0.11197399147745175,8.767063989640333,-0.5774212797638442,0.5720380498995058,0.5825436765969192,7.324421493636157,47.6408064677514,42.9135068490134,32.513310557745314,15.147919785231583,4.453262818014123,30456.0,66471.31998381414, 0.0, 0.0,0.0,NaN, 162.66448531925002,162.66448531925002,0.0, 73.2268907654458, 1.0566078741643767, 18.370019909787, 1.0566078741643767, 79.91141683341094, -24.743298341006906, 18.370019909787, -24.743298341006906, 96.15271594726597, 14.0, 0.0
154363, 0 ,1.0,1.0,1.0,134.13426853707415,266.04008016032066,289.2144288577154,2.21852467181932,2.5783118853123783,2.081532555596698,9.0,10.0,8.0,0.5047775500852707,-0.7974522501553868,0.33055942529600063,2.797563232676342,0.5513686613939708,0.5924733422472118,0.5873397125676415,2.152071210892065,-0.6642230229091227,-0.11421579334106516,0.738757421884165,1.8559501986449078,12.325425503249491,10.387090297252996,7.907556833557706,3.8260332550061933,1.1241846863437144,499.0,1012.3673964102253, 0.0, 0.0,0.0,NaN, 138.78619058234378,138.78619058234378,0.0, 4.9218517194710225, -1.3761229874578822, 1.1154975281223793, -1.3761229874578822, 6.647692177943071, -0.7420612768623382, 1.1154975281223793, -0.7420612768623382, 4.3327777800089216, 6.0, 0.0
154376, 0 ,1.0,1.0,1.0,185.50405405405405,232.0570945945946,230.4554054054054,3.304580735118515,5.644219448271132,3.8087786895430136,13.0,22.0,15.0,0.18750220753260816,0.9455973906330934,0.2658730843810317,5.85189261562027,-0.1381807791099768,-0.24258965309758082,0.9602376437604154,3.609569368694971,-0.9724962696354976,0.2167852279051317,-0.08517728868167596,3.163957001746934,24.399384475401405,15.347179173683571,13.803870921066874,7.207365362340074,2.310442956407879,2960.0,5169.021320528878, 0.0, 0.0,-2.8421709430404007E-14,74.58116193903788, 150.20656001091086,150.20656001091086,0.0, 10.920253834916426, 4.397910427319212, 0.8076132213294308, 4.397910427319212, 31.857213180242084, 5.3895393535427365, 0.8076132213294308, 5.3895393535427365, 14.506795105916995, 8.0, 0.0
154383, 0 ,1.0,1.0,1.0,64.36901710299618,210.35830146657142,229.03351262764215,10.305309014590687,126.6127538829908,11.84208326566316,48.0,299.0,55.0,-0.0204032408202749,-0.9997845020907297,0.003828464865048725,126.63989462127078,-0.5023275521508634,0.0069403251803285115,-0.8646495603633381,12.67322014961398,-0.8644366593997224,0.019564796589393616,0.502360906739631,8.885401349672025,299.7567394239193,60.18451691589027,47.266864784508186,114.36873820480125,56.54215681448812,47594.0,852728.0154639796, 0.0, 0.0,0.0,NaN, 131.2068855233403,131.2068855233403,0.0, 106.19939388620409, 325.25459409469437, 34.22146526286328, 325.25459409469437, 16030.789445834804, -61.57424235910492, 34.22146526286328, -61.57424235910492, 140.23493607089944, 18.0, 0.0
154386, 0 ,1.0,1.0,1.0,38.02356970185335,158.39081385979048,165.85270615095354,8.546438718081818,10.034969287663465,7.908685181420697,36.0,42.0,33.0,0.053111653715900056,-0.9938169719432564,-0.09750373591355405,10.053654465654116,0.8937031215848407,0.09086720121772106,-0.43936076544494795,8.74665967193397,0.44550407709590556,-0.06380421632146231,0.8930034374348902,7.662212548193722,43.17591592115892,39.718305599936,34.750743889157576,14.793157357830315,4.177561495846421,29784.0,59593.15492954338, 0.0, 0.0,0.0,NaN, 198.73210585908515,198.73210585908515,0.0, 73.041614761928, -0.791174836475054, -7.206573989993556, -0.791174836475054, 100.70060860434897, 3.394926819866354, -7.206573989993556, 3.394926819866354, 62.547301298823335, 13.0, 0.0
154387, 0 ,1.0,1.0,1.0,189.75519947319322,98.06162541842727,86.73604785161609,6.857527163945634,6.460963429422259,125.36549088436658,28.0,29.0,298.0,7.280761803430201E-4,-0.005176170470473876,0.9999863384888497,125.36719905925234,-0.9961041776509687,0.08817636258179877,0.0011816717524993688,6.860199887522536,-0.08818127449386917,-0.9960914297096951,-0.005091805920607509,6.424880501598363,298.1187008086079,29.23483250449908,30.260288638195263,111.54748333771035,57.98650699035812,18223.0,263732.04122379253, 2.8421709430404007E-14, 0.0,0.0,89.9582843040168, 171.15238946569573,171.15238946569573,0.0, 47.02567880425225, -0.5670355599185605, 11.406108185592888, -0.5670355599185605, 41.744048436331845, -81.13815407657134, 11.406108185592888, -81.13815407657134, 15716.5063046782, 14.0, 0.0
