// Sample: .//bubblelabels.tif, Map: .//bubblelabels.tif, Thickness:(8.191250068658265):/afs/psi.ch/project/tipl/test/LabelValidation/Step4900//distmap.tif, Neighbors:(1.0):
//LACUNA_NUMBER, TRIANGLES, SCALE_X, SCALE_Y, SCALE_Z, POS_X, POS_Y, POS_Z , STD_X, STD_Y, STD_Z,PROJ_X, PROJ_Y, PROJ_Z, PCA1_X, PCA1_Y, PCA1_Z, PCA1_S, PCA2_X, PCA2_Y, PCA2_Z, PCA2_S, PCA3_X, PCA3_Y, PCA3_Z, PCA3_S,PROJ_PCA1, PROJ_PCA2, PROJ_PCA3,OBJ_RADIUS, OBJ_RADIUS_STD, VOLUME, VOLUME_BOX, Mask_Grad_X,Mask_Grad_Y,Mask_Grad_Z,Mask_Angle, Mask_Distance_Mean,Mask_Distance_COV, Mask_Distance_STD, SHAPET_XX, SHAPET_XY, SHAPET_XZ, SHAPET_YX, SHAPET_YY, SHAPET_YZ, SHAPET_ZX, SHAPET_ZY, SHAPET_ZZ, Thickness, Thickness_STD, Neighbors, Neighbors_STD
1, 0 ,1.0,1.0,1.0,31.25405610239904,133.31660990306523,93.24166791421834,17.347819936803365,16.68795582525255,21.544332516878107,69.0,88.0,104.0,0.47768305492467056,-0.26574136908316637,0.8373771096678236,23.266831348365645,0.4654489889278229,-0.7318384101969082,-0.49776478387540535,17.30803537538973,-0.7451014278230188,-0.6275301316417133,0.22589775593801817,14.236553664216345,114.92200226501595,88.72129947206875,72.24875865259497,30.61473295578546,10.311698009010675,213752.0,736650.4658097755, 0.0, 0.0,0.0,NaN, 165.66273912477527,165.66273912477527,0.0, 300.9468565597523, -75.9938176053839, 113.01912601481291, -75.9938176053839, 278.4878696255805, -40.06698004118185, 113.01912601481291, -40.06698004118185, 464.1582635978113, 6.215730959278993, 4.256720779467789, 21.0, 0.0
2, 0 ,1.0,1.0,1.0,285.26036954933943,172.96972745095528,54.35193680244999,9.313633807199516,26.148786033902766,20.337657993057,38.0,119.0,103.0,-0.020936735649595875,-0.8506178476408918,0.525367424166283,29.175303107007316,-0.07428942429590966,-0.5227063043655708,-0.8492698044875194,15.729277016564529,-0.9970169178795921,0.0568101808768773,0.05224814648018851,9.247413234760149,129.34261554987444,84.8769903022831,41.81523893055888,31.91256495117282,12.87289076396873,156082.0,459056.55470339884, 0.0, 0.0,0.0,NaN, 138.95351698997814,138.95351698997814,0.0, 86.74377469460973, 19.9228370095247, 1.792151819461657, 19.9228370095247, 683.7590110468283, -270.3055643739068, 1.792151819461657, -270.3055643739068, 413.6203326425553, 5.641927444160468, 4.108759986818515, 15.0, 0.0
3, 0 ,1.0,1.0,1.0,226.2476279000131,49.31295188426772,23.47103885814811,26.093964582261922,22.76740748737098,16.024191595891388,136.0,102.0,66.0,-0.8949829346363093,-0.4460535232271494,0.006465379062889631,27.102732716333026,-0.44591751863831564,0.8941071859871271,-0.041592145143391004,21.56554412786191,0.01277158099952419,-0.04010728590703126,-0.9991137534514999,16.01229944119284,139.50230227598382,102.46052196290907,68.44272357794291,35.89495712882166,12.94513809652155,320602.0,978284.6120573585, -2.8421709430404007E-14, -7.105427357601002E-15,0.0,2.7573013967281748, 91.77183271023702,91.77183271023702,0.0, 680.8949876203395, 107.68824820153216, 1.1034467191459856, 107.68824820153216, 518.3548436959962, -9.139299635543471, 1.1034467191459856, -9.139299635543471, 256.77471630183624, 5.702265469213717, 4.134414572090392, 19.0, 0.0
4, 0 ,1.0,1.0,1.0,45.31647026772932,250.32163308476314,58.0701267066943,21.626066327922214,21.83772093392691,24.024747370827864,95.0,96.0,106.0,-0.39688145808098296,-0.5679274202088294,0.7210711154986426,26.82186641257755,-0.7740575756191983,-0.21509424965705462,-0.595457247324271,21.147577103254967,-0.4932747488550799,0.7944765000548552,0.35424160258578535,18.84486008033999,127.86177468607048,111.13209486876977,124.3713082240944,37.06176305693999,12.173208523278781,374408.0,1767259.9340533619, 0.0, 0.0,0.0,NaN, 88.84628429271777,88.84628429271777,0.0, 467.686744819691, 97.44227692095177, -61.804099387162715, 97.44227692095177, 476.88605558806967, -137.38505533608557, -61.804099387162715, -137.38505533608557, 577.1884862321003, 5.446373801233861, 3.704082766961547, 16.0, 0.0
5, 0 ,1.0,1.0,1.0,32.06908562854896,270.9402592640837,235.8160498651576,19.446745020280954,17.026804920182826,25.80952306011195,94.0,73.0,120.0,-0.3221347266666199,0.45938210488346287,0.827766452321101,29.140964547668393,0.8812066496507723,-0.17405074927158865,0.43952380742032565,18.793845462882725,-0.3459827430475152,-0.871019183710002,0.34874277501115225,11.481072084655311,134.77033313706517,103.65330741633647,73.77506828568974,33.808959702675075,13.826557853899804,207279.0,1030592.7580590646, 0.0, 0.0,0.0,NaN, 77.41107310715836,77.41107310715836,0.0, 378.1758918838221, -140.11628535771598, -105.54300645057762, -140.11628535771598, 289.91208578996213, 255.8555191094066, -105.54300645057762, 255.8555191094066, 666.1314805904506, 6.623568760358031, 4.751060314031005, 20.0, 0.0
6, 0 ,1.0,1.0,1.0,88.31745187652699,17.75897878403259,222.43584289448205,21.319449976006332,11.88657922616328,21.17219680378466,97.0,50.0,109.0,0.7100905083483835,0.11708543208210033,0.6943071881722688,22.54795420350508,-0.7030118773484895,0.06283481745412894,0.7083968421883731,20.013392586224562,-0.039316284927327284,0.9911320735954687,-0.1269308568861767,11.624349827141792,113.76790450135786,120.06276785578017,55.967108866459924,30.596084215852255,10.389959631013767,199331.0,764470.9429095088, 0.0, 0.0,-2.8421709430404007E-14,46.027965257598396, 118.87620493986107,118.87620493986107,1.3486991523486091E-6, 454.5189472794365, 19.31122274259391, 51.85979969659745, 19.31122274259391, 141.29076569985642, 42.159474442908376, 51.85979969659745, 42.159474442908376, 448.2619174981894, 5.784906392137698, 4.181177778303628, 12.0, 0.0
7, 0 ,1.0,1.0,1.0,187.3387624846335,253.24747409943004,93.7290612052302,16.53418674683502,22.023183697399666,21.93844005870817,78.0,92.0,103.0,-0.20432445288095763,0.692156682277088,0.6922215289443632,26.41049449845425,-0.25026475079003174,-0.7205752461638286,0.6466365819592494,17.021004021371187,-0.9463715298268965,0.041114982611119816,-0.3204535625297161,15.889188343327703,128.70605748939875,92.99951440299334,79.73457983747818,33.1729258841327,11.800512363620022,241597.0,954391.094376831, 0.0, 2.8421709430404007E-14,0.0,46.19892764715146, 153.8294186135769,153.8294186135769,0.0, 273.3793313792148, -56.223542801415796, -68.9744917580984, -56.223542801415796, 485.0206201694105, 195.8780744777518, -68.9744917580984, 195.8780744777518, 481.29515220953135, 5.53313071207935, 3.998313051548346, 24.0, 0.0
8, 0 ,1.0,1.0,1.0,177.26428639145502,138.55398544236462,11.715130671104884,28.250174948023453,21.864116776116017,8.691071318246898,125.0,101.0,40.0,-0.9983414743710035,0.055552166997082965,-0.015108186279601655,28.27158582502525,-0.05427874844714029,-0.995737358666106,-0.07457164356280628,21.89186402219265,-0.01918640189673402,-0.07362791113819796,0.997101204835137,8.550463860193952,124.04188728443064,98.45920197273811,43.40427647263111,34.25659103961438,13.346635456033832,189866.0,530099.2599608458, 0.0, 0.0,0.0,NaN, 185.46834383150895,185.46834383150895,0.0, 798.0723845939319, -18.322550828017736, 12.59687599704341, -18.322550828017736, 478.03960239963783, 29.54819931225768, 12.59687599704341, 29.54819931225768, 75.53472065885387, 6.299369692813888, 4.270323436561493, 17.0, 0.0
9, 0 ,1.0,1.0,1.0,134.87208832110758,100.97434113549498,53.037859978519776,15.553663690825317,19.477889665502563,23.44299472699867,77.0,81.0,102.0,0.23587381424678858,0.14312088749099408,0.9611867432067828,23.894828248055486,-0.15577688409998394,-0.970736119032761,0.1827702097862595,19.534062550002307,0.959216923397816,-0.19284138240793486,-0.20667630512041055,14.776204691577723,107.49561737281276,89.03137452703939,76.69867921803443,32.38499299958032,11.04947375291587,229979.0,734043.3726238535, 0.0, 0.0,0.0,NaN, 176.6332708380418,176.6332708380418,0.0, 241.91645420729785, 36.58951118659917, 75.29930874988052, 36.58951118659917, 379.38818582149156, 19.546486469341634, 75.29930874988052, 19.546486469341634, 549.5740017700874, 5.374736540002245, 3.899611466897159, 25.0, 0.0
10, 0 ,1.0,1.0,1.0,61.79437664678963,49.50326276213809,127.36662737484399,19.93365714918845,27.9532591779926,12.571331356871996,92.0,115.0,67.0,-0.325619023798332,0.9429066839644267,0.06999454747214087,28.982807089573715,-0.9141197962314578,-0.29503370101447357,-0.2781009050748675,18.956166346171408,-0.24157245182011022,-0.15453834670045752,0.9579982515227834,11.72324224617603,125.03109406435276,92.72745100813128,60.85493844639775,34.49434575484739,12.120803151709872,259596.0,705540.8768448542, 0.0, 0.0,0.0,NaN, 149.97124983844384,149.97124983844384,0.0, 397.3506873413918, -155.86244139747595, 40.398704920884704, -155.86244139747595, 781.3846986720274, 64.57521289470418, 40.398704920884704, 64.57521289470418, 158.03837208427308, 5.512947307898131, 3.878935560081847, 20.0, 0.0
11, 0 ,1.0,1.0,1.0,78.73042354326508,73.09629077661864,34.22345035049953,14.993896130820394,21.884550985209803,16.63446743431793,75.0,117.0,73.0,-0.007357005347463603,0.999605049575969,-0.027122303267626366,21.888379610183932,0.21703497230215937,-0.024880309303550795,-0.9758467046656252,16.71056363275081,0.9761361048901519,0.0130657977629896,0.2167662096792264,14.903419102532547,116.7473547996786,79.18135780141591,77.94880391617662,29.87059114579862,9.39168698530317,217404.0,720575.4301169014, 0.0, 0.0,0.0,NaN, 112.75101715946955,112.75101715946955,0.0, 224.81692118183076, -2.198426369591667, -12.048666286306968, -2.198426369591667, 478.9335718242473, -5.580282375840808, -12.048666286306968, -5.580282375840808, 276.7055068233837, 5.586446077680229, 3.8638651856430157, 15.0, 0.0
12, 0 ,1.0,1.0,1.0,134.4486668670847,25.86188937770194,59.60362530856618,23.817316921452434,16.217279192832475,17.021733646818817,115.0,66.0,78.0,0.9301421434023616,0.31168998372565293,0.1941261113605341,24.987873832870658,0.024083860782062982,0.47574426001197606,-0.8792538693207368,17.184903732241455,0.3664090074175176,-0.8225063848449806,-0.4350030875436977,14.15236344659638,119.93329446770113,92.92882576630409,82.70249888416714,31.77343155426507,10.509671420402306,236173.0,921740.8713356957, 0.0, 0.0,0.0,NaN, 149.32472499370212,149.32472499370212,0.0, 567.2645853369045, 124.04350885101755, 74.56599633077741, 124.04350885101755, 263.0001444182771, -14.090327639846938, 74.56599633077741, -14.090327639846938, 289.7394163432438, 5.44543772513325, 3.810167505487639, 17.0, 0.0
13, 0 ,1.0,1.0,1.0,90.51503999730828,48.191764171496345,92.1023737624387,15.802840197922418,24.770408921048688,15.999732024240744,81.0,104.0,85.0,0.19700963235159866,0.9502813186171658,0.2411485439473153,25.498461746040846,0.6843261531706418,-0.3094256803789239,0.6602677217680052,16.544493779178175,-0.702057633565336,-0.03494515430302577,0.7112621987308044,13.978644979431397,113.58807726676453,77.75867108392787,66.86072666310125,31.783932639247425,10.443944047540109,237766.0,590544.5560390064, 0.0, 0.0,0.0,NaN, 137.83419696269644,137.83419696269644,0.0, 249.72975832107267, 68.55575545419791, 56.99241023285934, 68.55575545419791, 613.5731581159685, 88.21378274564917, 56.99241023285934, 88.21378274564917, 255.99142484751482, 5.329314504692173, 3.7151007709346495, 13.0, 0.0
14, 0 ,1.0,1.0,1.0,156.2965124006486,26.271265849703607,220.48262181344532,16.104492000745562,16.78676810300559,19.906478683866318,77.0,65.0,132.0,-0.2517888088474268,-0.07671243389955064,0.9647370617035509,20.181497764740747,0.20165621708671308,-0.9791314529951664,-0.025226332786414053,16.801173523373922,0.9465395743704912,0.188193518062609,0.2620038814784012,15.74312090236974,121.30236073253045,74.91168404957372,88.63689286389015,28.38213946298601,11.483566477406827,150476.0,805440.2653098339, 0.0, -3.552713678800501E-15,2.8421709430404007E-14,26.211511244971067, 166.32463795609567,166.32463795609567,0.0, 259.3546626020778, -3.71906709164306, -38.90643438204176, -3.71906709164306, 281.7955833440858, -10.949740422413148, -38.90643438204176, -10.949740422413148, 396.2678935912241, 5.567613102700854, 3.9264356225893304, 15.0, 0.0
15, 0 ,1.0,1.0,1.0,87.0875450823667,135.42055146700457,82.68958353640706,15.668561700737891,12.761017821236097,21.38925680668694,76.0,66.0,107.0,-0.15870553653804298,0.031249161740973357,0.9868313141376586,21.519347050922512,0.9250810170258355,-0.34456578767309937,0.15968572229120015,15.884676634097373,-0.34501835401992365,-0.938241923949097,-0.025776491880768165,12.265498729291552,111.61930127334193,81.4585988631065,64.49762645778168,27.930753711086936,9.25854769803553,164144.0,586435.1156823783, 0.0, 0.0,0.0,NaN, 180.99871130349334,180.99871130349334,NaN, 245.50382576983029, -34.025047059782416, -33.91426013389575, -34.025047059782416, 162.84357583390528, 4.0353857521341245, -33.91426013389575, 4.0353857521341245, 457.5003067424036, 5.165953031039436, 3.711501492741754, 17.0, 0.0
16, 0 ,1.0,1.0,1.0,78.78380708763257,285.90772090171396,221.01584609931118,17.105485760872618,9.389940589578464,21.20460988149587,88.0,41.0,125.0,-0.4245441402581355,0.036992932274386804,0.9046512012561654,22.2383992442759,0.9052730942676412,1.4429082740434343E-4,0.4248300883591543,15.75574826035253,-0.015585177816450385,-0.9993155168123328,0.03354996409133495,9.360240564550072,127.88488214531552,78.38997490295716,42.669778788605726,26.36958045196317,11.62107285946686,104379.0,427759.95396697463, 0.0, 0.0,-2.8421709430404007E-14,25.22365336902156, 112.44544080047439,112.44544080047439,1.3486991523486091E-6, 292.59764311541585, -6.369943859703037, -94.51213766105221, -6.369943859703037, 88.17098427581314, 13.628120882825927, -94.51213766105221, 13.628120882825927, 449.6354802264323, 5.159973598509368, 3.6226063665788173, 9.0, 0.0
17, 0 ,1.0,1.0,1.0,30.033075876697485,20.301247319761142,68.711686994213,19.31492268163701,13.972372209945725,22.72432156176267,79.0,63.0,101.0,-0.3450578282960096,0.2411966797957937,0.9070607789928559,23.54962997328233,0.8995044720017058,-0.19097223727210427,0.3929647687009856,19.099692684009476,-0.268005223793443,-0.9515007967662313,0.15106102665033744,12.857094590581074,102.50077569632779,92.17459843514143,66.85431118041646,31.26509305829847,10.352882201076214,216865.0,631637.3819377262, 0.0, 0.0,0.0,NaN, 77.68797988713746,77.68797988713746,1.3486991523486091E-6, 373.06623819761586, -66.66759434221545, -51.32455643284721, -66.66759434221545, 195.22718517326356, 70.19568620417371, -51.32455643284721, 70.19568620417371, 516.3947904423919, 5.160313836607163, 3.5934773792430006, 8.0, 0.0
18, 0 ,1.0,1.0,1.0,196.67074690117406,149.95786688007567,184.1684415383636,17.059139365148827,13.448309532630205,14.768847053146498,86.0,63.0,77.0,0.7873293771646683,0.2416864784014852,0.5671861229009253,19.815076984975665,-0.008433115615764875,0.9240968891498297,-0.3820652065088086,13.117707453500238,-0.6164749260225482,0.2960280149267899,0.72960679818927,11.192791594955592,93.60733006648408,62.34434740263484,56.97794577961102,24.845178698224135,8.526851933601614,109961.0,332516.9046325609, 0.0, 0.0,0.0,NaN, 215.82688970755063,215.82688970755063,0.0, 291.0142358795703, 50.51016788127759, 119.5430873300208, 50.51016788127759, 180.85702928543242, 20.127930717683803, 119.5430873300208, 20.127930717683803, 218.118843279234, 4.9824803732758705, 3.6372440836942577, 19.0, 0.0
19, 0 ,1.0,1.0,1.0,177.12771222286358,153.6703081974659,222.22227689512582,20.31700711080733,18.042368566647546,14.870565341099208,105.0,79.0,71.0,-0.9074200865682098,0.4127290714212992,-0.07901582180965512,21.010876045404746,-0.3408467079928787,-0.8328653463328497,-0.4360720542849309,17.960089033870617,-0.24578915383507094,-0.3687682585060361,0.8964360899559235,13.979264812547388,97.96604265549789,85.51662949241282,72.23006339122547,29.62224313720796,9.053411871748503,211358.0,605123.6636297881, 0.0, 0.0,0.0,NaN, 206.29918084662992,206.29918084662992,0.0, 412.78077794059567, -56.051635751541035, 36.53901948244092, -56.051635751541035, 325.5270634947514, 38.15389491234311, 36.53901948244092, 38.15389491234311, 221.13371356390104, 5.072783366269961, 3.6531311152880837, 22.0, 0.0
20, 0 ,1.0,1.0,1.0,270.82984793997457,203.27517127917938,231.55121190601946,18.478995466543594,24.370569283610493,24.661229335827468,78.0,117.0,115.0,0.28605992286105375,0.6334675281900067,0.7189496583639017,27.125932441623615,0.09244518733450194,-0.7650485069100884,0.6373026513465426,22.433907480628978,-0.9537418979322533,0.11584331143180972,0.27741074118551334,17.449290453686817,132.1571522322414,115.19573286287209,89.85327931162747,37.370490977409624,12.12520338474792,395699.0,1367920.9334444911, 0.0, 2.8421709430404007E-14,0.0,50.6935836552511, 122.03207305381542,122.03207305381542,0.0, 341.47327345253865, 64.10238844944247, 100.42278738743464, 64.10238844944247, 593.9246472072592, 99.51541523130714, 100.42278738743464, 99.51541523130714, 608.1762323542772, 5.609048620984093, 4.038359226120117, 25.0, 0.0
21, 0 ,1.0,1.0,1.0,14.71019823262479,109.388660138524,150.34681633627895,9.790473605817507,17.7943470814269,15.003061076577714,43.0,77.0,64.0,-0.06465362533544154,0.926585744193334,0.37048450357426566,18.29483269010271,-0.051544477127476174,-0.37386652190306546,0.9260491297321972,14.433845940353706,-0.9965756748027917,-0.040776003455348965,-0.07193220373080422,9.723538006266066,84.18610319315655,69.0369492130153,46.04935982118768,24.03277427367842,7.746596921126421,104675.0,267636.65650520346, 0.0, 0.0,0.0,NaN, 185.95253232917278,185.95253232917278,0.0, 95.85337342620926, -12.194124620949424, -11.183886567365326, -12.194124620949424, 316.63878805428595, 43.04553590629562, -11.183886567365326, 43.04553590629562, 225.09184166752124, 6.246303580300974, 4.181108126219557, 10.0, 0.0
22, 0 ,1.0,1.0,1.0,47.622476834090776,144.80283893053178,247.30332585728618,18.35337255987445,16.445100807841392,12.808834055607795,92.0,90.0,67.0,0.8357141696635977,-0.535849259348076,0.12019732892041318,19.570981763723577,0.5491646458154762,0.8153967987441133,-0.1831563604798233,15.162691028537248,1.3568288870424716E-4,0.21907448928154707,0.9757081273291635,12.586632923178108,98.00216783742542,74.0010690213705,65.03556629686884,26.329849331337275,8.837018103114497,135544.0,471655.1733313719, 0.0, 0.0,2.8421709430404007E-14,83.09650887558288, 161.28453716292336,161.28453716292336,0.0, 336.84628432155245, -68.57010217409601, 15.37114507055409, -68.57010217409601, 270.4413405800656, -25.141724604481794, 15.37114507055409, -25.141724604481794, 164.06622986409803, 5.311531887137361, 3.7228326439427493, 20.0, 0.0
23, 0 ,1.0,1.0,1.0,245.30126500943737,23.799823300269065,180.9719368700052,29.864379185526676,14.627234107660497,18.32013482060707,115.0,62.0,94.0,-0.9263643826592317,0.008037093908185619,0.37654274081688377,31.651092895168677,0.29564940835616965,0.6348858901954619,0.7138006260640026,15.825410595401925,0.23332479053676827,-0.7725641148488754,0.5905118377888341,13.756059015967757,122.27141212930131,86.64561117180887,75.83734261039668,35.687186764192894,12.957205041212516,249010.0,803442.1355614931, 0.0, 0.0,0.0,NaN, 133.13926171933602,133.13926171933602,0.0, 891.8811441369189, 5.440423499700564, -270.5162554118782, 5.440423499700564, 213.95597764030657, 30.2003540629783, -270.5162554118782, 30.2003540629783, 335.6273398452197, 5.404337802807239, 3.878996694394598, 14.0, 0.0
24, 0 ,1.0,1.0,1.0,204.19853751828103,84.20597367532906,181.24518506018674,12.415777330360852,16.835127866923166,20.485548801249923,62.0,80.0,91.0,0.06406114078950967,0.23795108169516804,0.9691622428473189,20.729810957032463,0.04708000854412985,-0.9707963054543578,0.23524031565965292,16.57592570616003,-0.996834812311564,-0.030558403693057904,0.07339305776094089,12.358980191371288,97.95062610266518,82.17193607279683,59.938109071112365,27.92967862290284,8.784293865899055,177780.0,482429.4079343215, 2.8421709430404007E-14, 0.0,0.0,86.32705188243582, 174.27355590460564,174.27355590460564,1.9073486328125E-6, 154.15152671710246, -1.3546633302082434, 18.54787348473184, -1.3546633302082434, 283.421530295653, 36.01034319645729, 18.54787348473184, 36.01034319645729, 419.6577096883921, 5.528569866832195, 3.8112754724132083, 16.0, 0.0
25, 0 ,1.0,1.0,1.0,104.45655812434514,82.9631713589789,223.03257630393665,17.363713060098213,15.185615936395994,16.80861491023669,78.0,76.0,81.0,0.6388992084953079,-0.5290842282498176,0.5584600977700764,21.254095287299638,0.6541575851687141,-0.008371604172161805,-0.7563119528407717,14.773803674380742,-0.40482793276935036,-0.8485280170158668,-0.34075584982332346,12.02618627458521,94.70045631413316,77.43350731959498,64.01374741159918,27.158383742655392,8.77799466210937,146978.0,469412.0721496903, -1.4210854715202004E-14, 0.0,-2.8421709430404007E-14,37.38706848251439, 154.00663832294154,154.00663832294154,0.0, 301.49853123342524, -104.21523391849752, 73.14457265509469, -104.21523391849752, 230.60293136772395, -90.27554235644563, 73.14457265509469, -90.27554235644563, 282.5295352006312, 5.740085891888283, 4.0827110951804375, 20.0, 0.0
26, 0 ,1.0,1.0,1.0,165.1125442193908,97.5078342672886,218.72829727952916,16.166102602468484,13.322326654391546,15.457360607003451,82.0,59.0,72.0,0.9126458860815542,0.38465297876139165,-0.13827354247433954,16.73955901689765,-0.1291181335682348,-0.0496677584129791,-0.9903845825526997,15.431358019461326,-0.3878221167007756,0.9217240366314737,0.00433659930263489,12.626068721886426,82.65020335378142,68.40752577180868,68.28830314461028,24.883783351197764,7.652096699943115,127772.0,386094.95825776714, 0.0, 0.0,0.0,NaN, 185.22282022890002,185.22282022890002,0.0, 261.34287335353827, 42.910162971827916, -5.178661325483034, 42.910162971827916, 177.48438748631142, -2.553055642682322, -5.178661325483034, -2.553055642682322, 238.9299969349421, 5.599787446502851, 3.9799507510023044, 12.0, 0.0
27, 0 ,1.0,1.0,1.0,269.5937875822578,90.32556834852475,172.48652116858455,18.692856700812136,24.04137544285919,19.40718275528969,72.0,115.0,93.0,0.3192590189830596,0.9002318204918571,0.2960681478509491,25.4000250584135,-0.5490068534027766,-0.07895421671658952,0.832080348631941,19.255326361076055,-0.7724410357527345,0.4281925980637531,-0.46902659332777336,16.974112674282562,119.9217052898367,102.70020061762484,93.64548522017674,34.40640309322796,10.96580108817096,310153.0,1153336.2219478444, 0.0, 0.0,0.0,NaN, 159.1946397802599,159.1946397802599,0.0, 349.4228916370972, 106.19851719987832, -4.006303891990039, 106.19851719987832, 577.987733184513, 89.73246119973295, -4.006303891990039, 89.73246119973295, 376.6387424972135, 4.940081688997581, 3.3554842493215187, 18.0, 0.0
28, 0 ,1.0,1.0,1.0,255.95944929941902,173.55437191817606,281.70613679636773,18.997985281049647,14.104957687710598,11.958147610459742,80.0,80.0,54.0,0.9582783369982664,0.2028237627724147,0.20140791964239232,19.386518647442877,-0.26487430930457995,0.8949710416460818,0.3589824994137593,14.318991593695294,-0.10744407433757733,-0.39735293615344913,0.9113541655251123,11.045358520965376,87.42529156976235,68.7867378115426,59.57672463954256,25.07812498106651,8.59989638417787,102415.0,358276.58526532695, 0.0, 0.0,0.0,NaN, 135.13967736357299,135.13967736357299,0.0, 360.923444738979, 29.652690588060164, 41.09653455172928, 29.652690588060164, 198.9498313721063, 37.04626643801602, 41.09653455172928, 37.04626643801602, 142.99729427354404, 5.694752466474632, 3.884920297522547, 10.0, 0.0
29, 0 ,1.0,1.0,1.0,18.282887333607796,139.08934632450482,276.6757055944376,12.512998900813594,17.477375821430755,14.46959992377988,58.0,78.0,65.0,0.17026171978870058,-0.8774741091694142,0.4483861444245759,18.241334382356566,-0.568191347057718,-0.4591905269166507,-0.6828635684518135,14.93624486552489,0.8050897713319486,-0.13850360185696137,-0.5767557649207494,10.750136665070023,91.47963178869759,76.58489902166164,55.401403985661545,24.542182823740156,8.311702069711078,109305.0,388139.92957950826, 0.0, 0.0,-5.6843418860808015E-14,63.35981229181856, 142.2115780791029,142.2115780791029,1.9073486328125E-6, 156.5751414917622, -4.392476809844614, 58.30000921562985, -4.392476809844614, 305.4586656035323, -51.73287535643672, 58.30000921562985, -51.73287535643672, 209.36932195425072, 5.816914588431089, 4.004965352670238, 7.0, 0.0
30, 0 ,1.0,1.0,1.0,191.6025455264989,215.25889306618495,258.7604090204063,15.528874462138647,18.220035378555206,16.19690893803685,71.0,91.0,76.0,-0.06296709619650814,0.7938243323637711,0.6048785614846939,20.692476931904995,-0.996491011886381,-0.08349559924983826,0.0058436406090081085,15.512165552401816,0.05514352206956433,-0.6023880927218955,0.7962962876471549,12.909283818290664,97.82000467019924,71.51569414912333,66.81392574870723,27.473916536680143,8.979944350561958,156667.0,467407.8776623631, 2.8421709430404007E-14, -2.8421709430404007E-14,0.0,61.965737219560886, 143.63762461439973,143.63762461439973,0.0, 241.14594206086184, -6.9173421751529185, -10.391753535315926, -6.9173421751529185, 331.96968919580337, 125.54158061450208, -10.391753535315926, 125.54158061450208, 262.33985914705795, 4.967651430963066, 3.5832085295212597, 13.0, 0.0
31, 0 ,1.0,1.0,1.0,26.113963354298647,53.82982837255326,278.8211389511277,17.08852234491575,22.876757393081814,12.557139732282266,75.0,102.0,53.0,-0.3182273570645902,-0.9478421075422845,0.01807452310536435,23.517248582266806,0.940215047039873,-0.31311132525864027,0.134003594409207,16.259950326788008,-0.12135491146012573,0.0596375482777307,0.9908160012332897,12.473909471409808,105.25549955710414,79.85734116316674,56.451406066599276,29.463302272224198,10.244959845026225,175846.0,474498.0224344055, 0.0, 0.0,0.0,NaN, 63.46757959789891,63.46757959789891,NaN, 292.01759593268486, 87.86016309392409, 11.420256220894064, 87.86016309392409, 523.3460288219235, -11.373760210789484, 11.420256220894064, -11.373760210789484, 157.68175825606195, 5.253991646757809, 3.70803777404758, 10.0, 0.0
32, 0 ,1.0,1.0,1.0,104.63667671852512,170.31246144883832,70.56160475635666,12.409878489495817,14.009933678273462,19.98706125750505,71.0,70.0,102.0,-0.11652909226359828,0.32076906059443816,0.9399617973202865,20.71451355126703,0.39256305484345233,-0.8544687449010318,0.34026079991564184,13.230844893016322,-0.9123131143572357,-0.4086445567392493,0.02635161511528373,12.067295275091675,102.45792100400281,68.58906573412531,70.9476262468911,25.787966098028367,9.205799695384904,116728.0,498583.9524020215, -1.4210854715202004E-14, 0.0,0.0,83.30817138859832, 180.9603045862503,180.9603045862503,0.0, 154.005084124051, -20.469540384096216, -27.11761824312027, -20.469540384096216, 196.27824166962097, 76.91148301796935, -27.11761824312027, 76.91148301796935, 399.4826177112594, 5.3572174233543555, 3.6190156334013484, 11.0, 0.0
33, 0 ,1.0,1.0,1.0,139.53926417986713,260.3576085845682,99.59821154828819,16.31127796748175,20.227044322581644,16.222862387613862,72.0,82.0,84.0,0.4636235673582858,0.8396767903788878,0.2828357747686545,22.030107041924627,0.1481388140008127,-0.38818226701200276,0.9095984934925163,15.755580441283938,-0.8735605757910608,0.3798123421854937,0.304359171288069,14.31113006324686,106.54122293260792,77.74856687895567,71.8656443627685,29.231515179090493,9.159197308812765,195700.0,595293.8473846714, 0.0, 0.0,0.0,NaN, 175.961726487923,175.961726487923,0.0, 266.0577889324556, 106.70620917545286, 42.63606715617162, 106.70620917545286, 409.1333220276823, 51.28554809915521, 42.63606715617162, 51.28554809915521, 263.1812640474566, 4.953046229286771, 3.4411626199447705, 17.0, 0.0
34, 0 ,1.0,1.0,1.0,211.46012635657678,190.11380075686205,169.85923004454946,20.308640861285525,15.932122291876235,16.099475823653155,87.0,78.0,80.0,0.9116509571531163,-0.27267949058471763,0.307471019343719,21.463027079953473,-0.026173516434565287,0.7081247177209881,0.7056021054319644,17.032982412082703,0.4101310514448477,0.6513104325642497,-0.6384255955659311,13.216751297774856,103.12132838114312,85.84234629827958,67.10745004460162,29.02730209078365,9.103969984722221,187881.0,594047.0111593984, 0.0, 0.0,0.0,NaN, 191.9658980483082,191.9658980483082,0.0, 412.44089363267614, -73.23067772488908, 78.0297497984292, -73.23067772488908, 253.83252072329967, 33.70330050626528, 78.0297497984292, 33.70330050626528, 259.1931217963924, 4.96982854677783, 3.538455271725842, 22.0, 0.0
35, 0 ,1.0,1.0,1.0,243.62251640203425,253.53995108505765,19.984882953530803,20.385668029845245,15.640040149223179,14.351426494420716,94.0,81.0,55.0,-0.9292118620090535,0.13169782951174408,0.34528393707724486,21.4103233408201,-0.043396295237419,0.8889908692925115,-0.45586401028619467,16.2670920329289,-0.36699056808225194,-0.4385782894950918,-0.8203456630727227,11.963675461616447,96.05750326994556,91.2033430685502,69.76096475175993,27.433331716925476,10.656550578219761,128795.0,611159.4480144591, 0.0, -2.8421709430404007E-14,0.0,82.43228558336956, 75.73871103130855,75.73871103130855,0.0, 415.5754610230546, -43.26842391511236, -98.74922132508425, -43.26842391511236, 244.610855869313, -34.897975194979644, -98.74922132508425, -34.897975194979644, 205.96344242476087, 5.32833018617011, 3.6704222343754673, 17.0, 0.0
36, 0 ,1.0,1.0,1.0,139.78459609825842,32.08120512634556,12.005977973705203,18.059538679719118,17.400630413660792,7.869903915753754,83.0,70.0,29.0,-0.8155116318527676,0.5782609602193133,0.023559291141168937,18.74847238416593,-0.5730910835765184,-0.8125554236966269,0.1063968671826781,16.735755619579585,0.08066838437658687,0.07326626309178084,0.9940445998317364,7.698930501190567,92.88752487520857,83.07855863485688,33.38229822543467,24.87597879026681,8.488223782776629,96521.0,257609.9162558238, 0.0, 0.0,0.0,NaN, 143.92039652466568,143.92039652466568,0.0, 326.146937324271, -34.98505676710943, -19.078643113402357, -34.98505676710943, 302.78193879281696, -15.108741676504655, -19.078643113402357, -15.108741676504655, 61.935387643196265, 5.077334457983302, 3.456746313211336, 7.0, 0.0
37, 0 ,1.0,1.0,1.0,273.24306912668396,108.01576769035287,85.72583389681897,15.791770409052848,11.507965985708058,20.823660536735964,68.0,60.0,100.0,-0.1485404573873383,0.2547804092189861,0.955522200473315,21.478828735936172,0.988852905666653,0.02822400194610948,0.14619622658866427,15.640087977907761,0.010279273990821916,0.9665869587328147,-0.2561327541215096,10.463541279380195,104.87119784097084,77.77604503422984,53.140941475609374,26.873587183842986,9.65652338070922,134579.0,433442.33581746276, 0.0, 0.0,0.0,NaN, 140.47155589940866,140.47155589940866,0.0, 249.38001265223718, -9.544697112378907, -30.405200502552297, -9.544697112378907, 132.43328112821365, 86.21593101799753, -30.405200502552297, 86.21593101799753, 433.6248381492147, 4.832766517309301, 3.2474723002054966, 14.0, 0.0
38, 0 ,1.0,1.0,1.0,135.80506281466145,192.25622601178992,95.72468424625767,14.590485468702605,14.787851391168845,17.140959501629755,63.0,71.0,84.0,-0.3634596243354936,-0.21137344706071665,0.9073138196652648,17.893700892195966,0.5944399684255524,-0.8025104036776745,0.05116811436162677,15.334572531581383,0.7173131989696901,0.5579411419377197,0.41732895504278544,13.040002349329638,84.81375177308931,79.33069429339169,58.76129185494031,25.843649450469638,7.5816284990466,148771.0,395365.58692937536, 0.0, 0.0,0.0,NaN, 198.0276523452277,198.0276523452277,0.0, 212.88226621242185, -19.524303724732118, -47.532573096733394, -19.524303724732118, 218.68054876729434, -31.468211135120676, -47.532573096733394, -31.468211135120676, 293.8124926365114, 4.922191262476151, 3.473117738035488, 14.0, 0.0
39, 0 ,1.0,1.0,1.0,23.54894594502846,53.46300340601768,186.0461340002037,13.791093582829593,19.392422563019515,19.70451665930197,57.0,97.0,106.0,-0.26063384380447635,-0.6780983782676452,0.687206365551494,23.959891843669315,-0.23519021258786085,-0.6457678111764681,-0.7264086301464424,14.899914300692226,-0.9363522645706481,0.3509508846535985,-0.008826845091875004,12.58747109317344,120.93107120914144,66.75891912027393,60.90220744586974,29.163355691639715,10.199361580637621,176746.0,491677.38217345637, 0.0, 0.0,0.0,NaN, 128.05596106629812,128.05596106629812,0.0, 190.19426221036355, 83.11072136022614, -63.58415525802922, 83.11072136022614, 376.06605286270843, -163.86495496233448, -63.58415525802922, -163.86495496233448, 388.26797677670885, 5.218315359040648, 3.6572047642362673, 9.0, 0.0
40, 0 ,1.0,1.0,1.0,52.06775333295188,121.52598415059794,198.97350803913716,16.333893256783853,14.826817197490161,17.671980823671245,84.0,75.0,81.0,0.6004787466496243,0.029286228415217115,0.7991042432920179,19.510267393193683,-0.5448387812076075,0.7464469395850304,0.38205715393950007,17.340199102606938,0.5852999037367984,0.6648001829191644,-0.46418179571838125,10.844189443754487,88.81614638845542,80.19329461456346,53.279952351144274,26.87151500588918,8.76647960428644,139816.0,379484.29712779954, 0.0, 1.4210854715202004E-14,-2.8421709430404007E-14,47.44896182885299, 166.3910088881932,166.3910088881932,0.0, 266.79606892400903, -69.83385769767739, 88.11410681427915, -69.83385769767739, 219.83450820779, 58.369659018236185, 88.11410681427915, 58.369659018236185, 312.29890623220416, 5.279524052386561, 3.6815816745394443, 16.0, 0.0
41, 0 ,1.0,1.0,1.0,119.61529788571485,131.23919659160072,205.334484100456,14.59209245519869,11.502711454877577,14.619764916424208,64.0,61.0,76.0,-0.6629530800909026,0.04670735590840884,0.7472025404815151,15.121810815764702,-0.7087344179522539,-0.36073329100807916,-0.6062730552880939,14.486939403926504,-0.24122342010647488,0.9314987469999756,-0.2722523570689689,10.974446847378218,72.09372346979293,65.80435229529701,53.7119059634468,22.681360386845515,6.673451149804707,100223.0,254813.62060332237, -1.4210854715202004E-14, 0.0,0.0,48.47451775078915, 201.2289892406756,201.2289892406756,0.0, 212.92916222106652, 19.5134496451489, -15.185043662859771, 19.5134496451489, 132.31237081417183, 23.336473790046067, -15.185043662859771, 23.336473790046067, 213.73752621150814, 5.015263653783219, 3.344920670480645, 18.0, 0.0
42, 0 ,1.0,1.0,1.0,22.569699291323502,97.52209666092064,253.28105726872246,14.403716656473385,13.783088323740147,10.043724016252034,60.0,72.0,46.0,-0.8514664223190593,0.5219703566743804,0.05051612036173694,14.7950057648151,-0.5178967767588244,-0.8521160265576271,0.07537377465977274,13.390343177727706,0.08238847180280605,0.0380161023365353,0.9958749498190705,10.006172263977758,76.58030972852173,68.27840918283349,46.70295132619299,21.275456121158154,6.758101524222354,78315.0,244199.53830418896, 0.0, 0.0,-2.8421709430404007E-14,87.10440708077712, 110.46542569134972,110.46542569134972,1.9073486328125E-6, 207.46705351996883, -17.84378298695841, -8.199344328689564, -17.84378298695841, 189.973523740022, -1.9536853681101582, -8.199344328689564, -1.9536853681101582, 100.87639211463788, 4.9067280505406465, 3.3427927883540542, 4.0, 0.0
43, 0 ,1.0,1.0,1.0,286.2907312623524,11.520346627476815,248.83603608169057,9.45738902676421,8.004328761050106,15.61595188950074,42.0,33.0,81.0,-0.15823585332447196,-0.14401544878706113,0.976842344103355,15.853378587013749,-0.8973596409353632,-0.3917753909025504,-0.20311995939225225,9.583041129153408,-0.4119552033207403,0.9087197552567104,0.06724073812170868,7.36241466011688,79.85852752084449,50.10958463606636,35.773744227426334,18.533910935830168,7.339181490905732,39466.0,143154.99250695607, 0.0, 0.0,0.0,NaN, 54.2071364266028,54.2071364266028,0.0, 89.44220720356009, 17.721318167443755, -23.611024122062652, 17.721318167443755, 64.0692789149739, -24.737086022743444, -23.611024122062652, -24.737086022743444, 243.85795341520173, 6.675660528643944, 4.665736501838194, 5.0, 0.0
44, 0 ,1.0,1.0,1.0,252.24978471867473,21.91245712617675,67.12584835437495,17.099349186480865,15.192688239082868,14.086536987569577,92.0,62.0,62.0,0.9305222504469169,-0.24246480429184336,0.27447979907986614,17.563673687761884,0.13075625763884774,0.9200152024933842,0.36942499681172175,15.193976420338982,-0.34209814748327527,-0.30786822807944225,0.887798407087857,13.501721740627756,92.48840185888872,71.42963183416116,62.99460673664493,25.632495329312185,8.038110849335794,137030.0,416168.35698134237, 0.0, 0.0,0.0,NaN, 85.24152951474994,85.24152951474994,0.0, 292.3877426012038, -22.628268134823035, 34.57484100216283, -22.628268134823035, 230.8177759299669, 8.106653118726472, 34.57484100216283, 8.106653118726472, 198.4305243021658, 5.169183058070326, 3.387643561750648, 12.0, 0.0
45, 0 ,1.0,1.0,1.0,102.53900248636212,103.56504434630942,129.60191301443575,17.10221667090818,12.395371658876481,13.601385753449478,76.0,61.0,65.0,-0.8340534757994844,0.3459328715493661,0.42975021569326566,18.97421146348259,0.4371794237445017,-0.06068899152784983,0.897324354824808,12.066522120577241,-0.3364950979750283,-0.9362944487120184,0.10061686911166397,11.202994746369038,82.986904004114,57.97090105462877,53.77718602115638,23.92227547929736,7.671602435435449,107788.0,258712.66325238463, 0.0, 0.0,0.0,NaN, 195.02979592450117,195.02979592450117,2.6973983046972182E-6, 292.48581505868975, -68.19652416254043, -76.17514883208682, -68.19652416254043, 153.6452385616783, 33.76963565383731, -76.17514883208682, 33.76963565383731, 184.9976944141384, 5.933785760641733, 3.981932489584906, 13.0, 0.0
46, 0 ,1.0,1.0,1.0,103.70420855341625,272.50551322931625,266.036803544045,17.94160510484167,16.546003696620087,20.243472602808215,89.0,62.0,82.0,-0.6014520674595252,-0.1721122581083097,0.7801492044202322,22.935336272115766,0.23682094166834888,0.8942187198621264,0.37985355419616107,16.744497517226264,-0.7630014758412851,0.41321937473574233,-0.4970699107842102,14.108925120924974,114.23792268632036,85.53732055603507,71.83309070220096,30.118944956834834,9.915582170228854,205415.0,701924.646633695, -1.4210854715202004E-14, 0.0,0.0,53.02603474307913, 112.53447644157569,112.53447644157569,1.3486991523486091E-6, 321.90119373808074, 51.067180993663015, -146.10563404164304, 51.067180993663015, 273.77023832856554, -16.28211026465266, -146.10563404164304, -16.28211026465266, 409.7981830206468, 5.488218878917997, 3.8887640938684616, 9.0, 0.0
47, 0 ,1.0,1.0,1.0,173.63001312386615,116.73551549774193,267.87846913961477,15.265869653841754,12.731030552447884,13.68154009302258,67.0,67.0,58.0,-0.944953290732694,-0.10284755753674621,0.3106214066064643,15.431769000376224,-0.32090234037200627,0.47672961274661735,-0.8183828958832342,13.859991921673348,-0.06391374091086943,-0.8730127468938726,-0.4834912382697256,12.331730778062303,76.1198600976732,70.5609338224566,58.92717210194769,23.108936130854747,6.948922609478659,103628.0,316503.05116544693, 0.0, 0.0,0.0,NaN, 175.00956232849813,175.00956232849813,0.0, 233.04677628808656, 2.241010148791354, -14.750748974389507, 2.241010148791354, 162.07913892736147, -18.366319120521837, -14.750748974389507, -18.366319120521837, 187.18453931698429, 4.6143734898600375, 3.3006421126390135, 7.0, 0.0
48, 0 ,1.0,1.0,1.0,244.35380205430369,210.14048889242775,8.317111234970938,20.918000504809164,14.108084706879733,5.656193165367198,93.0,63.0,25.0,0.9979809184790507,0.052639676964692815,-0.035540832302632615,20.94623627345786,-0.05255020997044043,0.9986123325909312,0.0034474090796353285,14.084474093278367,-0.035672983948272216,0.001572770279639926,-0.9993622789608754,5.610356123445817,93.16494745562102,64.29267204877866,26.206875782424426,23.999590386165735,9.62356387394579,62795.0,156974.5581485455, 2.8421709430404007E-14, 2.8421709430404007E-14,0.0,61.91639934137418, 106.02077825406865,106.02077825406865,0.0, 437.5627451191965, 12.636941767289521, -14.4756789602253, 12.636941767289521, 199.03805409649382, -0.18738044931777953, -14.4756789602253, -0.18738044931777953, 31.992521123946606, 5.142716962871719, 3.456793877392505, 4.0, 0.0
