// Sample: .//bubblelabels.tif, Map: .//bubblelabels.tif, Thickness:(8.191250068658265):/gpfs/home/mader/Foam/NewValid/InSilicoTest/LatticeData_Phi_6.65/out_Step_06000.vtk/distmap.tif, Neighbors:(1.0):
//LACUNA_NUMBER, TRIANGLES, SCALE_X, SCALE_Y, SCALE_Z, POS_X, POS_Y, POS_Z , STD_X, STD_Y, STD_Z,PROJ_X, PROJ_Y, PROJ_Z, PCA1_X, PCA1_Y, PCA1_Z, PCA1_S, PCA2_X, PCA2_Y, PCA2_Z, PCA2_S, PCA3_X, PCA3_Y, PCA3_Z, PCA3_S,PROJ_PCA1, PROJ_PCA2, PROJ_PCA3,OBJ_RADIUS, OBJ_RADIUS_STD, VOLUME, VOLUME_BOX, Mask_Grad_X,Mask_Grad_Y,Mask_Grad_Z,Mask_Angle, Mask_Distance_Mean,Mask_Distance_COV, Mask_Distance_STD, SHAPET_XX, SHAPET_XY, SHAPET_XZ, SHAPET_YX, SHAPET_YY, SHAPET_YZ, SHAPET_ZX, SHAPET_ZY, SHAPET_ZZ, Thickness, Thickness_STD, Neighbors, Neighbors_STD
1, 0 ,1.0,1.0,1.0,182.34641124470267,34.79622811559186,20.8113290763006,11.793407948996974,18.110945570608937,13.9450023212125,50.0,81.0,64.0,0.1762577318396412,0.9761101612570919,0.1270518203623998,18.280481857518946,-0.4839098643669354,0.19832328082221073,-0.8523491769529019,14.947230719629221,-0.8571840264115519,0.08875150350596214,0.5073053473898257,10.19598877611876,92.12779972058152,77.45276427908576,56.700731885902854,24.35580173670451,8.26733524263123,104298.0,404591.0636364923, 0.0, 0.0,0.0,NaN, 44.221466562468734,44.221466562468734,0.0, 139.08447105146502, 28.143485763712434, 54.42858617110987, 28.143485763712434, 328.0063494615595, 8.356969231036375, 54.42858617110987, 8.356969231036375, 194.46308973862202, 10.10926678702734, 7.034111570754618, 8.0, 0.0
2, 0 ,1.0,1.0,1.0,60.526947973893456,82.59346980206395,32.719554977784505,16.619554138073713,18.106228426889363,17.422778481433312,80.0,86.0,70.0,-0.060864752541245855,0.8182420616810975,0.5716427296782141,18.69301971539785,-0.6010643043910217,-0.4872698258161161,0.6334744026683865,17.045222653230173,-0.796879654580935,0.30503777691459555,-0.5214736529969383,16.359391682752484,93.31173947394905,88.26614034390786,81.63235117727828,28.992390864611377,8.187769510782175,224618.0,672345.8476555763, 0.0, 0.0,0.0,NaN, 107.4977300361413,107.4977300361413,0.0, 276.2095797483631, 2.636092064251775, -11.569188427822343, 2.636092064251775, 327.8355078466965, 31.189301139006936, -11.569188427822343, 31.189301139006936, 303.5532100130956, 10.542321714972116, 6.716346623724482, 20.0, 0.0
3, 0 ,1.0,1.0,1.0,56.47912479587991,151.767648536616,14.364998115814597,15.789887118325192,21.720295914216635,9.601374746676196,81.0,89.0,41.0,0.19402146548508054,-0.9807662148778624,0.02129090616137753,21.926487040429986,0.9653684983993942,0.19474406659886065,0.17360417858633903,15.660833122228759,-0.17441139076654555,-0.013129367033083704,0.9845853373335345,9.340538465220172,95.9610580136307,72.76664711764398,44.32127322181296,26.89645737661891,9.479386447682018,127376.0,309485.0108331708, 0.0, 0.0,-1.7763568394002505E-15,88.78002875372977, 75.64789776499632,75.64789776499632,0.0, 249.3205352094518, -45.17680585464389, 28.107834521338614, -45.17680585464389, 471.7712546011358, -2.8750904076457746, 28.107834521338614, -2.8750904076457746, 92.1863970261114, 9.986529509774286, 6.65143923948555, 12.0, 0.0
4, 0 ,1.0,1.0,1.0,167.42379283755162,184.94262623107633,82.61293691618432,17.808504343081896,8.599487429423693,17.4213448202371,73.0,35.0,80.0,-0.762050336965967,-0.020927007093867106,0.6471795301955634,18.81602460787107,0.645191811431567,0.0600996592189613,0.7616531739731798,16.353230161772487,0.05483439059304406,-0.9979729912857656,0.032297031944615855,8.551394480672133,87.02855027268716,79.11276850953934,36.60105305775366,24.973592009072604,8.42122131857104,102451.0,252000.7959587226, 0.0, 0.0,0.0,NaN, 90.07125581352396,90.07125581352396,9.5367431640625E-7, 317.1428269375668, 12.014104833521612, -43.061009604854334, 12.014104833521612, 73.9511840488161, 5.0895827585219005, -43.061009604854334, 5.0895827585219005, 303.503255345602, 10.689708267077652, 6.805785379220887, 12.0, 0.0
5, 0 ,1.0,1.0,1.0,14.42734715678537,113.20434633566913,142.30606111336985,9.23037632836661,17.8882294100906,19.687493379317097,37.0,91.0,102.0,-0.0466154868498763,0.21625627301429595,0.9752231645975779,19.785963709004136,0.05445682535814886,-0.9742824672458374,0.2186506990367854,17.817494974380423,-0.9974274161850881,-0.06330006634537727,-0.03364002144781971,9.15633699116928,97.13227952851256,93.71719593367426,39.42127670492112,26.59579908074462,9.243888002816496,125439.0,358850.4970565764, -1.7763568394002505E-15, 1.4210854715202004E-14,0.0,78.27294009482118, 105.21513401243706,105.21513401243706,0.0, 85.19984716327065, -15.496609425058258, -11.20396138396574, -15.496609425058258, 319.9887514280303, 15.113455428385677, -11.20396138396574, 15.113455428385677, 387.59739556065455, 11.307670001749328, 6.896660635096508, 16.0, 0.0
6, 0 ,1.0,1.0,1.0,57.87118279259238,148.77264322653338,184.70349290728916,18.521978865741282,22.223676526126745,8.79622240884161,92.0,94.0,39.0,0.09133932639754112,0.9945575809116728,0.05012330500240822,22.280039509562535,0.9937823984452516,-0.08781878639825205,-0.0684427154337213,18.51670626454257,0.06366845367720694,-0.05606316978783081,0.9963951269449758,8.663743802287389,97.38037450636241,91.2729720892469,43.151711645254466,28.341071038504953,10.54100187349652,138452.0,383540.87965697184, -7.105427357601002E-15, 0.0,0.0,84.75933776489818, 78.78641386081125,78.78641386081125,0.0, 343.06370110296666, 14.903093432707527, -16.286548435547846, 14.903093432707527, 493.89179833791695, 22.613675134599955, -16.286548435547846, 22.613675134599955, 77.37352866580729, 9.272953695999826, 6.403636336714113, 17.0, 0.0
7, 0 ,1.0,1.0,1.0,183.22364175172868,176.27528262539786,136.7923608824498,11.01849607691636,14.638820952415436,15.332761587779224,45.0,61.0,75.0,0.002601183415385129,0.5531962068398395,0.8330469318008767,15.865996301659628,-0.3756398092671271,0.7725820736936141,-0.5118707582007708,14.58252224811496,0.9267620878837224,0.3115941208451942,-0.20981214530173098,10.315818863305598,79.0340717555161,74.24559053197834,56.41794777085448,22.740149447400004,7.326767069557573,91110.0,331056.6432783105, 0.0, 0.0,0.0,NaN, 69.56661594036001,69.56661594036001,0.0, 121.40725579702124, -30.621294685271778, 20.741420861147624, -30.621294685271778, 214.2950788768772, 24.954678923357736, 20.741420861147624, 24.954678923357736, 235.09357790767805, 10.52245686441781, 6.758365854968083, 7.0, 0.0
8, 0 ,1.0,1.0,1.0,81.14523664541717,21.73316161295016,43.10922925210025,17.238896887432386,13.535485639483682,19.791003293083254,92.0,55.0,86.0,-0.3075869190474404,0.06800123106414711,0.9490869927486436,20.10771525796479,0.9485987688011258,0.10001297716574595,0.3002628518938573,16.930169279524506,0.0745027721624629,-0.992659678324956,0.09526856757558466,13.45815381136216,95.17358481647165,89.0763846308035,60.891297720727316,28.176521439148186,8.840610178501295,185573.0,516219.3023542808, 0.0, 0.0,0.0,NaN, 94.42078897491537,94.42078897491537,0.0, 297.17956589552597, 5.341363389112517, -35.105613137701276, 5.341363389112517, 183.20937149666895, 17.573460654864853, -35.105613137701276, 17.573460654864853, 391.6838113468322, 9.609652452111147, 6.177585837048778, 13.0, 0.0
9, 0 ,1.0,1.0,1.0,51.78874226155584,183.21591867663668,121.74237593468968,14.651344250025033,9.711245888187905,12.701587471341865,61.0,37.0,60.0,-0.9637942518602515,0.02487470495457874,0.2654842540237755,14.806393364434332,-0.2609224939565048,0.11721980183364217,-0.95821655705044,12.558878364985336,0.054955365785840815,0.9927944233886005,0.10648540115828121,9.661562972773849,62.71400800433794,64.21484258361254,41.32922005842127,20.723688073264626,6.389777927890528,69943.0,166439.80141586845, 0.0, 0.0,0.0,NaN, 95.3311855336467,95.3311855336467,0.0, 214.66188833274163, -4.987012076033519, -16.11387348539536, -4.987012076033519, 94.30829670084651, -6.39993082032054, -16.11387348539536, -6.39993082032054, 161.33032429214862, 10.864482724844532, 6.572225189715498, 9.0, 0.0
10, 0 ,1.0,1.0,1.0,169.76102135877193,95.19866608255626,16.626789210646308,16.11482889901344,15.898687308639166,10.418652739377295,66.0,78.0,41.0,0.7786219690478471,0.6153988218492774,0.12260554384927004,16.58502224340453,0.6181337147729005,-0.7858459336613091,0.01889124688950808,15.491379370587604,-0.10797471915734924,-0.0610774804204232,0.9922756680521724,10.293614324832967,81.41688431131993,72.31951059925292,44.416631022533565,23.83055854771641,7.28757660610962,111851.0,261526.42166600056, 0.0, 1.4210854715202004E-14,0.0,52.01909488789302, 101.26021910216252,101.26021910216252,0.0, 259.68771044447874, 15.9252339664977, 17.70832693136925, 15.9252339664977, 252.76825813788412, 10.769480084668151, 17.70832693136925, 10.769480084668151, 108.54832490373401, 9.584444098097237, 6.088163151992302, 13.0, 0.0
11, 0 ,1.0,1.0,1.0,88.50821529745042,178.6508099077504,81.18683082734074,16.39615973204427,11.820192431396004,17.507965069712697,82.0,54.0,83.0,0.6238260200309743,-0.045438843509367326,0.7802412500200469,19.33928921741454,0.7813996019263523,0.015833122844827043,-0.6238300845024374,14.207577617889351,-0.015992462025972952,-0.9988416409629263,-0.04538300823916341,11.799003125394298,87.37391244757953,70.7765796483533,56.03242392952234,25.54724371760058,7.900517855809477,137670.0,346506.00416295114, 0.0, 0.0,0.0,NaN, 121.98685827793948,121.98685827793948,0.0, 268.8340539587101, -5.88042105037889, 83.74731745721179, -5.88042105037889, 139.7169491152314, -8.942823284936743, 83.74731745721179, -8.942823284936743, 306.5288408822799, 10.34467915680389, 6.323848167337943, 15.0, 0.0
12, 0 ,1.0,1.0,1.0,155.511583104561,181.86444637094831,181.44603381014304,18.09539141593025,11.602084514752782,10.896277259107885,79.0,53.0,48.0,-0.9943725253753376,-0.09990285668641782,-0.03525195036543478,18.164482766795267,0.054197941461064686,-0.7656342801995987,0.6409888705154134,12.830709910453297,-0.09102672091236175,0.6354711387696028,0.766740221894487,9.28465738189263,79.57188307083936,71.07509292801326,51.03242322372927,22.77857410706546,7.86873403665191,83052.0,288617.90027227014, 0.0, 0.0,0.0,NaN, 51.50113789683628,51.50113789683628,9.5367431640625E-7, 327.4431904957222, 20.95945194084612, 11.268493419480059, 20.95945194084612, 134.6083650874663, -37.62833587830997, 11.268493419480059, -37.62833587830997, 118.72885810735164, 10.193608776899335, 6.651735305319919, 7.0, 0.0
13, 0 ,1.0,1.0,1.0,21.49554866459938,44.96859724584042,57.17017771998266,12.404299732502428,16.82957846301882,16.950922935590963,53.0,85.0,82.0,0.2847167924666812,-0.7542084994843067,-0.5916974627232355,17.295747648846373,0.05535010040558076,-0.6032802539623281,0.7956062478162427,16.873698164994643,-0.9570123899263666,-0.25927297291615115,-0.13001850269344015,11.856246242765524,86.64421645572256,81.36225545646144,62.53194750202006,25.798535159698734,7.672726704291588,149955.0,440823.2706842787, 0.0, 0.0,0.0,NaN, 75.8463088830641,75.8463088830641,0.0, 153.8666518537598, -38.86459578765904, -20.36610920857529, -38.86459578765904, 283.2347112429069, 1.5762753284878033, -20.36610920857529, 1.5762753284878033, 287.3337883683438, 11.048578634832792, 6.264893635313029, 13.0, 0.0
14, 0 ,1.0,1.0,1.0,133.05231426718052,117.33387390137496,116.17185611986619,13.134710583654169,16.848211890047367,18.21150882723931,68.0,86.0,87.0,0.19269626933712175,0.31328676131706334,0.9299029804054944,18.351831697053882,0.33619340051495955,0.8692289322744907,-0.36251215255096947,17.41558046612127,0.9218688329875045,-0.3824819845174603,-0.06217223082568213,12.163459629725805,87.26308057566266,85.3736227408655,66.05605485610783,26.905369356858706,8.008933733283056,157242.0,492115.3178720128, 0.0, 0.0,0.0,NaN, 135.43573655251612,135.43573655251612,0.0, 172.52062211635683, 56.79868326075279, 14.904531305617915, 56.79868326075279, 283.8622438919334, 6.0614767400769045, 14.904531305617915, 6.0614767400769045, 331.6590537646153, 9.174944577432479, 6.182482354888846, 27.0, 0.0
15, 0 ,1.0,1.0,1.0,78.1617463942509,91.6616877641843,159.48360312470336,14.122315545635878,17.20508515955868,18.339268677892502,75.0,83.0,84.0,-0.05756285448582482,0.05372502365567872,-0.9968952500722634,18.359090535741153,0.23190847320642985,0.9719558800011272,0.03899009343790891,17.366578305886808,-0.9710329437452193,0.22894407431604566,0.06840784309611436,13.897096099691664,86.85525698606585,81.7855263315293,76.17724905211567,27.61374652424495,8.32253148103524,179089.0,541125.3101092018, 0.0, 0.0,0.0,NaN, 127.09328077807479,127.09328077807479,1.3486991523486091E-6, 199.43979637050882, 24.004276591719883, 9.23991126359917, 24.004276591719883, 296.0149553476664, -3.5978672831972416, 9.23991126359917, -3.5978672831972416, 336.328775639929, 9.991702696485607, 6.308247320687172, 22.0, 0.0
16, 0 ,1.0,1.0,1.0,119.19079171783326,50.61226804475372,14.507240073679903,16.682271079798536,18.470224272336992,9.457364170202428,77.0,94.0,39.0,-0.5374796002714413,0.8421433719744417,0.043706067445712524,19.651264623510016,-0.8415893014038678,-0.5324059580479208,-0.0909469273677028,15.331819529733147,-0.05332098137321025,-0.08566467693625619,0.9948961936155978,9.362275295173426,97.65687111288906,72.54572303740711,43.415477695813266,25.27802967898826,8.36123828426713,117264.0,307580.7863844131, 0.0, 0.0,0.0,NaN, 96.44786070400933,96.44786070400933,0.0, 278.2981683798826, -69.06987031795987, 4.270377249893886, -69.06987031795987, 341.1491846704266, 18.1253725306147, 4.270377249893886, 18.1253725306147, 89.44173704782865, 9.498686043131089, 5.891626065499268, 9.0, 0.0
17, 0 ,1.0,1.0,1.0,49.055132661053456,12.989120325044057,119.0793151556687,15.741972721096728,8.237507918900237,15.675832609521587,69.0,33.0,72.0,-0.7286309811502967,0.08371678475248392,0.6797708387822046,16.759439853897504,0.6729526487944593,-0.09711408643786108,0.7332827467599796,14.683227934284009,-0.12740339786864768,-0.9917461137640249,-0.014422900036993785,8.057416650570563,82.24243334618943,77.85936328700917,37.21798918215377,22.467764191530005,7.523133795249719,81712.0,238319.56894545382, -7.105427357601002E-15, 0.0,0.0,43.22825317489863, 95.51586529413643,95.51586529413643,0.0, 247.80970515175352, -23.020180476115108, -32.611003460646316, -23.020180476115108, 67.85653671394411, 1.5598261108940514, -32.611003460646316, 1.5598261108940514, 245.73172800174035, 8.687123111968003, 5.691474981437809, 9.0, 0.0
18, 0 ,1.0,1.0,1.0,186.40674871690115,27.982738809590685,171.93767076066695,8.031474859610423,15.472777596473854,15.12965681000402,32.0,72.0,59.0,0.010412258882860112,0.7710116805349521,0.6367358740825152,16.19491947713603,-0.04239715430624408,-0.6358573698043193,0.7706412177999988,14.363663198090313,-0.9990465785796421,0.03501990497133371,-0.02606798964457985,8.014219414260157,81.3748842365812,73.09888644685242,33.732875299418964,21.943401037261676,7.162757923934407,78326.0,200657.0882084104, 0.0, 0.0,0.0,NaN, 41.89635394718695,41.89635394718695,4.76837158203125E-7, 64.50458842055427, 5.420383069035133, -3.329382998801067, 5.420383069035133, 239.4068465499432, 27.602491265587798, -3.329382998801067, 27.602491265587798, 228.906515188501, 8.748795624517129, 5.648987423194118, 9.0, 0.0
19, 0 ,1.0,1.0,1.0,22.76390093557107,178.32768566159442,41.313984724339164,14.715235199189413,12.663076674237903,17.29227043458188,65.0,53.0,74.0,0.3416394209716061,-0.30462443456042626,0.8890930546950229,18.407118046277954,-0.9042946410424246,-0.36422699942917725,0.2226878871173065,14.350128490589908,0.2559955238283239,-0.8800810455608952,-0.39990454489078187,11.45277661275876,86.60096086354196,75.77892494030664,66.04865909066604,24.695526682430184,8.12682204094197,118751.0,433446.15569141443, 0.0, 0.0,0.0,NaN, 51.910786243227754,51.910786243227754,NaN, 216.5381469674631, 3.012516297918472, 48.02047300415436, 3.012516297918472, 160.35351085762807, -62.305126589066134, 48.02047300415436, -62.305126589066134, 299.02261678271464, 9.984498743305926, 5.964937435577858, 8.0, 0.0
20, 0 ,1.0,1.0,1.0,110.07951127955766,71.08137369286848,63.45948707543136,12.80730254531313,14.583686051740404,16.939635457390853,61.0,73.0,80.0,-0.14519486097129408,0.2532872765133279,0.9564329604859864,17.19141986450445,-0.041743618001675024,-0.9673842296693269,0.24985040032630362,14.387641608317232,-0.988522090144503,0.003647978007738576,-0.15103234604811722,12.693029534557379,77.39823155812431,72.20731566889908,60.31443941084562,24.767847600321527,7.0863158283742225,137993.0,337080.4256644969, 0.0, 0.0,7.105427357601002E-15,16.974857848712443, 131.0166496200588,131.0166496200588,0.0, 164.02699848718416, -3.0906845431155503, -19.147076244386803, -3.0906845431155503, 212.68389885572762, 21.474469137057454, -19.147076244386803, 21.474469137057454, 286.95124942929345, 9.006834666106876, 5.6854627561719004, 10.0, 0.0
21, 0 ,1.0,1.0,1.0,141.05644965383215,40.54154014332564,86.45546125349205,15.250125752989769,12.894913998516405,16.830882616306827,87.0,66.0,88.0,-0.3700857818666278,0.0568198753298158,0.9272583328434805,17.160974498057644,0.8839570571724813,0.3285580465726786,0.332670303915622,15.148884376796547,0.2857559013128749,-0.9427730966674057,0.17182099133987289,12.575214056647305,79.60398491590013,78.1457422732453,65.54161795035563,24.998046819066552,7.56448328617588,131728.0,407715.5613436117, 0.0, 0.0,0.0,NaN, 112.21633296966255,112.21633296966255,0.0, 232.56633548200176, 17.85557442225041, -25.81262001913791, 17.85557442225041, 166.27880702913433, 14.983475161096605, -25.81262001913791, 14.983475161096605, 283.2786096438993, 8.825507009333819, 5.679210145843067, 13.0, 0.0
22, 0 ,1.0,1.0,1.0,54.91354318484253,76.016689373297,93.07503485203726,14.344402253864747,14.897194283856418,14.42493395555552,70.0,75.0,63.0,-0.16840702380294778,0.7747729846400184,0.609397978833071,16.228359803112028,-0.8770879517531593,0.16435263530247574,-0.45133683226452836,14.725572866933787,0.4498397483807775,0.6105039177115332,-0.6518659120061342,12.472563289682856,76.28267710620807,71.7222446042065,63.91575412419957,24.238688004841755,6.946437718549762,126248.0,349693.62582195527, 0.0, 0.0,0.0,NaN, 132.1249272510598,132.1249272510598,0.0, 205.76187602068, -22.89804856703048, 13.194854614805685, -22.89804856703048, 221.92639753096435, 46.34931960559227, 13.194854614805685, 46.34931960559227, 208.0787196221386, 8.678039714814886, 5.610006687446953, 11.0, 0.0
23, 0 ,1.0,1.0,1.0,117.69888151125521,150.97210810330662,159.7880127023606,16.32493502344719,12.784549860937004,15.516866618796824,77.0,66.0,76.0,-0.936298408830936,-0.35107612664448595,-0.009531155279511563,16.834603361656544,0.007308647149018271,-0.046609880701228124,0.9988864313313442,15.52325110322346,0.35112942528006436,-0.9351861164074887,-0.046206648668448314,12.097362240342388,85.00854492359194,76.81281581099641,63.0633430097993,24.839499180331575,7.329437140905804,135093.0,411787.5930714195, 0.0, 0.0,0.0,NaN, 103.89519820837619,103.89519820837619,0.0, 266.5035035197727, 45.020277775564665, 1.913915367334593, 45.020277775564665, 163.44471514678435, -3.946938539654218, 1.913915367334593, -3.946938539654218, 240.77314966553115, 9.200797936644793, 5.775293666091767, 15.0, 0.0
24, 0 ,1.0,1.0,1.0,174.88695965137543,61.13026730477414,113.81596046846427,14.279188747810103,12.112871636256724,15.050171587051192,61.0,56.0,77.0,-0.5853870943597825,-0.013195374701292645,0.8106465517372554,15.869427541174662,-0.7475736062472794,0.3957518026294366,-0.5333987382418416,13.632846991204543,0.313776437929058,0.9182627035887083,0.24153251168012166,11.80810348030177,83.94571575395945,73.15498554847662,60.543560588373964,22.990301495444015,6.969260543287792,102804.0,371800.8888293478, 0.0, 0.0,0.0,NaN, 108.60599912655883,108.60599912655883,1.3486991523486091E-6, 203.89523129558665, -12.866193568841782, -34.830568104315745, -12.866193568841782, 146.72165927643266, -11.002036327318706, -34.830568104315745, -11.002036327318706, 226.50766479968303, 9.476717443061448, 5.665410583034388, 11.0, 0.0
25, 0 ,1.0,1.0,1.0,183.7766717002155,19.970531748009794,114.42579425002566,10.333317439735442,11.257753363244067,16.043834755570096,42.0,44.0,80.0,-0.22986836574704747,-0.3039122590273068,0.9245527963516744,16.79562134147997,-0.302784891261809,-0.8805131376030702,-0.3647162241139974,10.658770489414119,-0.9249226151696998,0.36377734030766157,-0.1103820756569091,9.757910082063168,90.56999359760667,54.3910168264413,47.35558721929306,20.884845102363933,7.398806580278609,68209.0,233282.81179211297, 2.8421709430404007E-14, 0.0,0.0,76.71067798484594, 89.35862134768976,89.35862134768976,NaN, 106.77744931034061, 17.95870207916007, -37.6848198359364, 17.95870207916007, 126.7370107876331, -46.60244474420576, -37.6848198359364, -46.60244474420576, 257.4046336640389, 9.258870273917202, 5.835412648582448, 7.0, 0.0
26, 0 ,1.0,1.0,1.0,11.386411697178419,24.69447465409945,170.59020602984714,7.107908797226096,14.043846003849636,15.972046892633355,28.0,52.0,60.0,0.031956528968726305,-0.2921139896837356,0.9558494637166048,16.160518687173706,0.03986199171204455,-0.9552045344344656,-0.29324958484639574,13.84247012604941,-0.9986940481814337,-0.04747330225384444,0.018880775939968394,7.0768578169230745,71.97510814925622,65.11324492536055,28.938651770004515,21.27376069766379,7.091217509608748,66204.0,135621.94202321902, 0.0, 0.0,0.0,NaN, 40.05500506985914,40.05500506985914,0.0, 50.52236746968412, -7.359450344407766, 4.793144664135985, -7.359450344407766, 197.22961057984335, -19.292231627005737, 4.793144664135985, -19.292231627005737, 255.10628194047882, 8.586195173239098, 5.214101343095747, 6.0, 0.0
27, 0 ,1.0,1.0,1.0,98.20407251458822,184.5860196856257,141.83502795792097,13.073043616869555,9.338572120942096,15.047948626024619,62.0,38.0,63.0,-0.33060968758917414,0.03135483124920145,0.9432465791242095,15.329034670517474,0.907702943099005,0.28421339217439007,0.3087039274096331,13.030297296428916,0.258403950359886,-0.9582482049375627,0.12242457340070727,8.932312408040678,70.23782176257522,65.82197646443453,42.64386855724237,21.028202714346552,6.509135666310358,73861.0,197150.80266519944, 0.0, 0.0,0.0,NaN, 115.17289012713995,115.17289012713995,1.3486991523486091E-6, 170.90446940857382, 21.610185690398982, -23.176701864444436, 21.610185690398982, 87.20892925803696, 12.48650370113274, -23.176701864444436, 12.48650370113274, 226.4407578514762, 9.406598425987127, 5.624410966662241, 7.0, 0.0
28, 0 ,1.0,1.0,1.0,175.32908566749302,150.01515474441092,92.51527252739857,14.586084562884755,10.960310240757714,13.824952992034282,62.0,51.0,65.0,-0.8000890756699027,-0.09398970785776016,0.5924722827360732,15.383056557053084,-0.597714457146755,0.20877386734345993,-0.7740483835214791,13.063501396287428,0.05094014832566257,0.9734369045455735,0.22321669775644293,10.803614715128612,74.94252514818105,66.15895624397356,52.41833463651719,21.90733644348303,6.639292028016755,89147.0,259896.3535997019, 0.0, 0.0,0.0,NaN, 108.01025145811813,108.01025145811813,0.0, 212.75386287562498, 2.2873838184483577, -31.891432691356517, 2.2873838184483577, 120.12840057365841, -15.394193110082645, -31.891432691356517, -15.394193110082645, 191.12932523195767, 9.412476317026943, 5.547685438427073, 8.0, 0.0
29, 0 ,1.0,1.0,1.0,20.191990588415333,75.44918318157472,175.17461167648634,11.778574727199647,15.455673417540995,14.278647537889904,49.0,73.0,59.0,-0.011875865415012413,0.8150912155382494,0.5792109064693308,16.568966679636283,-0.06551585967594195,-0.5786413510982122,0.8129464059396276,12.975900138758545,-0.9977808556750157,0.028293058364462755,-0.0602732685095002,11.772331870248458,84.22325786268141,67.2145514538679,51.11520271524626,23.034490153095273,7.134753134619832,104552.0,289364.6193145998, 0.0, 0.0,0.0,NaN, 81.95483897917633,81.95483897917633,0.0, 138.73482260422622, -0.18671526134113312, -2.521539331453399, -0.18671526134113312, 238.87784078968335, 50.16839191825322, -2.521539331453399, 50.16839191825322, 203.8797755112894, 8.501708984351627, 5.154428655504735, 8.0, 0.0
30, 0 ,1.0,1.0,1.0,89.12809462446343,34.17905938777426,104.7112537229367,13.291803593548192,15.18277209415322,13.812115525191452,67.0,69.0,61.0,-0.3707116730121157,0.7661573545103826,0.5249531061173086,16.567404612167348,-0.6258854970266846,-0.6236892622362581,0.4682724087353983,12.99466170017438,0.6861779653298535,-0.15496648767022095,0.7107356664716755,12.434750428876749,82.74116523190165,63.57843825393485,66.17162697116079,23.48617943200995,6.809003025489629,117179.0,348099.42123459675, 0.0, 0.0,0.0,NaN, 134.87761311305465,134.87761311305465,0.0, 176.6720427694606, -28.483880912198337, -27.49770793726931, -28.483880912198337, 230.51656846299775, 44.04727361033459, -27.49770793726931, 44.04727361033459, 190.7745352812347, 8.251197532614512, 5.209632012137078, 9.0, 0.0
31, 0 ,1.0,1.0,1.0,105.3200318299904,161.39869403421724,18.05349076696234,11.1270078908317,17.583408780885378,11.08455877467245,53.0,83.0,44.0,-0.012004805785893163,0.9961215432588997,-0.08716510594010907,17.626536079029556,-0.7235324644126345,0.05151537740849314,0.6883654108331128,12.170051762962991,0.690185958694483,0.07133047697841338,0.7201078429478527,9.851349051220677,84.25906480319651,65.31516789570071,53.37022456416349,22.351312703327057,7.501522020603727,85454.0,293717.4251129399, 0.0, 0.0,0.0,NaN, 103.82815477417867,103.82815477417867,0.0, 123.81030460263092, -4.4580298692603355, -25.207654006774384, -4.4580298692603355, 309.17626435571697, -16.73952571477585, -25.207654006774384, -16.73952571477585, 122.867443229168, 8.186844269418685, 5.266013947414483, 12.0, 0.0
32, 0 ,1.0,1.0,1.0,153.62864581541248,89.28813267728727,68.70676346786865,10.657774741060983,12.666293997178386,15.000415498333773,51.0,62.0,69.0,-0.08845253922719949,-0.26293159979885605,0.9607513320997659,15.227064460558903,0.2763340396115518,-0.9331498001900075,-0.22993683688637367,12.582706971170907,0.9569825739564026,0.24514979957683813,0.15519642042010565,10.433006487510585,69.05414736386044,64.84098137813561,48.119360947095856,21.459752765060667,6.206016632211884,87189.0,215456.30005644652, 0.0, 0.0,0.0,NaN, 121.83305164091954,121.83305164091954,0.0, 113.5881624311975, -9.89718703247911, -13.597729213977729, -9.89718703247911, 160.43500362295723, -20.459235819195612, -13.597729213977729, -20.459235819195612, 225.01246512265203, 8.082546714208062, 5.087422362193741, 8.0, 0.0
33, 0 ,1.0,1.0,1.0,152.78747592801648,49.67874360847334,157.7358124709476,12.244178381608974,11.48531349937718,12.379521412024559,55.0,56.0,56.0,-0.7176499371394862,0.19453307202501002,-0.6686818762402668,12.803009699631424,0.4827324397558838,-0.5531137586221937,-0.67899525891582,12.2117249849168,-0.5019441794971063,-0.8100753384169539,0.3030346296343622,11.047243834292479,59.38028113246645,59.453392266923075,55.90894611263153,20.09952749351983,5.576188245353629,75295.0,197378.6593128179, 0.0, 0.0,0.0,NaN, 80.51870306490886,80.51870306490886,0.0, 149.91990424066054, -13.077850385513077, 11.2175638642686, -13.077850385513077, 131.91242617897566, 4.724756861142902, 11.2175638642686, 4.724756861142902, 153.25255039077453, 8.267805243638401, 5.039252383214314, 13.0, 0.0
34, 0 ,1.0,1.0,1.0,120.85674421100647,79.27579221336768,178.53634387829027,12.360835686030068,11.981943906913855,12.81771994641415,59.0,55.0,52.0,0.38287568992074605,0.45181318454552455,-0.8057735738646089,13.917882468357229,0.8034870352685232,-0.5932924823075607,0.04911837327040772,12.547103838342945,0.45586707516896996,0.6662348510158893,0.5901833046340131,10.464889685849624,67.31936238520582,59.780530076028484,58.01223416518181,20.564872789398777,6.143060346925735,74538.0,233463.69074790174, 0.0, 0.0,0.0,NaN, 114.05698006720199,114.05698006720199,1.3486991523486091E-6, 152.79025885703444, -8.277148444359456, -24.083593872485523, -8.277148444359456, 143.56697978843007, -32.04776920638817, -24.083593872485523, -32.04776920638817, 164.29394462470313, 8.506708798957087, 5.08945279630684, 10.0, 0.0
35, 0 ,1.0,1.0,1.0,48.554767502091885,31.264872295493486,11.02454476630673,12.639119399966802,13.269063510152325,7.498782306545501,59.0,59.0,30.0,-0.6036489638943059,0.7936394356209449,0.07579165268417765,14.039368548484996,0.7881503462269092,0.6083786274399795,-0.09324418167719589,11.84373263835859,0.12011228135263423,-0.00344846364553255,0.9927543240735599,7.39386567871792,70.48289669010286,59.14809717370812,33.018764391436854,18.8112397115271,6.1793512798268635,50194.0,137652.89176265468, 0.0, 0.0,0.0,NaN, 58.792842031492356,58.792842031492356,6.743495761743046E-7, 159.74733920661717, -27.19057325457844, -12.807735457675662, -27.19057325457844, 176.06804643645592, 3.711453108577812, -12.807735457675662, 3.711453108577812, 56.23173608095987, 8.130939905503316, 4.881365720988722, 2.0, 0.0
36, 0 ,1.0,1.0,1.0,46.39571285475793,22.808547579298832,166.97390317195325,12.031026347572078,13.230652188114545,11.497423973246795,52.0,52.0,54.0,0.34581347578656163,-0.9280360589709875,0.13842728493333795,13.40367717962305,0.7689148108950233,0.3648357060041334,0.5250380188241006,12.138989537809898,-0.537757430028343,-0.07512643259242338,0.8397457743717724,11.179127040373857,63.336769135447426,64.78357401813993,61.91343306867793,20.42180302801256,5.910708198225604,74875.0,254042.10092619172, 0.0, 0.0,0.0,NaN, 61.34749453460841,61.34749453460841,6.743495761743046E-7, 144.74559497597355, -11.271311602364559, 11.653705815268033, -11.271311602364559, 175.0501573228602, -2.7378577366282966, 11.653705815268033, -2.7378577366282966, 132.1907580205901, 7.998263889342198, 4.896857480017754, 6.0, 0.0
37, 0 ,1.0,1.0,1.0,11.346484353132173,173.30119520797177,137.26910373397524,7.139022516103522,14.38257696299167,16.42550376562719,29.0,54.0,74.0,0.0317581555259512,0.16269648501017708,0.9861649321096967,16.484720982685864,-0.021048695160065908,-0.9863349406230943,0.16340237861823115,14.324842046076323,-0.9992739224004837,0.025946843186992443,0.027899629728394607,7.118582092973649,79.22225670684362,61.82714374993765,30.618331993721227,21.802406214044264,7.230243413208625,71452.0,149971.21879953393, 0.0, 0.0,0.0,NaN, 69.11392212020282,69.11392212020282,0.0, 50.965642485433065, 4.350407409677031, 6.392218536331756, 4.350407409677031, 206.85852009637873, 10.564975347661727, 6.392218536331756, 10.564975347661727, 269.797173954633, 9.772054870241547, 5.966885153571936, 8.0, 0.0
38, 0 ,1.0,1.0,1.0,114.58503771559869,154.649222257494,61.66125496954031,10.070609084322829,12.50393144982386,13.955744637162299,51.0,55.0,60.0,0.15291470916545416,-0.47043878868277156,0.8690825264746332,14.777838152323957,-0.4066101518153139,-0.8314875043797569,-0.37854552500465677,12.040530314275337,0.9007137592829214,-0.29549259916791604,-0.3184318571930539,9.442955400909138,62.80917160301066,56.278941141517464,48.07991179788988,20.3802190698353,6.09712621440479,66153.0,169954.49116003342, 0.0, 0.0,0.0,NaN, 114.69315231658139,114.69315231658139,0.0, 101.41716732924547, 9.571822898288332, 25.761630011772834, 9.571822898288332, 156.3483017018942, -35.264667942978306, 25.761630011772834, -35.264667942978306, 194.76280837768425, 7.951933398797536, 5.016677189193557, 8.0, 0.0
39, 0 ,1.0,1.0,1.0,35.10636989670438,53.975815707493034,127.94936669945893,14.363231718608857,13.318917283412064,12.327085221359802,71.0,64.0,60.0,-0.888057670799398,-0.31827362855373464,-0.3317460937246852,14.604347517635997,-0.43347313390525255,0.8200748118608856,0.3736018537610485,13.626316423678151,0.15314899776592428,0.475583010965039,-0.8662367945110158,11.691430509796898,71.31880203953249,64.16668597225306,53.844032615938374,22.229306519295577,6.4428987832155755,97584.0,246405.97125377637, 0.0, 0.0,0.0,NaN, 96.62887584786712,96.62887584786712,1.3486991523486091E-6, 206.30242540245155, 4.236002141295987, 14.63308097290153, 4.236002141295987, 177.3935576023726, 23.096311950837958, 14.63308097290153, 23.096311950837958, 151.95703005466723, 8.321799300108633, 4.943064003465192, 6.0, 0.0
40, 0 ,1.0,1.0,1.0,58.83153475488357,144.25381596791414,86.54033817122082,12.03599922349945,12.202657995650737,10.937454958771704,62.0,57.0,51.0,0.6442925309940135,-0.724281648651243,0.24556715564661052,12.861503140961016,0.7366936425091883,0.6739853283558042,0.05501140106980547,11.46026657397122,-0.20535240829333506,0.14546432754513056,0.9678173990066364,10.8000966408003,57.10197981134358,51.601917054103225,49.176192792229344,19.584627463171014,5.462639249565216,69314.0,144901.17434891366, 0.0, 0.0,0.0,NaN, 118.56650727141927,118.56650727141927,0.0, 144.86527730807936, -15.464685214280967, 8.312787154475854, -15.464685214280967, 148.90486215881887, -8.130452281592342, 8.312787154475854, -8.130452281592342, 119.62792097515974, 7.42325336957833, 4.6866389298024576, 11.0, 0.0
41, 0 ,1.0,1.0,1.0,130.7423450977697,119.97962129282793,183.5653630708959,15.487697812935549,10.21197363355951,9.430546194895113,72.0,50.0,38.0,-0.9842295074893286,-0.08372617031307744,0.15582748471312496,15.658535218427485,-0.007054900475997156,-0.8616183489260055,-0.5075076838564107,10.621159450234643,0.17675549486957243,-0.5006033851251209,0.8474395234084156,8.665427705389469,72.28786943455397,55.05540098793139,44.047102489108966,19.738671323144015,6.593424373439331,58198.0,175300.316343447, 0.0, 0.0,0.0,NaN, 107.0979974695472,107.0979974695472,0.0, 239.8687835448086, 14.246510555104214, -25.95320081019838, 14.246510555104214, 104.28440549251461, 14.274588827830573, -25.95320081019838, 14.274588827830573, 88.93520153405069, 7.703078026529678, 4.965046576474893, 6.0, 0.0
42, 0 ,1.0,1.0,1.0,125.22505263157895,10.513515789473685,43.04181052631579,9.430155646836033,7.1187052679441525,18.639992638519953,45.0,29.0,83.0,-0.1313983165582051,0.014032450334926972,0.9912303328405904,18.766652356071248,0.9306135651529581,0.3463026372006639,0.11846043989943096,9.463443915810629,0.34160338809644586,-0.9380178963140646,0.058562372181852305,6.73120452654349,86.1668635079665,49.27641752454137,33.59540031256598,20.408324371669227,8.39960845041202,47500.0,142645.87967793274, 0.0, 0.0,0.0,NaN, 86.91619079083551,86.91619079083551,NaN, 88.92783552355351, 13.694031920221445, -35.091746411080145, 13.694031920221445, 50.675964691855825, 6.083666476674843, -35.091746411080145, 6.083666476674843, 347.449325564078, 8.30791257784555, 4.5963337983211625, 4.0, 0.0
43, 0 ,1.0,1.0,1.0,171.17971625629846,103.97643211950113,120.7737733623986,8.275334232806577,12.611500995771927,16.853408947189855,43.0,53.0,73.0,-0.13644961990025967,-0.012541108405387127,0.9905676260755946,16.97528533459629,0.1855570752153968,0.9818987763093929,0.03799164276027518,12.754255989269845,-0.973113597205682,0.188990776711672,-0.13165262341228393,7.7934042074981695,71.3547867916576,55.16578024982951,40.18912244590484,21.518251573372286,6.966588576720308,55966.0,158198.1502361158, 0.0, 0.0,0.0,NaN, 127.7807862348672,127.7807862348672,0.0, 68.48115666466042, 18.961352352179052, -30.020505529768638, 18.961352352179052, 159.0499573663563, 0.9773006301161951, -30.020505529768638, 0.9773006301161951, 284.037393141219, 9.349545106407325, 5.5014652551953604, 9.0, 0.0
44, 0 ,1.0,1.0,1.0,48.55014837875726,183.3433830356655,164.4824403298924,15.080073815836931,9.918799763849286,9.142321470406916,62.0,43.0,41.0,-0.9939717429140529,0.03427212011074674,0.10414219160126512,15.131874990672875,-0.08910605595990392,-0.8059572142198643,-0.5852290830420392,10.812258488564662,0.06387710919938801,-0.5909808716278983,0.8041525503847257,7.968355072271868,63.10657838177851,52.585610382604216,41.125378088120485,19.269528169284143,6.169160481609713,54927.0,136474.4826054733, 7.105427357601002E-15, 0.0,0.0,6.294365014148096, 62.41840146315472,62.41840146315472,0.0, 227.4086262910906, -1.8014336951178949, -14.34424566950109, -1.8014336951178949, 98.38258875533664, 25.7826149787517, -14.34424566950109, 25.7826149787517, 83.58204186826326, 8.649540240611783, 5.205122438623937, 5.0, 0.0
46, 0 ,1.0,1.0,1.0,159.77124934505443,51.56776503463934,42.4931157943762,12.525249416276598,12.567876771639469,10.827954405541373,64.0,58.0,55.0,-0.8065164398154093,-0.3863516251482503,-0.44750827260820847,13.852000429474428,0.20071284618684704,-0.8909092453229074,0.4074249255675736,12.527415297065591,0.556098539544074,-0.2387742413734649,-0.7960786870488834,9.12490800897315,65.10992925112518,57.158237451418785,47.186204114305376,19.929779584579943,5.906088536883249,68708.0,175606.70486089573, 0.0, 0.0,0.0,NaN, 77.99520280017111,77.99520280017111,0.0, 156.88187293993724, 20.67016305305682, 45.22582961138692, 20.67016305305682, 157.95152654711492, -7.962558175738067, 45.22582961138692, -7.962558175738067, 117.24459660848284, 7.563556586448341, 4.404308571627242, 3.0, 0.0
47, 0 ,1.0,1.0,1.0,8.473758721812114,118.06741497286548,68.30987292277615,6.021910089385576,9.701853977921063,12.806949042740472,24.0,47.0,56.0,-0.06645822663812616,0.02575284245075166,0.9974568137106598,12.830579922466248,-0.05069076472750962,0.9982888474241024,-0.02915173202397001,9.707784270032224,-0.9965007528765122,-0.052499221083401416,-0.06503907519468904,5.9617496539706005,56.31448467221885,47.26308297915776,25.521594849957438,16.242369463313263,5.531071300764201,29667.0,67928.17890055098, 0.0, 0.0,0.0,NaN, 107.00930714115451,107.00930714115451,0.0, 36.2634011246438, -3.1913074272297326, -8.469958672249236, -3.1913074272297326, 94.12597060890275, 1.6075185948848534, -8.469958672249236, 1.6075185948848534, 164.0179437833511, 7.464307538880478, 4.581940645850531, 9.0, 0.0
48, 0 ,1.0,1.0,1.0,50.61153818128825,140.09230180705333,49.70817545904984,10.528627346492234,13.708099898192353,9.096959989402528,50.0,59.0,40.0,-0.38141901500092,-0.9198107303087927,0.09202040754383417,14.322897560785947,0.9185266370040754,-0.3659063783106845,0.14973756851753053,9.745287989143906,-0.1040593681977351,0.14163595136957158,0.984434307188613,9.022341444480762,66.82937915872752,47.280860748907806,40.154093095058506,18.676960543677616,5.71750142272333,54896.0,126876.91854252519, 0.0, 0.0,0.0,NaN, 92.8512940530226,92.8512940530226,0.0, 110.85199380130412, 38.85294622623505, -2.4770503923011207, 38.85294622623505, 187.9120028188212, -11.217143781896766, -2.4770503923011207, -11.217143781896766, 82.75468104879045, 7.364925607906981, 4.350701222274247, 6.0, 0.0
49, 0 ,1.0,1.0,1.0,141.51486213853397,147.4455567297531,17.425900662887887,8.6720146508326,13.937567850198565,10.237109678152278,37.0,61.0,40.0,-0.030607915868868366,-0.9800138860047034,0.19656026740957466,14.072527943472375,0.23233998340698098,-0.19824167086104907,-0.952217607506112,10.134649100658821,-0.9721529136903354,-0.016523412849009968,-0.2337641743963628,8.573849493218749,65.19271078614838,47.29995483244143,41.15799049140257,18.497206187319954,5.6666933488098366,52045.0,126915.284717874, 0.0, 0.0,0.0,NaN, 80.5365933724113,80.5365933724113,9.5367431640625E-7, 75.20383810425524, 2.390332632712753, -7.209384843169301, 2.390332632712753, 194.25579757888866, -18.475400335703874, -7.209384843169301, -18.475400335703874, 104.79841456251901, 7.890418983794779, 4.4599276553284, 6.0, 0.0
50, 0 ,1.0,1.0,1.0,8.952308129246498,22.667970200773382,112.97540034518165,5.808775771812141,12.839202580897439,14.70166200550501,24.0,53.0,63.0,0.006080052055390645,-0.2527240166345236,0.9675193043981686,14.828803187126995,0.019280153548310905,-0.9673277096364343,-0.25279513019178823,12.694284032747504,-0.9997956334402333,-0.020190928300666985,0.0010088449831518352,5.8041031639701846,64.31290541575032,57.35473188888224,24.724967099063804,19.28848285686162,6.533015665460524,45773.0,91201.73621990821, 0.0, 0.0,0.0,NaN, 90.37290323401994,90.37290323401994,0.0, 33.74187596719174, -2.6632255052478717, 0.47415067733235733, -2.6632255052478717, 164.84512291332345, -14.362328568237363, 0.47415067733235733, -14.362328568237363, 216.13886572410962, 7.426343385144084, 4.5015372163530385, 2.0, 0.0
