// Sample: .//bubblelabels.tif, Map: .//bubblelabels.tif, Thickness:(8.191250068658265):/afs/psi.ch/project/tipl/test/LabelValidation/SmallStep0500//distmap.tif, Neighbors:(1.0):
//LACUNA_NUMBER, TRIANGLES, SCALE_X, SCALE_Y, SCALE_Z, POS_X, POS_Y, POS_Z , STD_X, STD_Y, STD_Z,PROJ_X, PROJ_Y, PROJ_Z, PCA1_X, PCA1_Y, PCA1_Z, PCA1_S, PCA2_X, PCA2_Y, PCA2_Z, PCA2_S, PCA3_X, PCA3_Y, PCA3_Z, PCA3_S,PROJ_PCA1, PROJ_PCA2, PROJ_PCA3,OBJ_RADIUS, OBJ_RADIUS_STD, VOLUME, VOLUME_BOX, Mask_Grad_X,Mask_Grad_Y,Mask_Grad_Z,Mask_Angle, Mask_Distance_Mean,Mask_Distance_COV, Mask_Distance_STD, SHAPET_XX, SHAPET_XY, SHAPET_XZ, SHAPET_YX, SHAPET_YY, SHAPET_YZ, SHAPET_ZX, SHAPET_ZY, SHAPET_ZZ, Thickness, Thickness_STD, Neighbors, Neighbors_STD
1, 0 ,0.3333333432674408,0.3333333432674408,0.3333333432674408,12.900891344001863,279.1594975355438,73.54945083377534,8.73243051001657,12.117525711019791,18.830527742754697,37.0,51.0,85.0,-0.08682269249591987,-0.13394902232562034,0.9871775318987813,18.97793617994161,-0.2576643882474806,-0.9541825871186778,-0.15213366974000062,12.197165235389246,-0.9623257676570913,0.267569149674469,-0.04833080845248711,8.291299392183564,84.81801349902182,58.83342095087335,39.96982378952253,22.673153501857353,7.975378193000531,77299.0,199454.77236554437, -1.7763568394002505E-15, 0.0,0.0,85.01915498558296, 77.52600375609904,77.52600375609904,0.0, 76.25534261226827, 23.064022957862367, -21.840187546572245, 23.064022957862367, 146.8344293572257, -26.917698538527226, -21.840187546572245, -26.917698538527226, 354.5887750706543, 6.204670550471239, 5.508955009100501, 12.0, 0.0
2, 0 ,0.3333333432674408,0.3333333432674408,0.3333333432674408,107.33475632357265,12.775214407137106,121.04619179692992,15.5849059357718,8.247337764011947,14.701508275255392,71.0,35.0,79.0,-0.9740509303955764,0.04403274215996281,-0.22200428512392756,15.635254859702947,-0.22482266272814147,-0.07526441998597022,0.9714885678215693,14.688445804019683,0.026068281863986402,0.9961909378738841,0.08321093665264226,8.174997499844716,73.01791381518848,81.09852897003137,37.498358425545824,21.840415311552885,7.073788080432974,78239.0,222051.98163589838, -1.4210854715202004E-14, -1.7763568394002505E-15,0.0,31.073707956851074, 162.28412296564377,162.28412296564377,0.0, 242.8892930268551, -5.098705767421677, 5.885481545605202, -5.098705767421677, 68.01858019369759, -12.625220476583063, 5.885481545605202, -12.625220476583063, 216.13434556740276, 4.651178473308379, 4.7698165129626355, 20.0, 0.0
3, 0 ,0.3333333432674408,0.3333333432674408,0.3333333432674408,162.37336832930947,15.963154045741877,150.2102763947466,15.118476872938263,10.097839600549479,15.673281073171001,75.0,41.0,75.0,-0.13133322443195083,0.004012142455381826,0.9913301603770687,15.683511340549591,0.9868283394099812,0.09580683915099239,0.130349062556027,15.146971358984159,0.09445323021287297,-0.995391858659098,0.016541916985053765,10.039082519612073,76.32314701030607,72.3443100348612,43.72951979822719,22.955673628137955,7.0159457974695165,99821.0,241454.52932995927, 0.0, 1.7763568394002505E-15,0.0,89.77012055375933, 204.0413520094547,204.0413520094547,3.814697265625E-6, 228.56834295756914, 12.08646726355375, -2.3546548444936404, 12.08646726355375, 101.96636459842527, 2.1840634393555787, -2.3546548444936404, 2.1840634393555787, 245.65173959862034, 4.064469323047523, 4.810391588710262, 29.0, 0.0
4, 0 ,0.3333333432674408,0.3333333432674408,0.3333333432674408,225.21762469069435,264.5931474468943,218.06781402923482,14.178561573401966,14.160579194243212,14.572596192984708,71.0,71.0,69.0,-0.06284769804702725,0.6337938157276131,0.7709445933370448,15.444170657440758,0.9863329523720216,0.15732990573757438,-0.04893473026080367,14.196027119131603,-0.15230716961220614,0.757332621709931,-0.6350195478713081,13.185771799470174,80.89938648381292,72.91051265195068,67.16984926564174,23.860272147044753,6.678441755368286,126493.0,396195.69628031517, 2.8421709430404007E-14, 0.0,2.8421709430404007E-14,58.876936116318156, 116.44282701208893,116.44282701208893,0.0, 201.03160829075085, 1.7171925488516666, -4.4679688567492, 1.7171925488516666, 200.52200311643372, 31.38013155827253, -4.4679688567492, 31.38013155827253, 212.36055980379243, 3.6207773327974944, 4.159359554175778, 28.0, 0.0
5, 0 ,0.3333333432674408,0.3333333432674408,0.3333333432674408,123.74241848986759,153.87999303940646,205.99232752756552,14.482374064507342,14.963923219021472,14.209859251987552,73.0,68.0,69.0,-0.5677210797611908,-0.5925883771163245,0.5714296027521051,15.808733532971441,-0.5461472671842446,0.7905051072021195,0.27717293885685684,14.53289105016575,-0.6159674813997644,-0.1547277958028434,-0.7724269357447504,13.20822767890899,78.67485073115225,80.642032685542,67.93201054052662,24.198267034029268,7.072632406688822,126426.0,430994.6330072817, 0.0, 0.0,0.0,NaN, 213.30889585661902,213.30889585661902,0.0, 209.7391585443149, 9.52107140404947, -30.042537563987885, 9.52107140404947, 223.91899810476994, -17.50039079581565, -30.042537563987885, -17.50039079581565, 201.92009996129624, 3.5120420264989463, 4.09011362644981, 35.0, 0.0
6, 0 ,0.3333333432674408,0.3333333432674408,0.3333333432674408,112.44280082744623,110.88619491823114,167.73453026813942,14.06831762418145,14.517963778788017,15.423566544221519,68.0,78.0,71.0,0.1951159616086623,-0.3895131093078992,0.9001162698245265,15.733385270513336,-0.5110704748717224,-0.8236869310972769,-0.2456558756755904,14.398546569305914,0.8371001918766471,-0.41209146705172317,-0.35978311736828256,13.846215462075083,88.33296031791515,69.96213432218602,64.77188843445006,24.394863917131445,7.1739704812450595,128105.0,400287.83735843917, 0.0, 0.0,0.0,NaN, 205.99341291593385,205.99341291593385,0.0, 197.9175607748544, 2.3247382480257377, 11.762404047771676, 2.3247382480257377, 210.77127228220084, -16.414841600412085, 11.762404047771676, -16.414841600412085, 237.88640494402932, 3.9560730018617027, 4.468694043727373, 38.0, 0.0
7, 0 ,0.3333333432674408,0.3333333432674408,0.3333333432674408,197.81959000298974,127.09820050582998,68.9688340861527,15.136285184303008,13.189513994245683,14.585878200998536,75.0,65.0,77.0,-0.8820694481064802,-0.223697892623273,0.4146236143215149,15.569770973192636,0.3033288701902061,0.4037383080472625,0.8631262799406975,14.545865984498153,-0.36047896641310845,0.8871046338798151,-0.2882711975253455,12.720780875507028,73.3450609123872,75.16306578893006,67.59384032765215,23.855651707440973,6.835651621647867,123757.0,372634.0022869165, -2.8421709430404007E-14, -1.4210854715202004E-14,0.0,30.76007139752717, 177.0635163837557,177.0635163837557,0.0, 229.10712918055074, 21.99802453755066, -16.448644047273934, 21.99802453755066, 173.9632794044027, 9.86596119291022, -16.448644047273934, 9.86596119291022, 212.7478428943643, 3.322251641902626, 4.134624944193103, 34.0, 0.0
8, 0 ,0.3333333432674408,0.3333333432674408,0.3333333432674408,117.97251790990407,32.633966082486744,269.2439470595378,14.18573568491857,13.367922852184291,15.001653262568183,70.0,64.0,64.0,-0.5200002123477055,0.25419067680606633,0.8154672764637554,15.478318553536418,0.6926851433911964,-0.43311607495919696,0.5767128902123284,14.014573408452856,-0.49978702592550245,-0.8647528927021948,-0.04914634553787192,12.99997868648184,78.01563343003203,82.15379328596984,65.32062818171424,23.6845392748583,6.635409426136758,123535.0,418658.21028615517, 0.0, 0.0,0.0,NaN, 126.20786630298464,126.20786630298464,0.0, 201.2350969223721, -17.552067714817245, -18.97921074782671, -17.552067714817245, 178.70136138195102, 7.783614345231926, -18.97921074782671, 7.783614345231926, 225.0496006103226, 3.5920478014559123, 4.208492961457678, 29.0, 0.0
9, 0 ,0.3333333432674408,0.3333333432674408,0.3333333432674408,278.3223421764722,13.206488688035261,284.70887382486677,12.771599067626077,8.50795136574333,8.260569102885517,49.0,33.0,33.0,-0.9808982922337258,-0.14403795071159972,0.13073488076164955,12.935174457324836,-0.02452727714580303,0.7583042662442516,0.6514392162524295,8.979043364372874,-0.19296878755066307,0.63578904406302,-0.747352218489152,7.469539685206209,52.89479129389724,46.04178664615867,39.138415858275664,16.59242273342488,5.331743516422146,35847.0,95316.55104745127, 0.0, 0.0,0.0,NaN, 29.633608148266447,29.633608148266447,4.76837158203125E-7, 163.1137427441873, 15.295143895158722, -14.698385835532646, 15.295143895158722, 72.38523644185378, 10.16525555690397, -14.698385835532646, 10.16525555690397, 68.23700190354684, 7.075079796995768, 5.35489463964421, 7.0, 0.0
10, 0 ,0.3333333432674408,0.3333333432674408,0.3333333432674408,22.07399440739944,86.01648588022002,219.72958854438744,12.749949850821263,17.885347309541157,13.807936444177479,53.0,85.0,65.0,0.014702411807854572,0.9865126889760887,0.16302316883252785,17.990208074504448,-0.4878051330831975,-0.13524535796691975,0.8624122246849725,14.071867619049659,-0.87282872960548,0.0922030782434422,-0.47923752058631375,12.306133981709673,82.84344144846443,70.08678667474888,64.35251830642173,24.804135860501248,7.606630176484774,130172.0,373645.56150553375, 0.0, 0.0,0.0,NaN, 119.70562237227342,119.70562237227342,0.0, 162.56122119845716, 5.570515994236343, -19.18148600973741, 5.570515994236343, 319.8856483829111, 22.262478128812273, -19.18148600973741, 22.262478128812273, 190.65910884644458, 3.5485121199238265, 4.1039847400716445, 36.0, 0.0
11, 0 ,0.3333333432674408,0.3333333432674408,0.3333333432674408,96.9591199795344,255.83310309542082,47.689750149228274,12.522556784584427,12.642636350495557,17.61458537612494,72.0,63.0,83.0,-0.08052953587075164,0.2124275531406241,0.9738529296146973,17.86885644145209,0.7585517148166264,0.6468817638498081,-0.07837907595344995,12.886682093505181,-0.6466175761616729,0.7324059791299141,-0.21323037291519864,11.89797017909008,87.02710855378729,63.53459832597662,64.74680644393825,23.961375582307507,7.264762934225685,117270.0,358000.13904338225, 0.0, 0.0,0.0,NaN, 116.73087851413307,116.73087851413307,NaN, 156.8144284231415, 8.983933625304465, -15.395551614092266, 8.983933625304465, 159.83625389087163, 35.526023620028106, -15.395551614092266, 35.526023620028106, 310.27361797279457, 3.872283855777949, 4.122158092496585, 27.0, 0.0
12, 0 ,0.3333333432674408,0.3333333432674408,0.3333333432674408,68.4946936364377,57.11433634808115,136.91935549580379,14.016849326979752,12.487287783581666,12.905265897781437,66.0,60.0,61.0,-0.8501148584255408,0.24887423445747348,0.4640757943561908,14.579370369115958,0.5257720897267377,0.3518242132062949,0.774456863011847,12.432146792644268,-0.029469257684956878,-0.9023753866462545,0.42994211753039474,12.322093771107637,75.07635498102638,62.17580082903862,66.38718729342102,21.931514017392185,6.161087732083979,98184.0,309890.9087701815, 1.4210854715202004E-14, 0.0,0.0,31.775835785157746, 163.40281632278402,163.40281632278402,0.0, 196.47206505525273, -12.343553234362409, -22.8474192922134, -12.343553234362409, 155.9323561899879, 7.755706787297128, -22.8474192922134, 7.755706787297128, 166.54588789244053, 3.14812055293185, 3.829618917629295, 26.0, 0.0
13, 0 ,0.3333333432674408,0.3333333432674408,0.3333333432674408,231.71646856272557,121.70756216269908,11.799125914644241,13.173238067758607,15.02859632520455,7.35081018576748,66.0,77.0,32.0,0.3364661364370295,0.9395098486101623,-0.0641231892192538,15.309056608330438,-0.9416290202053218,0.3364709622458448,-0.011048976084743182,12.87571500872987,-0.011194969330200342,-0.0640978621317851,-0.9978808229101461,7.299045681449168,78.11045566129047,59.74187045823706,33.61409051779817,20.233418878702633,6.635968622735864,60406.0,156858.9676155447, 0.0, 0.0,0.0,NaN, 140.05210003952863,140.05210003952863,0.0, 173.53420118984454, 21.599318232634985, -2.736555482235134, 21.599318232634985, 225.85870750595168, -11.32798796010012, -2.736555482235134, -11.32798796010012, 54.03441038718292, 4.098846663292941, 4.3193975852885105, 24.0, 0.0
14, 0 ,0.3333333432674408,0.3333333432674408,0.3333333432674408,201.38815244951851,191.31191455259665,14.199167071744814,15.083867662189041,15.157394483261635,8.279856320876473,79.0,83.0,36.0,-0.6866185865522578,-0.7269691495237804,-0.008412623945667427,15.715687961544008,-0.7255736027606405,0.6859377438965362,-0.055066854595789555,14.516609813211991,0.0458024407419919,-0.031705948003511376,-0.9984472290928922,8.252931799811433,75.71532353400119,74.62399879843551,38.38563681414361,21.73143799880469,7.319173066002552,76117.0,216885.76556858612, 0.0, 0.0,0.0,NaN, 147.44155703556842,147.44155703556842,0.0, 227.52306365043228, 18.301765499737495, 6.731644821331717, 18.301765499737495, 229.74660752121025, -4.2932147170455455, 6.731644821331717, -4.2932147170455455, 68.55602069435807, 3.6418702547000206, 4.200513970810811, 25.0, 0.0
15, 0 ,0.3333333432674408,0.3333333432674408,0.3333333432674408,267.52013161052884,104.02200176014081,106.33987719017522,14.588921196594113,12.722378106063651,12.898899692065285,64.0,73.0,69.0,0.9049775045751516,0.34581318146193446,0.2478486629782521,15.014536874614045,-0.2284023345678967,-0.09660530695701285,0.968761987400247,12.748224518958398,-0.3589541611081649,0.9333170191285043,0.008441091648416466,12.374311846528101,73.41688855737038,67.07027054735482,70.15925098830357,22.345697964768622,6.461185811241203,99992.0,345470.5067712367, 0.0, 0.0,0.0,NaN, 152.2619065347786,152.2619065347786,0.0, 212.836621680433, 22.837764125698225, 14.141054556526216, 22.837764125698225, 161.85890467364771, 5.31874820167233, 14.141054556526216, 5.31874820167233, 166.38161326596193, 3.1348529289068177, 3.870036176942331, 32.0, 0.0
16, 0 ,0.3333333432674408,0.3333333432674408,0.3333333432674408,71.99556879060755,219.88815114556024,18.346959420950643,13.549210151087006,11.249829960903677,10.85542627949306,62.0,55.0,44.0,-0.9348201995473548,-0.3355389556333994,0.11629618983737992,13.854770698285945,0.32435765678953715,-0.6734274137778742,0.6642948357878797,11.37089281260579,-0.14457975307851836,0.6587177905787064,0.7383681787393489,10.330932925889165,63.33252183136332,57.16922566389147,55.21604523084754,19.866364507830276,5.771274626911555,70184.0,199919.1465364655, 0.0, 0.0,0.0,NaN, 109.26061125745963,109.26061125745963,0.0, 183.58109571831918, 21.803092086605105, -4.402557500571134, 21.803092086605105, 126.55867414924603, -13.422053011307014, -4.402557500571134, -13.422053011307014, 117.84027970950852, 4.22670451110399, 4.215127185170016, 20.0, 0.0
17, 0 ,0.3333333432674408,0.3333333432674408,0.3333333432674408,88.1179862938261,284.84719757694427,173.30658385853272,10.898340809543399,9.101394562733104,15.8278274716735,52.0,37.0,71.0,0.11917703938770234,0.056608973067270106,0.9912579167154483,15.909911703130382,-0.9653775538990435,0.23993316904658146,0.10236333728031652,10.907067156109791,0.23204096989687278,0.9691375024007347,-0.08324355668629875,8.946503982633391,73.58815109754727,55.25324506789873,41.55908561209509,20.237272371365002,6.525499584531768,65372.0,168978.58324955901, 0.0, 0.0,0.0,NaN, 155.0664651797612,155.0664651797612,0.0, 118.77383240095907, -7.848137351021475, 16.601011422308208, -7.848137351021475, 82.8353829865477, 10.668519643928452, 16.601011422308208, 10.668519643928452, 250.52012247306234, 3.729879677515423, 4.121823821584317, 16.0, 0.0
18, 0 ,0.3333333432674408,0.3333333432674408,0.3333333432674408,226.2916369481139,96.0302074438696,132.73176955145914,13.69330493004406,12.372018257539132,13.720809582122536,69.0,58.0,70.0,0.5397447429052276,0.45591983723180335,0.707681223803978,15.083683653302582,-0.8409966380731048,0.2546598154052658,0.4773604855530996,13.082038773194302,0.037420145054569975,-0.8528103425945786,0.5208783469369916,11.409504820308795,74.21440647643931,61.172344082014064,58.225501926930036,22.126243101769905,6.266052781640721,99545.0,264336.16336611257, 0.0, 0.0,0.0,NaN, 179.64533440577557,179.64533440577557,0.0, 187.50659990716898, 15.180682582721857, 20.736038958778636, 15.180682582721857, 153.0668357648816, 36.386223004257296, 20.736038958778636, 36.386223004257296, 188.26061558886562, 3.5455336439953222, 3.992670290220797, 25.0, 0.0
19, 0 ,0.3333333432674408,0.3333333432674408,0.3333333432674408,254.92890450691655,33.551215975011154,261.96307452030345,12.576036435174254,14.356623487717194,12.00586359079275,73.0,69.0,61.0,0.13902667420713033,-0.9762813111599723,0.16597103765015492,14.428062722058966,0.8301508830708864,0.20627486873675366,0.5179770167336221,12.942526798857031,-0.53992693505282,0.0657683815172605,0.8391385015580374,11.520941675784412,72.88461850390426,69.62205799695005,62.21238117488707,21.631997923235843,6.361348661779842,89640.0,315689.08464507654, -2.8421709430404007E-14, 0.0,0.0,82.00847199669961, 67.85201133567435,67.85201133567435,0.0, 158.15669241883037, -4.283814152066627, 16.694697388642254, -4.283814152066627, 206.11263796807302, -8.507613510962877, 16.694697388642254, -8.507613510962877, 144.14076056072298, 3.6413473247507624, 3.8529728575307556, 19.0, 0.0
20, 0 ,0.3333333432674408,0.3333333432674408,0.3333333432674408,51.62469178189082,63.40199444427105,280.31332126470863,13.441943287009362,10.918155713237566,10.295146933931994,67.0,54.0,41.0,-0.9408732091165101,-0.26787614311610564,0.20736435642616777,13.722127250863188,-0.33717706416055193,0.7996148931534717,-0.49691815226577635,11.055552223980998,-0.03269910963421074,-0.5374554815018654,-0.8426579220732024,9.765244627497774,66.48634140764801,53.334803741690195,52.132388348299116,19.32224854691106,5.703746575040164,64078.0,184863.32431009677, 7.105427357601002E-15, -7.105427357601002E-15,0.0,72.91446197937958, 84.09807976828706,84.09807976828706,0.0, 180.68583933117606, 16.180367121169148, -13.631042431177928, 16.180367121169148, 119.20612417850211, -15.837164743868811, -13.631042431177928, -15.837164743868811, 105.99005039124934, 3.977473495115505, 4.072654405102207, 16.0, 0.0
21, 0 ,0.3333333432674408,0.3333333432674408,0.3333333432674408,131.42281117611458,249.72175711115594,250.53220193665524,13.447313230908355,13.961619437879609,10.154196086216158,64.0,65.0,46.0,-0.18103759958286025,-0.9833126579994299,-0.017933325273704347,13.977539457471401,0.9725271484942605,-0.18170569461514757,0.14551283787367292,13.495393482529225,-0.1463432027082192,0.008902649185683965,0.9891938181461596,10.068142533864236,65.22530757172925,62.96888122124058,47.977142623977386,20.9685387966678,6.259802660489272,79312.0,197050.02395826904, 0.0, 0.0,0.0,NaN, 149.1540145308135,149.1540145308135,0.0, 180.8302331301629, 2.463216121576765, 11.73369906516294, 2.463216121576765, 194.92681732817772, -0.4776120594852297, 11.73369906516294, -0.4776120594852297, 103.10769815732753, 3.8088479268407633, 3.9728467771433533, 27.0, 0.0
22, 0 ,0.3333333432674408,0.3333333432674408,0.3333333432674408,176.80437920712342,272.05347130418926,283.5045053258574,11.714799810075775,15.05836090346581,9.173034208836157,59.0,61.0,38.0,0.14799957334564903,-0.9888947614905478,0.013537983086796416,15.126615352266485,0.985592875680201,0.14861095320977125,0.08075560658254789,11.642182276531024,-0.08187068888153978,0.001391144361939419,0.9966419893920918,9.153164704639597,63.61826677317899,59.161101770839,40.20929150516463,20.19108034410484,6.360471588142549,65811.0,151336.78623969038, 0.0, 0.0,0.0,NaN, 127.39808002176754,127.39808002176754,0.0, 137.23653459015142, -13.645326927563202, 4.4102809798527, -13.645326927563202, 226.7542330990276, -1.3204837221998649, 4.4102809798527, -1.3204837221998649, 84.14455659647837, 3.3831436647404596, 4.081195154338014, 15.0, 0.0
23, 0 ,0.3333333432674408,0.3333333432674408,0.3333333432674408,72.18459130349044,32.962285545257345,31.32834993098008,12.689023562559516,11.741329238532344,12.620262255327415,59.0,53.0,65.0,-0.9561306554068085,-0.29046114794280403,-0.038032766492793545,12.782394414266633,-0.027548482909325517,-0.04010098753261794,0.9988157947731422,12.620895927977681,-0.2916423338281695,0.9560461455048382,0.03034001952209671,11.638923045768813,62.10657700731488,65.71215876997371,51.85992727920385,20.609187330121596,5.779493770565676,81136.0,211648.51814628294, 0.0, 0.0,0.0,NaN, 85.31467048179327,85.31467048179327,0.0, 161.01131897119058, 7.781636380751782, 0.3599795785312567, 7.781636380751782, 137.85881228761454, -0.6456843967067992, 0.3599795785312567, -0.6456843967067992, 159.2710193932418, 3.271144711941604, 3.7316336307746067, 26.0, 0.0
24, 0 ,0.3333333432674408,0.3333333432674408,0.3333333432674408,236.92204142427565,33.857160254428614,90.49696952664662,13.797005949551803,12.359207181306205,15.041904473744012,67.0,65.0,76.0,0.44045207195378316,-0.0033423202688676063,0.8977699043779759,15.413750382964052,-0.8289650928271998,0.38243321570324573,0.4081197255718811,13.581871241253191,0.3447010983237684,0.9239770908534991,-0.16567283540850256,12.137353016096796,71.63303498304685,68.22313247273095,59.13800740302412,22.890291509373892,6.738013070284285,106749.0,289009.2183928996, 0.0, 0.0,0.0,NaN, 115.38993739525847,115.38993739525847,NaN, 190.35737317196785, -11.910919187651809, 23.125216914451244, -11.910919187651809, 152.75000215045085, 5.527750061755461, 23.125216914451244, 5.527750061755461, 226.2588901972401, 3.9552496942569024, 3.978058069131467, 25.0, 0.0
25, 0 ,0.3333333432674408,0.3333333432674408,0.3333333432674408,16.89017398798446,99.38000074940985,155.99386732947804,10.076580793235049,14.36887764605218,13.290187337303982,41.0,68.0,66.0,0.013877713006007724,-0.9905340589657384,0.13656385726312087,14.388758197518525,0.09066554187769837,0.13726095487344733,0.9863767990901109,13.292891191360669,-0.9957846999214973,-0.0013070180138873323,0.09171217534310894,10.044594867810053,70.16140826555657,68.43162593345059,44.02533567166522,21.07338635202991,6.367385052635467,80063.0,211377.04992509857, 0.0, 0.0,0.0,NaN, 175.78233350657587,175.78233350657587,0.0, 101.53748048259351, -0.5156645817723373, 6.980616207587897, -0.5156645817723373, 206.46464480721804, -4.094418390917673, 6.980616207587897, -4.094418390917673, 176.6290794606351, 3.4417470956725533, 3.9936915052054895, 29.0, 0.0
26, 0 ,0.3333333432674408,0.3333333432674408,0.3333333432674408,287.1358981681694,55.35333115743952,157.0977112316919,7.927006567419539,13.126350136604449,12.392298006408222,35.0,63.0,55.0,-0.060061940151668124,0.8786207620229901,0.4737278964631044,13.453621233679184,0.07758248092815204,-0.4690400923371072,0.8797626671059817,12.074967444195796,-0.995175121271754,-0.08959323815187385,0.03999412055804282,7.86783247346977,62.60280837005949,56.75010854766602,37.84848435056773,18.742674595567706,6.117164368638757,49022.0,134464.9223770001, 0.0, 0.0,-2.8421709430404007E-14,61.72344423388645, 153.78732236886688,153.78732236886688,0.0, 62.837433119912504, -9.33809090144982, 2.3379920805855776, -9.33809090144982, 172.30106790873563, 14.94978874292909, 2.3379920805855776, 14.94978874292909, 153.56904987962918, 3.582444942171155, 3.9753718580523407, 15.0, 0.0
27, 0 ,0.3333333432674408,0.3333333432674408,0.3333333432674408,80.50074896872768,9.270204871753508,267.52748139100777,13.26164328351464,5.9629844153196,13.576692691382423,62.0,24.0,61.0,0.663008991602889,-0.014592929263332537,0.7484691867199588,14.670446406826768,0.7485771240532951,0.003351707075417344,-0.6630392563067281,12.042228531582358,-0.007167035497235737,-0.999887899954388,-0.013146144947679364,5.959671498525548,71.88533397008484,57.06342028862687,24.665268701493922,18.782730155801527,6.554692826296174,43393.0,101177.50012944706, 0.0, 0.0,0.0,NaN, 87.29703172331656,87.29703172331656,0.0, 175.87118257918897, -1.4639522885795595, 34.829197263493924, -1.4639522885795595, 35.55718313734443, -2.206132770482931, 34.829197263493924, -2.206132770482931, 184.32658443623689, 4.085421151659987, 4.221549997157444, 15.0, 0.0
28, 0 ,0.3333333432674408,0.3333333432674408,0.3333333432674408,259.81350946449857,273.9282207180115,52.14742965870941,13.802614282724921,13.847013861991464,11.874616219690731,75.0,55.0,64.0,0.7107370671900046,0.568355744638141,0.4145172720876353,15.347970755873893,-0.5036214624221635,0.8225163730859669,-0.26425790166666413,13.071540169802983,-0.49113973969728025,-0.0209419087556712,0.870829026013578,10.808935912608348,82.12444032298049,67.13006085352961,57.99265178728254,21.904184336623157,6.592812210578325,91447.0,319714.57239978714, 0.0, 0.0,0.0,NaN, 70.80992950496926,70.80992950496926,0.0, 190.51216103768198, 25.577918096000914, 42.16943437619143, 25.577918096000914, 191.73979289418372, 16.22709031766799, 42.16943437619143, 16.22709031766799, 141.0065103649422, 2.9797217462876717, 3.6055901073944807, 25.0, 0.0
29, 0 ,0.3333333432674408,0.3333333432674408,0.3333333432674408,9.429932278641077,170.50023885126592,94.54483378761907,5.891584352490005,11.683561053789196,12.569263206129195,24.0,56.0,59.0,0.1049303612140377,0.550447509590724,0.8282494542593198,13.241554397132044,-0.05459874070292403,-0.8284023331790655,0.5574661890169978,10.999290233347198,-0.9929796557881468,0.10371650576860969,0.05687081520431674,5.734073084245081,60.09156577124895,56.01767557552928,26.79572464827674,17.221343468696702,5.712098717481041,35587.0,90199.49596462701, 0.0, 0.0,0.0,NaN, 160.61705188518263,160.61705188518263,0.0, 34.71076618250507, 12.213205540664642, 9.699273415838094, 12.213205540664642, 136.5055988976197, 24.260906199252716, 9.699273415838094, 24.260906199252716, 157.98637754495317, 4.755744121785136, 4.238701668050763, 14.0, 0.0
30, 0 ,0.3333333432674408,0.3333333432674408,0.3333333432674408,163.42486196090135,101.6160389379312,210.38847244383732,15.09867765253948,11.103836405849863,12.857266273129035,69.0,53.0,64.0,0.9364068235740973,0.06924842183852092,0.3440158671293269,15.445892118022266,0.332488315258151,0.138425678533523,-0.9328932692110765,12.48641102633402,0.1122220164703209,-0.9879488790395017,-0.10659845882528989,11.049366595473932,73.39841656090223,65.44716537965469,55.06517200185432,21.75978831047866,6.564004759631422,87113.0,264517.5748380673, 0.0, 0.0,0.0,NaN, 192.37674903891815,192.37674903891815,0.0, 227.97006685529513, 9.110222158210872, 27.034245708231055, 9.110222158210872, 123.29518292787681, -1.5926253681830786, 27.034245708231055, -1.5926253681830786, 165.3092960181414, 3.1914878384933125, 3.731111952898843, 27.0, 0.0
31, 0 ,0.3333333432674408,0.3333333432674408,0.3333333432674408,86.12042019559216,60.412182396705816,219.09027420335968,11.865588887434955,13.00695209794882,13.14103939235698,70.0,64.0,61.0,0.1041539943963786,0.683766725339881,0.7222291954561615,14.094091017901452,-0.4577082537070479,-0.6117542338202687,0.6451820765422895,12.050670755696238,-0.8829808038342192,0.3977685542133154,-0.24924902675702654,11.781249999569233,69.68878116857562,62.867952166109816,68.78268331902987,21.11979733959017,6.050956880536626,85484.0,301350.07043206965, 0.0, 0.0,0.0,NaN, 132.71300721890728,132.71300721890728,0.0, 140.7921996456199, 6.059882485708619, 2.605665590643983, 6.059882485708619, 169.18080287833521, 27.019655004967383, 2.605665590643983, 27.019655004967383, 172.68691631147792, 3.018814832406864, 3.6278774329960917, 25.0, 0.0
32, 0 ,0.3333333432674408,0.3333333432674408,0.3333333432674408,285.5236117284613,27.6789080820931,24.97031099121745,9.166074793533237,13.385473135446619,13.890521103529858,39.0,61.0,53.0,0.0284259136212432,0.5538027167698137,-0.8321625552337545,14.330891548517625,-0.22557842927411675,0.8145777384136063,0.534394498780814,13.09744351092992,-0.9738102174864566,-0.17252727024835485,-0.14808106340660593,8.900388508972117,74.73140337129813,69.47799436286007,45.62149843129515,20.319811197774403,6.575687613839248,65243.0,236875.39770794704, 0.0, 0.0,0.0,NaN, 39.99005127532869,39.99005127532869,0.0, 84.01692712064539, -14.97901472802391, -14.113970296920392, -14.97901472802391, 179.17089105976314, -17.950093573946397, -14.113970296920392, -17.950093573946397, 192.94657652760836, 3.4040457262599726, 3.846086682929129, 12.0, 0.0
33, 0 ,0.3333333432674408,0.3333333432674408,0.3333333432674408,144.2706744384674,285.70418208789727,25.28846067398894,13.900827214308938,9.143248465646849,13.546495015770107,71.0,39.0,60.0,-0.7871184699721566,-0.16881205123151688,0.593251216254715,14.52695709287292,-0.598471673539118,-0.02371430752057061,-0.8007929118006145,13.019140613456237,-0.14925203583193764,0.9853629397221249,0.08236326136205654,8.933588991429664,79.38208334034192,64.96464259916681,43.65098127300209,20.401570199635014,6.641946277130808,66737.0,225109.3620286977, 0.0, 0.0,0.0,NaN, 147.16624665991228,147.16624665991228,0.0, 193.23299724207197, 18.70922658741359, -18.292352871944995, 18.70922658741359, 83.59899250455346, -11.438545475134992, -18.292352871944995, -11.438545475134992, 183.50752721228434, 3.557783514491226, 3.9795877854131465, 15.0, 0.0
34, 0 ,0.3333333432674408,0.3333333432674408,0.3333333432674408,184.45551452293026,279.65550928472277,118.77686545664073,12.200646870794191,11.076013890234117,13.368440892349149,63.0,44.0,70.0,-0.3245166998012502,-0.0336610392550996,0.9452808291647367,13.528401147713613,-0.8916422170675152,0.34443251353109977,-0.2938373706075777,12.167605471683768,0.3156945807153359,0.9382074280557134,0.14178770626557557,10.916996799793639,73.67667682997102,61.966786535579374,51.655941502833514,20.37372334593584,5.929627026887253,76362.0,235835.5576554277, 2.8421709430404007E-14, 0.0,0.0,71.0637030288193, 166.9502027382109,166.9502027382109,0.0, 148.85578406582007, -8.16889598176839, -12.018719887427864, -8.16889598176839, 122.6780836966591, -4.953062744527309, -12.018719887427864, -4.953062744527309, 178.7152118922329, 3.526853975244716, 4.009275172239507, 24.0, 0.0
35, 0 ,0.3333333432674408,0.3333333432674408,0.3333333432674408,186.17217478096927,14.083564378396362,10.29979483198403,15.281427813018448,8.925374408574866,6.549504624493521,68.0,35.0,26.0,-0.9914287204051003,0.1303809766749199,0.00836021992528562,15.371075945114775,0.12185322559817616,0.9458706541660983,-0.3007997622983053,8.98271967177207,-0.04712625348173914,-0.2972028036689609,-0.95365067489311,6.254688381675932,68.06905787092143,41.48610613585258,30.136291357898063,17.705465683364444,6.5266254756354,36068.0,85102.48069513655, 0.0, 0.0,0.0,NaN, 115.15731133226238,115.15731133226238,0.0, 233.52203600449377, -20.69310565570153, -3.1576945188704726, -20.69310565570153, 79.66230833324315, -11.611971321492712, -3.1576945188704726, -11.611971321492712, 42.896010826262014, 4.578698918122575, 4.199892641937411, 13.0, 0.0
36, 0 ,0.3333333432674408,0.3333333432674408,0.3333333432674408,105.51218088264397,34.80481891945379,160.9721947358005,11.297450891633412,11.867095441478615,17.727155078688085,60.0,65.0,83.0,-0.028846286446073836,-0.1579944974874886,0.9870185563209775,17.85926750570866,-0.20649395848215082,-0.9651884535526115,-0.1605350249605669,11.69175187410024,-0.9780225646009618,0.20844420810469658,0.004782806598968095,11.272172830643623,84.66877951668425,63.30943660378536,56.165674959004434,23.020626433858695,7.263823830646671,101060.0,301066.7057365075, 0.0, 0.0,0.0,NaN, 177.968891582793,177.968891582793,0.0, 127.63239664886858, 2.7949017208604543, -5.144100254499971, 2.7949017208604543, 140.82795421716253, -28.431302778907007, -5.144100254499971, -28.431302778907007, 314.2520271838568, 3.1129511124101485, 3.6761759873461757, 24.0, 0.0
37, 0 ,0.3333333432674408,0.3333333432674408,0.3333333432674408,231.00858973456312,83.34729751930344,279.78387195193505,12.96344300038041,14.19975946432978,11.312182335520674,60.0,68.0,51.0,-0.3014630411341637,0.874597531933073,0.37973568698071963,14.753756468632567,0.8988012772560278,0.39359350595754294,-0.19297776056059868,13.027398603630763,0.31823937348020837,-0.28313125790810706,0.9047432740630337,10.500621321969616,64.78341377737016,62.186805783306,49.11365201858422,21.387851216778216,6.341081358095503,85218.0,197862.87184060077, 2.8421709430404007E-14, 0.0,0.0,72.45450202897317, 110.06942594308771,110.06942594308771,1.9073486328125E-6, 168.05085442411183, -7.288474521628454, -22.607463144744333, -7.288474521628454, 201.63316884482316, 31.15714433230672, -22.607463144744333, 31.15714433230672, 127.96546919206597, 3.0909732647117587, 3.8229257987527334, 21.0, 0.0
38, 0 ,0.3333333432674408,0.3333333432674408,0.3333333432674408,256.21738536496514,9.751172533126907,23.069555120440782,13.890139906596287,6.262904922317685,12.71606265226556,66.0,26.0,47.0,-0.8610364982593136,0.02131761887297484,0.5080961599844318,14.486403778067437,-0.507163771475176,0.03754320848227442,-0.8610316001169365,12.041819009465927,0.03743070355221901,0.9990675986250597,0.021514548778508627,6.244750962945706,73.26395944519905,65.98867813487225,27.736758685687214,18.723669206765834,6.578938022412647,43922.0,134095.9071742467, 0.0, 0.0,0.0,NaN, 50.44013365868327,50.44013365868327,0.0, 192.93598662481872, -5.1546194468897975, -28.45676682049955, -5.1546194468897975, 39.22397806599109, -1.5761766788556348, -28.45676682049955, -1.5761766788556348, 161.698249376343, 5.165398910093419, 4.080836983997696, 9.0, 0.0
39, 0 ,0.3333333432674408,0.3333333432674408,0.3333333432674408,151.27563254449976,96.38874718679669,157.26975380208688,11.69439099925645,11.687673974212851,12.552903844401499,53.0,58.0,62.0,0.3280201609905655,0.380376939622255,0.8647058215296872,12.709856551777547,-0.6401788776172573,-0.5836084793246994,0.4995719642984597,12.085869031104476,-0.6946753044670817,0.7174360784515371,-0.05207393493531542,11.105278695017061,62.38584897828315,62.19670538195571,52.31144895277117,19.969282067871085,5.671302530420781,73315.0,202978.5844246832, 0.0, 0.0,0.0,NaN, 227.5558200508081,227.5558200508081,0.0, 136.75878084349029, 13.264273298086607, 3.5659116847498202, 13.264273298086607, 136.6017229274924, 5.938631206256779, 3.5659116847498202, 5.938631206256779, 157.57539492678993, 3.013122329872155, 3.537031713855757, 20.0, 0.0
40, 0 ,0.3333333432674408,0.3333333432674408,0.3333333432674408,177.091113265471,284.8822588463403,242.64634028114398,14.264521540047053,8.891719521081106,11.850375351091186,66.0,38.0,54.0,-0.9790509729107381,-0.12887462443812775,0.15764048851252876,14.40345599104393,0.15217669134415596,0.05125969393467908,0.9870231498750515,11.780609012659431,0.1352828409447509,-0.9903351831343037,0.03057413927263923,8.759472220099722,66.60687177903611,57.13703093429555,40.15955051392703,19.644331847085557,6.0885854721257155,61890.0,152835.96013630167, 0.0, 0.0,0.0,NaN, 136.47191219828596,136.47191219828596,NaN, 203.47657476646634, 16.979042532969448, -10.856111049367712, 16.979042532969448, 79.06267604157479, 0.483694968956188, -10.856111049367712, 0.483694968956188, 140.43139596174956, 3.6488004815508157, 4.018882422040049, 12.0, 0.0
41, 0 ,0.3333333432674408,0.3333333432674408,0.3333333432674408,47.92014228419993,105.05755140796168,260.13049331802785,13.788386246418238,10.875353138775177,10.863791792156299,66.0,52.0,49.0,-0.9411185297318926,0.2893808135159432,0.1747989066445552,14.173670212738843,0.015513666574899665,0.5534600200673002,-0.8327312485649301,10.904731625896485,0.3377206525291039,0.7809870363558894,0.5253608378051808,10.325152499818008,67.10416307313801,50.39937346145595,49.992731501675166,19.839622951608774,5.727498093828129,70563.0,169075.8066592251, 0.0, 0.0,0.0,NaN, 122.1597589529314,122.1597589529314,NaN, 190.11959528041564, -25.571853490017876, -15.66931210624423, -25.571853490017876, 118.27330589306708, -0.9016755716807453, -15.66931210624423, -0.9016755716807453, 118.02197210332258, 3.2753697065846503, 3.692716292919046, 21.0, 0.0
42, 0 ,0.3333333432674408,0.3333333432674408,0.3333333432674408,55.96115948459135,132.37892148706857,282.87517793429834,11.97982438981442,11.582322320848778,9.629545088017144,58.0,57.0,41.0,-0.8220320051390848,0.5624218517863802,-0.08913497158912792,12.290677982120041,-0.5693968149265805,-0.809879184631714,0.14100699788214696,11.304849624209707,0.007116858750941333,0.16666543412912468,0.9859878211154892,9.567347128165395,58.59820061166954,56.40961463351864,45.46816484211445,18.441434206329802,5.50527254281728,54093.0,150295.10594450004, 0.0, 0.0,0.0,NaN, 144.7380038404609,144.7380038404609,0.0, 143.51619241079243, -10.797309928376425, 1.4499056964849948, -10.797309928376425, 134.15019034403184, -7.125626645209777, 1.4499056964849948, -7.125626645209777, 92.72813860215511, 4.0918366592602275, 3.9832626241362714, 14.0, 0.0
43, 0 ,0.3333333432674408,0.3333333432674408,0.3333333432674408,82.44179427612295,209.64489095929065,65.76609460330589,11.462819389362343,13.024632445785741,13.265711027338499,51.0,60.0,62.0,0.29483910259515256,-0.6196096285618709,0.727429592314133,14.607126134175545,-0.33012255937603924,-0.7804462136553745,-0.5309640320982231,11.943097113512732,-0.896710097730531,0.08359196004646613,0.4346531776528171,11.000484771104215,63.76222697224795,58.11365676535746,56.557208771275675,20.98157689209693,6.065459494780586,82217.0,209570.25836125718, 0.0, 0.0,0.0,NaN, 138.87359134333653,138.87359134333653,0.0, 131.39622835314128, -11.300319572768593, 23.599172260288405, -11.300319572768593, 169.64105034781466, -32.66563000306362, 23.599172260288405, -32.66563000306362, 175.97908906085027, 3.4183871000959862, 3.7102059887861167, 20.0, 0.0
44, 0 ,0.3333333432674408,0.3333333432674408,0.3333333432674408,284.60099436294246,218.70529743356326,8.192395224256854,8.913318734240564,15.904964960185453,5.2130606968617474,36.0,70.0,22.0,-0.09997040173142055,0.9899415166936884,0.10010850265515997,16.035732356215387,0.9939276992949827,0.09470799577219115,0.05601896206640099,8.818545236850134,0.04597442062539392,0.1051008518662643,-0.9933982905084675,4.967867830116893,71.59674451854201,37.839584799277816,21.841610380570806,17.646827558667987,6.941227570588385,28561.0,59173.09613735213, 0.0, 0.0,0.0,NaN, 83.14489388703296,83.14489388703296,0.0, 79.44725085816381, -18.00862821494736, 0.6293384676877953, -18.00862821494736, 252.96791038472705, 23.31929521384299, 0.6293384676877953, 23.31929521384299, 27.176001829164687, 3.34838221080434, 4.027747655089199, 13.0, 0.0
45, 0 ,0.3333333432674408,0.3333333432674408,0.3333333432674408,200.4230426276634,170.32700727984135,47.65139275209944,11.769795433081693,12.104559897082526,12.053067745764876,59.0,54.0,57.0,-0.4780695301589357,0.7904198515984552,0.3829960607273795,12.58461609765921,0.5049581153267436,-0.10944480613552096,0.85617704721373,12.074452440076447,0.7186562642176562,0.6027091276967972,-0.34680669153245597,11.232093877346083,61.40626541452225,58.48248914998274,56.99776143648188,19.99495107911066,5.525108891832275,75139.0,204689.8621884875, 2.8421709430404007E-14, 0.0,0.0,61.44060428513411, 170.2977119979869,170.2977119979869,0.0, 138.52808453659068, -13.25735743627571, 2.589682835664836, -13.25735743627571, 146.52037030205852, 7.9120114546129106, 2.589682835664836, 7.9120114546129106, 145.2764420839976, 3.0316093282347443, 3.4324676040311606, 18.0, 0.0
46, 0 ,0.3333333432674408,0.3333333432674408,0.3333333432674408,32.743511024281325,176.24367594448532,57.780135995737446,12.251570747870053,11.298920800272878,13.074631509217543,61.0,54.0,66.0,0.4280068461319928,0.22351536200138913,0.8757003041072515,13.358369893625499,-0.8410414926442351,-0.2561955688586071,0.47645885252346015,12.120094898685275,-0.3308464104609606,0.9404279416556075,-0.07833223626640064,11.107197647231786,67.8245196704293,55.961450999368566,55.95469127168508,20.402904987764945,5.695090359511334,78826.0,212379.30597875197, 0.0, 0.0,0.0,NaN, 140.45038046803828,140.45038046803828,0.0, 150.10098579006515, 10.33828483299418, 11.215154765710789, 10.33828483299418, 127.66561125083909, 7.908356986196049, 11.215154765710789, 7.908356986196049, 170.94598910182418, 3.1712891378628316, 3.656865964498705, 22.0, 0.0
