// Sample: .//bubblelabels.tif, Map: .//bubblelabels.tif, Thickness:(8.191250068658265):/afs/psi.ch/project/tipl/test/LabelValidation/Step4900//distmap.tif, Neighbors:(1.0):
//LACUNA_NUMBER, TRIANGLES, SCALE_X, SCALE_Y, SCALE_Z, POS_X, POS_Y, POS_Z , STD_X, STD_Y, STD_Z,PROJ_X, PROJ_Y, PROJ_Z, PCA1_X, PCA1_Y, PCA1_Z, PCA1_S, PCA2_X, PCA2_Y, PCA2_Z, PCA2_S, PCA3_X, PCA3_Y, PCA3_Z, PCA3_S,PROJ_PCA1, PROJ_PCA2, PROJ_PCA3,OBJ_RADIUS, OBJ_RADIUS_STD, VOLUME, VOLUME_BOX, Mask_Grad_X,Mask_Grad_Y,Mask_Grad_Z,Mask_Angle, Mask_Distance_Mean,Mask_Distance_COV, Mask_Distance_STD, SHAPET_XX, SHAPET_XY, SHAPET_XZ, SHAPET_YX, SHAPET_YY, SHAPET_YZ, SHAPET_ZX, SHAPET_ZY, SHAPET_ZZ, Thickness, Thickness_STD, Neighbors, Neighbors_STD
1, 0 ,1.0,1.0,1.0,93.85883317713214,279.70502577319587,16.747809278350516,16.550230597988232,12.47668765404508,10.550769886635338,75.0,52.0,47.0,-0.9478691370458123,0.3073162648236592,0.08426631836541619,16.96454703815763,-0.3126164563811316,-0.8455340945623286,-0.4328314292335602,12.37095825787736,-0.06176609292914066,-0.4366105911536009,0.8975277942530647,10.003006969702211,84.00244910857823,69.0487006687597,51.90202682531165,22.121686511586482,7.178272685472168,85360.0,301045.2482422438, 0.0, 0.0,0.0,NaN, 97.47746231751916,97.47746231751916,0.0, 273.91013284658595, -40.68237393899919, -7.8262991822382775, -40.68237393899919, 155.66773481660093, 24.25113741588102, -7.8262991822382775, 24.25113741588102, 111.31874520073107, 8.851110994651732, 6.481937665010891, 16.0, 0.0
2, 0 ,1.0,1.0,1.0,28.604706676434514,167.9359026068633,17.308164659593206,16.44954011753648,16.466151493285714,10.748893304950656,64.0,79.0,47.0,-0.7089046660239067,0.7039260816476716,0.044070920862735036,16.952024295613782,-0.7012672611556598,-0.7101456035546777,0.06258953733015113,15.97612532760192,0.07535517846023133,0.013464521087603586,0.9970658472493722,10.70759142651449,82.60330218721307,85.76655070203087,48.657385280830184,24.50425059420984,7.536705193632658,121487.0,344718.12661054987, 0.0, 0.0,0.0,NaN, 136.23042108204888,136.23042108204888,0.0, 270.587370078442, -16.17830837135348, -11.56660390455228, -16.17830837135348, 271.13414499983537, -0.8904436013378566, -11.56660390455228, -0.8904436013378566, 115.53870728121302, 8.379768143326764, 5.81986549607378, 19.0, 0.0
3, 0 ,1.0,1.0,1.0,70.35091121553417,250.96189386970323,206.50244068189917,15.737773435902767,12.907643784878095,13.45916267963026,76.0,68.0,69.0,0.9498563232855295,-0.017713170481447847,0.3121845747406344,15.993160030696112,-0.3018719639754141,0.2083579954428483,0.9303011679561968,13.167468789453354,0.08152473538823438,0.9778922176428914,-0.19256304991702108,12.894589514411733,75.04739979758234,71.26142749246057,69.1925534985549,23.498808868527913,6.575699399631908,120663.0,370040.7270939462, 0.0, 0.0,0.0,NaN, 126.86914581624644,126.86914581624644,0.0, 247.6775127198068, -1.9533287770979864, 24.54544190553056, -1.9533287770979864, 166.60726807730214, 0.8835452645414903, 24.54544190553056, 0.8835452645414903, 181.14906003675202, 7.27338890924961, 5.162497131711501, 32.0, 0.0
4, 0 ,1.0,1.0,1.0,130.08611958818204,190.34125892887084,18.48445621918911,14.35009326553417,13.309094938678767,11.059070276667514,70.0,61.0,44.0,-0.9740267341770847,-0.22428337073110893,-0.03112700952251081,14.419775234997548,0.2025902561458193,-0.9245922021721676,0.3226243137105338,13.497572873562172,-0.10113905884026157,0.30793867781737566,0.9460151486530187,10.735261007334415,70.11343500448191,70.25069292429933,51.09801640903706,21.58417015751917,6.283615106915472,89457.0,251684.16853820105, 0.0, 0.0,0.0,NaN, 171.14062382887025,171.14062382887025,1.9073486328125E-6, 205.9251767295291, 7.709077447399066, 7.185192319073684, 7.709077447399066, 177.13200808676478, -19.320472176122934, 7.185192319073684, -19.320472176122934, 122.3030353842709, 7.742320733906932, 5.3042513916205785, 21.0, 0.0
5, 0 ,1.0,1.0,1.0,137.88769920518436,207.69437693991964,191.24840595750825,13.491209464112782,14.619147170144023,15.002862819792316,68.0,77.0,71.0,-0.13405297407616995,0.6422753375905526,0.7546603148862906,15.72884983734196,0.5019227244909564,-0.6126216385903419,0.6105475465272626,14.100213606662049,-0.8544608702456239,-0.4606268757398185,0.24024883468034716,13.213831715942693,75.14702783143304,71.34687106256571,68.7498033879998,23.956128008482846,6.849964993878896,124683.0,368602.4356116378, 0.0, 0.0,0.0,NaN, 198.39419055857448,198.39419055857448,0.0, 182.01273280456627, -13.711767715624836, 0.055405951228543644, -13.711767715624836, 213.71946398232998, 26.226324017041964, 0.055405951228543644, 26.226324017041964, 225.08589278950666, 7.04881827434994, 5.0898630427336995, 34.0, 0.0
6, 0 ,1.0,1.0,1.0,206.77927498479855,51.93850357703192,101.1232480801135,15.68324870375483,15.852961693376466,12.867039317211217,92.0,77.0,72.0,-0.596494040329073,0.8019456053720349,0.03283452263059753,16.064973921466507,-0.8024637801469208,-0.5966811777948982,-0.004842893516025081,15.469288537137514,-0.015708004463097145,0.029237272269726184,-0.9994490684902424,12.863091005024245,81.25616875741507,81.54293851853771,71.72562656008664,24.694066535510526,7.283162986362061,133211.0,475244.44581414224, 0.0, 0.0,0.0,NaN, 147.01572374563662,147.01572374563662,0.0, 245.96428990382756, -8.951762086648515, -1.527142178201631, -8.951762086648515, 251.3163944516616, 2.652308354957737, -1.527142178201631, 2.652308354957737, 165.5607007906593, 6.275138433812449, 4.877907009368857, 43.0, 0.0
7, 0 ,1.0,1.0,1.0,148.61594020088765,60.685643541228686,174.03910301331464,14.763917962060356,12.268996936718175,13.610157848923551,71.0,61.0,70.0,0.9441657199826513,0.14170543035399719,0.297440185949764,14.910731637867274,-0.3217743726322527,0.20260636290531375,0.9248848116535384,13.559990806889603,-0.07079792600607857,0.9689531633254874,-0.23689115845630274,12.146385776717157,71.67321584401364,76.44989835362557,63.24769691287784,22.644618731952107,6.399937388821494,107025.0,346560.0671127236, 0.0, 0.0,0.0,NaN, 204.0480153873035,204.0480153873035,0.0, 217.9732735904484, 7.63806299573623, 10.190416166870232, 7.63806299573623, 150.52828583319996, 9.961948907077343, 10.190416166870232, 9.961948907077343, 185.23639667261534, 6.983891551292992, 4.9954953065081655, 32.0, 0.0
8, 0 ,1.0,1.0,1.0,137.3057308945715,103.71157628959807,284.60412201638235,12.648621786942487,14.834225347770486,8.73063120498463,63.0,69.0,35.0,0.32883494141812286,0.9365015324843425,0.12178859124326105,15.20823908087085,0.9442460400007602,-0.32380896237654777,-0.05955813821390225,12.303087244737036,0.016340050349451848,-0.13458319188926152,0.9907675646767391,8.579586489013632,70.25746922153448,62.663160713287,37.373280284539646,20.392830044214424,6.355964034101935,68122.0,164537.92516498143, 0.0, 0.0,0.0,NaN, 172.75991390323176,172.75991390323176,0.0, 159.98763310911616, 24.784122612615068, 1.9420297519862422, 24.784122612615068, 220.0542416684364, 19.483937485362663, 1.9420297519862422, 19.483937485362663, 76.22392123745138, 7.160955092597283, 5.180483475657491, 16.0, 0.0
9, 0 ,1.0,1.0,1.0,284.9037297696963,76.81318290111454,29.208861626091956,8.72741736997904,13.2073849603883,15.895481984504677,37.0,72.0,63.0,0.091246238701921,0.07181193828179366,0.9932357068908486,15.949408278508866,-0.13913494543291496,-0.9866940403279502,0.08412097087340903,13.275395412273234,0.9860606425986845,-0.1458695180684336,-0.08004056981525762,8.523463566804471,65.00800559135504,73.98971173594924,40.49230301469984,21.37686506258973,6.804323556185594,73034.0,194764.88365525042, 0.0, 0.0,-3.552713678800501E-15,6.667974823570693, 83.55429396361755,83.55429396361755,0.0, 76.16781394981186, 15.411582125828257, 15.257996359135076, 15.411582125828257, 174.43501749189105, 4.364538544053431, 15.257996359135076, 4.364538544053431, 252.66634751971273, 6.783704942750145, 5.020143610186864, 20.0, 0.0
10, 0 ,1.0,1.0,1.0,56.82603918696209,11.399532348259688,179.70357640894173,12.88779543361995,7.533540910483367,18.324789892698966,64.0,31.0,80.0,-0.17705220040631217,0.0678644869036448,0.9818589153990444,18.51737444613773,0.984115072066751,0.02542520961548256,0.17570168936883324,12.664603623550962,0.013040063739731577,-0.9973705280051709,0.07128805372816636,7.440570749625943,82.48216219517727,60.87401628183964,32.35642291278264,22.32398535119686,7.764477602509867,70993.0,162462.26224797993, -7.105427357601002E-15, 0.0,0.0,79.80189433293127, 133.5304369656465,133.5304369656465,0.0, 166.09527113883522, -0.826853006620257, -31.823656294980783, -0.826853006620257, 56.754238649926556, 19.62835432700111, -31.823656294980783, 19.62835432700111, 335.7979246115622, 8.240740353019152, 5.216467285454088, 19.0, 0.0
11, 0 ,1.0,1.0,1.0,159.50133232872685,112.81306968538665,155.80605887974124,14.19917150121979,14.376662646800428,12.710330373605792,63.0,70.0,61.0,-0.6696312063404131,-0.7412586924167575,0.04614757211037226,15.329977572388701,0.6449850099229291,-0.5496044956601452,0.5309700889173297,13.46424936491149,-0.368223280727608,0.3853186334279152,0.8461330665228971,12.39206096889072,76.7399106810409,67.68410254394114,64.08597952214328,22.941643558236038,6.5983626176470045,108832.0,332867.1907870416, 0.0, 1.4210854715202004E-14,0.0,42.16125249083825, 230.7781553029563,230.7781553029563,0.0, 201.61647132105227, 30.599493760067052, 6.977374498883141, 30.599493760067052, 206.6884288599067, -10.87619025792557, 6.977374498883141, -10.87619025792557, 161.55249820620597, 6.436428796857052, 4.609201245186676, 34.0, 0.0
12, 0 ,1.0,1.0,1.0,259.6821064535355,75.32318107492704,285.19563855311213,15.73720914897656,12.675076700612806,8.415272279835508,75.0,61.0,36.0,0.9795812731365346,0.19915623672577976,0.02751949660570616,15.860078431330834,-0.19938455286898496,0.9799042177795815,0.005789996115891826,12.526575655309834,0.02581335695800442,0.011158734292569156,-0.9996044984150213,8.406958023723595,82.4888255206323,63.83027396997788,37.119395899068024,20.705591862307518,7.100182697672872,65437.0,195444.17365713645, 0.0, 0.0,0.0,NaN, 86.70803460533742,86.70803460533742,0.0, 247.6597517986316, 18.43591259869237, 4.776130830903623, 18.43591259869237, 160.65756936641762, 1.4805482506652776, 4.776130830903623, 1.4805482506652776, 70.81680754376791, 6.2733545800561705, 4.922886797387239, 19.0, 0.0
13, 0 ,1.0,1.0,1.0,25.01654157316895,196.01707461762658,140.7279839742763,13.517969510163407,15.804032353604464,13.120714980446094,57.0,92.0,71.0,-0.04658412828872408,-0.9806536547814937,0.190127137345721,15.911034729077588,-0.8716897357725344,-0.053045240327329365,-0.48717882448586025,13.741041279079505,0.48783903445746163,-0.188426674975479,-0.8523546589403361,12.754562255377744,89.09942317477606,67.19394951342619,66.43900388422881,23.561322236178373,7.037058646378037,116313.0,397766.4722589681, 0.0, 0.0,0.0,NaN, 176.75588136416422,176.75588136416422,0.0, 182.7354996777075, 5.342052465637424, 10.298327434022795, 5.342052465637424, 249.76743863377664, -16.194843019893852, 10.298327434022795, -16.194843019893852, 172.1531615981025, 6.154210400378378, 4.680690668999978, 29.0, 0.0
14, 0 ,1.0,1.0,1.0,285.95344918043213,142.55128062449324,131.60344361595574,8.663598863326508,13.682751470032501,13.734640697119664,39.0,69.0,70.0,0.0146983701043507,0.7011126344127782,0.7128990333722228,14.701881418634363,-0.18395247649994811,-0.6989104852691497,0.6911480449009301,12.760041947425995,-0.9828252358918198,0.14129829244409178,-0.11869856042333597,8.48245249834193,74.0882825717195,66.71559163494885,41.79504218407848,20.168632863902754,6.6439624122501675,62899.0,206586.35697984023, 0.0, 0.0,0.0,NaN, 194.51899539424875,194.51899539424875,0.0, 75.05794526463235, 13.16833573933638, -10.041719535962201, 13.16833573933638, 187.21768779067656, 28.17786598541671, -10.041719535962201, 28.17786598541671, 188.64035507897572, 6.534836773527516, 4.885047946099459, 20.0, 0.0
15, 0 ,1.0,1.0,1.0,22.556839622641508,141.16467177672956,90.18385416666666,14.123137170404455,12.21936533139819,15.130883800337891,58.0,64.0,79.0,-0.45328118688988805,-0.23345989166896008,0.8602515007796333,15.576165344357344,-0.8507971288818752,-0.17453044859036257,-0.49566457206583175,13.885056688122013,-0.2658578776302328,0.956574932504905,0.11951563665556077,11.929283765106897,85.43702751344696,69.83904647621907,63.559863370347784,22.90833661644476,7.275139220882556,101760.0,379251.5691764244, 0.0, 0.0,0.0,NaN, 169.0248594850709,169.0248594850709,0.0, 199.46300353405994, 18.111822311747197, -17.82324992629758, 18.111822311747197, 149.31288910217603, -15.777946582850243, -17.82324992629758, -15.777946582850243, 228.9436445793276, 6.414411656460403, 4.506292816081031, 28.0, 0.0
16, 0 ,1.0,1.0,1.0,283.18165716202617,161.91828245555183,61.77066756122107,9.342628438694922,14.51876105405838,13.435338942367569,39.0,72.0,63.0,0.10945739611314681,-0.8271226115378341,0.5512597064170054,15.403825670752308,0.024740716448792253,-0.5521531059244819,-0.8333755723367158,12.485488066031428,-0.993683538852149,-0.10485768021838796,0.039973635229838204,9.242413301876894,70.56914449971231,63.58095737849564,42.77417725373783,20.888251297661775,6.5014166848732575,74525.0,191921.47841282512, 0.0, 0.0,0.0,NaN, 152.20063320104578,152.20063320104578,0.0, 87.2847061435111, -14.710804533824657, 7.710012781700019, -14.710804533824657, 210.7944225448424, -36.81537248644296, 7.710012781700019, -36.81537248644296, 180.50833249629852, 6.492608891202075, 4.797618196761164, 22.0, 0.0
17, 0 ,1.0,1.0,1.0,117.3494333483561,110.15357303815418,90.74920031218053,14.067130941404528,12.353769746768956,12.095799870628168,69.0,64.0,61.0,-0.9512150317093369,-0.3027147762177636,0.05961315047566465,14.2730298275807,0.17871285794768155,-0.6981034640301448,-0.6933348887177708,12.612933433587926,0.2514988625309798,-0.6488569316640929,0.7181455314747016,11.575953702825721,68.6198218624292,67.39449771027424,57.69461238471133,21.449440884825616,6.060499989062732,90973.0,266814.4137030334, 0.0, 0.0,0.0,NaN, 184.77044275952937,184.77044275952937,NaN, 197.88417292262065, 16.945292193179462, -7.061307516778748, 16.945292193179462, 152.6156269561839, 10.88275556965837, -7.061307516778748, 10.88275556965837, 146.30837451028842, 6.1071394391491145, 4.586833137357249, 26.0, 0.0
18, 0 ,1.0,1.0,1.0,130.92847178471786,17.149873998739988,163.84960849608495,14.533089257704498,10.77536178480013,13.510964642960984,71.0,45.0,67.0,-0.9969907633483208,-0.07429474192905923,0.02212937233243385,14.55008620340046,-0.03744979943718389,0.21165665582128868,-0.9766263218696615,13.634502836017832,0.06787437160112574,-0.9745161627024164,-0.21380205403949998,10.595310020821284,72.5235687569005,67.0056510945838,50.001019886366514,21.659447063869386,6.3822898270588295,88888.0,242979.40333946917, 0.0, 0.0,0.0,NaN, 189.66631753878616,189.66631753878616,0.0, 211.2106833724059, 6.782264185086783, 0.499289114594867, 6.782264185086783, 116.10842159333104, -15.385389303222649, 0.499289114594867, -15.385389303222649, 182.5461655833418, 6.745109360069291, 4.9462361221813795, 23.0, 0.0
19, 0 ,1.0,1.0,1.0,231.3188941052058,53.559452660588676,25.041523128935605,16.39644438121132,12.783525272186358,15.138329596546654,86.0,64.0,63.0,-0.8805937211498298,0.1296788885468744,-0.455782935328587,16.70670573950072,0.466179964709518,0.40966685449910545,-0.7841232739998483,15.371478440952837,0.08503492679439496,-0.9029709043983954,-0.42120375952146455,12.08447613997065,88.38565984754396,84.28418565737122,59.53191366022461,24.57635006390161,7.5785188025778325,124822.0,443483.7863986982, 0.0, 0.0,0.0,NaN, 90.62442913944777,90.62442913944777,0.0, 268.8433883461563, 2.0384546541896946, 20.42330816565158, 2.0384546541896946, 163.4185183846273, -36.855952020795726, 20.42330816565158, -36.855952020795726, 229.16902297368037, 6.391287986317161, 4.600793051949508, 25.0, 0.0
20, 0 ,1.0,1.0,1.0,288.2961674444916,209.4218639513506,280.90816009051053,6.8603250433099054,11.843204285299349,10.703381511614595,28.0,51.0,42.0,0.079490805168475,0.9504297417798145,-0.30060691581203286,11.974916778470355,0.08923789891061952,-0.3071352167543021,-0.9474727204660331,10.609994992981521,-0.9928332233017216,0.04848983985994303,-0.10922877889398692,6.776230340239863,52.85841379794671,51.92157684965565,29.63711972570661,16.555361945632413,5.273320972164858,35355.0,81338.84374461646, 0.0, 0.0,0.0,NaN, 93.30528804770175,93.30528804770175,0.0, 47.064059699865055, 5.537877600492379, -7.96505004405937, 5.537877600492379, 140.26148774333285, -8.454312197707836, -7.96505004405937, -8.454312197707836, 114.56237578317314, 7.347137103967022, 5.176262275397459, 11.0, 0.0
21, 0 ,1.0,1.0,1.0,192.8420532875116,64.06823882601569,284.8409867472497,12.213392283889526,11.980354339667747,8.58526161037283,61.0,59.0,37.0,-0.752835690581553,-0.651014849091958,0.09704684048628977,12.652330375569631,0.6574800774276353,-0.7368492219479674,0.15739495513016452,11.620223940372302,-0.030957564057068458,0.18229890393650308,0.9827556862471988,8.4434287908258,66.02805343127253,56.37454991416867,39.50917096455737,18.28446701880039,5.663993638865898,50631.0,147065.05795674206, 0.0, 0.0,0.0,NaN, 125.7670881141046,125.7670881141046,0.0, 149.16695108017223, 12.63780501849934, 0.10885368682738876, 12.63780501849934, 143.5288901039958, -13.001769848743809, 0.10885368682738876, -13.001769848743809, 73.7067169185415, 6.267457358878001, 4.58320620917645, 18.0, 0.0
22, 0 ,1.0,1.0,1.0,128.4490426529824,138.43970369144182,14.860343210285272,12.908058807243973,14.622033386455518,9.348620616173495,65.0,69.0,38.0,-0.014647092977243044,0.9824558358087391,0.185919319471292,14.781818224080487,-0.9997616809189942,-0.01740004545365339,0.013184073127764784,12.908479760548024,-0.01618777419361447,0.18568190300501314,-0.982476557920388,9.093269500723958,72.65837829646776,65.04514134074736,40.73435244433203,20.65266060934989,6.425430701993706,72492.0,192513.58378613304, 0.0, 0.0,1.7763568394002505E-15,79.28526456240243, 189.4347853932043,189.4347853932043,0.0, 166.6179821712687, -0.49415431445966185, -1.476271756624251, -0.49415431445966185, 213.80386035461984, 24.788301608069478, -1.476271756624251, 24.788301608069478, 87.3967074251441, 7.043880592409427, 4.649134393832611, 17.0, 0.0
23, 0 ,1.0,1.0,1.0,72.09411032661147,217.65185147559302,129.9925585411693,12.891369291081565,11.5787979731866,12.38351610055451,60.0,53.0,62.0,-0.7800887010262658,-0.44683138176272535,-0.43795357608217717,13.246449340716781,-0.577489442800628,0.24485341763866242,0.7788149634698135,12.533936640029705,-0.24076453639390796,0.8604583198172244,-0.4490477901875768,11.001792939478031,65.25023769011904,61.032971468585515,59.25721679334936,20.489849905499558,5.811496069487297,78748.0,235986.8820666702, 0.0, 0.0,0.0,NaN, 169.9318792494885,169.9318792494885,0.0, 166.18740219904083, 13.873293654624339, 2.376951143538743, 13.873293654624339, 134.0685625038701, 17.527784641701643, 2.376951143538743, 17.527784641701643, 153.3514710126928, 6.293007102394023, 4.489167236208112, 24.0, 0.0
24, 0 ,1.0,1.0,1.0,273.8514012847479,10.118090690315123,178.25461883917913,14.24305122349856,6.378691187402318,14.87874021174368,59.0,26.0,66.0,0.6629438728744633,-0.012263591808772893,0.7485686513167348,17.002714154399627,0.7483989092823723,0.03771556324842555,-0.6621756631542794,11.632771496191925,0.020112036275896906,-0.9992132608231343,-0.03418136030112288,6.36517544213586,79.37515724088661,65.25279384493902,27.290612911024525,20.28938039947033,7.298641155283705,52773.0,141350.3861062435, 0.0, 0.0,0.0,NaN, 124.93223286238937,124.93223286238937,0.0, 202.86450815520382, 0.655071100628174, 76.37537606232065, 0.655071100628174, 40.687701264244, -4.6496842060478745, 76.37537606232065, -4.6496842060478745, 221.37691028855838, 6.000356162407936, 4.429178276755737, 13.0, 0.0
25, 0 ,1.0,1.0,1.0,122.56841948198898,231.490469144399,239.33919401166332,13.196336921874856,12.213407930743644,11.716785709538325,60.0,62.0,53.0,-0.8281182582668472,-0.4877409047437849,-0.2762769627833588,13.576746960164414,-0.5511442531056469,0.6185309717636704,0.5600530771611811,12.365206862890352,-0.10227493629282912,0.616058639099236,-0.7810323876751173,11.10708377654668,67.14904317723057,61.68920646803977,50.77856281655238,20.646061038552087,5.859511276039473,80423.0,210343.65561444775, 0.0, 2.8421709430404007E-14,-2.8421709430404007E-14,86.13001096663463, 152.95851285731692,152.95851285731692,0.0, 174.14330815563756, 14.555359704723033, 4.831865075299595, 14.555359704723033, 149.16733328275174, 18.444406354027475, 4.831865075299595, 18.444406354027475, 137.2830673632415, 6.145725089098225, 4.401781663634445, 22.0, 0.0
26, 0 ,1.0,1.0,1.0,86.11394389007889,165.2890827717117,13.886195426919526,12.255963965341984,12.674720587759468,8.765389800711885,51.0,57.0,37.0,-0.38512187469476566,0.922762240123265,0.013819907173457288,12.768887917146388,-0.910180726283656,-0.3773113539678705,-0.17090110493700156,12.24877106875225,-0.15248667854388126,-0.07839636706905498,0.9851912618862533,8.637844738162972,62.15306095688878,56.460638224149804,39.23559140392929,18.870440681177936,5.621007165454502,57423.0,137685.59578472053, 0.0, 0.0,0.0,NaN, 160.48510515379613,160.48510515379613,0.0, 150.2086527197612, -5.525790512082335, 11.260986422194138, -5.525790512082335, 160.6485419777737, 5.991034183395686, 11.260986422194138, 5.991034183395686, 76.83205835842395, 6.986008625811461, 4.81734224155558, 11.0, 0.0
27, 0 ,1.0,1.0,1.0,272.0717660640539,219.51897694678837,196.68719279244968,14.86939489267118,10.941641701397025,12.39188945243163,63.0,57.0,62.0,-0.9170111489044178,0.06147837360734219,0.39409511842142336,15.381157246140393,0.3982139646000422,0.19739468740332883,0.8958018618994151,11.80414293327495,0.022719841163970016,-0.9783944741072176,0.20549467597469726,10.883913045295353,73.55416812012457,62.909104311563965,57.18786713820862,21.28376148961565,6.432639322265178,84023.0,264621.2334479957, 0.0, -2.8421709430404007E-14,0.0,86.47532597462177, 133.90562891670004,133.90562891670004,0.0, 221.09890447419573, -5.018059709711899, -35.23980068003395, -5.018059709711899, 119.71952312175037, 6.5536849564100566, -35.23980068003395, 6.5536849564100566, 153.5589242012863, 5.808107847711171, 4.304303939746962, 26.0, 0.0
28, 0 ,1.0,1.0,1.0,25.794665449457714,272.61981404487136,233.10768330075314,13.98010746974601,13.293987462590504,12.720826906349922,59.0,56.0,64.0,0.8401764360279572,-0.5113123898008582,0.18072962230773243,14.523325130310534,-0.2976341209368606,-0.7133319220719999,-0.634485223631889,13.027433644608921,0.45334036484467444,0.47928823164062884,-0.7515086856539295,12.38353521806595,74.31522358811318,69.51557678812952,64.95471200903962,22.22799565748867,6.317369211399298,100777.0,335560.30533768557, 0.0, 0.0,0.0,NaN, 76.74386869307027,76.74386869307027,0.0, 195.44340486564818, -21.259942129349813, 11.832355503165294, -21.259942129349813, 176.7301026555135, 2.084987427538655, 11.832355503165294, 2.084987427538655, 161.81943718131615, 6.5269349809862325, 4.597883582790964, 19.0, 0.0
29, 0 ,1.0,1.0,1.0,86.97446392571324,216.51316512920764,276.72074042397213,12.572696850160526,13.039478238217555,11.85259478827328,60.0,66.0,54.0,0.40079749470994264,0.9149977937577304,0.04626451829123082,13.152384338318925,0.915218351422713,-0.3975747822615258,-0.06564801389830582,12.459917738227707,0.0416741820954562,-0.06865369566299068,0.9967697490486397,11.846937925039118,67.49003287338755,62.29236524414888,56.19641090868896,20.806431020534998,5.97303358550754,81845.0,236256.1053803518, 0.0, 0.0,0.0,NaN, 122.78653386392268,122.78653386392268,1.3486991523486091E-6, 158.07270608603642, 6.546808175454155, -0.2900562345153129, 6.546808175454155, 170.0279927249492, 1.7703940643066456, -0.2900562345153129, 1.7703940643066456, 140.4840032150029, 5.704147723742998, 4.252766098648, 17.0, 0.0
30, 0 ,1.0,1.0,1.0,260.2761035356429,256.0514495244643,221.07878486943457,11.711776583462841,12.442650019966928,12.437713616392962,57.0,61.0,59.0,0.04785242848773882,-0.6997068269028863,0.7128257160578031,13.502964374847139,-0.8292744165479483,-0.4256345431923454,-0.3621314370508361,12.045056719335646,0.5567890867706425,-0.573799261089571,-0.6006166171745304,10.921013322184653,67.34682858414803,61.02216827774811,56.03380542201073,20.355047268877566,5.688059506150497,78543.0,230279.30081862884, 0.0, 0.0,0.0,NaN, 98.6814128237768,98.6814128237768,0.0, 137.16571074094855, 7.000347142488395, 9.903421964038017, 7.000347142488395, 154.819539519383, -27.47413989352816, 9.903421964038017, -27.47413989352816, 154.69672000340688, 5.9981921238868905, 4.348313343438221, 21.0, 0.0
31, 0 ,1.0,1.0,1.0,123.88631353597016,277.6308978761287,231.19619314087075,14.818065012527374,12.802465176318787,11.923415334267458,66.0,48.0,60.0,-0.9754087728191484,-0.21408003679549853,-0.05241625466476503,14.93199749576205,0.16399319119493733,-0.8638294413382089,0.47634538889236544,12.983915282279872,-0.14725474236554884,0.45603556234460085,0.8776944837059758,11.58012924232379,70.13506490886004,61.256748732171914,59.51124877115819,21.997971913890087,6.460280970311312,94356.0,255674.9673706163, 0.0, 0.0,0.0,NaN, 143.46483628286495,143.46483628286495,0.0, 219.57505071548786, 13.67153802108225, 7.237129210883763, 13.67153802108225, 163.9031145908552, -13.191786229629272, 7.237129210883763, -13.191786229629272, 142.16783323344436, 5.960163275760866, 4.2920401370427115, 17.0, 0.0
32, 0 ,1.0,1.0,1.0,190.12767772397967,221.89966719930797,25.187533790683982,13.734875783513095,11.46719177567009,13.037413174709311,70.0,57.0,57.0,0.8853960008520145,0.15627316983705292,0.43778147295692993,14.020597804666327,-0.43768223428477115,-0.036912254151611854,0.8983717199939776,12.795322536834473,-0.15655089736807737,0.9870239013734805,-0.035716027924774525,11.393858024162654,68.35037563614506,65.55913482686108,59.00684647506421,21.24194051870923,6.236778438920365,83233.0,264409.177012513, -2.8421709430404007E-14, 0.0,-3.552713678800501E-15,18.090838077312984, 137.13497381908587,137.13497381908587,0.0, 188.64681278853445, 9.784451319464146, 12.546106453046214, 9.784451319464146, 131.49648721999574, 3.4429264196411933, 12.546106453046214, 3.4429264196411933, 169.97414228808393, 5.968674896288182, 4.334853080283452, 20.0, 0.0
33, 0 ,1.0,1.0,1.0,56.8797743237393,237.950172469172,58.991830407641714,11.804577597086231,11.344551348538102,12.502674575704846,62.0,55.0,61.0,-0.5783625566229951,0.17631782841287041,0.7964978195075506,13.265870739402983,-0.07839349518949065,0.9598326934702018,-0.26939870166300506,11.291939899038455,-0.8120044414955427,-0.21825036982673607,-0.5413091196922558,10.994204652141935,63.19416823062072,58.32159881520167,58.690062432454525,19.824938623581026,5.597819009437074,71607.0,216307.20946613213, 0.0, 0.0,0.0,NaN, 102.78874392932805,102.78874392932805,0.0, 139.34805224563016, -6.119233667279715, -25.247452511908897, -6.119233667279715, 128.6988452996177, 6.023822404156787, -25.247452511908897, 6.023822404156787, 156.31687154597637, 5.833449967631394, 4.293864143796928, 22.0, 0.0
34, 0 ,1.0,1.0,1.0,10.965272661858178,111.62163134540596,173.5295276602306,7.184845268795809,13.920581975994292,16.158541048571948,31.0,70.0,73.0,0.09217922004121698,-0.1852925784311608,0.9783504749173098,16.293738225515295,0.009767240220839132,0.9826546648408789,0.185187501427416,13.829010590690954,-0.9956945276594935,-0.007514655334271397,0.0923901376995716,7.0551834580142945,69.73755310255518,67.2754148695482,33.05604931458525,21.07476836475962,7.896656968425004,58369.0,155086.5152029143, 0.0, -1.4210854715202004E-14,0.0,79.32180916919552, 169.0396585497113,169.0396585497113,0.0, 51.62200153653752, -2.3265937957282192, 19.70940657827467, -2.3265937957282192, 193.78260255037713, -13.360883030784041, 19.70940657827467, -13.360883030784041, 261.0984488183846, 7.363677035499766, 4.649990052457727, 21.0, 0.0
35, 0 ,1.0,1.0,1.0,89.23473557692307,17.617262620192307,219.35913461538462,12.737298355665363,10.418389031264205,12.008276171331206,59.0,41.0,56.0,-0.7973308769711526,0.04223396372164033,0.6020629243997442,13.64325561980148,0.6031086706746731,0.09356787433319201,0.7921521219120711,10.979304292890722,0.022878024072054463,-0.9947167160559467,0.10007622501589149,10.406572411309563,66.5785553717539,53.509360730370446,44.31749538664974,19.544756394622492,5.743064816779185,66560.0,157884.44262130413, 0.0, 3.552713678800501E-15,0.0,87.57945217100752, 121.55720935301149,121.55720935301149,0.0, 162.23876940123557, -1.9300797953408926, -31.51567186344341, -1.9300797953408926, 108.54283000676628, 2.8871687849597323, -31.51567186344341, 2.8871687849597323, 144.19869660696085, 6.583413002842392, 4.6604893787778225, 18.0, 0.0
36, 0 ,1.0,1.0,1.0,129.17566836611385,63.787411814802454,245.1465859525152,12.701085215973258,12.53250165521233,12.648294457814265,60.0,57.0,60.0,-0.6689341669908243,-0.7025843946716898,-0.24269785453544634,13.807993690075307,0.43742474396308373,-0.10809162019735123,-0.8927350082818211,12.819226479250851,0.6009880810807512,-0.7033429959891033,0.37963397686712486,11.107081471809042,63.874213311992946,59.277055180856735,57.23596537445326,21.069109756784783,5.869678879583437,86891.0,216711.1200875339, 0.0, 0.0,0.0,NaN, 154.15603859897357,154.15603859897357,0.0, 161.31756566341446, 29.689829165953515, -5.072118953392047, 29.689829165953515, 157.06359773789978, 15.427624675914652, -5.072118953392047, 15.427624675914652, 159.97935269157503, 6.436445840383309, 4.45335627842903, 24.0, 0.0
37, 0 ,1.0,1.0,1.0,201.36230578043924,184.04709233877415,86.53266667635644,12.308461771714526,12.016477921738204,11.288848552901205,65.0,54.0,55.0,-0.8341623363668237,-0.014282717716354316,0.5513340190498655,13.053043492860265,0.08242156272592172,0.985210118828922,0.15022552298101205,12.062341906196055,0.5453254831610748,-0.17075428466582226,0.8206479706204142,10.365811004993489,62.042033191566276,56.54344125944053,52.804464279704504,19.772501278553026,5.690366215747849,68801.0,185241.7601414215, 0.0, 0.0,0.0,NaN, 175.10675006454133,175.10675006454133,0.0, 151.4982311857579, 3.8395390949459762, -28.47138533221216, 3.8395390949459762, 144.3957416436217, 5.13598872063786, -28.47138533221216, 5.13598872063786, 127.43810165033963, 5.771724818199468, 4.209478356902044, 25.0, 0.0
38, 0 ,1.0,1.0,1.0,71.82420274153282,259.6541994441566,137.33634807731562,11.401934498984344,10.762666802077211,11.829849015981369,61.0,47.0,57.0,0.2895729491477175,-0.35089010497525586,0.8905187484563971,12.02377267107694,-0.9295284385711834,0.11882853505465739,0.3490797346512418,11.388866563988879,-0.22830766305428923,-0.9288465500217021,-0.29175280204904824,10.559689573775309,59.90448940971464,58.09643592177504,50.45600187784413,18.92980973673163,5.238963455086966,63687.0,175598.86127892084, 0.0, 0.0,0.0,NaN, 160.1492186217663,160.1492186217663,0.0, 130.00411031912935, -5.369770644295112, 2.6209548742070705, -5.369770644295112, 115.83499669253489, -9.576752026210668, 2.6209548742070705, -9.576752026210668, 139.94532774091536, 6.219249323113628, 4.424850782908814, 25.0, 0.0
39, 0 ,1.0,1.0,1.0,191.44734954981618,244.25252410276258,85.9207426041228,12.287280643277656,12.949210231043946,13.060425831416202,61.0,63.0,66.0,0.43865485538745674,0.44546327988492207,-0.780477023440906,13.747152169500845,-0.3978676547547449,0.8750057832498824,0.27580103077983437,12.791324217023764,-0.8057811409712742,-0.1895451016339576,-0.5610609657618357,11.688963432055562,65.83475000229039,62.96044878253184,62.7550967512164,21.277849710741993,6.040459071913561,87853.0,260118.96016269008, 2.8421709430404007E-14, 0.0,0.0,63.981912923075136, 149.24420591204463,149.24420591204463,0.0, 150.97726560666578, 0.8350375085351213, -20.884592502073122, 0.8350375085351213, 167.68204560777318, -11.689045048802713, -20.884592502073122, -11.689045048802713, 170.5747228979236, 6.125588374846298, 4.379633303887492, 29.0, 0.0
40, 0 ,1.0,1.0,1.0,68.73428934615079,43.77569449961601,169.0426498238924,12.006119715635405,11.872156421709011,12.388829083223282,57.0,55.0,56.0,0.4248573562067104,0.08875121576043347,-0.900899244409767,12.538453543721213,0.6614706993810046,-0.7098489020860111,0.2420145658172018,12.219917539083047,0.61802325258638,0.6987401218681585,0.3602908566064673,11.490817762499326,65.47109341209183,64.82318183090814,62.13439590736604,20.15202052281457,5.698610675335765,75522.0,263701.1469850323, 0.0, 0.0,0.0,NaN, 154.24182806875623,154.24182806875623,0.0, 144.1469106261692, -7.168019100079501, -6.86793445597248, -7.168019100079501, 140.9480981015265, -4.9826873226776645, -6.86793445597248, -4.9826873226776645, 153.48308605331903, 5.9325974687169545, 4.212187550994653, 23.0, 0.0
41, 0 ,1.0,1.0,1.0,110.16089653006752,171.26291411524574,170.75660752603758,12.64536580245793,10.225195676658316,13.694797366888054,58.0,49.0,62.0,-0.5127187330175649,0.10000181543257107,0.8527128108120885,14.254841515807817,0.8440183861458224,-0.12329262890366094,0.5219500852627822,12.079285068818146,-0.15732916023631638,-0.9873188768418307,0.02118893039116119,10.143852493479846,65.65522476566224,61.383348616843136,47.06474295651222,20.426007676059196,5.897930844087016,76428.0,189677.38788462625, 0.0, 0.0,0.0,NaN, 213.102123181787,213.102123181787,0.0, 159.9052762779725, -9.618622165635417, -24.90451147155086, -9.618622165635417, 104.55462662595194, 5.785206055003261, -24.90451147155086, 5.785206055003261, 187.547474920124, 5.923860941815131, 4.279674398306806, 22.0, 0.0
42, 0 ,1.0,1.0,1.0,221.0152628100854,191.4192252948353,233.32093838958926,11.890533797457374,12.265850160684572,12.553124718291528,56.0,61.0,62.0,0.1159954760910662,0.6563180897825607,-0.7455143288700611,13.113974901775288,0.7659222023184374,0.4187755721185489,0.48784239277911995,12.271658495116133,-0.6323829769388816,0.6275934872359273,0.454112524884489,11.262631770624274,62.91218036455993,64.22444880766983,54.22169148701836,20.40263114790105,5.757556477237055,78688.0,219082.75026600237, 0.0, 2.8421709430404007E-14,0.0,48.98032977733201, 149.91487785332905,149.91487785332905,0.0, 141.3847939884761, 11.052454127959779, 4.970320163101154, 11.052454127959779, 150.45108016436572, -17.230227170544165, 4.970320163101154, -17.230227170544165, 157.58094019298176, 5.928743631121085, 4.260513303823004, 30.0, 0.0
43, 0 ,1.0,1.0,1.0,234.21541570725728,160.61389500886247,16.583845478489902,12.161866222478379,11.860698762853488,10.050114925409769,57.0,56.0,42.0,0.9103368199900402,0.3531015741477383,-0.21588458144297998,12.31853000865538,-0.35977549964027955,0.9329962667272719,0.008919424396277971,11.8035949399179,-0.2045689713250975,-0.06955030271223148,-0.9763781497778554,9.925771511109879,66.7565227332311,56.23569914781224,45.687211123475954,18.938104697290775,5.562388483825467,60367.0,171514.34687822155, 0.0, 0.0,0.0,NaN, 155.01974624551485,155.01974624551485,0.0, 147.91099001346052, 3.41217733703438, -10.591172769928633, 3.41217733703438, 140.67617514315427, -3.717755223671365, -10.591172769928633, -3.717755223671365, 101.00481001394422, 6.109021017192296, 4.388149267114145, 18.0, 0.0
44, 0 ,1.0,1.0,1.0,23.176559367727368,59.365377082421254,104.53070347243025,11.522137951962584,13.515371757852533,13.660092263197507,51.0,67.0,72.0,0.3504414902354379,0.7683173730488617,0.535611030686321,13.981088611468085,-0.12662950053319813,-0.5277573243539795,0.8399030754708796,13.553007526450875,0.927984769010935,-0.3621610427172222,-0.08765641802911946,11.084593163590908,64.25897983210481,70.52425770936263,61.14239314903901,21.484091907019984,6.360570124365082,86798.0,277086.1277557093, 0.0, 7.105427357601002E-15,0.0,39.79697006234508, 122.42576880994051,122.42576880994051,NaN, 132.75966298405652, 23.61257858720124, 7.159381198702801, 23.61257858720124, 182.66527375295786, 2.9198630161449555, 7.159381198702801, 2.9198630161449555, 186.5981206390684, 5.556014360460714, 4.038110385945656, 22.0, 0.0
45, 0 ,1.0,1.0,1.0,112.07174905750544,212.37904210693995,151.60180268677323,11.494344909852229,12.73179646021831,11.693558809158782,56.0,59.0,55.0,-0.1559169440852035,0.9083204219945485,0.38812873835207934,12.979514178475897,-0.6897055002751684,-0.38139707442543785,0.6155019045542401,11.509957342222584,0.7071041149910751,-0.17172734961957115,0.685939857389353,11.402237381553151,62.131658775070576,56.32946041613522,50.90530708905146,20.009564347143233,5.529489874465547,75332.0,178160.57318763883, 0.0, 0.0,0.0,NaN, 205.57123866125158,205.57123866125158,0.0, 132.11996490664586, -4.797107770774864, -3.3749899580790825, -4.797107770774864, 162.09864110442751, 12.978364122575735, -3.3749899580790825, 12.978364122575735, 136.73931762325495, 6.412963337058099, 4.382266306809171, 17.0, 0.0
46, 0 ,1.0,1.0,1.0,180.25784147972445,9.687148300487017,142.25786671377023,12.793427619233318,6.303035874777181,12.304408449225713,63.0,25.0,58.0,0.7996381588190471,4.8092922681056225E-4,0.6004819594855145,13.399281516764276,-0.6004378786802542,0.012783449080822112,0.7995692198149917,11.64238830097125,0.007291694346367892,0.9999181727204866,-0.010510901811087105,6.301790876931268,65.0004616077523,56.29323517415669,25.418778210861646,17.82917282213404,6.076110207289964,39629.0,93009.50239510536, 0.0, 0.0,0.0,NaN, 186.19700859907294,186.19700859907294,0.0, 163.67179024856188, -0.6818057819883304, 21.13260788611112, -0.6818057819883304, 39.72826123872814, 1.0199104574256468, 21.13260788611112, 1.0199104574256468, 151.39846728537714, 5.674982431560357, 4.181263487563471, 16.0, 0.0
47, 0 ,1.0,1.0,1.0,282.9554600866564,288.190019828156,246.4404053756334,9.429342399857276,7.117886183098603,10.137223604781049,35.0,29.0,44.0,-0.444952262464175,0.17906790659549154,0.877469184048944,10.4678250608024,0.8924787842281298,0.007531236358796746,0.4510264960970549,9.16810175159737,-0.07415594265256607,-0.9838078904473256,0.16316534822961973,6.97930175529163,50.03274132558511,47.583234559716004,33.00512199478527,14.870225509006135,4.6061369425942384,27234.0,78575.94301702538, 0.0, 0.0,0.0,NaN, 57.43363255831371,57.43363255831371,6.743495761743046E-7, 88.9124980937462, -4.611937502696867, -9.53667431443628, -4.611937502696867, 50.664303715546, 9.68351700745751, -9.53667431443628, 9.68351700745751, 102.7633024133301, 7.033832940410664, 4.775918254781582, 6.0, 0.0
48, 0 ,1.0,1.0,1.0,8.73457993958166,211.70842415204007,282.02607930863064,5.888706638115341,11.454995515724713,10.257329611041772,23.0,54.0,41.0,0.19277605446645737,0.9777181874940176,0.08309355370760836,11.614789818697032,-0.14319266082379511,0.11180616764192025,-0.9833591626478233,10.34668283064663,-0.9707385099554603,0.1776697124459891,0.16155562066611093,5.399019425238758,56.093379507604,45.054804124778144,27.512464979203685,15.600016666317421,5.267454688483765,26151.0,69531.5986719326, 0.0, 0.0,0.0,NaN, 90.5248975556263,90.5248975556263,1.3486991523486091E-6, 34.67686586978368, 18.685334099625678, 12.663722858827672, 18.685334099625678, 131.21692226527327, 0.026417908619506904, 12.663722858827672, 0.026417908619506904, 105.21281074955435, 7.091930316643826, 4.551174205548053, 9.0, 0.0
49, 0 ,1.0,1.0,1.0,20.797429864751447,259.85432231257136,15.152378200630151,12.542724584811467,16.017454450702303,9.603354866782693,49.0,72.0,37.0,0.4130237625104956,-0.8982107425392128,0.1504288323056117,16.97594655464109,0.9107065256763971,0.4082511594370406,-0.06280616935252106,11.419549442482188,-0.004999569191354615,0.16293695960545065,0.9866238145830618,9.354909988492128,79.60794544732366,53.98303468252361,42.990608444593434,21.272166409420418,7.3210756066335865,72681.0,184751.21463650052, 0.0, 0.0,0.0,NaN, 47.68441140558509,47.68441140558509,0.0, 157.31994001043398, -58.49741765512346, 10.014343009147836, -58.49741765512346, 256.55884708032306, -28.21344807599955, 10.014343009147836, -28.21344807599955, 92.22442469735883, 7.581065415920276, 5.012413524328506, 10.0, 0.0
