// Sample: .//bubblelabels.tif, Map: .//bubblelabels.tif, Thickness:(8.191250068658265):/afs/psi.ch/project/tipl/test/LabelValidation/Step3500//distmap.tif, Neighbors:(1.0):
//LACUNA_NUMBER, TRIANGLES, SCALE_X, SCALE_Y, SCALE_Z, POS_X, POS_Y, POS_Z , STD_X, STD_Y, STD_Z,PROJ_X, PROJ_Y, PROJ_Z, PCA1_X, PCA1_Y, PCA1_Z, PCA1_S, PCA2_X, PCA2_Y, PCA2_Z, PCA2_S, PCA3_X, PCA3_Y, PCA3_Z, PCA3_S,PROJ_PCA1, PROJ_PCA2, PROJ_PCA3,OBJ_RADIUS, OBJ_RADIUS_STD, VOLUME, VOLUME_BOX, Mask_Grad_X,Mask_Grad_Y,Mask_Grad_Z,Mask_Angle, Mask_Distance_Mean,Mask_Distance_COV, Mask_Distance_STD, SHAPET_XX, SHAPET_XY, SHAPET_XZ, SHAPET_YX, SHAPET_YY, SHAPET_YZ, SHAPET_ZX, SHAPET_ZY, SHAPET_ZZ, Thickness, Thickness_STD, Neighbors, Neighbors_STD
1, 0 ,1.0,1.0,1.0,162.65714950522414,165.44066705565254,213.0221462098681,23.107547951489725,29.02467980313043,31.84545380052745,110.0,148.0,144.0,0.2850684042297804,0.09110878858122448,0.9541672775531282,32.74289076428978,-0.34950161560377285,0.9368162316160998,0.014965589562813113,29.91121976512454,0.8925158965532429,0.3377492217961007,-0.2988993770081984,20.58508621129342,148.84979229078613,149.74686312586425,92.42275406707356,46.85686776685706,13.962724692789548,846646.0,2060083.7306220187, 0.0, 0.0,0.0,NaN, 211.0317978750967,211.0317978750967,0.0, 533.958772330397, -137.35393334611416, 173.89018721730125, -137.35393334611416, 842.4320376742475, 62.96564029446205, 173.89018721730125, 62.96564029446205, 1014.1329277615282, 4.730260202911049, 3.4177703166114863, 13.0, 0.0
2, 0 ,1.0,1.0,1.0,180.7761986684039,178.8556906969586,82.33361689836777,33.83957167659461,22.477659972307094,30.635693354321752,152.0,109.0,145.0,-0.9842747626814927,-0.13160958987073657,0.11782235527414744,34.089234720604594,-0.09603704131810714,-0.16111579577168364,-0.9822517941178431,30.74770220015385,0.14825679830333297,-0.9781209619504712,0.14594281602713877,21.94106656387184,152.89307248486307,143.68764040712068,98.29320580795564,48.75261694184497,14.563305178001569,948636.0,2159388.1852498786, 0.0, 0.0,0.0,NaN, 188.86260337090042,188.86260337090042,0.0, 1145.1166112553842, 95.35308829636394, -35.16516464774551, 95.35308829636394, 505.2451978306566, 62.87784582551783, -35.16516464774551, 62.87784582551783, 938.545707300034, 4.649109408336581, 3.371457263851082, 11.0, 0.0
3, 0 ,1.0,1.0,1.0,56.19194428262167,214.39520627009298,203.69065689257127,36.0621169196197,30.753042676266638,25.31296498052512,142.0,149.0,122.0,-0.962487575775762,0.22220641898781562,0.1556983424378964,36.50264974828027,0.2515469360391764,0.9458635209072164,0.2051008015252658,30.748502092937308,0.10169466773926616,-0.23657241423635,0.9662772311173359,24.67910628594347,151.11841234792723,143.67961552172284,105.8437744630036,51.402825396853984,15.643581683788986,1112328.0,2298147.2826242205, 0.0, 0.0,0.0,NaN, 140.5745527525719,140.5745527525719,0.0, 1300.4762767243215, -74.6688292614204, -91.0485159951431, -74.6688292614204, 945.7496338482772, 90.29014006723118, -91.0485159951431, 90.29014006723118, 640.7461961052911, 5.022604752785385, 3.654951797832793, 5.0, 0.0
4, 0 ,1.0,1.0,1.0,255.20745365810225,96.87702966660545,186.70607856558541,25.813713858121847,34.10928934176727,25.068159600465496,110.0,144.0,119.0,-0.28427018577834723,0.9495934813863377,0.13214643992979794,35.00073066405906,0.6871596985605516,0.10568202851589134,0.7187787263984219,25.30673269902207,-0.6685820893141807,-0.29513306991481336,0.6825646203041454,24.345886744705858,159.10512029152687,127.58886225467677,120.64496104240774,47.51521342514433,14.160104571243686,898485.0,2449097.6890095905, 0.0, 0.0,0.0,NaN, 155.65038939496011,155.65038939496011,0.0, 666.3478231489919, -167.22696769303656, -0.18963233460073278, -167.22696769303656, 1163.4436194003986, 82.97208356564242, -0.18963233460073278, 82.97208356564242, 628.4126257544103, 4.749448380809295, 3.5095417803667535, 8.0, 0.0
5, 0 ,1.0,1.0,1.0,51.66117253557591,102.09066694819857,55.60419123906766,31.768154441709672,34.03703648818266,33.96501772793136,128.0,149.0,129.0,-0.32449742479682786,0.6286521360404039,0.7067516629991506,34.77458698559802,0.12014968204616908,0.7685266421873209,-0.6284352426085658,33.59705185660777,0.9382246400539858,0.11900963028310023,0.3249172705404381,31.35799938316176,177.84713101553493,167.1342480941778,147.68105950239394,55.409530447466835,15.847455769968999,1487102.0,4389722.986792785, 0.0, 0.0,0.0,NaN, 127.21323480294556,127.21323480294556,NaN, 1009.2156366323179, -32.66297574352359, -62.800125046017214, -32.66297574352359, 1158.5198528978779, 30.146842846720197, -62.800125046017214, 30.146842846720197, 1153.6224292586915, 5.146807919236884, 3.88793353293337, 7.0, 0.0
6, 0 ,1.0,1.0,1.0,86.18620107424087,20.23633705602734,79.01628936842886,53.70089969131693,13.480186768647654,36.84747161840238,221.0,59.0,167.0,0.994230303721851,-0.03259692104642593,0.10219365880254022,53.88148723089852,-0.10122167852628156,0.030195535499540696,0.9944055517907261,36.636946511009306,0.03550035151204966,0.9990123474583231,-0.02672180136764436,13.332580837161155,233.2488336569144,178.20169350017738,64.58445655713227,61.68419475425467,24.865605666520814,984323.0,2684474.7123898785, 0.0, 0.0,0.0,NaN, 118.66399866265212,118.66399866265212,1.3486991523486091E-6, 2883.786627656882, -91.88816915616225, 159.70338542528975, -91.88816915616225, 181.71543531762327, 25.88719106600544, 159.70338542528975, 25.88719106600544, 1357.736164668969, 4.537842109154985, 3.2467824138556862, 7.0, 0.0
7, 0 ,1.0,1.0,1.0,245.17752703518167,269.6745349661402,86.16506427141502,34.29385481984464,20.889774650032624,36.283816150490786,129.0,100.0,167.0,-0.6498130853684753,0.0221243369879463,0.7597719840825579,40.99054540893361,-0.7176879583715974,0.3113470071446863,-0.6228860534242642,29.297669999103263,0.25033367430753506,0.9500387122927628,0.18643898908972495,19.758243785269475,206.0099571093774,144.98244791762727,109.40464367266338,50.93647872008451,18.287744895808633,835208.0,3267679.066173077, 0.0, 0.0,0.0,NaN, 106.53429341012766,106.53429341012766,1.3486991523486091E-6, 1176.0684784045814, -123.11041159627628, -427.6067738930253, -123.11041159627628, 436.3826849291456, -69.07279433870491, -427.6067738930253, -69.07279433870491, 1316.515314442616, 4.9538920326304074, 3.6512480522276354, 4.0, 0.0
8, 0 ,1.0,1.0,1.0,175.816357146173,94.64556014617219,112.00038277761354,33.92511929414473,29.89272912406962,30.772121841183402,162.0,140.0,133.0,0.9046908684121846,0.08529808853414604,0.4174430125227007,34.786248548926764,0.23524574406163581,0.7168776990518059,-0.6563122766664321,30.122653937826705,0.3552377689836682,-0.6919614156111662,-0.6284866957962568,29.56273140035966,159.99918299437797,143.2260520978552,147.388934504011,52.65366051613436,14.798800305109197,1227867.0,3377572.3869712665, -2.8421709430404007E-14, 0.0,0.0,25.21831963602868, 192.15474220055435,192.15474220055435,0.0, 1150.913719121951, 31.57435431671261, 121.78130718728221, 31.57435431671261, 893.5752544850001, -3.755043838840818, 121.78130718728221, -3.755043838840818, 946.9234826086366, 4.5734745280035, 3.1852361480241664, 10.0, 0.0
9, 0 ,1.0,1.0,1.0,191.53407231945664,232.50702310466278,206.53841332898165,20.444077041698684,31.963634805370887,25.131359831768613,100.0,152.0,110.0,-0.2504540252103469,0.9299035056067,0.2693552515105386,33.87171767094439,0.5574499210871129,-0.08895403405409552,0.8254312601940121,27.156068429074487,0.7915316587072857,0.35688464534898884,-0.49609573993153777,13.655554640772307,166.27253882521285,117.66989176610304,67.55860868598526,42.93149840426491,15.103176083747913,499423.0,1321802.5310507517, 0.0, 0.0,0.0,NaN, 158.28843160780784,158.28843160780784,0.0, 417.96028608691125, -251.09448755596216, 188.7071642467219, -251.09448755596216, 1021.6739499711172, 200.20478335048418, 188.7071642467219, 200.20478335048418, 631.5852469938329, 4.908505821288274, 3.4668097714373394, 5.0, 0.0
10, 0 ,1.0,1.0,1.0,233.46779426158295,16.9686286854868,224.56459705710924,41.05611807667863,11.127183976669164,42.810665878552115,171.0,50.0,172.0,0.5114623858776796,0.07699368422082596,0.8558494028872227,43.7960752219242,-0.8566215219184852,-0.032976251910733306,0.5148904106661707,40.157238913460056,-0.06786601519442242,0.9964860959391372,-0.04908833447578816,10.558036074227724,191.38431630775946,191.82016131213635,52.92411457661163,56.783387491746794,20.440623099679865,727448.0,1942916.7747306668, 0.0, 0.0,0.0,NaN, 102.00474879652063,102.00474879652063,NaN, 1685.6048315261776, 113.54794367823727, 128.72371891853584, 113.54794367823727, 123.81422325064297, 93.55954194587049, 128.72371891853584, 93.55954194587049, 1832.7531129650265, 4.872024046436723, 3.5603413992579824, 4.0, 0.0
11, 0 ,1.0,1.0,1.0,195.1600938008388,94.49228708616772,20.092240065622832,48.77526542525491,50.213987001528935,13.7077699395752,219.0,201.0,58.0,0.6716902150719064,0.7407645717823652,-0.010005207081570097,56.36936762925311,0.7405606132748519,-0.6717484121798507,-0.01800135549963814,41.51822135335979,0.02005574836876689,-0.0046818720548683565,0.9997879010227275,13.678656854444194,261.90866051993254,240.50534524131405,61.13107178955274,66.7589977314088,25.131856010025807,1165448.0,3850672.67077665, 0.0, 0.0,0.0,NaN, 142.56190361200385,142.56190361200385,0.0, 2379.026517304067, 723.4748805465102, -40.58200386776678, 723.4748805465102, 2521.444490589717, -3.5815140221199737, -40.58200386776678, -3.5815140221199737, 187.9029567163215, 4.783923298196779, 3.4672605725431276, 4.0, 0.0
12, 0 ,1.0,1.0,1.0,89.838947338184,37.38869673734841,259.8910303944609,46.37019254590105,22.659231688623212,24.62023637897947,229.0,108.0,104.0,0.9864583611145575,0.13246343316897577,0.0967126706293887,46.850477919151736,-0.10847610517295511,0.08466087694726976,0.9904874913501052,24.335470147201715,-0.123015594107765,0.9875656812524459,-0.09788354723193361,21.968367902081326,239.178363304703,119.31978574811825,110.19941375751353,53.4438187831175,20.335924141656815,939941.0,3144949.2287693876, 0.0, 0.0,0.0,NaN, 105.25056078410444,105.25056078410444,0.0, 2150.194756743937, 222.74666592062667, 151.58761473445176, 222.74666592062667, 513.4407807187064, 31.1278987333474, 151.58761473445176, 31.1278987333474, 606.1560393568241, 4.917409948599353, 3.802713718318657, 3.0, 0.0
13, 0 ,1.0,1.0,1.0,147.1881153611571,229.1607562951991,73.20972379541692,5.078411554167506,6.989919206830722,7.665414377231185,21.0,31.0,33.0,-0.002523945003762692,0.16589841793920737,0.9861396172078708,7.684361704981222,-0.11294853404917249,-0.9798795262486397,0.1645561991991923,6.990461124401603,-0.9935976340338983,0.11096769333463412,-0.021211145141875016,5.048945480140737,33.54556971050627,31.59923278075047,22.102494118909448,11.113224321086836,3.147071209139647,11477.0,23428.9590812237, 0.0, 0.0,0.0,NaN, 179.0033614501099,179.0033614501099,NaN, 25.790263913502024, 2.572965684295993, -0.5179745294332248, 2.572965684295993, 48.858970518021025, 1.7209252938447082, -0.5179745294332248, 1.7209252938447082, 58.75857757466255, 2.3833174280217895, 1.344985661959345, 1.0, 0.0
14, 0 ,1.0,1.0,1.0,269.1775341113827,207.20558061073433,38.96340413812098,17.760566303186803,21.353097168326965,22.27387318270304,73.0,95.0,89.0,0.06332034521528239,-0.6413886025598518,0.7645987146131872,24.47273664362469,-0.350214406209249,-0.7316949616200988,-0.5847840223734446,18.995880275718996,-0.9345268340531055,0.23074475865354438,0.270954706156946,17.54307824674406,111.58299139676959,84.53920404162312,81.95274775462184,34.20322722927864,9.882163110957501,348564.0,773071.5198185156, 0.0, 0.0,0.0,NaN, 105.25671254260435,105.25671254260435,0.0, 315.4377154098945, 1.7780759362599463, 24.967746597826658, 1.7780759362599463, 455.954758680013, -120.0702442413135, 24.967746597826658, -120.0702442413135, 496.1254265591375, 5.4345644675395715, 3.7478259783883865, 4.0, 0.0
15, 0 ,1.0,1.0,1.0,91.77292565917364,236.3177970435665,80.64872323182334,47.70624542685455,41.45250906471186,49.95014210541016,299.0,185.0,199.0,0.4917890580245051,0.2776303965687898,0.8252665540953579,51.71219404892152,-0.8456089197557868,-0.07366990833056127,0.5286949020333161,46.68812902562061,-0.20757908670389003,0.9578591271724796,-0.1985366849112667,40.4386034819658,271.3256947271872,316.3802207649854,220.58598687538947,76.72666764074499,24.54040606011397,3451253.0,1.893556063744965E7, -1.4210854715202004E-14, 0.0,0.0,60.541760857554515, 137.77485044939021,137.77485044939021,0.0, 2275.8858527272805, 175.76295991134006, 178.20340252026324, 175.76295991134006, 1718.310507760019, 216.81731465553494, 178.20340252026324, 216.81731465553494, 2495.016696350669, 4.923835583688911, 3.6166835245218487, 6.0, 0.0
16, 0 ,1.0,1.0,1.0,13.014093360135286,222.54431575252863,120.24019016623592,8.723938429323072,36.24981026779579,24.186341663839656,34.0,162.0,109.0,-0.00785184831096055,0.9925346197151286,0.12171021791553294,36.40448265184249,0.03095098723164054,-0.12141443048366957,0.9921192329854882,23.964480738238795,-0.9994900624155743,-0.011557021124452416,0.029766598650844703,8.692081168976719,163.34652297007705,105.08483184421036,35.932933089334085,41.45876790161555,16.00954506944208,313410.0,616797.4886063163, 0.0, 0.0,-1.4210854715202004E-14,83.00918559732254, 143.61912469947336,143.61912469947336,0.0, 76.1071017186199, -11.613695295870984, 14.12066009392035, -11.613695295870984, 1314.048744451193, 90.89237420242416, 14.12066009392035, 90.89237420242416, 584.979123079986, 5.550472010130885, 4.080452880394609, 1.0, 0.0
17, 0 ,1.0,1.0,1.0,62.286208681013434,127.61836169026391,225.70747388319654,39.1868186990186,37.42048794780638,49.7924639013518,173.0,208.0,182.0,0.18817182979479494,0.39309641153747243,0.9000369846334321,52.3876981526037,-0.9018763707351792,-0.2936734640581047,0.31681999371512864,39.5274563533559,-0.38885778169045254,0.8713386871615857,-0.29926329189244855,33.29111617044893,240.53285884281257,195.74152015688577,180.74139040039307,69.90518252755737,22.988140315522287,2343989.0,8509714.479870232, -7.105427357601002E-15, 0.0,0.0,79.15388653657803, 160.26664490522566,160.26664490522566,0.0, 1535.6067597497538, 241.30444242393898, 147.3475784212157, 241.30444242393898, 1400.2929182519224, 536.6277806794503, 147.3475784212157, 536.6277806794503, 2479.289461367422, 4.551828144483249, 3.243929907924828, 4.0, 0.0
18, 0 ,1.0,1.0,1.0,82.15406552754402,37.669530310798386,166.8818152888763,42.202125508980686,21.69242482194982,25.791946097745814,188.0,86.0,127.0,-0.992263311778567,0.011300606433721392,0.1236358216394463,42.419247716861264,0.09663154374536949,-0.5549412365393441,0.8262581731768649,28.083651644948922,0.07794783416886941,0.8318127916078313,0.5495558341660732,18.13066763970504,194.5924607782368,135.8588993127197,91.35933622661581,50.98241279869589,17.821300762388084,905024.0,2415277.5098234634, 0.0, 0.0,0.0,NaN, 160.89976723825612,160.89976723825612,0.0, 1781.0193974757583, -41.1567324400422, -143.6956988446409, -41.1567324400422, 470.5612946559448, -208.85303266870287, -143.6956988446409, -208.85303266870287, 665.2244835090255, 4.67940747101877, 3.3065245054382886, 1.0, 0.0
19, 0 ,1.0,1.0,1.0,260.079338916278,190.48904230078423,240.13215022211054,22.141726880325216,19.959473846428075,15.875137661091935,90.0,102.0,68.0,-0.9254442312114906,0.20636708822465544,0.3177508454985614,22.830485278181897,0.2616455026015048,0.9546573292354925,0.1420246975189964,20.04420288563918,0.2740339502429934,-0.21457401668103618,0.937477138643704,14.753153353430422,105.44212608796735,99.51183219209702,69.70214887738564,32.27938603524747,9.934681596057667,270586.0,731366.4668697773, 0.0, 0.0,0.0,NaN, 131.03613423246566,131.03613423246566,0.0, 490.25606924291617, -11.988767933719098, -82.42790832108372, -11.988767933719098, 398.3805962262464, 44.869608277622476, -82.42790832108372, 44.869608277622476, 252.0199957586195, 5.097953150354477, 3.6296589380299737, 3.0, 0.0
20, 0 ,1.0,1.0,1.0,164.39626386673098,63.661633213371424,82.48183875635365,13.187605167541252,10.270337812845716,8.948649891569602,58.0,45.0,39.0,0.9998649816595204,0.011377858507248605,-0.01185591779645953,13.188431651946871,0.011815440337116541,-0.9992261586683925,0.03751638578606122,10.271664837054336,0.011419887068067375,0.037651403275277426,0.9992256792190418,8.945908325260511,58.10881587705995,45.24935265647961,39.36576355436047,18.261475026178925,5.09800290261281,53906.0,103507.79946042197, 0.0, -7.105427357601002E-15,0.0,89.34808266138967, 171.01003046992363,171.01003046992363,0.0, 173.91293005496073, 0.7674999615844853, -1.1018913975154783, 0.7674999615844853, 105.47983878996853, -0.967763534376673, -1.1018913975154783, -0.967763534376673, 80.07833488188864, 4.016310208224942, 2.669853549000984, 0.0, 0.0
21, 0 ,1.0,1.0,1.0,213.41564276971226,244.72822237027626,31.76135789653089,18.773835344885008,21.41500282144747,21.298579265482797,95.0,103.0,90.0,-0.14366590559869682,-0.7112622852001295,0.6880887073774687,23.212439951132172,-0.029116723571998678,-0.6919626147894109,-0.7213459337531698,19.4259353653446,-0.98919781842508,0.12366770550831035,-0.07870180834880271,18.668272143507203,113.33594850241889,91.46665963472415,91.55673239570885,34.01224552936607,10.385368177233552,322705.0,949119.2614298549, 0.0, 0.0,-3.552713678800501E-15,46.52099672266749, 107.52025006836264,107.52025006836264,NaN, 352.45689355685363, 20.028482773663036, -18.2071611368327, 20.028482773663036, 458.6023458426031, -78.73477593171214, -18.2071611368327, -78.73477593171214, 453.62947872805375, 4.412902018324553, 3.1458567927622725, 0.0, 0.0
22, 0 ,1.0,1.0,1.0,259.8721721895915,61.96732059862571,75.24315319532951,26.395363582384807,39.612693068860445,33.64189179488503,122.0,163.0,153.0,0.2312611277963379,0.9698033843400795,-0.07745764321804188,40.32227204999442,-0.07567507615758376,-0.06144344364263005,-0.995237653066783,33.623182497877785,-0.969944108502603,0.23602139512311676,0.05918046489533263,25.322984219744438,181.378992146943,153.6237975711222,128.84558959048215,55.57203923468416,17.589940581254396,1298708.0,3590170.2032891996, 0.0, 0.0,0.0,NaN, 105.4121600657651,105.4121600657651,1.9073486328125E-6, 696.7152186462861, 223.10609687465336, 19.211172261289043, 223.10609687465336, 1569.1654521677444, -44.045315294308246, 19.211172261289043, -44.045315294308246, 1131.7768835387524, 4.488147633387722, 3.0927237797362332, 1.0, 0.0
23, 0 ,1.0,1.0,1.0,253.6330142887644,223.25046079711143,167.0097402509655,29.69645087758836,44.619673220320536,34.82892120313574,141.0,191.0,167.0,-0.14342556971322695,0.8410684614088965,0.5215677800398604,50.36082559587806,-0.8985910349281576,0.1101543763309031,-0.4247354062494589,29.77028173266743,-0.4146845281646994,-0.5295940488699075,0.7399776250011882,25.75588779379597,225.13545312842277,154.04424323276527,142.73952153160695,60.36027452779315,21.035337984354364,1480044.0,4950323.724783818, 0.0, 0.0,0.0,NaN, 160.3957553051742,160.3957553051742,0.0, 881.8791947250186, -247.98675037077018, -55.026211068043175, -247.98675037077018, 1990.9152382881898, 811.1407920015209, -55.026211068043175, 811.1407920015209, 1213.0537521742385, 4.842853413197967, 3.543161902828321, 1.0, 0.0
24, 0 ,1.0,1.0,1.0,261.5324537305022,121.64854476571999,257.75049845181326,21.585377235163033,22.692861469090726,16.626272737980646,88.0,100.0,74.0,-0.6163021689995155,0.778175456069249,-0.12089084356521414,25.124869029624808,-0.7351039025511978,-0.5134068400078114,0.4427591547186722,19.559198232464084,0.2824781211713425,0.3617407582850052,0.8884535637020642,15.60468320552295,119.7026370968893,92.18817583715978,67.65924805536201,33.95669296650862,10.21128884986804,326511.0,746631.152593907, 0.0, 0.0,0.0,NaN, 134.3991850447151,134.3991850447151,0.0, 465.92851038429455, -133.48209341985577, -16.369499517151333, -133.48209341985577, 514.9659616553424, -68.08719553295425, -16.369499517151333, -68.08719553295425, 276.4329451577184, 4.814130463466342, 3.2792881282212045, 2.0, 0.0
25, 0 ,1.0,1.0,1.0,193.6610886080585,73.44944041124208,239.22910324130694,37.23868780348929,23.968319109369418,36.259927883769,185.0,111.0,155.0,0.7299320646938414,0.008156261179131104,0.6834710354765325,43.1037831936766,-0.5710891047365165,0.5567100347233803,0.6032670815563672,32.60688243002179,0.375574780014619,0.8306668481658998,-0.4110184569762045,18.83713494610296,213.2773904903911,181.4603514490957,95.4595462354235,53.91324706336803,19.218333733097342,1037637.0,3694417.150468512, 0.0, 0.0,2.8421709430404007E-14,46.88451892422521, 142.8141668939168,142.8141668939168,0.0, 1386.719869325742, -216.26444473250191, 505.82942980017157, -216.26444473250191, 574.4803209285632, 246.28191200660675, 505.82942980017157, 246.28191200660675, 1314.7823701361287, 4.647857027915452, 3.3459663007579623, 1.0, 0.0
26, 0 ,1.0,1.0,1.0,85.31299511538768,266.7070201469847,253.75447502120076,41.69794584222271,22.666642560644945,29.268941572789547,169.0,93.0,114.0,-0.975491725467262,0.019888542208399754,0.21913543628023507,42.28857527095909,0.18219491993937711,-0.4853905978732209,0.855102905295358,30.639736840845377,0.12337303065576471,0.8740711718075955,0.4698709204895636,19.546079942037405,180.6358530161442,153.71310971625616,107.15257507487667,52.713674465956586,18.177866693442393,918599.0,2975208.9747767025, 0.0, 0.0,2.8421709430404007E-14,77.3417419063465, 102.59326597597031,102.59326597597031,1.3486991523486091E-6, 1738.7186874609379, -76.51934773671988, -213.87377015941144, -76.51934773671988, 513.7766849720408, -224.95271101219046, -213.87377015941144, -224.95271101219046, 856.6709407913683, 4.6510834422987894, 3.3644745137969525, 1.0, 0.0
27, 0 ,1.0,1.0,1.0,225.20315472400546,227.73234205448432,275.99366017691534,45.94531663239184,48.16527458811319,15.326945302116828,176.0,247.0,70.0,-0.4876380062496093,0.8652055121434007,-0.11674158049975979,49.754673535434016,0.8729676676551553,0.48142518094302017,-0.07846812335400304,44.69410668149317,0.01168871633776072,0.14017566447374624,0.99005765337162,13.881294544056622,284.9203882053531,203.1907904187834,74.76001925389602,63.61768673348581,24.87108730174094,1027158.0,4328096.663377445, 0.0, 0.0,0.0,NaN, 1.0,1.0,0.0, 2110.972120450742, -204.6137919202228, 6.322482951563961, -204.6137919202228, 2319.8936761483424, -298.7608527495137, 6.322482951563961, -298.7608527495137, 234.91525229408109, 4.910615725347756, 3.620587845898484, 0.0, 0.0
