// Sample: .//bubblelabels.tif, Map: .//bubblelabels.tif, Thickness:(8.191250068658265):/gpfs/home/mader/Foam/NewValid/InSilicoTest/LatticeData_Phi_6.65/out_Step_03000.vtk/distmap.tif, Neighbors:(1.0):
//LACUNA_NUMBER, TRIANGLES, SCALE_X, SCALE_Y, SCALE_Z, POS_X, POS_Y, POS_Z , STD_X, STD_Y, STD_Z,PROJ_X, PROJ_Y, PROJ_Z, PCA1_X, PCA1_Y, PCA1_Z, PCA1_S, PCA2_X, PCA2_Y, PCA2_Z, PCA2_S, PCA3_X, PCA3_Y, PCA3_Z, PCA3_S,PROJ_PCA1, PROJ_PCA2, PROJ_PCA3,OBJ_RADIUS, OBJ_RADIUS_STD, VOLUME, VOLUME_BOX, Mask_Grad_X,Mask_Grad_Y,Mask_Grad_Z,Mask_Angle, Mask_Distance_Mean,Mask_Distance_COV, Mask_Distance_STD, SHAPET_XX, SHAPET_XY, SHAPET_XZ, SHAPET_YX, SHAPET_YY, SHAPET_YZ, SHAPET_ZX, SHAPET_ZY, SHAPET_ZZ, Thickness, Thickness_STD, Neighbors, Neighbors_STD
1, 0 ,1.0,1.0,1.0,155.98185611107215,182.05250333076222,183.6445024893065,15.728167663948058,11.590863337323215,9.311019016982549,73.0,54.0,41.0,-0.9528404446816289,-0.30339818537390795,0.006680425939685804,16.125113546859062,-0.2726483432263222,0.8461873691216257,-0.45785348887494914,11.591185259712338,0.1332590256412577,-0.4380827290031434,-0.8890025616578958,8.60485813249151,78.61307922866877,66.8889898139979,45.72872011705053,20.38710237882894,7.265294398684507,57044.0,240457.59054070836, 0.0, 0.0,0.0,NaN, 50.2713827832591,50.2713827832591,0.0, 247.3752580652613, 39.849052327104395, 6.345120609992724, 39.849052327104395, 134.34811290450347, -23.74360642583669, 6.345120609992724, -23.74360642583669, 86.69507513461068, 9.736253372866686, 6.412810192265214, 12.0, 0.0
2, 0 ,1.0,1.0,1.0,184.9810740997113,35.37618814472152,16.009116847596697,8.766705361356884,16.25157074303479,10.181126352719648,37.0,72.0,47.0,0.009098392818720174,0.9993439899134615,0.0350543730789714,16.25793689402088,-0.3109353860652599,0.036145386648176916,-0.9497434899574208,10.327405951553068,0.9503875025170332,0.002258505677930858,-0.31106027424204896,8.581851931874105,72.51257403938949,55.853390219227975,40.85150425092641,19.94943351157955,6.829649396990252,59231.0,165451.57820068966, 0.0, 0.0,0.0,NaN, 41.63333574299689,41.63333574299689,0.0, 76.85512289284354, 1.3627105216902153, 9.808110955178096, 1.3627105216902153, 264.1135516158643, 5.54641755840436, 9.808110955178096, 5.54641755840436, 103.65533381004248, 8.552586225598517, 5.889770317742686, 13.0, 0.0
3, 0 ,1.0,1.0,1.0,170.89848545237146,186.9597980603162,78.91967583366547,16.255625929204736,7.59871954430721,15.636806467067414,64.0,32.0,64.0,-0.8651922061395181,-0.020110889807787257,0.5010369233365679,16.56826325323755,0.5002280202014505,0.03482391715897122,0.8651931706844682,15.31503581283446,0.034847872829943866,-0.999191096289816,0.020069351120151166,7.578783568278458,73.74847292565909,77.94154522980921,32.99108818927411,22.657582204285585,7.289005296185418,75270.0,189635.08224810427, 0.0, 0.0,0.0,NaN, 85.11909450460813,85.11909450460813,NaN, 264.24537435023336, 6.862240161802373, -17.444968207187273, 6.862240161802373, 57.74053871303638, 3.1490359913998747, -17.444968207187273, 3.1490359913998747, 244.50971648852132, 8.396183151686921, 5.579118573238286, 13.0, 0.0
4, 0 ,1.0,1.0,1.0,56.06000016675977,78.97241793334612,32.34600985550266,13.201437693783737,13.610085557303996,16.20115563567392,66.0,68.0,68.0,0.14733681478094315,0.3775341202632787,0.9141990215742078,16.816119019088863,0.7541740282894434,-0.6408887026589679,0.14311955092781423,13.54713054476158,0.6399323386607996,0.6683783799923051,-0.37915292837453124,12.477308408881441,77.60137659107619,62.039607073218576,64.25845844064368,23.940589940960404,6.988417794467387,119933.0,309363.2820683864, 0.0, 0.0,0.0,NaN, 102.10597811347026,102.10597811347026,0.0, 174.27795718285407, -6.387145484965488, 20.12470390201042, -6.387145484965488, 185.23442887713486, 41.31326324366187, 20.12470390201042, 41.31326324366187, 262.4774439313289, 8.18795828543529, 5.2394471142971035, 23.0, 0.0
5, 0 ,1.0,1.0,1.0,13.618897302955464,107.2709965489606,138.55372008962888,7.971417477909255,14.630657763141055,12.324252188462918,32.0,72.0,60.0,-0.028069687380403496,0.9952355694069193,-0.09337159117018462,14.653784516404167,0.012774317478710832,-0.09304362523424553,-0.9955800824726367,12.302175258965812,-0.999524341606206,-0.02913838002626362,-0.010101749656644841,7.963034499397378,72.10491179479769,59.7512026687202,32.68410005202892,19.777818662315862,6.190696580728542,61141.0,140814.7123531095, 0.0, 1.4210854715202004E-14,0.0,5.595201274235473, 112.0704589068636,112.0704589068636,0.0, 63.54349660711715, -4.331880561532697, -0.7217214012129338, -4.331880561532697, 214.0561465821596, -5.916497737444025, -0.7217214012129338, -5.916497737444025, 151.88719200483303, 9.32094889235275, 5.4423512134727705, 17.0, 0.0
6, 0 ,1.0,1.0,1.0,51.712928008477384,186.03261805417577,121.14315517583945,14.597496549765344,8.20394930091376,12.039107110264567,65.0,33.0,54.0,-0.9637799400343381,0.022501812989820937,0.26574780450566066,14.790874589823575,0.26584153338814254,0.0012270976893081348,0.9640159611526679,11.803977020076363,-0.021366008360212324,-0.9997460490761799,0.00716456860664489,8.199264908662096,65.2587110926302,57.37737386307485,34.05992003752456,19.694606524485213,6.119988848885448,60396.0,127533.0607807438, 7.105427357601002E-15, 0.0,0.0,15.467917706239898, 95.32951619122085,95.32951619122085,0.0, 213.08690552041114, -3.262939071738227, -20.334326371966668, -3.262939071738227, 67.30478413196337, 0.9914892427246949, -20.334326371966668, 0.9914892427246949, 144.94010001242285, 9.542304801598169, 5.425701335990904, 11.0, 0.0
7, 0 ,1.0,1.0,1.0,56.15402606572328,149.99029154776264,11.715571768997675,13.332288146692623,17.00919873254062,8.292496674656865,62.0,87.0,32.0,-0.31669880561469277,0.9441184110952907,-0.09133615030825143,17.448813125967476,0.9345610672318678,0.32704875991634086,0.14012394603213027,12.907391730267499,-0.1621649719781033,0.040982123762536515,0.985912261509742,8.047758014825295,95.73757207502729,60.97600794948754,37.6265779966089,21.599569259220235,8.323872756405112,67982.0,219652.48457901442, 0.0, 0.0,0.0,NaN, 76.10190670897967,76.10190670897967,0.0, 177.7499072264406, -40.54361952864867, 20.269074872860738, -40.54361952864867, 289.31284152306154, -16.002584840581235, 20.269074872860738, -16.002584840581235, 68.76550109919516, 8.308537612367205, 5.291294125885604, 17.0, 0.0
8, 0 ,1.0,1.0,1.0,26.646874680306905,51.09994884910486,50.431948849104856,13.845985437619415,13.126195865528118,12.981044935159463,65.0,65.0,64.0,0.8198318664355322,-0.19667576169807785,0.5377679383686907,14.887476346204323,-0.11774181306443365,0.8611899423509176,0.4944580352769315,13.521443461285989,0.5603682505577303,0.4686902260065852,-0.6828739970249009,11.315894706653058,77.31667603361079,67.12085960044655,62.19542811247493,22.17368802111517,6.390885524703036,97750.0,322767.01518187084, 0.0, 0.0,0.0,NaN, 76.58095172644333,76.58095172644333,9.5367431640625E-7, 191.7113127387689, -20.64472599106486, 38.07158066878184, -20.64472599106486, 172.29701790020746, 13.428162248022877, 38.07158066878184, 13.428162248022877, 168.50752760862915, 7.935377923614534, 5.12500518557635, 20.0, 0.0
9, 0 ,1.0,1.0,1.0,88.38810958388251,180.49363349651665,84.90017181321785,14.647136267922624,12.387024081909104,12.452518631504995,69.0,57.0,60.0,-0.9624765623566106,-0.06822221504816596,-0.26264918863023934,14.845432655945274,0.1282745641824382,0.7385398678049201,-0.6618946289603032,13.040570713962689,0.23913281476620235,-0.6707492773284315,-0.7020761382253211,11.515156596277865,70.27215874544912,67.19329454501056,62.400561561526814,21.789255488687967,6.947699761331034,84976.0,294644.08611120156, 0.0, 0.0,0.0,NaN, 124.10074707226606,124.10074707226606,NaN, 214.53860085109432, 9.312946800094986, 19.011948474864308, 9.312946800094986, 153.4383656057961, -16.737602464803043, 19.011948474864308, -16.737602464803043, 155.06522026797904, 8.346984152624433, 5.109123307317483, 19.0, 0.0
10, 0 ,1.0,1.0,1.0,186.51775956284152,20.305297284071447,111.014170948536,8.297270714976674,11.022921917375466,13.3954940822527,33.0,44.0,66.0,0.022207871158754076,-0.3545374326602523,0.9347780588467367,13.753707992217588,0.07972047543624704,-0.9314033028314472,-0.35515142301684594,10.588495537325203,-0.9965698451462471,-0.08240810832284025,-0.007579408145502948,8.276958942914204,74.32261625664228,56.191597008382786,34.70929344362952,18.308539976342193,5.88099775178598,49044.0,144956.64786422614, 0.0, 0.0,0.0,NaN, 92.26350132623541,92.26350132623541,0.0, 68.84470131760953, -4.187982504168239, 1.2700872095225035, -4.187982504168239, 121.50480759655643, -25.562090808506895, 1.2700872095225035, -25.562090808506895, 179.43926170766713, 8.814353656487693, 5.379673335142345, 9.0, 0.0
11, 0 ,1.0,1.0,1.0,77.17373555024463,100.44908865251864,160.29376468054116,11.905940567285947,14.651536446663092,13.585672910905645,59.0,80.0,76.0,0.16661145722041565,0.8427154140857235,0.5119290509291472,15.316528517758892,0.03532971736952938,-0.5239546641046764,0.8510131144897505,12.935577543370819,-0.9853894830946185,0.1237022264362435,0.11706974750650812,11.792550074766572,73.59196882754958,69.11800767439848,62.12066579103249,22.29078930300721,6.641548142617568,97493.0,315978.6467023746, 0.0, 0.0,0.0,NaN, 132.0710207885796,132.0710207885796,0.0, 141.7514207917452, 12.89002632397846, 8.998032821238434, 12.89002632397846, 214.66752024789696, 28.610311519718106, 8.998032821238434, 28.610311519718106, 184.57050844211545, 7.54863753634824, 4.847493206863476, 31.0, 0.0
12, 0 ,1.0,1.0,1.0,22.661913110407937,178.28502095270676,48.526832292824764,14.294777728800103,12.650921107823917,13.873155787284059,58.0,51.0,81.0,-0.6637337209979032,0.21008729716458707,-0.7178585342394113,14.795862609092636,-0.6789352734868367,-0.5719379539023148,0.4603627605501858,14.347492850390436,0.3138541731849873,-0.7929377683375356,-0.52225018288006,11.492729234228358,79.77199481718927,75.62479514772315,65.73626948851853,22.49684434869358,7.123406561549539,93544.0,396569.8727859573, 0.0, 0.0,0.0,NaN, 57.79235306875819,57.79235306875819,NaN, 204.34067031579943, 16.536251097348348, 18.317290238743407, 16.536251097348348, 160.04580487638475, -32.518765528427885, 18.317290238743407, -32.518765528427885, 192.4644514982532, 7.516837724687048, 4.765179434557911, 10.0, 0.0
13, 0 ,1.0,1.0,1.0,167.50136796754614,187.2602912041259,25.242774930029245,15.393902107586358,7.356859831147993,14.371926611366328,74.0,31.0,51.0,0.7825585793200457,0.0318761450253629,0.6217603889851084,17.0082428344109,-0.6220934905961357,6.85826287338594E-4,0.7829426662280061,12.429135247156783,-0.024530774356036376,0.9994915912705946,-0.020366641570656686,7.340582803102585,88.20009957132365,60.91766217711571,32.31586734311645,21.048663058668133,7.389294055474046,63598.0,173631.34133439127, 0.0, 0.0,3.552713678800501E-15,51.55519832826458, 43.077360067123664,43.077360067123664,NaN, 236.97222209795171, 5.829025357169084, 65.53705900470209, 5.829025357169084, 54.123386575158875, 4.7194110476476645, 65.53705900470209, 4.7194110476476645, 206.55227452249963, 8.543727017922455, 5.033208684162692, 12.0, 0.0
14, 0 ,1.0,1.0,1.0,176.2245502391387,61.285395529407054,108.30851894098578,13.383687751590694,13.15372336973318,14.018480359470187,54.0,67.0,66.0,-0.6234788210153944,-0.3526478756442933,0.6977919715422504,15.492081938758629,-0.10609572094597856,-0.8460823463994175,-0.5223871754821409,12.991618374723501,-0.7746081962787424,0.3997300825742578,-0.4900999932084982,11.82685829443857,77.07384724087952,66.03099827856676,67.5391843797951,22.46122840852445,6.644888734094646,99942.0,343724.6771449275, 0.0, 0.0,0.0,NaN, 112.82065154626022,112.82065154626022,NaN, 179.12309783207877, 24.610345535701093, -41.9602747801088, 24.610345535701093, 173.02043848746482, -11.862839304333722, -41.9602747801088, -11.862839304333722, 196.51779158885137, 6.987558295244128, 4.505821787211522, 18.0, 0.0
15, 0 ,1.0,1.0,1.0,189.71313276026743,24.431518624641832,175.88779847182425,6.301334694699647,13.13196337809757,12.819312009124145,27.0,55.0,54.0,-0.022936033893704848,0.7997040690967038,0.5999561152446082,13.530089340247436,0.01038023362861423,-0.5998911408127693,0.8000142935749146,12.401921998594458,-0.9996830443190693,-0.02457683959603743,-0.005458008467237706,6.294366899958838,74.71910188115596,61.878525817375476,27.7095337444064,18.382361309528942,6.211186212916368,41880.0,128115.2474744162, 0.0, 0.0,0.0,NaN, 35.83457830712488,35.83457830712488,0.0, 39.70681893462549, -3.3421140220523626, -1.0256205625476962, -3.3421140220523626, 172.44846216369572, 14.021172541002718, -1.0256205625476962, 14.021172541002718, 164.33476038727454, 7.910376146111954, 4.933046821670577, 10.0, 0.0
17, 0 ,1.0,1.0,1.0,21.060364778487987,9.732752920432004,20.321881199030194,12.308373289343347,6.357480515135958,12.098354898886242,57.0,25.0,47.0,-0.7281933396403859,0.05276811221481471,0.6833373884375609,13.733397351927218,0.6849019075813307,0.0191143225857842,0.7283845273367225,10.473746476433876,-0.025373945196515996,-0.9984238423662425,0.05005990311409818,6.322834389024144,73.7821819527118,55.262479169072215,27.019931959623428,17.35038990803774,6.103095348151862,36296.0,110170.70021564704, 0.0, 0.0,0.0,NaN, 30.842248612587447,30.842248612587447,NaN, 151.49605302982079, -4.798337603280446, -39.1756182969772, -4.798337603280446, 40.417558500333364, 6.329988087684291, -39.1756182969772, 6.329988087684291, 146.37019125940472, 7.970620189966453, 4.663807913082313, 4.0, 0.0
18, 0 ,1.0,1.0,1.0,24.171342916442462,37.9771850257514,146.5883157813821,13.605080478392352,12.743212140088039,10.596957924667871,58.0,64.0,58.0,-0.6627829814251281,-0.6662642295659926,-0.3417757977593688,14.679034697858103,-0.7400848526073641,0.5133677173901657,0.4344283573648804,12.775108484207092,-0.11398741366640172,0.5408748128194231,-0.8333434504351729,9.005872044606164,79.8466757299353,65.90046411166483,51.87099407104837,20.46442756474778,6.402373948403692,65045.0,272941.69484232296, 0.0, 0.0,0.0,NaN, 69.85218974329842,69.85218974329842,0.0, 185.0982148235327, 28.143689336428714, 4.042005082888782, 28.143689336428714, 162.38945564728715, 48.906957654234056, 4.042005082888782, 48.906957654234056, 112.29551725718117, 7.80683950331981, 4.904550905748243, 16.0, 0.0
19, 0 ,1.0,1.0,1.0,121.85499520551285,78.94404264655691,179.59796193664775,11.468531691211496,11.191197393566334,11.602585781689177,55.0,55.0,47.0,-0.34161102492947176,0.6632904770586195,-0.6658435632263663,12.527605303311567,-0.8487056198064734,0.08662650123912943,0.5217227426439996,11.600523759718387,-0.4037334251155652,-0.7433314148658154,-0.5333457875694141,9.993851556841992,60.344299307253806,60.70656612059476,49.98065982680305,19.009289790156274,5.480603684759241,61529.0,183093.911031278, 0.0, 1.4210854715202004E-14,0.0,48.4486912643426, 112.93824330513685,112.93824330513685,0.0, 131.5272191523224, -15.48073675027106, -2.382892353219272, -15.48073675027106, 125.2428991017659, -23.634062264170304, -2.382892353219272, -23.634062264170304, 134.61999682145583, 7.758219161299487, 4.8175031270732065, 16.0, 0.0
20, 0 ,1.0,1.0,1.0,15.862830389741978,101.7808640357773,22.699858497982287,9.735885501013074,11.601700940431916,12.494511674508937,39.0,52.0,54.0,-0.07519359134379133,-0.5076120222352688,0.8582982923803609,12.905716144054635,-0.3135328376697037,-0.8050458226013927,-0.5035855272094603,11.326177232039466,-0.9465955226619267,0.3069711035167115,0.09861875116896512,9.521552042708898,58.50769016340419,59.58340906874507,45.35335587005348,18.81012431250409,5.628407992729057,57243.0,158105.77318024714, 0.0, 0.0,0.0,NaN, 102.04857487177665,102.04857487177665,0.0, 94.78746648883661, 12.393137054468092, 1.0418966323595504, 12.393137054468092, 134.59946471121881, -17.814789144546733, 1.0418966323595504, -17.814789144546733, 156.11282198444013, 7.879659166262526, 4.875932801880358, 10.0, 0.0
21, 0 ,1.0,1.0,1.0,80.66181110982316,23.20947155571011,41.71323879808869,11.952922218024455,11.638323636131549,13.500147641635667,63.0,49.0,67.0,-0.4448131317295293,-0.020203611530052318,0.895395494696121,13.989733917517876,-0.591114685013126,0.757693833220446,-0.2765564757179624,12.351914111416495,-0.6728482050230951,-0.6522973778736578,-0.3489748183126529,10.596908778350501,62.99557467324263,61.72257788300722,61.819149881851395,20.608669520366004,5.9882930418875295,77643.0,240368.26403255356, 0.0, -3.552713678800501E-15,0.0,88.84233956251424, 93.72833953740181,93.72833953740181,0.0, 142.87234955014264, -17.288998311375913, -26.64002905142535, -17.288998311375913, 135.4505770593383, -9.94854804440981, -26.64002905142535, -9.94854804440981, 182.2539863459611, 6.835712710783348, 4.525078293561022, 19.0, 0.0
22, 0 ,1.0,1.0,1.0,171.2840780388002,91.44653099996347,9.946074312228271,13.681177750722506,15.382329852335447,6.6830940819751845,58.0,68.0,26.0,0.3817000554659396,0.9238129170929329,-0.02957637350224051,15.71614702170073,-0.9242719595970764,0.38167661230098193,-0.00665644988162972,13.303249360553469,-0.005139295659852421,-0.029877379983715174,-0.9995403592679132,6.669386934694028,77.53715127688271,69.70475587208797,27.01738135944082,20.46022459927356,7.059295445630949,54742.0,146021.06259676148, 0.0, 0.0,0.0,NaN, 96.3638760129197,96.3638760129197,0.0, 187.17462464686454, 24.670362727331234, -1.4711081368868806, 24.670362727331234, 236.61607168605028, -5.869987221659933, -1.4711081368868806, -5.869987221659933, 44.66374650853174, 7.399493665091609, 4.892847402038762, 12.0, 0.0
23, 0 ,1.0,1.0,1.0,159.22677659419233,81.04421421275354,69.89940172187363,14.884479857348408,9.9970621913557,11.051983397226394,69.0,51.0,58.0,-0.986024738742063,0.16351018584741042,-0.031931703881746695,14.99999030293746,0.07727290992374156,0.2790607320204445,-0.9571593416125295,11.16112013412851,0.14759441717274946,0.9462502454257848,0.28779569324622906,9.698712200985515,72.34698354655983,55.606274508462654,51.60867200087176,20.105438032397526,6.277474939784784,68530.0,207618.91230376778, 0.0, 0.0,0.0,NaN, 114.52749349103235,114.52749349103235,0.0, 221.5477406238105, -20.452139691819642, 1.8662687558786106, -20.452139691819642, 99.94125245783364, -8.83184280194467, 1.8662687558786106, -8.83184280194467, 122.14633701256787, 6.766608322258589, 4.339706004557869, 17.0, 0.0
24, 0 ,1.0,1.0,1.0,136.16944761782167,117.17923055881832,122.4117041303963,10.126697862983036,12.016803034866188,12.421224026921603,51.0,60.0,62.0,0.29228632998361737,0.6999957485294385,0.6515939328641877,12.619529363195293,-0.3057730345076336,-0.5771768553256164,0.7572118125362456,12.281534589137998,-0.9061299866314445,0.42056251582510806,-0.04533891937567911,9.54734297598802,58.53352293562796,62.83938327555059,46.75646992377669,19.251879011053216,5.532226103266787,62149.0,171980.13778524692, 0.0, 0.0,0.0,NaN, 130.205848271852,130.205848271852,0.0, 102.5500096081452, 24.466757678886044, -0.8490829489969796, 24.466757678886044, 144.40355517876924, 4.976894683607407, -0.8490829489969796, 4.976894683607407, 154.28680632697453, 7.3760170272262515, 4.6101692381467325, 23.0, 0.0
25, 0 ,1.0,1.0,1.0,116.15484276509926,58.413979151752194,15.537462240924727,13.102516615220349,11.099551717830959,9.347461182177897,67.0,56.0,40.0,0.9955547710329881,-0.08718853214749325,-0.035621029398654025,13.1211634830151,-0.08616150695756421,-0.9958467487987893,0.02941849122036454,11.083755787650963,0.03803804138301321,0.026218557718658247,0.9989322773035705,9.34004534426663,66.74255291386419,56.32427529921559,41.275301934779364,18.73205731588165,5.600093682758836,57271.0,155163.18507449664, 0.0, 0.0,1.7763568394002505E-15,87.95863349763096, 103.36157934636414,103.36157934636414,0.0, 171.6759416521253, -4.316131499674314, -3.1020623902589417, -4.316131499674314, 123.2000483368042, -0.7795689313980799, -3.1020623902589417, -0.7795689313980799, 87.37503055232261, 7.293332417375814, 4.795596424438614, 16.0, 0.0
26, 0 ,1.0,1.0,1.0,150.88784706849663,151.87336348112075,54.636550502814494,10.110326432734235,14.196461177466604,10.669776171550168,47.0,64.0,50.0,-0.0029439677532324534,-0.9838077025972701,0.17920306181578022,14.30167599526607,0.5611486095721779,-0.1499546900650005,-0.8140183222156128,10.871329313592232,-0.8277098350443102,-0.09816310527785935,-0.552503786170854,9.740564499688997,65.24622928577871,55.538457588807844,52.033146448294815,19.574319468036208,5.869271799295045,63244.0,188551.2087308986, 0.0, 0.0,7.105427357601002E-15,79.67665613954254, 87.82556210485815,87.82556210485815,0.0, 102.21870057644455, -1.6436220483905257, -10.704239884946182, -1.6436220483905257, 201.53950996331648, -16.488075817832026, -10.704239884946182, -16.488075817832026, 113.84412355097979, 6.728658168833182, 4.552199525786193, 21.0, 0.0
27, 0 ,1.0,1.0,1.0,11.103834627434955,85.08575126004631,104.15975343958588,7.122706802464513,10.556162804823373,9.855891200559283,28.0,50.0,44.0,0.06425751611328148,-0.8022535087102549,0.5935151888410573,11.36900700990569,0.034700242734387356,-0.5925884131809477,-0.8047576440878715,8.926244398211256,-0.9973298675850064,-0.0723068484015933,0.010239868021758872,7.09732042852723,56.16953770956392,43.44205844716066,29.288198771739406,15.367381712941722,4.8112052545936805,29364.0,71466.72954865872, 0.0, 0.0,0.0,NaN, 128.63993575745002,128.63993575745002,0.0, 50.73295219387424, -4.669066053394668, 2.190025601508726, -4.669066053394668, 111.43257316193647, -23.584125431169934, 2.190025601508726, -23.584125431169934, 97.1385913572619, 8.783302434801675, 4.741034993618946, 11.0, 0.0
28, 0 ,1.0,1.0,1.0,55.04277924726257,68.94678823164334,90.92216984617204,12.230240616740538,10.097395889863604,12.91298865817573,60.0,47.0,56.0,-0.4809383065999843,0.2437659838631654,0.8421855439010827,13.376051275397922,0.8607312543270649,-0.05153188938477901,0.506444638831326,11.932965829451664,-0.16685338794671437,-0.9684640465642792,0.18503334143620015,9.847184581251842,64.10953324446892,56.715443254436536,50.422340820529485,19.660090345648463,5.635806329812233,67673.0,183335.66121440596, 0.0, 0.0,0.0,NaN, 126.68941599146358,126.68941599146358,0.0, 149.57878554336997, -11.622714405015401, -13.390741975451304, -11.622714405015401, 101.9574037566344, 15.638773715012322, -13.390741975451304, 15.638773715012322, 166.74527608617504, 7.380381871871992, 4.562972553450932, 15.0, 0.0
29, 0 ,1.0,1.0,1.0,97.24144087139274,187.09828026485278,138.93150437278254,10.988974122965624,7.715529939912818,12.583656373012358,54.0,32.0,59.0,0.07298747453028842,-0.10466280838742231,0.9918258542214696,12.63363505251486,0.9953982561440481,-0.054267415493672005,-0.07897695411336904,10.990538452537901,0.06208977554379251,0.9930260541174606,0.10022033534580999,7.6311658431793585,58.65406354131126,53.59840026180615,34.71697054421054,17.57932784557293,5.440826659690528,44251.0,109141.96130652045, 0.0, 0.0,0.0,NaN, 115.5496142487734,115.5496142487734,NaN, 120.75755227520811, -4.153601644023577, 2.420709301059668, -4.153601644023577, 59.529402253691096, -10.255251011665889, 2.420709301059668, -10.255251011665889, 158.34840771405453, 7.277834504268276, 4.743733874396379, 11.0, 0.0
30, 0 ,1.0,1.0,1.0,46.62640594994971,121.51755722864023,144.80746487030206,11.082123940993204,10.735296113807951,13.401914534530482,52.0,55.0,62.0,0.19325346759899695,0.3694288214152155,0.9089419360821286,13.870079857610314,-0.8400469792692082,-0.4163417435033046,0.3478226922403243,11.34323834067604,-0.5069261976675127,0.8307718691219595,-0.2298780798466096,9.82970984188567,63.143830713225725,56.28337074016178,50.46002089120823,19.595425906003072,5.804364775573716,65614.0,179332.27185721873, 0.0, 0.0,0.0,NaN, 106.67582429591162,106.67582429591162,0.0, 122.81347104353476, 18.044272264237197, 7.4567224428583945, 18.044272264237197, 115.24658265114009, 27.51315726017974, 7.4567224428583945, 27.51315726017974, 179.61131319085936, 7.008412198541724, 4.433800902841785, 16.0, 0.0
31, 0 ,1.0,1.0,1.0,17.49433907838754,140.04472849210356,23.137971442994157,10.146177960678212,10.325826935077977,12.565764912477812,39.0,46.0,52.0,0.16305404552091077,-0.26471981995818916,0.9504403164642002,12.780213344739861,0.6459476656185855,-0.6995212970772597,-0.3056494204431744,10.366564544753933,-0.7457647025176003,-0.663772078244221,-0.0569353723284824,9.831915547896884,59.486137678762255,56.557080062537224,50.232327553233446,18.40467736595815,5.360403715538123,55468.0,168999.746615481, 0.0, 0.0,0.0,NaN, 66.60369512175724,66.60369512175724,0.0, 102.9449272097523, -7.75721957260907, 8.199535282200534, -7.75721957260907, 106.62270189318185, -14.464579706318478, 8.199535282200534, -14.464579706318478, 157.89844783565852, 7.497585703512509, 4.623659938495375, 7.0, 0.0
32, 0 ,1.0,1.0,1.0,113.22268412481962,70.95774032542067,68.57000251545682,9.522966165041414,11.619961889774393,15.61297256066462,47.0,58.0,74.0,-0.002271264036620218,-0.19811947415631717,0.9801752472490318,15.760561688867783,-0.06028386862351222,-0.9783679643763563,-0.1978938641440118,11.425379500234362,-0.9981786896861,0.059538225049877345,0.0097212763797294,9.515288204117448,74.08385512912957,60.006012145303316,47.58512974324029,20.703148658748628,6.391787441255665,75533.0,211538.5860468067, 0.0, 0.0,0.0,NaN, 131.40452316248638,131.40452316248638,0.0, 90.68688458052358, 2.4301405706965813, 0.12575374591260607, 2.4301405706965813, 135.02351431980927, -22.909821561048012, 0.12575374591260607, -22.909821561048012, 243.76491218006635, 7.436725274694057, 4.44320256397235, 23.0, 0.0
33, 0 ,1.0,1.0,1.0,178.73993002292352,155.20608766093866,88.46969096330513,12.547208501010477,8.750621569705013,12.893400407433207,50.0,40.0,56.0,0.42770717663751423,0.08549893476145874,-0.8998647138361532,13.022207526599756,-0.9034939079074069,0.009968634078724038,-0.4284849877286327,12.441346434856172,0.02766458795948664,-0.9962883912247793,-0.08151142302629433,8.71094731429798,62.82571279827936,59.43764283730337,41.154236076559755,19.161939150894437,5.750276607941366,58019.0,153678.653661275, 0.0, 0.0,0.0,NaN, 101.41681999161881,101.41681999161881,1.3486991523486091E-6, 157.43244116782958, 2.715690665401032, -5.514725056527859, 2.715690665401032, 76.57337785618662, -7.545874538482963, -5.514725056527859, -7.545874538482963, 166.23977406639878, 7.779716965610542, 4.6171828051069514, 13.0, 0.0
34, 0 ,1.0,1.0,1.0,121.97689799292702,151.85674918477014,163.41096771230423,11.678864443642771,11.415357797250515,11.431897628553488,63.0,53.0,60.0,0.05727151515283082,0.7120961994499961,-0.6997420783981556,12.118365016226543,-0.9474120020501103,-0.1822734579570867,-0.2630339995053268,11.794725163545177,0.314849919681586,-0.6780083991022806,-0.6642094088638472,10.555768061675534,58.2739158767922,67.23643053115737,49.70514442821681,19.18457955904579,5.417237198476935,65319.0,194751.22234146006, 0.0, 0.0,0.0,NaN, 98.71238184551262,98.71238184551262,0.0, 136.39587469298337, 6.226914596362734, 5.480827175521168, 6.226914596362734, 130.3103936392481, -16.32682029908546, 5.480827175521168, -16.32682029908546, 130.68828338972685, 7.371681692566706, 4.434067726834225, 19.0, 0.0
35, 0 ,1.0,1.0,1.0,145.20259728940601,42.897735361194634,83.06211414709257,12.60877390810835,10.211472412806618,12.784071932239181,64.0,48.0,57.0,0.6780106327113201,-0.11561927450870714,-0.7259020356029288,13.004733477551245,0.6835924248436128,-0.26382371528696713,0.6805133679426221,12.583301943106724,0.2701906338621399,0.9576164318840091,0.09983882390590133,9.961187823670159,64.54297742630838,63.28518101635224,46.63471931889842,19.83197493167617,5.777595847871917,68841.0,190484.82787111678, 0.0, 0.0,-1.4210854715202004E-14,43.456061630426156, 108.36182837849654,108.36182837849654,0.0, 158.98117946579393, -16.140493529765454, -6.901995990899294, -16.140493529765454, 104.27416883751062, -4.7467020584312545, -6.901995990899294, -4.7467020584312545, 163.43249516866564, 7.384616856012846, 4.512711157394504, 16.0, 0.0
36, 0 ,1.0,1.0,1.0,85.65554082886145,35.36841339626301,108.46487683455098,11.614336303110239,11.710242887165842,10.812952290804196,58.0,63.0,56.0,0.6114597941868772,0.5710827698933628,-0.5477055687354913,12.516381876100153,0.6500784549893868,-0.7571876069177217,-0.06375680582358643,11.514495411837844,0.4511262821556233,0.3170668665457486,0.8342383830101001,9.984944347554839,62.130702891599434,58.726118230915986,53.150079615371496,18.946548551414452,5.474562217223417,61868.0,193928.42994322054, 0.0, 0.0,0.0,NaN, 130.25542258872613,130.25542258872613,0.0, 134.89280776174442, 3.7035665915781615, -20.43909629822986, 3.7035665915781615, 137.1297884764182, -16.228938024340845, -20.43909629822986, -16.228938024340845, 116.91993724320771, 6.527126990735585, 4.209682084280524, 16.0, 0.0
37, 0 ,1.0,1.0,1.0,16.16545541249404,72.38161182641869,170.90729613733905,10.220352253519561,11.270861629242757,11.147141308684542,40.0,56.0,57.0,-0.09855824101214514,-0.7239689175111321,0.6827556514642354,11.800154911677888,0.46959013714079323,-0.638737942543184,-0.6095071319154455,10.75688699176746,-0.877366158584136,-0.26054336919879834,-0.40292155134449675,10.039542206400085,54.595221434573375,55.918041270924135,52.938460001166504,18.102815073591177,5.294786853000586,52425.0,161613.59293656383, 0.0, 0.0,0.0,NaN, 79.66683812807042,79.66683812807042,0.0, 104.45560018602235, -1.7310272004264258, -6.857298744783662, -1.7310272004264258, 127.03232186553669, -13.198328402930148, -6.857298744783662, -13.198328402930148, 124.25875935578134, 7.507498059022068, 4.526288907561195, 12.0, 0.0
38, 0 ,1.0,1.0,1.0,186.8592529214419,111.19354693445612,65.7357080134195,8.798519030825128,14.863685561123061,9.519020536765685,37.0,70.0,53.0,0.1533198432237567,-0.9777651133214396,0.14306784700049202,15.095621441781766,0.4711362791070033,-0.05493645770337031,-0.880347994899866,9.638945099046687,-0.8686331977210239,-0.2023792696560579,-0.4522377682485508,8.256378639517425,68.6071297719478,50.40521050950839,45.13774228419223,18.636188650391226,6.453472721114883,44413.0,156093.39125665853, 0.0, 0.0,0.0,NaN, 111.26746446239721,111.26746446239721,0.0, 77.41393713579194, -24.582625314946355, -6.758608722853804, -24.582625314946355, 220.92914845993818, -21.14473568737438, -6.758608722853804, -21.14473568737438, 90.61175197936689, 7.315840324258159, 4.644721343539411, 10.0, 0.0
39, 0 ,1.0,1.0,1.0,49.876651516752986,152.78520844972593,187.70818548326213,15.888859203960182,15.464630930731753,6.818155119420829,75.0,78.0,29.0,-0.7493528938705676,0.6512413821021864,0.11981194717322685,17.077080376034914,0.659045104442223,0.7510655129660241,0.03949867774777795,14.276178056997114,0.06426344807544601,-0.1085599257125638,0.9920105603121053,6.531612494235814,78.85942649203793,68.89400736367527,31.349414958953787,21.949593283777748,7.504215517710123,66227.0,170319.55036685223, 0.0, 0.0,0.0,NaN, 69.77109438566474,69.77109438566474,0.0, 252.45584680327022, -41.73150878303713, -18.157516311884997, -41.73150878303713, 239.15480982374524, 24.206455652519598, -18.157516311884997, 24.206455652519598, 46.487239232484455, 8.653036795651833, 5.26465185808811, 12.0, 0.0
40, 0 ,1.0,1.0,1.0,80.74498588842852,106.77424488080226,74.48132468624271,12.695486991409775,11.590621522322461,10.6928884576049,63.0,61.0,52.0,0.8926600937603546,-0.38038132622601467,0.24180157912282707,13.052785266805943,0.40304118015454027,0.91379245438257,-0.05040989400022532,11.343313066437936,-0.20178147612551073,0.14245489451758625,0.9690153966375319,10.526623686870906,63.49733710704917,58.067359124131045,52.03857728446194,19.463545991343818,5.57011115081206,66612.0,191872.61839585908, 0.0, 0.0,0.0,NaN, 144.07727749608767,144.07727749608767,0.0, 161.17538994905482, -13.647389392449375, 12.4941041020418, -13.647389392449375, 134.34250727372464, -6.301384725999537, 12.4941041020418, -6.301384725999537, 114.33786356678007, 6.195565891266853, 3.967714059997225, 20.0, 0.0
41, 0 ,1.0,1.0,1.0,48.54375137383541,184.2597352090766,166.32179029776296,11.613107863459117,9.886778266734513,13.322768868336235,54.0,42.0,59.0,-0.3820647549291588,0.26526968975019566,0.8852448897004471,13.971868292475476,0.9227941749319277,0.05791781267446817,0.38091526313171986,11.164632502239114,-0.049773825979364764,-0.962433124261026,0.2669176793929837,9.499826660033513,72.67888103231553,56.876043716313916,47.176632306250255,19.320342680441517,6.069035160002258,59141.0,195013.44180387314, 0.0, 0.0,0.0,NaN, 61.143058002368385,61.143058002368385,NaN, 134.86427424833596, -8.799691666584742, -23.409193831613653, -8.799691666584742, 97.7483844955739, 25.408092173552234, -23.409193831613653, 25.408092173552234, 177.49617031910915, 7.256401795766353, 4.510521538673019, 9.0, 0.0
42, 0 ,1.0,1.0,1.0,172.55589918640763,103.82079152016016,123.91285321972127,11.970557779940876,11.973075879883739,13.890440850608654,52.0,60.0,66.0,-0.3528667072542254,-0.03167120477810957,0.9351374346583841,14.17429227612123,-0.5394028358194185,-0.8097531554931177,-0.23096408352579065,12.328421944430936,0.7645453993200994,-0.5859153197833639,0.2686513919964454,11.255780623474237,69.99799380421715,67.02974218211173,60.946396316219406,20.978540133849652,6.2844252294955565,77926.0,285957.2904867417, 0.0, 0.0,1.4210854715202004E-14,20.749640175535404, 125.66969689801435,125.66969689801435,0.0, 143.29425356290304, 11.87891245717984, -21.338743020620672, 11.87891245717984, 143.35454602545377, 2.5331082721221687, -21.338743020620672, 2.5331082721221687, 192.94434702425767, 7.541106669191854, 4.6685155354830075, 17.0, 0.0
43, 0 ,1.0,1.0,1.0,115.32104228121928,152.52648967551622,63.2306784660767,9.377009044394928,12.209310903224823,10.633887818642705,46.0,54.0,49.0,-0.04265388267264698,-0.8974948521735299,0.43895744282898436,12.685078535896144,-0.39629552464982226,-0.3881170529364892,-0.832054691929813,10.221780866421122,-0.9171316718091629,0.20944723331165638,0.3391184940734174,9.202125838454968,60.234759158049414,52.726238692204646,47.34647714235788,17.941645415549836,5.307777432460141,50850.0,150370.1524532694, -1.4210854715202004E-14, 0.0,0.0,87.55537088636538, 115.8549902341211,115.8549902341211,0.0, 87.92829861866427, 5.96458320643456, 5.103405585866243, 5.96458320643456, 149.06727273160453, -23.636612072641206, 5.103405585866243, -23.636612072641206, 113.0795701394777, 6.381495897910002, 3.9802382413354307, 16.0, 0.0
44, 0 ,1.0,1.0,1.0,99.52509592907865,158.58305032417414,15.058549816962907,11.409888246219914,10.794982152374557,9.669964618567404,49.0,55.0,41.0,0.8192035864535816,0.31131673976729424,-0.48165067370683845,12.531193834937202,-0.1991485152703776,0.9419980632839777,0.27014721474566156,10.626757634576673,-0.5378153519630997,0.12538555064239787,-0.8336864583780336,8.382518024606702,63.47769859485443,49.76929123298231,48.70881093421693,17.620990436694036,5.452164819186254,45346.0,153882.8271761384, 0.0, 0.0,-1.7763568394002505E-15,61.206734283104936, 108.84561710391537,108.84561710391537,0.0, 130.18554979122734, 14.124464974442706, -36.52970779543293, 14.124464974442706, 116.53163967008521, -2.153552653170915, -36.52970779543293, -2.153552653170915, 93.50821572434542, 7.472851118497186, 4.335079626661156, 12.0, 0.0
45, 0 ,1.0,1.0,1.0,117.66539464238485,112.76423470737144,54.612895303585596,10.223197242185652,10.86014513159064,11.062211236027196,50.0,48.0,53.0,0.09887714103203323,0.6741355898821306,0.7319593687053974,11.886260701368405,-0.8377237700492633,-0.34060220666297114,0.42685948731492873,10.366743258563814,0.5370681484465267,-0.6553864076028638,0.5310616354564057,9.801860655633568,59.15105481491125,50.69101169329227,49.026151515931375,17.878697274561198,5.0180888121789335,52934.0,147001.32715989326, -1.4210854715202004E-14, 0.0,0.0,84.32548505814415, 131.8014958906962,131.8014958906962,0.0, 104.51376185263233, 6.264067048342593, -0.8021951559091152, 6.264067048342593, 117.94275227921187, 20.65039357291652, -0.8021951559091152, 20.65039357291652, 122.37251743048633, 6.561336867156858, 4.014275180984973, 12.0, 0.0
46, 0 ,1.0,1.0,1.0,108.8760359049934,52.98644950142587,129.43260158089151,10.711761479695912,11.048012196291278,11.049517946845672,51.0,52.0,49.0,-0.4024581884859868,-0.5759440482651172,0.7115587535745491,12.391592163222693,0.7492745267652275,-0.6538158394630778,-0.10541599313166737,10.77585025265141,0.5259420976317855,0.49072731871700365,0.6946737425608496,9.44572651190755,58.001956011286104,51.74356264628236,47.63895292102205,18.180631550998992,5.325118848607949,52249.0,142975.35198829536, 0.0, 0.0,0.0,NaN, 126.84990493806608,126.84990493806608,0.0, 114.74183399789715, 1.7346213979355787, -20.546786341567675, 1.7346213979355787, 122.05857348940084, -24.50968856974707, -20.546786341567675, -24.50968856974707, 122.09184685766458, 7.127326130370765, 4.1504908697242175, 16.0, 0.0
47, 0 ,1.0,1.0,1.0,16.439042563099562,49.69311725807954,92.21637794542237,9.214299283907971,10.804835263043088,9.862041055020924,38.0,55.0,44.0,0.1138826287348526,-0.9051629709032877,0.4095250211867068,11.067006265105523,0.21146839625312525,-0.3806756184787046,-0.9002039718208238,9.612416290154943,-0.9707274922750314,-0.18911919416439057,-0.14806102167701193,9.166812724100097,49.10965991730784,47.567805598993345,41.19758600335704,16.648354359978075,4.662609487234243,42948.0,96239.15755662724, 0.0, 0.0,0.0,NaN, 106.03541099363751,106.03541099363751,0.0, 84.90331129342697, -4.636966075680995, 0.2001484926216773, -4.636966075680995, 116.7444650614994, -11.384607867172795, 0.2001484926216773, -11.384607867172795, 97.25985377091821, 7.4966015717309755, 4.228842910047768, 10.0, 0.0
48, 0 ,1.0,1.0,1.0,126.6959201540886,9.299492208019611,49.48632463666608,11.115774866093476,6.2100362808033935,10.692933843039595,53.0,26.0,53.0,-0.9915759915307862,0.11887406291763165,0.0514393836004402,11.165950750712712,-0.06829862469297704,-0.14241605736927335,-0.987447702143481,10.775431931440385,-0.11005612606659457,-0.9826426734926831,0.149335278304783,5.97289261394716,52.1083359870388,53.16594932588686,27.49784945941991,15.775626956013042,5.2529448692053835,28555.0,76179.74380564687, 0.0, 0.0,0.0,NaN, 88.93179973118882,88.93179973118882,0.0, 123.56045087367544, -9.708650294441096, 0.8849153150121387, -9.708650294441096, 38.56455060889444, 11.855610285667348, 0.8849153150121387, 11.855610285667348, 114.33883417162154, 6.624140276411665, 4.204077776936736, 12.0, 0.0
49, 0 ,1.0,1.0,1.0,149.173497760703,52.297964468405745,159.63003841827097,10.488229972490602,9.094946031559102,11.04693434121499,48.0,44.0,51.0,0.47675539808780965,-0.08580038277887514,0.8748386049490117,11.247066484226847,-0.8346748789057159,0.2679788943259504,0.48114982980311893,10.385147578197218,0.2757211216389915,0.9595965852955294,-0.05614496033747787,8.967049397119636,50.902622897912494,47.75862475553758,42.269106094519046,17.111960428927713,4.683650274171233,47113.0,102757.85665677984, 0.0, 0.0,0.0,NaN, 83.35552900396092,83.35552900396092,NaN, 110.00296795585024, -8.023678423465883, 8.201453228812646, -8.023678423465883, 82.71804331697265, 0.07901260128443027, 8.201453228812646, 0.07901260128443027, 122.0347583391151, 6.607154940720302, 4.048145004599876, 14.0, 0.0
50, 0 ,1.0,1.0,1.0,134.46347390993566,116.89949964260185,185.00285918513222,9.969699752964459,10.276761631376344,7.9678548499655415,50.0,47.0,33.0,-0.27988263748648257,0.9538454963556278,0.10883234039428191,10.330949585560372,-0.9596879361501888,-0.2810226496219356,-0.005033448843244121,9.939691039029713,-0.025783220151892668,0.10585385907728372,-0.994047376173312,7.935204875222212,48.78010606422008,51.66193765500577,34.734716097262265,15.745881290862302,4.534388170037884,34975.0,87534.08266261821, 0.0, 0.0,0.0,NaN, 106.89080243044575,106.89080243044575,0.0, 99.3949131642596, -2.019525066664087, -1.1598955651463536, -2.019525066664087, 105.61182962812896, 4.5934824885131125, -1.1598955651463536, 4.5934824885131125, 63.486710910119406, 7.0080603519621025, 4.316015337262334, 13.0, 0.0
