// Sample: .//bubblelabels.tif, Map: .//bubblelabels.tif, Thickness:(8.191250068658265):/afs/psi.ch/project/tipl/test/LabelValidation/SmallStep0500//distmap.tif, Neighbors:(1.0):
//LACUNA_NUMBER, TRIANGLES, SCALE_X, SCALE_Y, SCALE_Z, POS_X, POS_Y, POS_Z , STD_X, STD_Y, STD_Z,PROJ_X, PROJ_Y, PROJ_Z, PCA1_X, PCA1_Y, PCA1_Z, PCA1_S, PCA2_X, PCA2_Y, PCA2_Z, PCA2_S, PCA3_X, PCA3_Y, PCA3_Z, PCA3_S,PROJ_PCA1, PROJ_PCA2, PROJ_PCA3,OBJ_RADIUS, OBJ_RADIUS_STD, VOLUME, VOLUME_BOX, Mask_Grad_X,Mask_Grad_Y,Mask_Grad_Z,Mask_Angle, Mask_Distance_Mean,Mask_Distance_COV, Mask_Distance_STD, SHAPET_XX, SHAPET_XY, SHAPET_XZ, SHAPET_YX, SHAPET_YY, SHAPET_YZ, SHAPET_ZX, SHAPET_ZY, SHAPET_ZZ, Thickness, Thickness_STD, Neighbors, Neighbors_STD
1, 0 ,0.3333333432674408,0.3333333432674408,0.3333333432674408,170.63266863888236,21.820569632004357,154.70856180915717,20.68703161099723,14.562519584880855,24.67609371418426,115.0,59.0,114.0,-0.5501637151661529,0.03193714309510765,0.8344458672709082,27.36920728013789,0.8335673669098614,0.08066030937220091,0.5464973552680212,16.995427924329125,0.04985309757213332,-0.9962298597125584,0.07099813574707368,14.526244423505409,143.55477235755677,83.94762798789077,64.2292921331211,33.082054518324334,12.430105525383926,242367.0,774032.5064902243, 0.0, 0.0,0.0,NaN, 195.759152261461,195.759152261461,0.0, 427.9532768743987, -4.220948009557148, -211.55823379706086, -4.220948009557148, 212.06697666003845, 17.770166466378207, -211.55823379706086, 17.770166466378207, 608.9096009912038, 2.921076407806051, 3.841447168760252, 22.0, 0.0
2, 0 ,0.3333333432674408,0.3333333432674408,0.3333333432674408,20.478294480142107,283.721002653567,72.42375929296695,13.498831971421566,11.29496683051808,34.96453363384451,57.0,58.0,146.0,0.016143864888224384,-0.024686468911996492,0.999564882275847,34.978513232492475,-0.8659304678192842,-0.5001617322259679,0.0016329479460987536,14.473379030029236,0.499903791272627,-0.8655800482158631,-0.02945130900108764,9.966858282572284,145.93647281227368,78.33802407177555,52.0885265725897,35.66432608833168,16.135959754308473,182396.0,595495.5648143699, -3.552713678800501E-15, 0.0,0.0,89.07498449364338, 77.00368309078604,77.00368309078604,0.0, 182.21846459267303, 47.25438852554473, 17.984619525871906, 47.25438852554473, 127.57627570250364, -27.82937529934594, 17.984619525871906, -27.82937529934594, 1222.518612232244, 4.628987132446785, 4.72025117529051, 12.0, 0.0
3, 0 ,0.3333333432674408,0.3333333432674408,0.3333333432674408,207.38372908939743,194.20017571687177,16.41284620056489,25.531110508093015,19.941057786725416,9.904000399675656,145.0,100.0,45.0,-0.9041469437093302,0.42721422781418666,-0.0025115202976906995,26.92621299320419,0.42127259940219763,0.892519033478945,0.16105642449379579,18.184055754208753,0.07104717569328849,0.14456063928655843,-0.9869420045752781,9.586020212746515,148.4727977520542,92.50871907623684,49.45753444494798,31.441374763796812,12.610018489644737,169591.0,679300.6371145156, 0.0, 0.0,0.0,NaN, 141.56538410264827,141.56538410264827,0.0, 651.8376037764575, -154.77995197343557, 17.63779450445975, -154.77995197343557, 397.6457856535223, 33.64262075925819, 17.63779450445975, 33.64262075925819, 98.08922391677554, 2.874503596601339, 3.4544047574468246, 25.0, 0.0
4, 0 ,0.3333333432674408,0.3333333432674408,0.3333333432674408,53.1373302547024,132.1144273070855,278.44348976858606,22.27486604969013,23.913645485704656,12.969485343492034,106.0,111.0,58.0,-0.590465768372924,0.7954927889904612,0.1361668059548688,25.573605775278317,0.7794732591325002,0.6058426746225113,-0.15929875047720904,20.746158955330426,0.20921666921431273,-0.012077924921932437,0.977794717234885,12.321819032653806,126.06743323095678,106.00212274339523,65.03176122047066,33.27474370547446,11.359184801638499,251627.0,869046.4479209535, 0.0, 0.0,0.0,NaN, 144.0225013761167,144.0225013761167,0.0, 496.1696575316379, -104.32641628292488, -74.96688444580388, -104.32641628292488, 571.8624404159626, 27.510865682509248, -74.96688444580388, 27.510865682509248, 168.20755007505466, 3.321589537585896, 3.424510065795701, 17.0, 0.0
5, 0 ,0.3333333432674408,0.3333333432674408,0.3333333432674408,279.9412567853833,225.93664768965974,274.04377399708727,13.044678105878505,19.6968235121861,13.132129315753883,54.0,109.0,60.0,-0.2570729037820851,-0.9468392786492299,0.1934138116786204,20.392268389740504,-0.5236846332234736,-0.03171838516125488,-0.8513215308967337,12.980367024091494,-0.8121994379871502,0.32013953902910564,0.4876912429843181,12.09325289417798,110.35468707806479,67.83960297014357,60.84244793724281,25.450688464350364,9.101854778697884,120848.0,455492.0069701504, 0.0, 0.0,0.0,NaN, 81.00283330297651,81.00283330297651,0.0, 170.16362688598602, 65.99139631561071, -3.488260032393433, 65.99139631561071, 387.9648564702072, -48.771314926836375, -3.488260032393433, -48.771314926836375, 172.45282036568253, 2.829841182456328, 3.5278568014170966, 13.0, 0.0
6, 0 ,0.3333333432674408,0.3333333432674408,0.3333333432674408,153.52627506155468,130.48659866338375,8.868860861263252,22.724834988587446,18.49496904563999,5.768613204261129,96.0,81.0,22.0,0.9320508983403243,0.3607792016710306,0.033458788749868774,23.40725245327562,0.3602532519889943,-0.9326223341334153,0.020812887999839557,17.643133524081932,-0.038713270778230176,0.007345033502554006,0.9992233649932822,5.707825820583897,100.56793260080102,78.66767365531967,23.224334177580324,28.01910966891478,10.329007547650436,99505.0,183738.0495219926, 0.0, 0.0,0.0,NaN, 196.36690459713103,196.36690459713103,0.0, 516.4181252585282, 79.6459402823434, 18.16008605877265, 79.6459402823434, 342.06387999918144, 0.8108097679362418, 18.16008605877265, 0.8108097679362418, 33.27689830037585, 3.0846932866149115, 3.3643821405795364, 16.0, 0.0
7, 0 ,0.3333333432674408,0.3333333432674408,0.3333333432674408,22.77466789383243,97.50535998340135,153.2233051546282,14.666489440897665,20.424850725932988,15.830605466800115,58.0,100.0,76.0,0.20940219461840512,0.9759210415657386,-0.06106424091266841,20.670280661157577,0.22660684842128145,-0.10918182519104574,-0.9678474390607884,15.9044525486479,0.951209786081688,-0.1888318026106744,0.24401330534467422,14.236446033293293,97.16465447018518,83.47966776160271,70.77587877353913,28.33505195970893,8.945017584254478,187967.0,574082.4797379245, 0.0, 0.0,0.0,NaN, 177.67773882199884,177.67773882199884,0.0, 215.10591251996271, 44.652133204748125, -13.89815717746047, 44.652133204748125, 417.1745271766453, -8.071187920982478, -13.89815717746047, -8.071187920982478, 250.60806944548168, 2.9117526433688847, 3.551562289643737, 19.0, 0.0
8, 0 ,0.3333333432674408,0.3333333432674408,0.3333333432674408,278.99741156169114,81.12675717396536,209.89023495506916,12.852680075709273,21.177530906040282,16.212612678694935,56.0,103.0,80.0,-0.09453452104094812,-0.9854134230222424,0.14150480578109587,21.332484440606837,-0.0240206862490209,-0.13984215195612965,-0.9898824067374896,16.091359392157223,-0.9952317473652478,0.0969771017501859,0.010450395803482788,12.748383065232458,106.833734421839,80.43296032781387,62.50339772287876,28.055924562395806,9.454792817585806,170373.0,537088.791626278, 0.0, 0.0,0.0,NaN, 123.05457816402105,123.05457816402105,0.0, 165.1913851285341, 27.576857248001765, -1.6210984509566222, 27.576857248001765, 448.48781527629137, -27.44803762385948, -1.6210984509566222, -27.44803762385948, 262.84880986937975, 3.1872115759486044, 3.4316566882205723, 16.0, 0.0
9, 0 ,0.3333333432674408,0.3333333432674408,0.3333333432674408,96.94331796688907,182.1515708140265,283.61968642973113,15.345453770479018,15.349908124460251,9.485043352030267,77.0,80.0,38.0,-0.7141884678106677,-0.6969750635073249,0.06450266114829509,16.673878876082625,0.6828504392405144,-0.7140197053035262,-0.15456758414138067,14.018140496839399,0.15378592287751144,-0.06634471559383379,0.9858743675730115,9.30280487153041,80.7289491582824,70.32813421731963,44.35362047597994,22.438703614264664,7.5877044191498175,84383.0,251818.40639330028, 0.0, 0.0,0.0,NaN, 153.47499416090915,153.47499416090915,0.0, 235.4829514219087, 41.69531734121191, -20.427278477970457, 41.69531734121191, 235.61967942937085, 3.528189452422159, -20.427278477970457, 3.528189452422159, 89.96604738989357, 2.7620150071133813, 3.126939936530038, 10.0, 0.0
10, 0 ,0.3333333432674408,0.3333333432674408,0.3333333432674408,243.82262238516282,227.345827043347,286.49941772697866,10.447618367240779,14.566075248537349,7.858916747560304,56.0,68.0,34.0,0.005271247948358433,-0.9999804612185306,0.0033602271117296433,14.566220509179841,-0.982572017413288,-0.005803796353887963,-0.1857916751209927,10.531255109218664,0.18580754705191294,-0.0023223111458354324,-0.9825834124029843,7.74620784907994,68.05046021322067,56.057459685119056,39.720647999174844,18.489792903028388,6.419767016160086,46370.0,151523.78308360372, 0.0, 0.0,0.0,NaN, 92.82667895279825,92.82667895279825,0.0, 109.15272954750687, -0.511830333587795, 9.29533557913311, -0.511830333587795, 212.1705481460524, -0.4564300769859324, 9.29533557913311, -0.4564300769859324, 61.762572445083826, 3.047795818766335, 3.414902398168754, 8.0, 0.0
11, 0 ,0.3333333432674408,0.3333333432674408,0.3333333432674408,127.16086362576218,183.60853630093627,158.59592509912372,17.003240787028354,12.550251761550891,13.519089129349506,80.0,58.0,69.0,-0.9786494137292878,-0.12380713996885116,0.16406436877047398,17.19818624328893,-0.06328085765933489,-0.5779546465664264,-0.8136116761491168,14.226910610940624,0.1955526989361687,-0.8066227238337698,0.557780354022773,11.454352528044723,81.5079032839692,70.12624743396023,55.49310483439439,24.02558950960049,7.221899759995749,120052.0,317189.8966533042, 0.0, 0.0,0.0,NaN, 222.96181390236487,222.96181390236487,0.0, 289.11019726166455, 22.54471351544585, -22.758525518227525, 22.54471351544585, 157.50881927831122, 30.138823975930965, -22.758525518227525, 30.138823975930965, 182.76577088729601, 3.405249018911098, 3.4048162042474477, 16.0, 0.0
12, 0 ,0.3333333432674408,0.3333333432674408,0.3333333432674408,227.12214462065438,281.40020907938344,175.29556929647012,18.356074687755893,11.912740599847272,11.179764756168554,83.0,49.0,53.0,-0.9860524147394727,-0.044924846794099534,0.16025727293006628,18.545572254900634,-0.06683941077687856,-0.7749357673999284,-0.6284958628115884,13.664587155065776,0.15242417312701664,-0.6304413648744902,0.7611245344237267,8.554929232019512,81.67800044292213,67.28369875659087,41.85392648249528,23.27087115827807,7.893830634094342,89918.0,230012.3537001061, 2.8421709430404007E-14, 0.0,2.8421709430404007E-14,76.53068833074123, 145.6307971003213,145.6307971003213,0.0, 336.94547794247256, 17.87445788030354, -38.0153277161748, 17.87445788030354, 141.91338859924954, 53.34682314216416, -38.0153277161748, 53.34682314216416, 124.98714000326852, 3.195152154991552, 3.2857563914006644, 9.0, 0.0
13, 0 ,0.3333333432674408,0.3333333432674408,0.3333333432674408,215.1681502662396,163.76068747410858,229.4141819320811,11.67006321300427,15.219483867732166,14.838504072935203,61.0,75.0,70.0,0.2560058596733344,0.6437944805574074,-0.7211030901450461,16.02210582502998,-0.3349418940092259,0.7588281222749318,0.5585640594257867,14.681192707377528,-0.9067937623574777,-0.09853196257316134,-0.40989818845788,10.759134414002594,81.44036433270148,72.0312755918996,58.37907699112185,23.11808563278348,7.318359405867358,98971.0,342466.45465867233, 0.0, 0.0,0.0,NaN, 175.328123012528,175.328123012528,3.3036247397782844E-6, 136.19037539551553, -2.1295062285327706, -44.68730047906635, -2.1295062285327706, 231.63268920015966, -23.14292167340613, -44.68730047906635, -23.14292167340613, 220.18120312251463, 2.8275079742367457, 3.0192831374326814, 14.0, 0.0
14, 0 ,0.3333333432674408,0.3333333432674408,0.3333333432674408,18.73375254840902,216.37507419418662,155.56078761967845,12.595563316285102,14.939885625267054,16.02101667192999,52.0,71.0,82.0,-0.3114555096638777,0.37203409494755757,-0.874406140015363,16.99627829001729,-0.3859198481868315,-0.8903951830925266,-0.2413758245994806,14.826925334453472,0.8683670515832966,-0.2622728543371921,-0.4208938269948313,11.393427156378165,80.21154326472383,75.56749314154797,62.93180329330809,24.154257689623222,7.422479937064834,116249.0,381453.9039566537, 0.0, 0.0,0.0,NaN, 167.9487057813202,167.9487057813202,NaN, 158.64821525454693, 12.504373554905987, 51.70529585301078, 12.504373554905987, 223.20018249606116, -32.395998776705376, 51.70529585301078, -32.395998776705376, 256.6729752022586, 2.8286466420995047, 3.0014446657687333, 14.0, 0.0
15, 0 ,0.3333333432674408,0.3333333432674408,0.3333333432674408,213.9268138402176,262.3234022814009,290.06970712885067,17.243030313559327,12.731794310732147,5.7505176798441076,76.0,67.0,24.0,-0.9418114318679089,-0.3351283545386778,0.02608088930840947,17.81412790654363,0.3313973428268194,-0.9387093721424198,-0.09487104837255894,11.969728141719647,0.056276353562067984,-0.0807075004952021,0.9951478640853197,5.6454928477454756,77.97416079834795,59.86416765039158,26.694330292146674,20.735485547824364,7.907513733612549,47427.0,124605.34946681486, 0.0, 0.0,0.0,NaN, 94.48137439650478,94.48137439650478,NaN, 297.3220943943259, 55.44690849766468, -10.514623454061368, 55.44690849766468, 162.09858637079145, 7.425977440227868, -10.514623454061368, 7.425977440227868, 33.06845358619966, 3.8249213742164714, 3.508125862629962, 10.0, 0.0
16, 0 ,0.3333333432674408,0.3333333432674408,0.3333333432674408,144.47427730321897,12.359635152743593,9.610974373823657,19.168644339507463,8.723138320980969,6.821314730825936,96.0,38.0,28.0,-0.9998848861351648,0.009020103636947736,-0.01220050035233196,19.17044738722202,0.01235222019077295,0.9508804748317332,-0.3093117282615328,8.920382524256752,0.00881119372316772,-0.3094268254598434,-0.9508824336115461,6.5559991788566165,96.00114956932815,44.81889087531032,29.7608493733404,20.22798367441662,8.993835617021603,41442.0,128050.9663513965, 0.0, 0.0,0.0,NaN, 145.3201576238157,145.3201576238157,0.0, 367.43692581453155, -2.4971195629355574, 3.8191037759397886, -2.4971195629355574, 76.09314216696666, -10.798126588182711, 3.8191037759397886, -10.798126588182711, 46.530334656982916, 4.392026037579683, 4.195054825561573, 6.0, 0.0
17, 0 ,0.3333333432674408,0.3333333432674408,0.3333333432674408,141.27158711408612,22.193128290385147,55.67922299514372,9.587457560776267,13.902662789496144,12.768192282909418,44.0,60.0,58.0,-0.03961385665735033,0.9989414244904639,-0.02338317338802614,13.910616475653761,-0.2941469107611381,0.010706344582797346,0.955700250641044,13.054861634775795,0.9549389180729889,0.04473706095216833,0.2934114144455731,9.181255156872808,61.32957262054481,59.69856011199565,45.547777779213504,20.223682442750093,6.263607406780898,68571.0,166763.494757157, 0.0, 0.0,7.105427357601002E-15,88.66012073273306, 153.46130503286247,153.46130503286247,0.0, 91.91934247968601, -4.592898282828642, -24.112499013266603, -4.592898282828642, 193.2840326384407, -1.6696409579076634, -24.112499013266603, -1.6696409579076634, 163.02673417334762, 2.167610050071781, 2.5527546849541705, 10.0, 0.0
18, 0 ,0.3333333432674408,0.3333333432674408,0.3333333432674408,244.9347844397117,65.88793030839018,73.81666245532975,14.726832594230217,13.652056163333768,11.951191355433565,69.0,64.0,60.0,-0.7653418108225575,0.4734509100936896,0.43600017011270353,17.357196162866472,-0.2567512738225183,-0.8457646087261319,0.4677189434017475,12.604493029655181,0.5901954727015137,0.24602126403583546,0.7688581414310747,9.270582904469297,81.68833640205406,63.226562552684875,49.316613789536945,22.219854742793927,7.236523044157009,83109.0,254714.0327777288, 2.8421709430404007E-14, 0.0,0.0,40.062589391121804, 113.23558178005881,113.23558178005881,0.0, 216.87959825848148, -62.18795097677191, -80.6107243438391, -62.18795097677191, 186.3786374868195, 15.599650989771563, -80.6107243438391, 15.599650989771563, 142.83097481418997, 2.8929636006540522, 3.3239080605274687, 15.0, 0.0
19, 0 ,0.3333333432674408,0.3333333432674408,0.3333333432674408,120.02555892906432,90.39620480264973,119.44998619928236,12.448910036380205,12.104027631596088,11.691359181872548,64.0,59.0,55.0,-0.7393489046283488,0.1759009737741364,0.6499400315799693,13.545352920710751,-0.4217752662079193,-0.8734159072716976,-0.2434137994033956,12.595553527285691,-0.5248512380094951,0.45409635579915064,-0.7199497743661231,9.80031484772601,64.47916379179341,58.45055599418478,48.38594311598159,20.096787329451885,5.855754823646493,72460.0,182359.02173708446, 0.0, 1.4210854715202004E-14,0.0,79.86890653165163, 191.95287922291146,191.95287922291146,0.0, 154.9753610938878, 11.6910602912709, -35.58608024345932, 11.6910602912709, 146.5074849064416, 23.304724623306665, -35.58608024345932, 23.304724623306665, 136.68787951955554, 2.5761771808848044, 2.581658256318445, 13.0, 0.0
20, 0 ,0.3333333432674408,0.3333333432674408,0.3333333432674408,273.30898229341034,286.05167621358476,119.45527281662238,13.999928302638503,8.80951149687559,15.368350692914168,56.0,38.0,74.0,-0.6009525074870621,-0.009800687356806512,0.7992246431838465,16.97821576347896,0.7947405119722378,0.09914701409175868,0.5987966167462825,12.025392682358412,0.08510935539127346,-0.9950245304132067,0.05179364344066921,8.770507889331867,80.00709128402542,63.19237653248558,41.178073332030266,21.29948898984686,7.491559055655389,65117.0,208189.6777064436, 0.0, 0.0,0.0,NaN, 123.19305323904365,123.19305323904365,0.0, 195.9979924790186, 6.578301742750342, -69.29278205492359, 6.578301742750342, 77.60749281358319, 2.363177157609718, -69.29278205492359, 2.363177157609718, 236.1862030203954, 2.4271994156512298, 2.733118775226175, 7.0, 0.0
21, 0 ,0.3333333432674408,0.3333333432674408,0.3333333432674408,216.37543673276676,184.12343012275733,127.52791548630783,12.675253732162815,11.45728008269667,13.558195649200266,63.0,52.0,59.0,-0.5350819557864034,0.17426791628803784,0.8266305062991706,14.456317323667149,-0.7287436192573834,-0.5901834464297708,-0.34729848394706153,12.228943451445291,0.42734065800418153,-0.7882348589810669,0.44279314482458937,10.826995189287404,64.91322830450507,49.32425387331176,54.422445076283736,20.977103365038076,5.976380823086911,84720.0,174249.59703081317, 0.0, 0.0,0.0,NaN, 191.53019672217192,191.53019672217192,0.0, 160.66205717470737, 5.345456304124773, -32.406662038160796, 5.345456304124773, 131.2692668933578, 19.843975304056496, -32.406662038160796, 19.843975304056496, 183.82466926199305, 2.4101309565786795, 2.6938167889561018, 13.0, 0.0
22, 0 ,0.3333333432674408,0.3333333432674408,0.3333333432674408,89.55984843181182,287.3956524782974,161.5290622374685,19.66995570543957,8.115146676062196,20.996537108204656,103.0,35.0,103.0,0.5999248092084515,0.030614275127898282,0.7994704431400804,22.543613252746923,0.794452697959752,0.09526701681228182,-0.5998075576484172,17.953193405305104,0.09452583774118975,-0.9949808850757292,-0.03283145341352557,7.942649534409523,108.57579170462355,94.86149329123711,40.47495535620652,27.776497580046584,11.049140950759757,114272.0,416878.34896396473, 0.0, 0.0,0.0,NaN, 165.39055786958284,165.39055786958284,0.0, 386.90715745395465, 27.795322849874854, 89.96498917808397, 27.795322849874854, 65.8556055740033, -3.918352368737098, 89.96498917808397, -3.918352368737098, 440.8545705362152, 4.067343838413271, 4.131598173861769, 13.0, 0.0
23, 0 ,0.3333333432674408,0.3333333432674408,0.3333333432674408,255.77046325703648,84.77002518891688,165.75439710875042,12.41062325556461,16.139082338910733,11.240604984224486,65.0,72.0,50.0,0.10891142496759984,0.9821604103681488,0.1532945850870079,16.25243160676998,-0.8456941725982353,0.17259656994762507,-0.5049869210937067,13.054271263330259,-0.5224362812295047,-0.07464149213263047,0.8494050739825494,10.30966621165438,75.50192135733994,66.78302255148645,55.86523589467404,22.236969638533,6.808959541660773,91310.0,281686.2910938619, 0.0, 1.4210854715202004E-14,0.0,10.83871554256457, 164.81532388301108,164.81532388301108,NaN, 154.02356959156114, 7.5253198766230796, 30.020845570061763, 7.5253198766230796, 260.46997874214037, 18.177172104771167, 30.020845570061763, 18.177172104771167, 126.35120041137237, 2.7659967122288394, 3.0066403163723088, 15.0, 0.0
24, 0 ,0.3333333432674408,0.3333333432674408,0.3333333432674408,18.967397078353255,137.20598937583,191.1987118193891,11.082142269820944,11.52079585079663,13.61989291691876,41.0,50.0,61.0,-0.01683084784061779,0.2082514187004791,0.9779305032415156,13.712183993414639,0.04999003053580559,-0.9766705683964425,0.2088434764966315,11.412421849040369,-0.9986078907198735,-0.052401788494359516,-0.006027698947128428,11.080466373890044,62.98578339694012,53.065961239059334,43.166061930036626,20.19900278110037,5.7484244834331895,75300.0,144278.2946195377, 0.0, 0.0,0.0,NaN, 176.13337554901014,176.13337554901014,0.0, 122.81387728855209, -0.59324430388231, -0.9959782534315543, -0.59324430388231, 132.72873703573282, 11.764977170909102, -0.9959782534315543, 11.764977170909102, 185.50148306833378, 2.1207192010811444, 2.5607180586139413, 5.0, 0.0
25, 0 ,0.3333333432674408,0.3333333432674408,0.3333333432674408,283.6397084588969,151.42070222159927,253.9834606489593,10.577350892110585,10.96904941972204,15.379564494633367,43.0,45.0,69.0,-0.041860744121743725,-0.042889753102294176,0.9982024580115991,15.39579717687968,-0.6213540839741002,0.7834929697191829,0.007607149881723198,11.590928520668712,-0.782410876988735,-0.6199187329637977,-0.05944732197735114,9.86667149695664,69.99110318345998,57.099486982654824,50.595467075935574,20.622274165835297,6.59190483403006,71345.0,202202.56227539587, 0.0, 0.0,0.0,NaN, 156.40009194843347,156.40009194843347,0.0, 111.88035189483259, -17.761032299303654, -6.011453416756565, -17.761032299303654, 120.32004517230443, -5.759528647817114, -6.011453416756565, -5.759528647817114, 236.5310040445873, 2.708289139528851, 3.0236336537392545, 6.0, 0.0
26, 0 ,0.3333333432674408,0.3333333432674408,0.3333333432674408,24.33119187366509,72.36045475185415,288.027480197104,14.751877211866177,16.276697617812882,6.764471772422824,59.0,81.0,27.0,-0.6235987619659606,0.7792761017280762,-0.06207528775620014,18.649621809509256,0.7730998299021031,0.6265317963037037,0.09886638066498316,11.697126660190962,-0.11593634926053359,-0.013662558177296336,0.9931626742000488,6.608757767789941,92.43050605237431,57.43595892874723,29.611917934324367,21.494820437540838,8.141224682654515,59461.0,157204.77892575192, 0.0, 0.0,0.0,NaN, 77.27472769488725,77.27472769488725,0.0, 217.6178812739766, -102.67719068680745, 18.892565420669552, -102.67719068680745, 264.9308853417155, -8.942247575125476, 18.892565420669552, -8.942247575125476, 45.75807835990518, 3.1058560494309133, 3.7933194432244592, 7.0, 0.0
27, 0 ,0.3333333432674408,0.3333333432674408,0.3333333432674408,263.41304475098065,14.969547536376778,58.75347555291352,21.438035441481798,10.338710765392147,30.761688150795468,89.0,47.0,129.0,-0.4456712410095002,-0.0478345867642834,0.8939177799138701,33.26451635472163,-0.8674255640512119,-0.2237198978040895,-0.4444348075443297,17.68112537650708,-0.22124654973013608,0.9734789466832957,-0.05821258108770192,9.67520123171349,138.46461639814936,86.68971535778806,49.211454035515004,36.16362152907067,14.316153103041755,222051.0,590707.6306242266, 0.0, -1.7763568394002505E-15,7.105427357601002E-15,61.43308003635342, 70.81428907631846,70.81428907631846,0.0, 459.5893635902297, 64.09558168441643, -319.10762625382256, 64.09558168441643, 106.88894029043549, -21.53639478458218, -319.10762625382256, -21.53639478458218, 946.2814578867902, 4.165534123834512, 3.862068602599634, 11.0, 0.0
28, 0 ,0.3333333432674408,0.3333333432674408,0.3333333432674408,281.83179017156635,62.24309214286457,270.1819060385946,11.415345370070732,15.083214686959302,14.070396030809965,46.0,72.0,59.0,-0.2948602926503852,-0.93264696753702,0.20791113910064937,15.619617152865432,0.3201378691761493,0.1085886394932882,0.9411271179242219,14.243364028796286,-0.9003161403293203,0.3440612464620174,0.2665571348614008,10.43760800259508,71.1242083805221,67.46082653998849,49.6881768485714,22.562054644267338,6.836900606536776,96231.0,238408.73621445821, 0.0, 0.0,0.0,NaN, 71.3680957807221,71.3680957807221,0.0, 130.31010991799528, 40.39830130120656, 20.02223309584989, 40.39830130120656, 227.5033652929048, -16.583900489040353, 20.02223309584989, -16.583900489040353, 197.9760444638328, 3.160842489604276, 3.3351510112061744, 7.0, 0.0
29, 0 ,0.3333333432674408,0.3333333432674408,0.3333333432674408,203.214708011583,203.04417531370657,286.07663187741315,18.13056989737601,11.2706585917099,8.206461282326725,79.0,62.0,32.0,-0.9956530132884407,0.06672913062441624,0.06497922941801243,18.18472946492183,0.07370467388041232,0.9910103919085995,0.11165135098755531,11.267088762653575,-0.05694469402702207,0.11595527696173978,-0.9916207317149515,8.0907133044583,80.89738007171451,63.28526114534347,36.45504143669433,21.568297804223263,7.609194865508777,66304.0,186635.661176877, 0.0, 0.0,0.0,NaN, 137.70143378251174,137.70143378251174,0.0, 328.7175648036372, -13.130095918284384, -16.6531873100697, -13.130095918284384, 127.02774509088418, 7.953480110265368, -16.6531873100697, 7.953480110265368, 67.34600677832759, 2.7916363487537037, 2.92790747075455, 10.0, 0.0
30, 0 ,0.3333333432674408,0.3333333432674408,0.3333333432674408,181.03753230402228,229.8651249088861,248.5870518852296,8.771767009840406,13.989615494232101,14.264623274653934,47.0,64.0,71.0,-0.10662025407792546,0.5560576629537957,0.8242766507009174,14.658792674396176,-0.11117335538250887,-0.8304708035653046,0.5458559603765377,13.686198110679381,-0.9880650821040856,0.03343829983658086,-0.15036380425716145,8.59886585099962,73.21788221496655,65.15542505279761,45.68723983760623,20.841634256478216,6.462120150408891,75455.0,217952.9073455562, 0.0, 0.0,0.0,NaN, 147.3575945047108,147.3575945047108,0.0, 76.9438964749245, 2.1112711716656984, -19.266337962215463, 2.1112711716656984, 195.70934167645888, 13.205770684990847, -19.266337962215463, 13.205770684990847, 203.47947716779873, 2.6892389514386066, 2.7170879046590204, 13.0, 0.0
31, 0 ,0.3333333432674408,0.3333333432674408,0.3333333432674408,63.3901906348325,111.31908199148621,95.71164168054784,9.049721785271954,7.395496909694824,9.666620757244367,41.0,36.0,43.0,-0.30795687588260323,0.20974939064374884,-0.9279912476533403,9.732366832164677,-0.8667416067016555,0.3403711120365879,0.36456342836769806,9.33812471989099,-0.39232836987510866,-0.9165984394572972,-0.07697889954778074,6.936487465314188,44.354203217336504,41.29873008532104,33.382593214825405,14.548198341600623,4.287694113386857,27015.0,61149.308445526076, 0.0, 0.0,0.0,NaN, 159.9092637633393,159.9092637633393,0.0, 81.8974643908258, -14.541160217370212, 0.9681874901108793, -14.541160217370212, 54.693374541305694, -4.221260458497944, 0.9681874901108793, -4.221260458497944, 93.44355686438765, 2.3792536510387308, 2.4309871460443664, 13.0, 0.0
32, 0 ,0.3333333432674408,0.3333333432674408,0.3333333432674408,155.73159563226488,16.969458142538453,96.8300311142421,13.184951749540431,10.566197342316388,11.608309778374833,62.0,42.0,50.0,-0.9590010086745397,0.28237969900585436,0.024057658875691782,13.400882450135365,-0.11913885162652663,-0.32467331664147675,-0.9382926896731829,11.799529268660907,-0.2571439273915067,-0.9026898376798017,0.3450044312110858,10.071136649895312,69.58192859178327,54.69483701218182,46.97141416197091,19.679299855277733,5.74155832777926,68136.0,178762.50424715725, 0.0, 0.0,0.0,NaN, 174.57774753401074,174.57774753401074,0.0, 173.84295263770926, -19.702602874974303, 2.4225168635854986, -19.702602874974303, 111.64452627677389, 12.046616982927343, 2.4225168635854986, 12.046616982927343, 134.75285591071275, 2.2697829077381355, 2.6851005894142657, 7.0, 0.0
33, 0 ,0.3333333432674408,0.3333333432674408,0.3333333432674408,84.63779424204417,267.98815739579385,252.45874048362163,13.988960200688702,10.965486943795451,12.68604096635056,64.0,61.0,73.0,-0.767639721851321,0.19320507807587586,-0.6110655081427212,15.025479774621447,-0.5815572028940506,-0.6106443660155486,0.5374985376868642,12.933646122729831,0.2692962628743213,-0.7679747756659485,-0.5811146760689845,9.15556127855432,71.88001929144698,61.99434560892921,43.249535739832766,20.757773172651174,6.781106084087027,68566.0,192726.6244826392, 0.0, 0.0,0.0,NaN, 102.21783424373024,102.21783424373024,0.0, 195.69100749645247, 8.585390556901855, 40.4944552680737, 8.585390556901855, 120.24190391454852, -44.14926498158305, 40.4944552680737, -44.14926498158305, 160.93563539992465, 3.2710791680253037, 3.2139056301241333, 12.0, 0.0
34, 0 ,0.3333333432674408,0.3333333432674408,0.3333333432674408,214.5725713918051,39.30127717070764,281.19336643325147,17.205470804751776,13.027733441828985,11.438178261329558,77.0,64.0,46.0,-0.9269507501172476,-0.25124142884683254,0.2786396441428849,17.749379339582184,-0.35869749203474083,0.8111891124482491,-0.4618531509618712,13.715396106116733,-0.10999280006008988,-0.5280624662636261,-0.8420520266934326,9.665889969081896,82.10234763396127,67.28137993806996,48.657587286846706,23.170945462587927,7.725883286214645,93253.0,268782.5291310166, 0.0, 0.0,0.0,NaN, 95.89643065292353,95.89643065292353,1.3486991523486091E-6, 296.0282256131658, 24.060690881228908, -41.55320051190799, 24.060690881228908, 169.7218386313493, -50.98694551319826, -41.55320051190799, -50.98694551319826, 130.83192193795205, 3.194083124499855, 3.3002559148944326, 10.0, 0.0
35, 0 ,0.3333333432674408,0.3333333432674408,0.3333333432674408,262.9213927209641,143.5809312638581,175.38658861293825,18.31467589323653,14.232098518735825,9.811209422889712,73.0,67.0,46.0,-0.953111980584557,-0.30171025876695184,0.023419483789389992,18.72424194780103,0.2950776998506678,-0.9437445985028375,-0.14924906648806147,13.771509860493634,0.06713198579680063,-0.1353405059525694,0.9885222526233188,9.69474555125799,81.11516589768013,62.286243273158334,47.29651161027286,24.001922887750585,7.625451419530608,107789.0,238958.9540333314, 0.0, 0.0,0.0,NaN, 193.6977264654152,193.6977264654152,0.0, 335.4273530742992, 47.150481316262876, -9.941027699325417, 47.150481316262876, 202.55262824700245, 11.661724241202934, -9.941027699325417, 11.661724241202934, 96.25983033979989, 2.6971730779150054, 2.7621807955192175, 14.0, 0.0
36, 0 ,0.3333333432674408,0.3333333432674408,0.3333333432674408,163.7015008260791,68.80650311688672,220.37401252308163,10.665680186120397,12.695595487341759,14.045055159958167,49.0,60.0,62.0,-0.3367731584614906,0.6725627063883063,0.6589713542450154,14.93936532773739,-0.5123386637616494,0.4562898064122955,-0.7275360514635396,13.608320611505244,-0.789995527427086,-0.5826311170370734,0.19091371900765225,7.989206894051546,65.51815881977541,59.69367200275974,34.23315104905761,20.767238472069195,6.396894504466729,72027.0,133886.52071092385, 0.0, 0.0,0.0,NaN, 172.1973101703735,172.1973101703735,0.0, 113.75673383260124, -64.4652586250565, 9.870760537663028, -64.4652586250565, 161.17814477821244, 30.339839400977123, 9.870760537663028, 30.339839400977123, 197.26357444626754, 2.347377509162965, 2.6189801531408152, 16.0, 0.0
37, 0 ,0.3333333432674408,0.3333333432674408,0.3333333432674408,272.04954571993403,95.78365616069325,43.205486187222796,13.987886482599038,17.99929708469048,10.546635064143045,62.0,88.0,42.0,-0.462863527316634,0.8706500978474359,0.16651054680786412,19.7619055688783,-0.7951359062301439,-0.32477303715611944,-0.5121341279000629,12.524723840482963,-0.3918114925618849,-0.36944672343199897,0.842610748116702,9.135948553686697,92.09345442123694,66.7872329983148,48.08893836048935,23.770489066825096,8.113632016130438,97627.0,295779.0461451628, 0.0, 0.0,0.0,NaN, 108.73109361468903,108.73109361468903,0.0, 195.66096825007688, -104.79020706207565, 6.224764289719065, -104.79020706207565, 323.9746955429472, 56.72525094246866, 6.224764289719065, 56.72525094246866, 111.23151117621157, 2.8918058028745164, 3.007436547048925, 8.0, 0.0
38, 0 ,0.3333333432674408,0.3333333432674408,0.3333333432674408,226.8124856070492,28.504591603809033,167.9203933467196,20.05647918530748,16.574048857884137,19.4988159148956,90.0,78.0,89.0,-0.7547744623978632,0.26965218245649825,0.5979993406421651,22.52957315112062,0.4007485227186474,-0.5321751186997147,0.7457816467142155,17.943085575329025,-0.5193420187610845,-0.802544293813988,-0.29360947535079535,15.087388395673829,110.79326857719548,89.18130439636803,74.57362242987281,31.05996533593175,9.614771358066854,247517.0,736838.711923671, 2.8421709430404007E-14, 3.552713678800501E-15,0.0,45.517975855035154, 153.6683002417987,153.6683002417987,0.0, 402.2623573106722, -77.094298128582, -98.16679574978191, -77.094298128582, 274.6990955435304, 7.706506918560418, -98.16679574978191, 7.706506918560418, 380.20382208298594, 2.6273515405490753, 2.991175447665071, 16.0, 0.0
39, 0 ,0.3333333432674408,0.3333333432674408,0.3333333432674408,16.970786228920055,275.55108960269666,271.52241792251056,10.522100929637594,14.490661194030103,16.231564387843203,39.0,58.0,65.0,0.036669508112423484,-0.37717821736058377,0.9254144690480505,16.59092933268945,-0.2607577087037601,-0.8975678179783161,-0.3554960330034769,14.329506159878134,-0.9647076057160312,0.22827309188412098,0.13126549811472069,10.176633499447139,76.51245978886125,71.4713809402794,44.819221015522345,23.09516070266704,7.12538450953249,101459.0,245091.72116372286, 0.0, 0.0,0.0,NaN, 41.19137635262043,41.19137635262043,0.0, 110.71460797348031, 21.44453847940958, 15.26037558740299, 21.44453847940958, 209.97926184016995, -27.45627251699048, 15.26037558740299, -27.45627251699048, 263.46368247669966, 2.582316051550547, 2.8601981985426024, 7.0, 0.0
40, 0 ,0.3333333432674408,0.3333333432674408,0.3333333432674408,56.311708617419384,10.3118880401907,282.0531091403086,13.702690751323466,6.989602136057086,10.246212770749699,59.0,29.0,40.0,-0.9902478251541168,0.07346758808062077,-0.118371273031755,13.781666114246237,0.10216249065757309,-0.1947428337785408,-0.9755193766371557,10.289338327679777,0.09472101287562003,0.9780990451858748,-0.1853380358326288,6.767447368412305,60.77733340695739,46.20075460492751,31.260295071015857,17.510098899172622,5.916044669494033,39014.0,87777.61645502581, 0.0, 0.0,0.0,NaN, 59.99528693069354,59.99528693069354,NaN, 187.76373382640566, -11.681213678596421, 10.908292913946472, -11.681213678596421, 48.85453802037378, 10.158757573709222, 10.908292913946472, 10.158757573709222, 104.98487614347421, 3.221929305651147, 3.3784387074239794, 5.0, 0.0
41, 0 ,0.3333333432674408,0.3333333432674408,0.3333333432674408,76.48185713978077,282.5955165062343,12.309236169433857,13.62055190408557,10.51735310917172,8.111229793767784,61.0,41.0,31.0,-0.9504796564106716,0.2939641914045588,0.1008636551058687,13.945948031645749,0.30376549480387155,0.9473159990072825,0.10158209582103192,10.167464283961802,-0.06568825554093194,0.1271906136344116,-0.9897007633054,8.003711819849357,62.16793764044559,48.057445277213446,35.38387657311148,18.081390507642435,5.915193713849667,46437.0,105714.0111744813, 0.0, 0.0,0.0,NaN, 79.39715241940038,79.39715241940038,0.0, 185.51943417188906, -25.128868732766918, -11.290941889598113, -25.128868732766918, 110.61471642300405, 7.650868552457837, -11.290941889598113, 7.650868552457837, 65.79204876730616, 3.22678222834177, 2.9494966832461174, 4.0, 0.0
42, 0 ,0.3333333432674408,0.3333333432674408,0.3333333432674408,18.76479853260761,252.17870885419782,24.00383794884064,11.170680573614185,15.035480260715532,15.233499544347232,44.0,73.0,66.0,0.13937891148602774,0.6698054175089942,0.7293382080410791,15.55201365369044,-0.1507811503213746,-0.7135836490805982,0.6841516063509469,14.863256732106423,-0.9786922722392024,0.20532676016637633,-0.001535519080413347,10.960280568791772,76.55254999007099,78.71345204551804,50.30571079032337,23.01818063828467,7.285097090568192,100314.0,303127.8998696727, 0.0, 0.0,0.0,NaN, 56.70253774828013,56.70253774828013,6.743495761743046E-7, 124.78410447772131, 22.209357185497126, 1.9780644034226, 22.209357185497126, 226.06566667036643, 10.265538181023032, 1.9780644034226, 10.265538181023032, 232.05950836762736, 2.0250674880601207, 2.6263841909875008, 7.0, 0.0
43, 0 ,0.3333333432674408,0.3333333432674408,0.3333333432674408,255.83883976781857,231.07846247300216,33.134128644708426,14.431661125779023,10.716742112829854,10.286981903488728,64.0,50.0,47.0,0.9198177717254649,-0.2910771208166866,0.2630767503126566,14.94515904809212,0.39209559062610694,0.7059128498043177,-0.5898712539976082,11.199114699618702,-0.01401123226431377,0.6457252962508235,0.7634412401437459,8.953516181754589,72.82691565237843,52.584453708277124,45.922966857655126,19.687195118036644,6.43099910039442,59264.0,175864.9211266191, 0.0, 0.0,0.0,NaN, 88.30773969014189,88.30773969014189,0.0, 208.27284284932145, -25.81217273421225, 24.18328264520798, -25.81217273421225, 114.84856151290087, -29.80900206192543, 24.18328264520798, -29.80900206192543, 105.82199668270457, 3.0442155399394966, 3.15592295717937, 7.0, 0.0
44, 0 ,0.3333333432674408,0.3333333432674408,0.3333333432674408,8.294316224595246,27.276265931794693,26.441904925938683,5.478320917488681,17.467548127588586,16.11853324938452,23.0,68.0,67.0,0.012954564558908964,0.9492076087476933,-0.3143836744371049,17.621345345705087,0.10589859525737247,-0.3139442200109436,-0.9435170980137223,16.032261295135704,-0.994292545873499,-0.021069936336087274,-0.10458676304001831,5.233463265183313,78.18120647666882,68.78907101996751,23.827925982643936,22.962613099487342,8.225129264601396,58060.0,128146.8853265996, 0.0, 0.0,0.0,NaN, 38.88399029070896,38.88399029070896,0.0, 30.012000074994017, -4.1533729287376335, -24.098471777031325, -4.1533729287376335, 305.1152375896235, -16.464832156597897, -24.098471777031325, -16.464832156597897, 259.80711411151424, 3.2844735504536433, 3.2767953648878096, 8.0, 0.0
45, 0 ,0.3333333432674408,0.3333333432674408,0.3333333432674408,108.48858105273447,263.59531674493815,43.457759874222546,18.28314357087636,19.776552105801063,18.688287053694776,101.0,85.0,91.0,-0.4545242320836428,-0.6338146211895148,0.6258488223326519,22.60412340737872,-0.6743712581565128,0.7038874223165765,0.22308272653194675,18.048079191904353,-0.5819202081223652,-0.3206579527641841,-0.7473602536313433,15.425883037764176,113.40734358076969,90.05152797921065,77.27314747894172,31.23421427804273,9.952953504438891,245513.0,789152.3720383316, 0.0, 0.0,0.0,NaN, 122.40772065120201,122.40772065120201,0.0, 334.2733388332775, 36.97835133167875, -90.86022601732968, 36.97835133167875, 391.11201319346446, -94.50401513441945, -90.86022601732968, -94.50401513441945, 349.25207300129574, 3.6353439957737756, 3.8339995085669694, 15.0, 0.0
47, 0 ,0.3333333432674408,0.3333333432674408,0.3333333432674408,26.602780087341884,210.90910631977462,49.24644618625939,12.611112413244559,16.381061276195872,15.718768440637334,56.0,72.0,79.0,-0.2746916057030926,0.7197788542894895,0.6375444476065701,18.32536289428055,-0.1965172120002491,-0.6910805340260366,0.695549193715252,14.009987517497803,-0.9412361590716251,-0.06577306749725208,-0.3312829552634667,11.93148484794883,91.53844861830038,65.2108896771838,53.49501182830838,24.75302695585019,7.857904469184389,123881.0,319327.9706510614, 0.0, -2.8421709430404007E-14,-7.105427357601002E-15,33.40242663738979, 105.21457934665156,105.21457934665156,0.0, 159.040156299491, -30.927339109439785, -41.25014228224288, -30.927339109439785, 268.3391685344839, 62.858396235559326, -41.25014228224288, 62.858396235559326, 247.07968129037624, 3.1130922428289334, 3.21009359043562, 10.0, 0.0
