// Sample: .//bubblelabels.tif, Map: .//bubblelabels.tif, Thickness:(8.191250068658265):/gpfs/home/mader/Foam/NewValid/InSilicoTest/LatticeData_OldFoam/out_Step_03500.vtk/distmap.tif, Neighbors:(1.0):
//LACUNA_NUMBER, TRIANGLES, SCALE_X, SCALE_Y, SCALE_Z, POS_X, POS_Y, POS_Z , STD_X, STD_Y, STD_Z,PROJ_X, PROJ_Y, PROJ_Z, PCA1_X, PCA1_Y, PCA1_Z, PCA1_S, PCA2_X, PCA2_Y, PCA2_Z, PCA2_S, PCA3_X, PCA3_Y, PCA3_Z, PCA3_S,PROJ_PCA1, PROJ_PCA2, PROJ_PCA3,OBJ_RADIUS, OBJ_RADIUS_STD, VOLUME, VOLUME_BOX, Mask_Grad_X,Mask_Grad_Y,Mask_Grad_Z,Mask_Angle, Mask_Distance_Mean,Mask_Distance_COV, Mask_Distance_STD, SHAPET_XX, SHAPET_XY, SHAPET_XZ, SHAPET_YX, SHAPET_YY, SHAPET_YZ, SHAPET_ZX, SHAPET_ZY, SHAPET_ZZ, Thickness, Thickness_STD, Neighbors, Neighbors_STD
1, 0 ,1.0,1.0,1.0,79.22132550152308,138.2050328280683,39.68632507676064,15.396253851616047,15.47772676735352,16.060579734227794,84.0,80.0,80.0,0.08200450128734285,-0.4721390972667395,0.877701506550355,16.295516096977924,0.9884692293948799,-0.07395264175001295,-0.13213473925386193,15.392561539770197,0.1272943215862594,0.8784165752138008,0.4606305201368569,15.23391231185419,90.07963614876121,82.44933296703559,88.48804171805924,26.08944448806425,7.340828716972224,164798.0,657201.2091918087, 0.0, 0.0,0.0,NaN, 164.16958887480968,164.16958887480968,NaN, 237.04463266340196, -1.6511266360694532, 1.77452383615229, -1.6511266360694532, 239.56002588485163, -13.823124297738431, 1.77452383615229, -13.823124297738431, 257.94222139948846, 7.069246970521002, 5.520968775690713, 53.0, 0.0
2, 0 ,1.0,1.0,1.0,58.81901265427277,261.7205458968465,12.838897940054009,14.508056872697463,18.791550068977845,8.148741098692065,83.0,90.0,33.0,-0.25834859945335337,-0.9656244907798346,-0.028728800299981164,19.094468424018835,0.9615693697770163,-0.25417472852606815,-0.10382463332625547,14.167612723746643,0.09295347366894113,-0.05444768300749873,0.9941806181715639,8.042889718497824,93.96801335957204,75.27512915852037,37.63491902447722,23.682073316707168,8.316697249023672,89614.0,266208.8813999881, 0.0, 0.0,1.7763568394002505E-15,88.35373448347303, 71.34304560624012,71.34304560624012,0.0, 210.4837142214241, 41.570619924347234, -11.354865470911509, 41.570619924347234, 353.1223539949012, 11.909752060088834, -11.354865470911509, 11.909752060088834, 66.40198149351316, 7.732166356356203, 5.515303140739139, 22.0, 0.0
3, 0 ,1.0,1.0,1.0,76.50018113754378,14.940466127279315,258.82969777475273,14.744025645878828,9.18841798943426,16.256330191847212,73.0,39.0,77.0,-0.23841695413841013,0.05946150237006333,0.9693408511536373,16.35903310940874,0.9670309053931893,-0.07743961671302874,0.24259912155192925,14.679374470083012,-0.08949069221875412,-0.9952223045627714,0.039038192926595376,9.109313343693843,82.56760841708396,80.23324366232507,40.51449626023523,22.652861102343092,7.275264433637344,91091.0,268395.0482095576, 0.0, 0.0,0.0,NaN, 88.15037735310943,88.15037735310943,9.5367431640625E-7, 217.3862922463326, -12.540344465326797, -11.585619764996359, -12.540344465326797, 84.42702514855912, 8.152939928560533, -11.585619764996359, 8.152939928560533, 264.26827130636326, 7.117130574763984, 5.266736776231689, 33.0, 0.0
4, 0 ,1.0,1.0,1.0,153.96671707848677,176.52351933812247,14.237895603051397,15.766267771195537,15.366186765493557,8.873548989279227,78.0,67.0,38.0,-0.7502508314900992,-0.6599524629629822,0.03983009512301863,17.171799221469026,0.6546061604209263,-0.7499293128402634,-0.09537714863583283,13.827686241265091,0.09281414001857197,-0.04548375943150879,0.9946440383577381,8.795406273782389,81.72409709988258,68.28934691915546,40.99025149303478,22.620011299570244,7.195127213439528,89926.0,228761.88866042907, 0.0, 0.0,0.0,NaN, 191.7677727583056,191.7677727583056,0.0, 248.5751994330391, 51.80863035583669, -13.60769942463883, 51.80863035583669, 236.11969571202934, 2.425442595017337, -13.60769942463883, 2.425442595017337, 78.7398716651384, 8.106119327123361, 5.552711891048068, 23.0, 0.0
5, 0 ,1.0,1.0,1.0,17.40343512998337,164.2921279961066,12.725899338930121,10.56312095141828,14.271665909273962,8.190298579499776,45.0,73.0,35.0,-0.019203496201135494,0.998674986328402,0.04774408251940082,14.283678239355366,0.9986407890832554,0.02147329978937466,-0.047491807454856386,10.566507211068071,0.04845410315779751,-0.04676717949718595,0.997729938815635,8.164950960942312,73.47620299220617,47.093681925230925,37.195737100303155,18.540508816307717,6.212124895233338,49314.0,128707.10473740508, 0.0, 0.0,1.7763568394002505E-15,87.26342523346321, 137.40980529836014,137.40980529836014,0.0, 111.57952423429184, -1.6695844280029872, -2.259434792310807, -1.6695844280029872, 203.68044782593256, 6.503420816063794, -2.259434792310807, 6.503420816063794, 67.08099082135605, 7.520738568344454, 5.205343819026462, 17.0, 0.0
6, 0 ,1.0,1.0,1.0,279.2888174853215,207.36856472862667,209.13705606472863,12.974957410455296,14.72935520577223,14.860676977097699,52.0,77.0,78.0,0.40316930283527347,0.2912072388467413,-0.8675556796509233,15.466019215004312,-0.19833456413163425,0.9532908360613396,0.22781567670418634,14.674499927043968,-0.8933744533632207,-0.08021799003171659,-0.4420940625627507,12.312775736237704,88.20943202438573,78.49297088155697,63.15645530576484,23.538639848548073,7.216341100530382,111728.0,437283.9523347486, 0.0, -2.8421709430404007E-14,0.0,73.06975452301822, 131.39866994066273,131.39866994066273,0.0, 168.34951980312883, -1.7667300518046942, -33.51752167901172, -1.7667300518046942, 216.9539047778095, -8.28749133332258, -33.51752167901172, -8.28749133332258, 220.83972021764157, 6.772939540012619, 4.917118871742216, 31.0, 0.0
7, 0 ,1.0,1.0,1.0,189.74082030669928,113.99253546643435,234.54963320826445,13.204303523526315,13.155359060677359,13.35527926749091,64.0,69.0,68.0,0.6565497686503933,-0.28800247752953867,0.6971348321680413,14.153318878117963,-0.0837692192859595,-0.9463587627991799,-0.312070200393159,13.076113372871491,0.7496166481511308,0.14649117724304517,-0.6454573694711454,12.428974682714136,66.96245328581983,67.12856608793771,69.29372565199344,22.097166656472318,6.123382531374277,101011.0,311481.7737462087, 0.0, 0.0,0.0,NaN, 171.56670819794434,171.56670819794434,3.3036247397782844E-6, 174.35363154140944, -7.358757179799769, 21.411256174004468, -7.358757179799769, 173.0634720153459, -4.328474884527513, 21.411256174004468, -4.328474884527513, 178.36348431267257, 6.497138837013412, 4.824560743069588, 36.0, 0.0
8, 0 ,1.0,1.0,1.0,121.77676337664434,186.56059841820675,114.61359050924058,12.523865924945257,12.662515490069811,14.727845051117392,63.0,67.0,78.0,-0.001804193860285803,-0.20073546586883861,0.9796438218183867,14.811771873433733,-0.34174984343727083,-0.920537935496701,-0.18925367584824457,12.570392019674646,-0.9397892260475834,0.3351345730507251,0.0669404851415999,12.517691262091553,78.21342471307285,66.50822926376424,66.44095860703405,22.201003461771837,6.419609130033588,99128.0,345614.99575836747, -1.4210854715202004E-14, 0.0,0.0,89.89662725030045, 202.07511736764243,202.07511736764243,0.0, 156.8472177060049, 0.4386498506627393, -0.025299164928228025, 0.4386498506627393, 160.3392985362579, -12.09877974123355, -0.025299164928228025, -12.09877974123355, 216.90941984972304, 6.2971476077030495, 4.666405283390544, 35.0, 0.0
9, 0 ,1.0,1.0,1.0,260.43670798961267,141.09048532286036,126.0457978142578,14.63332975034986,13.263111856578082,13.574872308666718,74.0,68.0,65.0,-0.8875409161158118,-0.22866805819771696,0.3999775510955477,14.949434363683096,-0.46042025629765243,0.4719791679980748,-0.7518303349603882,13.3956353811061,0.016861488994453038,0.85143795084312,0.524184229115069,13.091714893075409,81.4507603871997,70.5815120195583,66.23992659969176,22.980338398965294,6.798947048493637,108979.0,380807.8946411505, 0.0, 0.0,1.4210854715202004E-14,66.42322490353234, 193.28559767859633,193.28559767859633,0.0, 214.1343395824743, 8.822962428673664, -15.7060957576795, 8.822962428673664, 175.91013612010207, -7.621042698560509, -15.7060957576795, -7.621042698560509, 184.27715819660648, 6.043652601146363, 4.611008115406584, 37.0, 0.0
10, 0 ,1.0,1.0,1.0,22.796115594897163,133.1022650351471,191.755532413434,13.095781311773896,13.143494497898919,13.13772443842397,58.0,64.0,62.0,0.4768369569210254,-0.6251161665727663,0.6179452199051837,13.831328473538852,-0.878695129890057,-0.3207371702484805,0.35358526033828525,12.87146928664322,-0.0228338612983388,-0.7115879748213615,-0.7022258674157776,12.643985537090025,82.94259053876539,69.20387124955579,67.5961345703457,21.863594905601733,6.231689739211868,96025.0,387998.3215496633, 0.0, 0.0,0.0,NaN, 173.06860086913971,173.06860086913971,1.9073486328125E-6, 171.49948816580644, -7.734338507075191, 7.459315944704123, -7.734338507075191, 172.75144761629917, -12.80131557719267, 7.459315944704123, -12.80131557719267, 172.59980341996243, 6.430378117829181, 4.684891689539389, 35.0, 0.0
11, 0 ,1.0,1.0,1.0,47.19257885988785,248.59295146943325,213.65092513105262,13.301349518301969,14.55258642469674,13.278000111376413,64.0,71.0,65.0,-0.052578477744987945,0.861485069773955,0.5050534409689561,15.096681820207037,-0.8009454285765318,-0.3384410374730371,0.4939069594534273,14.045802461875333,-0.596424281967439,0.378551368655216,-0.7077972429791508,11.824321918631064,71.13200877091481,67.6504988055434,64.62567154264589,22.866155860756184,6.492139382786825,109498.0,310986.21992365323, -7.105427357601002E-15, 0.0,0.0,86.98608538342866, 111.02246110041814,111.02246110041814,NaN, 176.925899008032, 11.588224738023186, -25.074056679013445, 11.588224738023186, 211.77777164826784, 28.72328612409627, -25.074056679013445, 28.72328612409627, 176.30528695771204, 6.983369298648215, 4.915530437435269, 42.0, 0.0
12, 0 ,1.0,1.0,1.0,264.2120949338202,280.1561478776814,24.639717024189867,16.688973441864704,12.586777720506724,14.174848351868274,74.0,57.0,63.0,0.9326926791604127,0.3355780813999132,0.13218062461845353,17.24554513412772,-0.15977065258232448,0.05585374566979531,0.9855727764442725,14.138073270520588,-0.3233538384092404,0.9403550980234046,-0.10570990874749428,11.856693930068685,84.16564615037873,69.07293046836871,61.758675895478746,23.996590420577206,7.876470143061287,109550.0,359038.2510616772, 0.0, 0.0,0.0,NaN, 47.76681139777386,47.76681139777386,0.0, 278.52183454326547, 48.55645736250467, 9.995994294321784, 48.55645736250467, 158.42697338544446, 10.220949343534574, 9.995994294321784, 10.220949343534574, 200.92632579846273, 6.272155721401962, 4.7128335147056895, 24.0, 0.0
13, 0 ,1.0,1.0,1.0,136.94047459167967,22.34254486100063,250.99604334755523,14.710121677794623,12.45024598404625,12.775791732617265,73.0,55.0,68.0,-0.9990248724082563,0.03866987076486742,0.021305994571851353,14.71553644113916,-0.00890044784377837,-0.6490574695136626,0.7606873098039042,13.616342997510714,0.04324449488486931,0.7597559097259785,0.648768734834381,11.518044532716532,73.79457000312165,70.47161026224498,65.96399620334037,22.1667473861012,6.576660973080436,96799.0,343040.6287215811, 0.0, 0.0,0.0,NaN, 147.15050343051828,147.15050343051828,0.0, 216.3876797755233, -2.9358594253134043, -2.142509718399829, -2.9358594253134043, 155.00862506325979, -25.969925364086983, -2.142509718399829, -25.969925364086983, 163.22085439521166, 6.821115088446636, 4.73183947015117, 31.0, 0.0
14, 0 ,1.0,1.0,1.0,144.41029756015155,151.82462533484568,58.65633371141733,12.27231209607595,11.703214842311883,13.430089989917585,61.0,59.0,67.0,0.3601660319251295,0.11781631606840798,0.9254186863876129,13.595304272977167,-0.741383644461636,-0.565969363023451,0.3605953020265398,12.51314997697083,-0.5662426345411382,0.8159644574286913,0.11649584988750923,11.248598950317746,69.71490098406566,65.54150435458149,60.199813530045624,20.81446396764909,5.890695095275466,82874.0,275066.16106071754, 0.0, 0.0,0.0,NaN, 215.0600873780059,215.0600873780059,NaN, 150.60964418349207, 15.082055466602778, 11.3990839685627, 15.082055466602778, 136.96523764530917, 0.22419762726239095, 11.3990839685627, 0.22419762726239095, 180.36731713728452, 5.732725670337202, 4.496290974295761, 31.0, 0.0
15, 0 ,1.0,1.0,1.0,31.496564368028594,10.9251710112775,73.30261292906883,16.95251736041242,7.413463660955181,13.451748204135244,74.0,31.0,66.0,-0.9828186774278924,0.0037623402612488597,0.18453534104514013,17.06685831284415,0.18457292914077156,0.01716159437874911,0.9826689745314922,13.307856769640319,-5.3021437479894E-4,-0.9998456503251578,0.017561161652319118,7.410810588787426,78.83329774519865,66.13204623467709,31.442133329725902,21.534602485229357,7.717364437292433,64908.0,163920.64715577132, -3.552713678800501E-15, 0.0,0.0,10.636278658256483, 80.52742384333374,80.52742384333374,0.0, 287.3878448550844, -0.48696904641163136, -20.70683917724806, -0.48696904641163136, 54.959443452303, 2.2245453718566903, -20.70683917724806, 2.2245453718566903, 180.94952974745576, 6.080958909022394, 4.415923174871598, 25.0, 0.0
16, 0 ,1.0,1.0,1.0,219.15648280737372,29.21367978393663,268.9349725389258,12.807249899306713,14.002309942109694,14.924488778972757,69.0,64.0,65.0,-0.38088214313114915,-0.38748293704310727,0.8395151973277611,15.61143150407792,0.012629878503055109,-0.9100490383277348,-0.4143081389591118,13.733826987795553,-0.9245373325143882,0.14719959693970652,-0.35151529048957036,12.267677109977317,78.23636104691904,75.00491218888533,65.02864123784866,23.157177432190167,6.8246488836953505,110338.0,381595.310343688, 0.0, 0.0,0.0,NaN, 91.40103549604972,91.40103549604972,0.0, 164.02564998329183, 13.319868085795997, -30.007451973546342, 13.319868085795997, 196.064683714904, -15.950967459535635, -30.007451973546342, -15.950967459535635, 222.74036531368372, 6.090206400498033, 4.596245116922762, 34.0, 0.0
17, 0 ,1.0,1.0,1.0,160.37322914324264,259.1599280413762,282.4067798515853,15.233436432645144,15.830248029705915,10.058562562102951,72.0,80.0,43.0,-0.6590123782152282,0.7514799744152891,0.031313470135176616,17.676120414207343,-0.7517222465508533,-0.6594564244716239,0.005557721083315188,13.054448050129118,-0.024826385150639584,0.019876425128745587,-0.9994941612257943,10.048142726599284,90.09441043645856,71.60746871190847,43.94701404887229,22.855987424792197,7.837911576620994,88940.0,283521.2024671501, 0.0, 0.0,0.0,NaN, 146.5369168935309,146.5369168935309,0.0, 232.0575855474404, -70.3022240986446, -4.654261942583911, -70.3022240986446, 250.596752682008, 4.721879507432499, -4.654261942583911, 4.721879507432499, 101.17468081573907, 6.623211741147549, 4.792837668758988, 29.0, 0.0
18, 0 ,1.0,1.0,1.0,40.69165825006619,85.52496053186378,38.129524127043275,12.413934771227991,12.429881472966958,15.73229372356251,58.0,60.0,78.0,0.09326808675445385,-0.008553110633716086,0.9956042930259247,15.75885713309827,0.5726004241895397,0.8185085918803942,-0.046609432907234925,12.477104574466553,-0.8145120123184948,0.5744306131435394,0.08123824513377233,12.332602281642695,79.58155223533079,61.5860805238984,63.281474785356835,22.60477854827604,6.718391364324046,101981.0,310149.84124496934, 0.0, 0.0,0.0,NaN, 102.09892524053235,102.09892524053235,0.0, 154.10577650430335, 1.6034593103073411, 8.841773332041004, 1.6034593103073411, 154.5019534320072, -0.9563762236630203, 8.841773332041004, -0.9563762236630203, 247.5050658044443, 5.93967782784173, 4.403478322351063, 34.0, 0.0
19, 0 ,1.0,1.0,1.0,190.26002331717493,282.4712032889489,59.56194391605817,13.971155440411335,10.419638260998404,13.991963168028972,67.0,44.0,71.0,-0.7270734651687707,-0.039539280231601553,-0.6854201788437826,14.066830902233955,0.6771365638747066,0.12353974808022843,-0.7254129889299119,13.948817280565656,0.11335894367640974,-0.9915516002523721,-0.06304898036866294,10.348518926253417,67.15283676458947,69.90088774475502,46.802320834043826,21.35456692100116,6.596934950579245,81485.0,219692.10202159212, 0.0, 0.0,0.0,NaN, 126.08626554682316,126.08626554682316,0.0, 195.19318434013528, 9.927644900457057, 2.272878840357797, 9.927644900457057, 108.56886149006183, -5.379178972829196, 2.272878840357797, -5.379178972829196, 195.77503329547935, 6.079400429074557, 4.619051947412345, 33.0, 0.0
20, 0 ,1.0,1.0,1.0,281.8765157532433,103.88502779984114,167.83950225046334,10.919182341622642,13.214552228768309,13.412080533110192,45.0,67.0,68.0,-0.3373537402029008,0.6895364876817233,0.640883675971441,14.290877137874887,0.18884290321288177,-0.617384871575066,0.7636584827371262,12.78708347726241,-0.9222422739590956,-0.3786493793812323,-0.07806302336550593,10.295541006609136,76.09804233619437,67.90167950394554,54.057508803952146,20.762669555411716,6.530573541117463,75540.0,279325.14222819713, 0.0, -1.4210854715202004E-14,0.0,46.406570956112986, 169.07677796676126,169.07677796676126,1.9073486328125E-6, 119.22854300960371, -29.555446924583894, -12.944190137777529, -29.555446924583894, 174.62439060684545, 16.294586669913752, -12.944190137777529, 16.294586669913752, 179.88390422663338, 6.135113564237798, 4.540909559361178, 26.0, 0.0
21, 0 ,1.0,1.0,1.0,275.52366575962816,209.67112241047133,11.049516356485988,14.391403349285879,13.782969757113095,7.0860117744860425,58.0,77.0,28.0,-0.7507586580610769,0.6561790677021381,-0.07609512767506547,16.219754925273147,-0.6588824122037805,-0.7520930847028593,0.015164393514592834,11.630221355927716,0.047280061705324006,-0.06152254100482757,-0.9969852419737468,6.996557005533936,93.41361131290495,60.680437826265575,31.955525554840026,19.762827295136553,7.531597829019818,50347.0,181136.02466521735, 0.0, 0.0,0.0,NaN, 94.2363458339865,94.2363458339865,0.0, 207.1124903618368, -62.71639109285731, 11.370598074587337, -62.71639109285731, 189.97025532549424, -11.676248995358415, 11.370598074587337, -11.676248995358415, 50.211562868154836, 6.4443953292813605, 4.684599693606494, 14.0, 0.0
22, 0 ,1.0,1.0,1.0,52.91906545513398,188.79771565975352,48.33216573027213,14.002520927478308,11.122594306058971,13.01182133358518,73.0,55.0,68.0,-0.9390072576545625,0.02161582182022043,0.34321731646158826,14.14222009157567,0.3360960055048872,0.2690550574507116,0.9025789999461835,12.997921936549124,-0.07283436795714221,0.9628822006389103,-0.2599096430243651,10.96092272810981,70.28715924599955,67.06492642823513,58.138543775085395,21.243245583325393,6.149366465362516,86502.0,274053.65157889726, 0.0, 0.0,0.0,NaN, 132.29653727634852,132.29653727634852,0.0, 196.07059232446798, 2.7923147133468977, -10.93285135282845, 2.7923147133468977, 123.71210409717546, 12.44424679138413, -10.93285135282845, 12.44424679138413, 169.3074944171424, 6.026102139643528, 4.330368966041196, 32.0, 0.0
23, 0 ,1.0,1.0,1.0,91.05074295710796,268.3279678283038,39.27711820111577,11.31475199272961,14.696071211831926,13.599843376930304,61.0,61.0,66.0,-0.0491956267093151,-0.845702075796363,0.5313829027230743,15.335658087034762,0.28689167205122185,-0.521571883192524,-0.8035271863295349,13.030226006620008,-0.9566989907072821,-0.11291930595220045,-0.26828393825002167,11.134840046054437,76.28082571237152,71.56421934668657,58.57357782830458,22.053576782604992,6.526378221570811,93747.0,319751.85770586133, 0.0, 0.0,0.0,NaN, 104.09633725117673,104.09633725117673,NaN, 128.02361265697868, -2.22721946258807, -13.465446907983269, -2.22721946258807, 215.9745090632351, -30.775793104969008, -13.465446907983269, -30.775793104969008, 184.95573987703506, 5.844149077831424, 4.259282148856603, 33.0, 0.0
24, 0 ,1.0,1.0,1.0,68.6370269088953,62.37276833245542,161.37413563159134,13.555115187719524,12.73336803566747,12.027557740671309,65.0,62.0,58.0,-0.9414016526472458,0.2176114349136228,-0.25769786919543797,13.764134141989755,0.101322458847168,0.9111986052149357,0.3993129864999636,12.818713430559468,0.32170901094964494,0.3498033236680151,-0.8798527984979142,11.694919914039216,66.89956276731508,63.24361044924274,65.63318647110437,21.31897635545411,6.003599057626766,89227.0,277692.03553927084, 0.0, 0.0,0.0,NaN, 166.78889041010797,166.78889041010797,0.0, 183.7411477523445, -8.248670828524586, 13.89466339449201, -8.248670828524586, 162.13866153175803, 7.069327386975271, 13.89466339449201, 7.069327386975271, 144.66214520518233, 6.248840868610998, 4.387854966363409, 37.0, 0.0
25, 0 ,1.0,1.0,1.0,123.99387678844786,169.06975398671696,274.37743331364584,13.08862351402737,11.560477011535598,13.149062750576343,68.0,56.0,61.0,-0.7985146669731574,0.3179304275628756,0.5111698053078196,13.304679622049925,0.5208668600030858,-0.06078795475959866,0.8514708090749034,13.124467996645949,0.30178144538601664,0.946163340964884,-0.11705935005327334,11.339681891676383,73.51343823708388,69.2652602940546,60.212811426016,20.976259713966524,6.152322639217548,82963.0,306599.266414679, 0.0, 0.0,0.0,NaN, 182.13656065085965,182.13656065085965,0.0, 171.3120654919502, -13.676525257943268, -0.4016159477919186, -13.676525257943268, 133.64462873424304, 5.610064648264035, -0.4016159477919186, 5.610064648264035, 172.8978512185943, 5.680281855518447, 4.222021329008555, 31.0, 0.0
26, 0 ,1.0,1.0,1.0,276.65072437040226,207.83217557017275,287.1759185262597,13.72782051988473,12.836029876759705,7.682252437222928,59.0,71.0,35.0,0.9799253105503513,0.1121419696407398,-0.16483496106073614,13.864974522754522,0.12325818125519326,-0.9906310298909548,0.058801219127229735,12.848797377548323,0.15669654270742817,0.07793806042160682,0.9845668348270002,7.409764447438878,66.7058790521209,69.40297331149404,41.96568525348141,19.175871385045085,6.672306824229444,48801.0,194283.7633482464, 0.0, 0.0,0.0,NaN, 95.94036480126348,95.94036480126348,0.0, 188.4530562261683, 1.6374138356508163, -21.384223042967985, 1.6374138356508163, 164.76366299706777, -8.957013734758231, -21.384223042967985, -8.957013734758231, 59.017002509217626, 5.615565846904776, 4.34478362551872, 15.0, 0.0
27, 0 ,1.0,1.0,1.0,12.989650073928043,250.00186580299936,81.19154403999156,8.248866107248581,11.867909769773268,13.75292024302036,33.0,57.0,60.0,-0.06327404567915726,0.04351267520773147,0.9970471614922024,13.772387395358919,-0.10941675565271712,0.9927240938185505,-0.05026775442140744,11.903885396644403,-0.9919800243582655,-0.11227430983267687,-0.058052653908074625,8.164113391262285,59.043157603225616,57.42314856557144,36.18843973859545,19.05691145240326,5.904914517993428,56812.0,122694.87877302043, -1.7763568394002505E-15, 0.0,0.0,86.37224079255469, 96.2320697887262,96.2320697887262,0.0, 68.04379205531436, -8.490669275995069, -7.348577274245923, -8.490669275995069, 140.84728230347977, 1.5922462918354945, -7.348577274245923, 1.5922462918354945, 189.1428152108792, 7.806751460816871, 4.969962416975428, 25.0, 0.0
28, 0 ,1.0,1.0,1.0,60.45392179281957,43.89882893834174,34.25226569740152,11.88645645054001,12.388720463367912,14.703638339060248,62.0,66.0,68.0,-0.3492450088511054,-0.388523575369065,0.8526883106827665,15.579933042502455,-0.4335558156470973,-0.739721748739154,-0.514627136051791,12.092026339266447,-0.830696863188475,0.5494189347162389,-0.08989747306849956,11.04598603464463,81.16359767958656,65.7971675724282,60.363737753603296,21.593412820253736,6.685038881713656,83087.0,322362.5716355048, 0.0, 0.0,0.0,NaN, 82.18881643931566,82.18881643931566,9.5367431640625E-7, 141.2878469505842, 24.142810145876485, -30.549992186232537, 24.142810145876485, 153.48039471947084, -30.77970626629487, -30.549992186232537, -30.77970626629487, 216.1969804058824, 6.21192993931054, 4.332939660717345, 26.0, 0.0
29, 0 ,1.0,1.0,1.0,134.30058187421952,142.7350479581263,174.79949252065785,13.457852160226155,11.199139560583417,11.703029496206625,69.0,53.0,55.0,-0.9826092119116533,0.18566281578196853,-0.002907834636119686,13.534533154037145,0.06675895291278117,0.367843952363318,0.9274880424650889,11.815261702983488,-0.17326967095354356,-0.911164170468552,0.37384151131463017,10.986874635003876,69.05605781283604,57.89412911034307,58.469059879880135,20.234347134574076,5.836660611220626,75274.0,233755.81236781192, 0.0, 0.0,0.0,NaN, 232.56205038751995,232.56205038751995,0.0, 181.11378476650378, -10.93319333502368, 1.3480708110051438, -10.93319333502368, 125.42072689742454, 6.410647485612511, 1.3480708110051438, 6.410647485612511, 136.9608993890823, 5.587264298147539, 4.050507981704445, 33.0, 0.0
30, 0 ,1.0,1.0,1.0,238.95933410742475,95.19092225599812,185.27436757165782,13.19344769647591,11.384810183055784,11.903969832589238,67.0,56.0,59.0,0.900196794869556,-0.38309111526834283,0.20709159304287486,13.616120185448377,0.23137582638293983,0.01786969062819447,-0.972700314137126,11.831119080112304,-0.36893218546528295,-0.9235376936321062,-0.10472426160398621,10.954969429746425,73.98225035027866,59.93445262430279,56.06891066940662,20.290367107415946,5.804004259592849,76649.0,248614.3538171754, -2.8421709430404007E-14, 0.0,0.0,25.816052887698092, 161.08769446683243,161.08769446683243,0.0, 174.06706211964553, -22.46677576130223, 7.696632750862401, -22.46677576130223, 129.61390290421068, -5.534515715060011, 7.696632750862401, -5.534515715060011, 141.70449777519465, 5.845380927139934, 4.277384025501596, 30.0, 0.0
31, 0 ,1.0,1.0,1.0,275.36734446375874,64.69340461656628,239.7273618466265,14.477895884790689,13.476514502658492,12.579965364255436,58.0,71.0,63.0,-0.9614429529601687,0.2223748815357786,-0.16179264589337605,14.582918780734264,-0.22470498481511245,-0.9744186812482293,-0.003987910944593688,13.417422715841449,0.1585405878709646,-0.03252146516395563,-0.9868167186976102,12.52168872221315,63.90632089059551,69.7881271618228,66.53540664072585,22.469137277032402,6.6797687821470495,98948.0,296741.4230060248, 0.0, 0.0,0.0,NaN, 91.78668329129978,91.78668329129978,0.0, 209.60946925083917, -6.8574389679726595, 8.711463107883166, -6.8574389679726595, 181.61644314036465, -1.919796495724269, 8.711463107883166, -1.919796495724269, 158.2555285658664, 5.467351375915514, 4.079508790595187, 30.0, 0.0
32, 0 ,1.0,1.0,1.0,131.5784555337328,276.20225927918233,58.89028860227429,12.844479357425898,12.143358228042679,12.306746909860912,64.0,53.0,67.0,0.7291961845315462,0.2501634043841103,-0.6369389260922814,13.347125817915437,-0.5731037834757192,0.7318729111718472,-0.36866528892568873,12.674394917462877,-0.37393178232192603,-0.6338614304402799,-0.6770485279282061,11.185337026581239,69.70486395181419,68.26357940435449,61.27690237751838,20.682587997512954,6.010688167458348,79937.0,291574.09998623334, 0.0, 0.0,-7.105427357601002E-15,50.43606020944167, 146.10711315920565,146.10711315920565,0.0, 164.98064996334003, -5.227685165435186, -17.125235435019693, -5.227685165435186, 147.46114905457185, -18.036543604608205, -17.125235435019693, -18.036543604608205, 151.45601950337112, 6.237921619744634, 4.292753449578614, 22.0, 0.0
33, 0 ,1.0,1.0,1.0,36.12005762203692,176.40057856272838,209.14493347699803,12.164166749093603,13.153321309313323,12.847077601088284,66.0,63.0,67.0,0.24934383978113606,0.8119880198510998,0.5277339340818341,13.562353619827281,-0.34381656900947827,-0.435220132329315,0.8320899009661183,12.583528390701197,-0.9053274636493417,0.3889201615158875,-0.17065547611695958,11.989228273135414,60.281897638336716,63.0159210515728,73.33273213743459,21.17545636673862,6.133862136906047,85384.0,278570.4650694057, 0.0, 0.0,0.0,NaN, 157.59479260161694,157.59479260161694,0.0, 147.96695269975444, 10.323440798668013, 1.1113708297490978, 10.323440798668013, 173.00986146603597, 11.935887757498135, 1.1113708297490978, 11.935887757498135, 165.04740288838428, 5.573016226668269, 4.218768192897257, 40.0, 0.0
34, 0 ,1.0,1.0,1.0,164.11149610784128,9.706094550977786,224.0206948927283,13.363739154531734,6.56218930917879,12.326598640091808,62.0,27.0,66.0,0.8778615531919141,-0.0625612502542877,0.47481068163437584,13.765986846883452,0.4784533333691661,0.071067702283261,-0.8752324202633897,11.921212448214039,-0.021011930311459846,-0.9955076452035905,-0.09232024223207062,6.4791347145862455,62.83031356603544,59.29078802238813,28.872194777318573,18.269558915413686,6.310317249554929,42136.0,107556.39775682912, 0.0, 0.0,0.0,NaN, 155.989578389281,155.989578389281,0.0, 178.58952419036453, -4.697105377835861, 19.557546406729685, -4.697105377835861, 43.062328529500405, -10.610682419984188, 19.557546406729685, -10.610682419984188, 151.9450340339132, 6.468933964551672, 4.326017317644657, 16.0, 0.0
35, 0 ,1.0,1.0,1.0,52.022270712580976,20.373624275485852,165.5803068530515,12.429296052762677,11.470232565590786,12.261513644366898,61.0,49.0,59.0,0.6417593199148098,0.20657320358382142,-0.738561092167464,12.77534422983162,-0.6996082218347843,0.5521935380141388,-0.45346513925173887,12.4230783485708,-0.3141549159947231,-0.807718891778906,-0.49889566105529876,10.902112477934546,69.71914521355373,61.33757041461254,58.56825092889444,20.070013178815067,5.7959402454739095,73325.0,250461.4427344314, 0.0, 0.0,0.0,NaN, 145.5680429281493,145.5680429281493,0.0, 154.48740036722185, -7.825436460168704, -9.767591422994608, -7.825436460168704, 131.5662351087394, -15.650270529101123, -9.767591422994608, -15.650270529101123, 150.34471685099564, 5.5743331630055994, 4.06567440997901, 23.0, 0.0
36, 0 ,1.0,1.0,1.0,104.01492339617643,229.4311595802611,156.88548427450806,12.076016500221034,10.931978644206108,11.986459725842563,59.0,52.0,59.0,-0.8269738400140901,0.5446778892482603,0.13942835040410312,12.850491656095935,-0.1665339096085195,-4.367080274700341E-4,-0.9860356313220127,11.984007959904083,-0.5370109169121713,-0.8386452207281443,0.09106848448827082,10.01308972114997,58.505684768293534,59.50400644459219,54.03149940910819,19.462557181588988,5.497491819330629,67947.0,188101.0823550673, 0.0, 0.0,0.0,NaN, 190.475274349825,190.475274349825,0.0, 145.83017451361064, -29.21795216587, -0.3609413374299162, -29.21795216587, 119.50815707737841, 4.945367016851342, -0.3609413374299162, 4.945367016851342, 143.67521675924579, 5.943194636505557, 4.144349650825898, 23.0, 0.0
37, 0 ,1.0,1.0,1.0,186.6856985283446,65.61824039940785,63.03026036980059,11.807926191532214,10.92921498566969,12.629891099482299,60.0,57.0,61.0,-0.5637026894544614,-0.1509545784748984,0.8120664955157755,13.192865646999293,0.607244787644611,0.5907122475882354,0.53133116643738,11.667990513177912,0.559904497017356,-0.7926359541345073,0.2413197017092065,10.401697156572949,66.22563255692152,56.40663386539666,55.077357450144056,19.657891678551582,5.652990809010551,68902.0,205745.04923171835, 0.0, 0.0,0.0,NaN, 145.32273777151508,145.32273777151508,0.0, 139.42712094467248, 15.628626369184834, -21.12974487578867, 15.628626369184834, 119.44774020298694, 0.6984408111119634, -21.12974487578867, 0.6984408111119634, 159.51414918478218, 5.349055108851104, 3.9333479336333284, 33.0, 0.0
38, 0 ,1.0,1.0,1.0,92.09903143724863,158.67224821472544,106.49191496347369,11.266681499276894,11.55512498122841,13.164092389233367,57.0,56.0,61.0,-0.09389501505646741,0.20106411739453853,0.9750676627003385,13.208840103242997,0.6587938969725611,-0.7217564728983111,0.21226915730057438,12.441116878081669,-0.7464411078305191,-0.662299641043044,0.06469047854980686,10.222402248155756,62.52688702146605,57.72687352713438,52.65176362997707,20.03386473538069,5.691802661259202,73098.0,190045.57724950984, -1.4210854715202004E-14, 0.0,0.0,84.61227544539611, 199.4900823824262,199.4900823824262,0.0, 126.93811200614822, -25.230490640324014, 0.625202161200219, -25.230490640324014, 133.52091333180886, 6.01503869729535, 0.625202161200219, 6.01503869729535, 173.29332843227186, 6.21589142871479, 4.296031416023996, 28.0, 0.0
39, 0 ,1.0,1.0,1.0,84.0289207189125,207.9517379801113,190.6878543407145,13.78652337007774,12.340374052303156,10.373053864570123,65.0,60.0,52.0,-0.9750025225536154,0.22218257742332553,0.002232331430283099,13.86182389272599,0.21520492318437096,0.9467871816697554,-0.2393342300279069,12.367677376443503,-0.05528943887665797,-0.2328710692966603,-0.9709346749567319,10.239321244154235,65.41498912854003,59.381986925218484,55.05972083075301,20.394568555877964,5.832227557401462,76727.0,213877.94549955236, 0.0, 0.0,2.8421709430404007E-14,89.87209672434008, 165.77963459576156,165.77963459576156,0.0, 190.06822663369968, -9.10933447909942, -2.6682699542800656, -9.10933447909942, 152.28483175075704, -10.85965664467979, -2.6682699542800656, -10.85965664467979, 107.60024647727315, 5.660699057785602, 4.1069756967361055, 21.0, 0.0
40, 0 ,1.0,1.0,1.0,288.0352359640627,76.80241140910458,283.9542767442637,8.043691489716249,11.647399020422922,8.85717963593781,37.0,61.0,36.0,0.19296389372234687,-0.964112560267376,-0.1823510538883636,11.81438693878104,0.5035537428256066,0.25680783229752896,-0.8249141563562647,9.280195382877297,0.8421392781516812,0.06735509190351063,0.5350371274863414,7.2877117631213135,60.848566288583875,49.86924510715812,38.83796694096213,15.820203415851179,5.341691839394202,29941.0,117852.72580839075, 0.0, 0.0,0.0,NaN, 79.36769627177478,79.36769627177478,NaN, 64.70097278173361, -11.817692930649814, -16.755110449390415, -11.817692930649814, 135.66190394094886, 8.208593608064643, -16.755110449390415, 8.208593608064643, 78.44963110327141, 6.580547364891174, 4.413354550007, 9.0, 0.0
41, 0 ,1.0,1.0,1.0,120.93943347224739,235.88787823881137,76.38829498097482,11.88956568991945,12.357285702984953,13.046706557833042,61.0,61.0,65.0,-0.11760215040543934,-0.12369561677579856,0.9853269145874738,13.080364182271863,0.3962949822782591,-0.9156277773229429,-0.06764658465674027,12.445064817167026,0.9105602787520936,0.3825247283315183,0.1566997478421942,11.7603260499852,65.6987730202323,60.97691950218618,58.64127339562569,20.74943918063264,5.808752700495606,82785.0,234923.3210326084, 0.0, 0.0,0.0,NaN, 156.75420994477327,156.75420994477327,0.0, 141.36177229490977, -5.537152606276458, -4.243994551735145, -5.537152606276458, 152.70250994519634, -2.969944385898232, -4.243994551735145, -2.969944385898232, 170.2165520062037, 6.160712501819046, 4.312272762896201, 36.0, 0.0
42, 0 ,1.0,1.0,1.0,23.550964712612174,187.99890360024312,122.10202476433363,12.607436450080964,12.701881639328827,12.327690022662503,53.0,61.0,59.0,-0.5732958724267427,-0.5716485290537933,0.5869836470372018,13.820368416587819,0.6552819605849091,-0.7499597743131143,-0.09036530885367756,12.248847104279342,0.4918713193412051,0.33283373648543657,0.8045398119836487,11.455145296458312,72.67963756581136,63.83960726601303,59.17650308778559,20.909244671412438,5.9212059234779835,83911.0,274569.4775896502, 0.0, 2.8421709430404007E-14,0.0,55.13473711687681, 167.35530462220873,167.35530462220873,0.0, 158.9474538428301, 10.34624410093503, -21.23169559300532, 10.34624410093503, 161.33779717951876, -18.784803109505454, -21.23169559300532, -18.784803109505454, 151.97194129485266, 5.948056106661587, 4.290854932929192, 22.0, 0.0
43, 0 ,1.0,1.0,1.0,215.8567739233615,135.5199553290989,206.14055978222936,11.861577156509261,12.635215332072699,11.42507965326614,62.0,58.0,59.0,0.42599318231748295,0.748496075952199,0.5082159313748283,13.801455562943461,0.8802545143114333,-0.4726657085334869,-0.04170273385378395,11.436363218482777,0.20900191064525292,0.46512444814339504,-0.8602194191518441,10.4693622007348,66.90702263623871,60.985787313216065,52.174703892479016,19.94816955420944,5.740091954631992,71635.0,212892.48534091012, 0.0, 0.0,0.0,NaN, 185.08196915145064,185.08196915145064,0.0, 140.69701263982233, 16.973110095296352, 16.73104129776875, 16.973110095296352, 159.648666487845, 31.181302014256755, 16.73104129776875, 31.181302014256755, 130.53244508347595, 5.7843976461763384, 3.9167717136795055, 29.0, 0.0
44, 0 ,1.0,1.0,1.0,125.61747878679803,91.8016881399254,213.17615502355372,12.702239714119475,10.301324478979232,12.207775922350228,63.0,51.0,65.0,0.7493115881288673,0.1221686359360063,0.6508509570472569,13.620379364570466,-0.6173412554001458,0.4845151310968871,0.6197861422451602,11.648843276739575,0.23962870920815554,0.8662100854479253,-0.43847254143393233,9.7613364364531,67.62371838079162,58.011746938005814,52.68722159517216,19.606738832903172,5.66301731277671,67293.0,206690.39168822972, 0.0, -1.4210854715202004E-14,0.0,82.98272270105241, 178.17317693352652,178.17317693352652,0.0, 161.346893754954, -3.8276751755781517, 28.542425013913956, -3.8276751755781517, 106.11728602121677, 19.310103410300265, 28.542425013913956, 19.310103410300265, 149.02979297031396, 6.180081225148532, 4.207055640440335, 37.0, 0.0
45, 0 ,1.0,1.0,1.0,107.5907699730125,211.04331569345817,279.52220061211875,11.814740384835007,12.157721465576383,11.311911364784475,61.0,58.0,46.0,0.49206954235317746,0.8447455014694725,0.21041055875460213,12.252976517007667,-0.7208512046571842,0.5308843787219039,-0.44557302114619257,11.930068950526703,-0.4880994839503737,0.06757820784948348,0.8701678456431445,11.085830669357419,60.44097632341635,65.09392284244197,55.83148702086672,19.540279031840793,5.790951189413397,66327.0,219660.06656548963, 0.0, 0.0,0.0,NaN, 141.09714998528406,141.09714998528406,0.0, 139.58809036105126, 3.886874393045601, 9.061364017894281, 3.886874393045601, 147.81019123453675, 0.2453558526900645, 9.061364017894281, 0.2453558526900645, 127.95933872474018, 5.3115193419311115, 3.9896284715881474, 26.0, 0.0
46, 0 ,1.0,1.0,1.0,280.23697103136635,233.60681967515475,47.72118410586866,11.560788959419416,12.101958715822851,15.788299227953178,50.0,62.0,72.0,0.35037642797932117,-0.023668279383953154,0.9363098692566765,16.372192952008707,-0.1528898694769081,0.9848263961041632,0.0821075961639295,12.139922883112307,-0.9240460197023659,-0.17192085995448053,0.3414413147009693,10.674886836373679,85.50117069066164,61.02335976942399,57.89498011993231,21.91619234090819,7.004295247305465,86749.0,302071.03614717006, 0.0, 0.0,0.0,NaN, 84.11862528672638,84.11862528672638,9.5367431640625E-7, 133.65184136423386, -6.310613287324982, 50.13311529050104, -6.310613287324982, 146.45740475948068, -0.7121217825799289, 50.13311529050104, -0.7121217825799289, 249.27039251138694, 5.658685054649494, 4.016585003494984, 19.0, 0.0
47, 0 ,1.0,1.0,1.0,224.77751464002756,232.54628832242508,166.68757894132506,14.000794647182936,10.570082483319275,11.180897369852302,72.0,53.0,58.0,-0.9952629901849201,0.08816301727382499,0.040973927726621596,14.027661081856975,-0.06497676066331919,-0.28972312031639613,-0.9549023688984297,11.23999616860448,0.0723159798514335,0.9530413400998434,-0.2940792463245594,10.471321366200218,72.55667874649677,54.5641109798118,53.664116101172795,19.935066303177443,5.945964340618647,69672.0,212455.73503617442, 0.0, 0.0,0.0,NaN, 167.27410777325377,167.27410777325377,0.0, 196.02225075258636, -7.330792638564781, -2.517522660904228, -7.330792638564781, 111.72664370417299, 4.931852938256813, -2.517522660904228, 4.931852938256813, 125.0124659951701, 5.510258858843582, 3.965398463951531, 34.0, 0.0
48, 0 ,1.0,1.0,1.0,200.45791547804606,175.43724083169133,193.4796929682675,12.563207281251701,10.699621181109503,11.779215841043772,64.0,53.0,56.0,0.9119911732502857,0.2688005850024269,0.3098682710700153,12.823683438984236,-0.3102568268995003,-0.04217126901217175,0.9497169501657622,11.665226741879211,-0.26835201000890796,0.9622722221763734,-0.04493739146771839,10.51387771272364,65.08382088346832,56.962237391321835,51.492194403897884,19.4997833071162,5.551976892636495,68006.0,190898.04501519268, 0.0, 0.0,2.8421709430404007E-14,71.94870792414181, 191.75787695094158,191.75787695094158,0.0, 157.83417719169574, 13.548641050205871, 7.709156269670021, 13.548641050205871, 114.48189341924711, 3.4671842129897383, 7.709156269670021, 3.4671842129897383, 138.74992582989654, 5.914943793470451, 4.199241403056788, 32.0, 0.0
49, 0 ,1.0,1.0,1.0,236.81823413561142,273.56725579967775,96.41524925186076,12.175483214660137,12.092922532456388,12.87900314898545,62.0,57.0,65.0,0.18161142692093335,0.5889695155769102,0.7874847295870838,13.469362916770304,-0.8256043449922497,-0.34372006501921387,0.4474751193453176,12.574873336936626,-0.5342235067288421,0.731417409298061,-0.4238322996587817,10.990846745104427,74.23801287383452,61.617717380600595,57.30072284366103,20.596174431499293,6.012278086156019,78194.0,262115.10270915722, -2.8421709430404007E-14, 0.0,0.0,79.53636504960238, 118.26464303417366,118.26464303417366,2.3360154559928683E-6, 148.24239151047075, 17.07769658389155, -5.120265779769597, 17.07769658389155, 146.23877537599142, 22.376770649723106, -5.120265779769597, 22.376770649723106, 165.86872211157714, 5.661816686118558, 4.08695573804035, 25.0, 0.0
