// Sample: .//bubblelabels.tif, Map: .//bubblelabels.tif, Thickness:(8.191250068658265):/gpfs/home/mader/Foam/NewValid/InSilicoTest/LatticeData_OldFoam/out_Step_07000.vtk/distmap.tif, Neighbors:(1.0):
//LACUNA_NUMBER, TRIANGLES, SCALE_X, SCALE_Y, SCALE_Z, POS_X, POS_Y, POS_Z , STD_X, STD_Y, STD_Z,PROJ_X, PROJ_Y, PROJ_Z, PCA1_X, PCA1_Y, PCA1_Z, PCA1_S, PCA2_X, PCA2_Y, PCA2_Z, PCA2_S, PCA3_X, PCA3_Y, PCA3_Z, PCA3_S,PROJ_PCA1, PROJ_PCA2, PROJ_PCA3,OBJ_RADIUS, OBJ_RADIUS_STD, VOLUME, VOLUME_BOX, Mask_Grad_X,Mask_Grad_Y,Mask_Grad_Z,Mask_Angle, Mask_Distance_Mean,Mask_Distance_COV, Mask_Distance_STD, SHAPET_XX, SHAPET_XY, SHAPET_XZ, SHAPET_YX, SHAPET_YY, SHAPET_YZ, SHAPET_ZX, SHAPET_ZY, SHAPET_ZZ, Thickness, Thickness_STD, Neighbors, Neighbors_STD
1, 0 ,1.0,1.0,1.0,78.87006330188642,135.9007585959065,39.6020392448002,18.00200668155671,17.268298093971516,18.969571743805243,97.0,91.0,87.0,0.390755766807348,-0.38842246370688327,0.8345285617608759,19.500081052030524,0.8402133558503162,-0.21978890425855746,-0.49571600157305085,17.901590187691983,-0.37596734879182236,-0.894885929743394,-0.2404739598995085,16.77471083162441,96.38907518205008,91.33999622445003,89.76849048237449,30.160158966214386,8.5132735713861,253231.0,790337.7477415523, 0.0, 0.0,0.0,NaN, 162.04266285312988,162.04266285312988,0.0, 324.07224456281244, -22.22129375613649, 15.963225273804834, -22.22129375613649, 298.1941190622603, -27.788715251051723, 15.963225273804834, -27.788715251051723, 359.8446521433743, 7.932253758239183, 6.224946560409842, 42.0, 0.0
2, 0 ,1.0,1.0,1.0,54.678534404060095,259.76195670674156,13.820637794179083,18.794857210144436,19.83758393132273,9.235527779201293,110.0,95.0,38.0,-0.23280960342922336,0.9723571912142663,-0.017921530208946462,19.905978977409184,-0.9704647109847411,-0.2310794835849981,0.06928576332402515,18.759405256846165,0.06322921227114925,0.03352260371738685,0.9974358634797411,9.160135506789569,105.64408056082101,112.99026426511645,41.566041128793195,27.149874549418648,9.744520465019772,129258.0,496163.5487099641, 0.0, 0.0,0.0,NaN, 69.2809662294343,69.2809662294343,0.0, 353.2466575497183, -10.603847923698881, -16.71746320054683, -10.603847923698881, 393.52973623227376, -9.733809866398055, -16.71746320054683, -9.733809866398055, 85.29497336039877, 8.033359182743217, 6.052927352365431, 25.0, 0.0
3, 0 ,1.0,1.0,1.0,259.73879933235236,140.42821689763468,126.62734719873498,17.44207730669042,16.79450675291117,15.236408418903633,89.0,88.0,76.0,0.7880040495193585,0.5051089632393599,-0.35201499001654907,18.117038686094105,0.571647659322698,-0.8125862793656389,0.11367714008360962,16.506082839150576,0.22862320864683253,0.29080659181312685,0.929065635262687,14.756415483017875,98.89234562684629,95.5986502298274,76.64325006290545,27.402706069147147,8.217138153989472,182132.0,724583.3516181629, 0.0, 0.0,-1.4210854715202004E-14,69.38938946923129, 193.32752892135846,193.32752892135846,0.0, 304.2260607725649, 18.563863365422797, -27.090139084370744, 18.563863365422797, 282.0554570735788, -24.69584182199575, -27.090139084370744, -24.69584182199575, 232.14814150763752, 6.797549716079897, 5.64485270349519, 40.0, 0.0
4, 0 ,1.0,1.0,1.0,77.76640842357574,17.377288875572486,261.930984890639,16.668400054817987,10.521588288874984,17.122517291091054,81.0,45.0,78.0,-0.5488423898459177,0.17061571887456645,0.8183289727127697,17.467962312124016,-0.8183386328589967,0.09008904245334359,-0.5676317876936667,16.526773136768067,0.17056937907693215,0.9812105996689776,-0.09017674876904426,10.171334290041596,94.65696773227324,91.5185630587732,48.820606324359034,24.786120473831918,8.20781400546782,116815.0,422926.5498157929, 0.0, 0.0,0.0,NaN, 88.31100927497229,88.31100927497229,0.0, 277.83556038745627, -31.394195252769357, -11.760357961641228, -31.394195252769357, 110.7038201205912, 19.480731951504662, -11.760357961641228, 19.480731951504662, 293.18059838371215, 7.689020607502642, 5.9095885148078455, 23.0, 0.0
5, 0 ,1.0,1.0,1.0,188.19216044187894,113.18343072528359,236.20206360306756,15.989181500397496,14.98285705073445,16.295943156258865,81.0,88.0,82.0,0.08716884989900664,0.11601116007644362,-0.9894154851956798,16.3064736678519,0.925477805088663,0.3580960749477271,0.12352341233670061,16.17059679219575,-0.36863589610285535,0.9264494653486236,0.07615093078679434,14.775263439658122,81.82749482713771,83.54966368190418,84.53095284227442,26.290968299750666,7.38123835605945,168734.0,577909.3563950735, 2.8421709430404007E-14, 0.0,0.0,84.99924614647378, 171.41078923424467,171.41078923424467,0.0, 255.65392505265353, 14.791496925121177, 0.831547226605962, 14.791496925121177, 224.48600540274302, -3.5528587633703967, 0.831547226605962, -3.5528587633703967, 265.5577633520201, 6.996609811238054, 5.680455974258189, 39.0, 0.0
6, 0 ,1.0,1.0,1.0,274.6886525401023,206.00756031359575,208.46715515534171,15.272679899313776,16.128933435837208,17.42076580556885,62.0,88.0,88.0,-0.32576116676677797,0.32908436130487545,0.8863312842111069,17.961098172723112,-0.17427978816349307,-0.9423046452011783,0.28581202051343096,15.896171847519971,-0.92925035252317,0.0613631711765629,-0.3643190134466226,14.885932935525519,93.72517441969289,85.10794925914249,74.51938035069765,27.044054169422484,8.093173692591169,171686.0,594423.0178223802, 0.0, 2.8421709430404007E-14,0.0,70.78679061965806, 133.61700757685864,133.61700757685864,0.0, 233.25475130690302, -5.721630598866874, -30.713859536167035, -5.721630598866874, 260.1424937776675, 21.087203572850402, -30.713859536167035, 21.087203572850402, 303.48308125247684, 7.74373974916555, 5.976670231835456, 34.0, 0.0
7, 0 ,1.0,1.0,1.0,263.483767934577,279.8464538284683,27.429760484269956,18.254016244775883,11.646264839771273,16.00998888498418,80.0,50.0,68.0,-0.9878483768493705,0.1466082541014734,0.051590737399094255,18.381270244863074,-0.05143867540856034,0.004830727277333425,-0.9986644715549786,16.003220548927633,-0.14666167539025723,-0.9891828364378803,0.002769308295025623,11.45382792465659,82.46457664412574,70.18384656291197,56.966580349747346,25.65936513852968,8.170759974908519,137444.0,329704.40578052885, 0.0, 0.0,0.0,NaN, 49.91985965293077,49.91985965293077,0.0, 333.2091090645418, -29.96396031480964, -4.116478015479511, -29.96396031480964, 135.63548471809258, 0.96064335482136, -4.116478015479511, 0.96064335482136, 256.31974409731697, 7.1445152444086775, 5.742967949499751, 18.0, 0.0
8, 0 ,1.0,1.0,1.0,277.0725274102615,206.76380428931637,285.0759412981273,13.10345566890223,15.93359135760987,8.903950455896712,53.0,83.0,39.0,0.03959005539681697,0.9870651905104412,-0.1553542313432854,16.074409326401906,0.9978949980021157,-0.047048973614506655,-0.04463145801089969,13.108059396825698,0.051363415735659675,0.15326024848083586,0.9868500877841367,8.640159801521154,82.48067158792207,55.343350246023306,44.45252792680117,21.300815487232853,7.150907447174115,70594.0,202914.97451766525, 0.0, 0.0,0.0,NaN, 97.16678814333143,97.16678814333143,0.0, 171.700550466886, 2.617889934536964, -5.457713395563574, 2.617889934536964, 253.87933355129996, -27.970645590206438, -5.457713395563574, -27.970645590206438, 79.28033372106329, 6.982003120613084, 5.683754428767885, 12.0, 0.0
9, 0 ,1.0,1.0,1.0,154.17544017005858,178.02543703079172,15.353589078939107,16.845471326440222,16.520362258892884,9.639737977322747,82.0,78.0,41.0,-0.7379642061248054,-0.6746222603726952,0.017135818866377477,18.43310989288406,-0.6739666802971789,0.738063018721589,0.032123110758077736,14.734776379056902,0.034318279790601786,-0.012156734973297847,0.9993370149589196,9.62931183327539,86.64177021435788,74.28957091142563,41.92157271247926,24.286633079119564,7.731511839650993,111491.0,269831.553648706, 0.0, 0.0,-1.7763568394002505E-15,89.01814184492689, 190.73103826784572,190.73103826784572,2.6973983046972182E-6, 283.76990420991973, 61.12075819283847, -5.817206791436533, 61.12075819283847, 272.92236916505243, 0.09313057889991162, -5.817206791436533, 0.09313057889991162, 92.92454827143844, 8.631437493704896, 5.9473726944415235, 17.0, 0.0
10, 0 ,1.0,1.0,1.0,44.060688266538385,256.53396945997014,213.40767319489976,17.136026682796498,20.864363043593908,14.3518940083822,85.0,89.0,78.0,0.19969273267139231,-0.9763245177975265,-0.08314594677829405,21.024077760270796,0.9229813179491652,0.21591235964579872,-0.3185707765458174,17.303745165876176,0.3289806973593641,-0.013125886621879137,0.9442454192980424,13.910804249961306,94.45359996338868,89.71785969745073,80.27375365528616,29.171992021004346,9.16170283532097,201637.0,680253.8226898471, 0.0, 0.0,2.8421709430404007E-14,85.23058200156275, 106.43716983718217,106.43716983718217,1.3486991523486091E-6, 293.64341047351354, -27.343152220484757, -35.26700306434876, -27.343152220484757, 435.32164521488727, 12.887915622884357, -35.26700306434876, 12.887915622884357, 205.97686162783685, 7.510176933239712, 5.463967664094288, 32.0, 0.0
11, 0 ,1.0,1.0,1.0,14.486479902557857,168.47860957556452,12.79364752178394,9.115153356424216,17.432011568321514,8.36433968276503,36.0,82.0,34.0,0.047269541499404814,-0.997859900039674,0.045179755856439664,17.460416585476093,0.9725136675482725,0.03565069125999049,-0.23010040122627634,9.12975951189857,0.22799727383950133,0.05481467053167692,0.9721175829169327,8.288822007645797,82.3687586591735,41.835515866404904,39.694900776169455,20.009033439605453,7.520758417251889,53365.0,136786.2269214757, 0.0, 0.0,1.7763568394002505E-15,87.41050921073982, 132.93386196171255,132.93386196171255,0.0, 83.08602071113164, -10.63150347964453, -2.7735010458733953, -10.63150347964453, 303.87502731809514, -10.767048652747642, -2.7735010458733953, -10.767048652747642, 69.96217832867781, 9.06109555852086, 5.723573959980997, 11.0, 0.0
12, 0 ,1.0,1.0,1.0,22.126492109038736,131.32347919655666,188.79038020086082,14.068289730098307,15.95664776766268,15.56564331443715,61.0,75.0,75.0,-0.4569450513692955,-0.6911813139926527,-0.5598835693396456,16.363726804604113,-0.16553867500999664,0.68452333809578,-0.7099470027249534,15.814571091762204,0.8739554720379329,-0.23172438540127863,-0.42720679079966983,13.302196132646896,86.16522825524288,84.65782776288987,65.96013590697956,25.228018462051413,7.639876974269981,139400.0,481150.23842328985, 0.0, 0.0,0.0,NaN, 173.50221144760343,173.50221144760343,0.0, 197.9167759299895, 20.3955888904385, 31.83294997071925, 20.3955888904385, 254.6146079812544, -0.4033473055768659, 31.83294997071925, -0.4033473055768659, 242.28925179228193, 7.0111582681825295, 5.185550202348536, 25.0, 0.0
13, 0 ,1.0,1.0,1.0,123.18485385235677,234.9479781932967,76.52776495075572,14.335329730214356,14.4803155667375,16.49937220865356,75.0,70.0,78.0,-0.15257280630683956,0.37538062609947026,0.914226954494794,16.908117591023853,0.8300250709361754,-0.45345600823249554,0.32470914710745064,14.409578472815552,-0.5364512283451801,-0.8083730785639887,0.24239027509354943,13.924442840912443,80.62765084380037,69.99559743216614,71.0542589226132,25.198444152262645,7.242162175155574,145093.0,401000.4365183509, 0.0, 0.0,0.0,NaN, 158.9426706964634,158.9426706964634,0.0, 205.50167847396762, -10.442438457557609, -9.127202440805078, -10.442438457557609, 209.6795389123004, 29.546942787372362, -9.127202440805078, 29.546942787372362, 272.22928327968947, 6.578750313198214, 5.1371672110858295, 32.0, 0.0
14, 0 ,1.0,1.0,1.0,191.19560930506574,279.45105676155566,59.68411707428833,16.62476973626409,12.052352428909712,14.515777616857413,76.0,53.0,77.0,-0.9638307822149902,0.016206753119860258,0.2660217367211788,16.784606348849568,0.2644709372556228,0.18154477041340222,0.9471518461591459,14.40581929184208,0.0329445989802993,-0.9832491228009597,0.1792646532620701,11.962413131197904,79.03879064372573,74.25304684053233,58.17425712038096,24.11364435411763,7.133170658230973,122213.0,341417.2119499904, 0.0, 0.0,0.0,NaN, 125.78890385741526,125.78890385741526,0.0, 276.3829687838023, 0.928035782267271, -19.404191884479925, 0.928035782267271, 145.25919907064582, 11.676131395840555, -19.404191884479925, 11.676131395840555, 210.70779982205866, 7.151097518521387, 5.560460586692602, 28.0, 0.0
15, 0 ,1.0,1.0,1.0,172.5948195705114,100.2117334514058,12.041369640616928,14.251281077448834,15.392470403079349,7.542030450604741,69.0,76.0,30.0,-0.33022096028650094,-0.9423394579877691,-0.054318167373157554,15.579381585701096,0.9420786087158696,-0.3254594913059943,-0.08101860600389382,14.099791446251526,0.058668666146692215,-0.0779260254225795,0.9952313912726062,7.442320293786322,80.24156049684223,69.20124923343107,33.32689134028055,21.136972448309805,7.080803379230129,67755.0,185058.10302382393, 0.0, 0.0,0.0,NaN, 162.54065984986073,162.54065984986073,0.0, 203.0990123484512, 14.320533074185523, -7.5862339200963005, 14.320533074185523, 236.92814510967372, 13.370282800315707, -7.5862339200963005, 13.370282800315707, 56.88222331784915, 7.381078678902625, 5.271692019854018, 22.0, 0.0
16, 0 ,1.0,1.0,1.0,219.51501655818203,29.492543108370448,262.735360283202,14.864375927970361,16.865726172260462,17.024907898272232,84.0,71.0,74.0,0.31805481600701074,0.486950702463032,-0.8134618290894211,17.638270075895353,-0.19376835225461295,0.8732927795414512,0.4470050859501476,16.61892892971592,-0.9280597823843456,-0.015451037878608395,-0.372110609562795,14.420558586586518,89.2271285776344,92.06870854168847,76.31879057710142,27.046974497143104,7.981920228947652,175140.0,626960.8866592277, 0.0, 0.0,0.0,NaN, 93.46815517518019,93.46815517518019,0.0, 220.94967172802473, 4.429796800416779, -32.59941473989284, 4.429796800416779, 284.45271931767155, -14.224598147026065, -32.59941473989284, -14.224598147026065, 289.84748894465224, 7.618448091442215, 5.553517171909078, 34.0, 0.0
17, 0 ,1.0,1.0,1.0,158.65217124255267,254.33673782761676,279.55188782717806,17.21036948113864,14.863719726351995,10.982071076821626,82.0,82.0,48.0,-0.892661521327535,0.42921269205028617,-0.13759314417570634,17.902746186306295,0.44681712573889026,0.8828011896081921,-0.14497074109211736,14.224982621150174,-0.059244109307572235,0.19088877549323546,0.9798222343379668,10.71794828005279,86.27492490433826,74.02220231881432,51.55363394123299,24.054943563535115,7.6871683390124295,113967.0,329234.90752559504, 0.0, 0.0,0.0,NaN, 149.94154693780095,149.94154693780095,2.6973983046972182E-6, 296.1968176773083, -44.282058629037024, 19.59052519902386, -44.282058629037024, 220.93016410354545, -23.339236789102593, 19.59052519902386, -23.339236789102593, 120.6058851363621, 7.596845642840059, 5.530868706696001, 29.0, 0.0
18, 0 ,1.0,1.0,1.0,235.02122265316746,243.14016353531792,10.737705468527007,14.916446088715642,13.667988666321365,7.184246589837998,67.0,65.0,30.0,-0.9934723452503647,0.047913526550215045,-0.103522911455688,14.979390333331605,0.053587418506765676,0.9971694785257055,-0.05273916641883665,13.681787118541324,-0.100702968181286,0.057942428929885735,0.9932278626423969,7.025257550329158,67.9673318431341,64.853486733007,33.3146132652906,20.368976131203375,6.7847246466114965,59559.0,146848.09859883433, 0.0, 0.0,0.0,NaN, 87.00908473836776,87.00908473836776,0.0, 222.50036391756015, -0.9660364799382167, 17.61157071622858, -0.9660364799382167, 186.81391418268927, -8.11699936619591, 17.61157071622858, -8.11699936619591, 51.613399063598905, 7.1284569713959245, 5.1290743933980565, 11.0, 0.0
19, 0 ,1.0,1.0,1.0,272.2663197597262,65.8610113850667,238.25327931829293,15.750145540343995,16.14553002328636,13.728758592757933,72.0,82.0,70.0,-0.5902336568320231,0.8054826379885853,-0.05312203160315761,16.590587146409273,0.8047764688653308,0.5922918337061819,0.03905405082213459,15.290945527417524,-0.0629211053887852,0.019700345781689506,0.9978240480529293,13.71726794183278,87.98250940588262,80.2649757624784,70.05232695760938,25.311752637574955,7.519256292163018,143170.0,494703.50742269715, 0.0, 0.0,0.0,NaN, 94.44303762204176,94.44303762204176,0.0, 248.06708454201785, -19.642358756032746, 4.16522814048193, -19.642358756032746, 260.67813973284115, -2.670294020012941, 4.16522814048193, -2.670294020012941, 188.47881249822476, 6.095187547888895, 4.917550576847436, 29.0, 0.0
20, 0 ,1.0,1.0,1.0,277.63506242307017,207.30348162475823,12.364902409002989,13.215308676972427,13.690410759615167,7.748540019386438,55.0,72.0,31.0,0.3962739393974742,-0.9173642737213603,0.037546694316377284,13.794205474549418,0.9155584207021403,0.39789244439211735,0.05860359184442104,13.128738203573949,-0.06870038745020735,0.011153115947857988,0.9975749920526497,7.711532346726644,66.26080369252261,63.03794247983711,32.37334093074517,19.542361097622276,6.340956186313434,56870.0,135221.6558526398, 0.0, 0.0,1.7763568394002505E-15,87.84822710041404, 96.15469704229571,96.15469704229571,0.0, 174.64438342766272, -6.426578905570045, 8.003766214110273, -6.426578905570045, 187.42734676698672, -1.873199414049258, 8.003766214110273, -1.873199414049258, 60.03987243203319, 7.547115392593858, 5.56406588722874, 12.0, 0.0
21, 0 ,1.0,1.0,1.0,40.782225891774196,85.18799959082872,36.98316552439684,13.311728030580722,13.866577915849225,17.317304096058063,62.0,70.0,81.0,0.24044793511781606,0.02507546953163339,0.9703380912472447,17.547996985121923,-0.16406194182252776,-0.9842336867732128,0.06608879682843963,13.891008278777774,0.9566966445760117,-0.17508646620620763,-0.23254302743454305,12.980015339778861,83.01544334107552,71.85179312742753,61.176099888041335,24.83410951668929,7.255350572159269,136862.0,364903.71824303025, -7.105427357601002E-15, -1.4210854715202004E-14,0.0,81.38638771216279, 101.42948168643902,101.42948168643902,0.0, 177.2021031601485, 4.793604709887594, 32.27079283113383, 4.793604709887594, 192.28198309631745, 1.8007858357855029, 32.27079283113383, 1.8007858357855029, 299.8890211553494, 6.835921105695898, 4.939622518059625, 22.0, 0.0
22, 0 ,1.0,1.0,1.0,69.86836394852514,63.678623945822636,159.5935266952285,14.585872099927267,14.29876144818291,14.062559512092726,71.0,65.0,70.0,-0.8284154573739668,0.5185913549038182,0.21163845728719324,14.645484752142423,-0.5346551146671125,-0.6195179331494756,-0.5747533722097663,14.519508943343256,-0.1669483103962959,-0.5892881613652386,0.7904857522628718,13.771400085596493,79.03968910994703,77.99751388550217,80.45238807555671,23.868089707297614,6.728455812671996,125809.0,495980.86681590177, 0.0, 0.0,0.0,NaN, 169.2646837776876,169.2646837776876,0.0, 212.74766491543664, -3.6606149705763373, 2.148951152935616, -3.6606149705763373, 204.45457895204186, 10.2622584341461, 2.148951152935616, 10.2622584341461, 197.7555800311496, 7.003927230728363, 5.100150698605547, 28.0, 0.0
23, 0 ,1.0,1.0,1.0,65.59394704588077,41.98956718203163,34.752514065476454,14.61695743610996,13.329596485246734,16.532155154139435,77.0,69.0,76.0,-0.12507873769913713,-0.019958141286212483,0.9919460579950858,16.559556925850835,0.9097206719583885,0.3966799794900014,0.12269186152060124,14.861437805568343,0.3959338434475747,-0.9177399775907181,0.031459897403195304,13.021692745561962,79.30389614023096,80.63981713906009,62.00485087549205,24.751913647546655,7.210305955613211,135438.0,396524.225955601, 0.0, 0.0,0.0,NaN, 85.28438822588397,85.28438822588397,0.0, 213.65544468905026, 18.77300497036168, -7.258992963343244, 18.77300497036168, 177.67814245950208, 0.42475008767482386, -7.258992963343244, 0.42475008767482386, 273.3121540405391, 6.4286740953098445, 4.934645246489846, 23.0, 0.0
24, 0 ,1.0,1.0,1.0,28.52270744738851,282.914131501472,137.8609929851343,15.368908898205659,10.83114038962672,16.869687979900245,64.0,47.0,104.0,0.1429609992958879,0.014471713745564857,0.9896225149932613,16.9014994687144,-0.989638550449423,0.015557198160599084,0.14273581558164336,15.33599897914305,0.013330121705603194,0.9997742460609085,-0.016545838408963183,10.828194051692524,103.65775551593451,65.92166910739326,48.14578430146321,24.034937639582928,7.773358866125762,110052.0,328994.2151965026, 0.0, 0.0,0.0,NaN, 141.8136986659806,141.8136986659806,1.9073486328125E-6, 236.20336072134506, -1.4674282577525097, 7.166070389726204, -1.4674282577525097, 117.31360213980327, 2.6738031449636885, 7.166070389726204, 2.6738031449636885, 284.5863725391908, 6.946855119022276, 5.128659446406907, 19.0, 0.0
25, 0 ,1.0,1.0,1.0,281.39663071437246,104.16316527383725,168.3646379563494,11.797811959902651,12.996372313522484,14.958559349852017,49.0,64.0,73.0,0.12484863025264403,-0.06152737578783951,0.9902662276139184,14.995775447734795,0.5094147694993434,-0.8525036340082569,-0.1171927754541481,13.660489797333652,0.8514161216115004,0.5190875995738846,-0.07509095703647062,10.971339726488216,71.86053686397813,70.9361067156043,58.32825651521799,22.051284600296828,6.752288919516368,90583.0,297328.6790636365, 0.0, 0.0,0.0,NaN, 168.89025693924776,168.89025693924776,NaN, 139.18836704122202, -29.568751332572436, 8.965625862515717, -29.568751332572436, 168.90569331169377, 0.2505177682915473, 8.965625862515717, 0.2505177682915473, 223.75849782304522, 6.862019285892443, 5.221388522619058, 16.0, 0.0
26, 0 ,1.0,1.0,1.0,33.77317154132704,180.52478884667872,207.39443809242798,15.193793082882975,15.619492975652365,14.340825719245139,69.0,74.0,75.0,0.586790609823954,-0.7695548452666747,0.2519168917500694,16.83628480997745,0.6449745322986694,0.256097396804615,-0.720015260974385,14.698407836661945,-0.4895759725604845,-0.5849781735043487,-0.646618824049356,13.452713935714096,94.98092943471283,76.75785958322402,67.1226125486645,24.963159109896125,7.570989276551995,135565.0,489359.61140366725, 0.0, 0.0,2.8421709430404007E-14,75.40902699656398, 154.88945507137586,154.88945507137586,0.0, 230.8513482454625, -40.48653961542187, -1.1355514229915813, -40.48653961542187, 243.96856081645356, -26.334404228300848, -1.1355514229915813, -26.334404228300848, 205.65928230976286, 6.585718377090778, 4.931003734784732, 35.0, 0.0
27, 0 ,1.0,1.0,1.0,123.98326383319969,187.3341379310345,114.1103608660786,14.006648688066177,13.926927663795352,15.202432806029766,70.0,71.0,73.0,-0.1640263153099759,-0.30828618502549676,0.9370458878882387,15.326634838022898,-0.7415118860706558,-0.5879465646639201,-0.32323205273585454,14.425013976339999,-0.6505808871322393,0.747849226263102,0.13215916190680196,13.351880810194595,74.61262433524692,68.09808784158548,66.05147590738378,23.959651488709294,6.8698315397750065,124700.0,335606.0329446517, 0.0, 0.0,0.0,NaN, 202.69834889180188,202.69834889180188,0.0, 196.18620747090594, 15.859273022149775, -1.5600375049919513, 15.859273022149775, 193.95931415258826, -10.695183690512362, -1.5600375049919513, -10.695183690512362, 231.11396322185004, 6.3177875113025985, 4.764263803240239, 31.0, 0.0
28, 0 ,1.0,1.0,1.0,31.82239925542641,14.026503274129391,71.38127264467663,17.569521637311105,8.974656203451442,14.195764835171147,73.0,36.0,72.0,0.9955757622960488,-0.002938952019166356,-0.09391626105031411,17.59696144756539,-0.09387831723200177,0.011121447283367739,-0.9955215592663028,14.162330476280328,0.0039702748430517016,0.9999338357968253,0.01079633948698923,8.973718687539362,76.21645904733182,68.86120275021375,36.62366662454015,23.07916589720744,7.6226232544131625,90253.0,192214.0785361407, 0.0, 0.0,0.0,NaN, 79.40210307570314,79.40210307570314,0.0, 308.6880905639431, -0.7957428453232835, -10.204343132953529, -0.7957428453232835, 80.54445397014943, -1.2658416248328088, -10.204343132953529, -1.2658416248328088, 201.5197392554817, 6.8382095341750295, 5.209588960547238, 16.0, 0.0
29, 0 ,1.0,1.0,1.0,234.95668800100538,273.86270320733206,95.30286083607866,13.411939715243065,13.27732261621785,14.631210555363106,69.0,60.0,71.0,-0.3530088999281663,-0.4086267754124561,0.8416702887636723,15.205855114091031,-0.8376792076786493,-0.26266105681329893,-0.478855629868326,13.213084817719674,-0.41674723945621545,0.8740899997424404,0.24957646274415538,12.823264207869636,76.20561147480774,70.16490050254532,63.70121938298047,22.970634197717935,6.526079194308704,111401.0,340607.817646314, 0.0, 0.0,0.0,NaN, 118.30649180398996,118.30649180398996,0.0, 179.88012692531424, 11.8663705260759, -15.770807232124865, 11.8663705260759, 176.28729585513003, -21.691670124254944, -15.770807232124865, -21.691670124254944, 214.07232231536878, 6.132414822766991, 4.728306453626654, 24.0, 0.0
30, 0 ,1.0,1.0,1.0,135.15021409367014,25.30025392505062,250.8268164769144,15.029760152729702,13.484093086213582,13.777124339856616,75.0,60.0,68.0,-0.9827497197570585,-0.14629377727389029,0.11314203042353699,15.040748340138233,0.18157904102684666,-0.6471456597908374,0.7404265978972204,14.79741739448714,-0.035100429871925444,0.7481982529683013,0.6625460995870305,12.342444632409027,71.1918611883783,73.58948186579039,66.18305613547895,23.534437737419523,6.607106179377121,120508.0,346731.18974309677, 0.0, 0.0,-2.8421709430404007E-14,83.50352821498878, 146.02631679266574,146.02631679266574,NaN, 225.89369024858155, 2.7936303270217273, 0.7421662307474655, 2.7936303270217273, 181.8207663576729, -33.148543669997956, 0.7421662307474655, -33.148543669997956, 189.80915507586963, 7.876387472119887, 5.281885287886218, 21.0, 0.0
31, 0 ,1.0,1.0,1.0,19.978763572153134,251.2810421910809,80.85629484915655,11.793273162496027,14.45534593522333,15.393613131286301,49.0,81.0,81.0,-0.0038152145183953934,0.2736494500301894,-0.9618219287562297,15.471938564354293,0.2791165451865365,-0.923311207630716,-0.26379986365925545,14.58652447174077,0.9602496541740126,0.2694668669088736,0.07285745876027216,11.526233735444148,79.0963304772916,85.44400285745365,55.15123347556141,23.101021443630437,7.165504273169976,106468.0,372728.9720720952, 0.0, 0.0,0.0,NaN, 96.49056047403276,96.49056047403276,0.0, 139.08129188524904, -20.70561636929386, -5.493133310910843, -20.70561636929386, 208.95702610697762, -8.573806725743454, -5.493133310910843, -8.573806725743454, 236.96332523571004, 7.02186536219391, 5.341876814411301, 18.0, 0.0
32, 0 ,1.0,1.0,1.0,166.8479098037396,11.673023090366383,219.48058274950122,15.231642847327612,7.749063883046063,14.11731352421973,73.0,32.0,73.0,-0.9529292983613525,-0.011328938755572348,-0.30298086981064143,15.348811637064882,-0.3024362112439708,0.10606078956236568,0.9472504669018643,14.046350244868133,0.021403047748690677,0.9942951091421911,-0.1044947150959665,7.646142959792682,72.08206210278291,72.8729955634225,34.842749183038165,20.977516988291075,7.161931097066201,64659.0,183023.23999401575, 0.0, 0.0,2.8421709430404007E-14,72.36327063955338, 156.04203006261233,156.04203006261233,0.0, 232.00294382854636, -2.541247017883657, 11.364435743803508, -2.541247017883657, 60.04799106352894, 14.556325963747664, 11.364435743803508, 14.556325963747664, 199.29854114111728, 6.83300053820153, 4.87015802223978, 19.0, 0.0
33, 0 ,1.0,1.0,1.0,58.8404621845056,111.64790868524639,158.08721190177704,13.932723892558414,12.558422236040954,15.018528366881446,71.0,63.0,73.0,0.5117628194429734,0.1485986862734104,0.8461780232750051,15.612638577607827,-0.8042552418704879,-0.2634878040591771,0.5326797190018742,13.40497759352064,-0.3021130956440343,0.9531487856310206,0.015331989123703739,12.407378884920867,74.77757453821974,64.99339154205614,61.55405778500762,23.1283066454873,6.517084481898638,114067.0,299155.6865421296, 7.105427357601002E-15, -1.4210854715202004E-14,0.0,87.10856324427178, 189.91233485397015,189.91233485397015,0.0, 194.12079506626807, 12.286714319252088, 27.86043362400111, 12.286714319252088, 157.7139690586879, 7.678790573953785, 27.86043362400111, 7.678790573953785, 225.55619430682265, 6.602824716463924, 4.9379932575954255, 24.0, 0.0
34, 0 ,1.0,1.0,1.0,144.7622055594835,152.40422543072972,58.40532318684181,13.319334424904188,13.923974311453021,13.683259956641132,65.0,66.0,64.0,0.534358701574166,0.6626401353484308,0.5247559709783056,14.793630813540476,0.05691710091115117,-0.6476226508648903,0.7598324458132869,13.375498102237588,-0.8433393277179958,0.37615549060480974,0.38377835427758794,12.679032733578875,75.17835940782595,66.24508525436676,64.37948171683331,22.73600704320769,6.4488229096899605,107492.0,320622.49065086467, 0.0, 0.0,0.0,NaN, 214.82967813062618,214.82967813062618,0.0, 177.40466952243779, 19.90135457741008, 17.074688962702826, 19.90135457741008, 193.8770606260036, 11.271167177171504, 17.074688962702826, 11.271167177171504, 187.2316030410187, 6.234059426038698, 4.7435509851000885, 19.0, 0.0
35, 0 ,1.0,1.0,1.0,24.651810761885606,14.431481109005642,264.952404645205,13.859201124366756,9.114718692123292,19.204213514324206,50.0,41.0,79.0,0.09223643095120716,0.07179520316115791,0.9931454523927659,19.280628752368198,0.9933452960544228,0.06245558066287229,-0.09676995014267181,13.822562244645336,-0.0689750941422694,0.9954620782566818,-0.06555674748607926,9.008412582258925,83.04040316259179,55.60799470890009,42.535512376442966,23.967623038666247,8.33729064039418,94463.0,196416.67360330635, 0.0, 0.0,0.0,NaN, 45.21408365756023,45.21408365756023,NaN, 192.07745580564873, 8.743252333254937, 16.053995121745384, 8.743252333254937, 83.07809683654175, 20.055756635572575, 16.053995121745384, 20.055756635572575, 368.8018167037524, 6.301607263045256, 4.821078975206639, 11.0, 0.0
36, 0 ,1.0,1.0,1.0,53.4806688167089,20.12540313291868,164.8258369807264,14.563046595555505,11.604146252270263,14.763368360329675,85.0,47.0,76.0,-0.6347921456734766,0.034780945690836194,0.771899745827212,15.142165361387072,-0.7673000913676797,0.08933748764438995,-0.635034946352198,14.191808602115845,0.09104669998640524,0.9953939416724615,0.030023312664427072,11.575965553702314,78.14113501670221,73.4643739675801,49.87519601017097,22.781610042791865,6.759720821854143,104184.0,286313.02977421135, 0.0, 0.0,0.0,NaN, 146.75581125225042,146.75581125225042,0.0, 212.0823261443208, -6.724189300567295, -13.84423005759838, -6.724189300567295, 134.65621024407798, -1.2659387252667431, -13.84423005759838, -1.2659387252667431, 217.95704534278335, 6.563620104080512, 4.835617538776178, 23.0, 0.0
37, 0 ,1.0,1.0,1.0,128.53311039771714,92.99836811128947,209.39233101480292,14.478152782102924,12.610180259170082,14.42976662443434,70.0,63.0,69.0,0.6855214836186471,0.06857565728480104,0.7248156142945922,15.398550013635202,-0.618374473538709,0.5803189699531578,0.5299461327231577,14.303038487858483,0.3842828463163741,0.8114969330443976,-0.4402265572253935,11.625810357937674,72.76913371430524,71.0488723011427,59.00155974252296,23.104607887751712,6.559635152933578,112140.0,305047.79256124224, 0.0, 0.0,0.0,NaN, 182.69977180830216,182.69977180830216,0.0, 209.61690798191464, -20.117803110373394, 27.911042223489368, -20.117803110373394, 159.01664616876283, 26.41617439428871, 27.911042223489368, 26.41617439428871, 208.2181648356392, 6.650924151695219, 4.832286121569052, 27.0, 0.0
38, 0 ,1.0,1.0,1.0,281.2487388110673,254.44016392460426,242.78327921105293,11.03690483350462,13.856916871735882,13.23675582028545,45.0,73.0,70.0,0.1653010651069733,0.940226510656005,-0.29774093862640705,13.982628252898495,0.06903118361550054,-0.3121838780617956,-0.9475103809283261,13.192790700886546,-0.9838243001487328,0.13607106576319536,-0.11650927645009634,10.930484838457224,78.39327854787689,69.651763492437,50.76265816584322,21.20227778034162,6.28510422070511,83453.0,277175.7939113905, 0.0, 0.0,-2.8421709430404007E-14,72.67803093017406, 75.50537462480953,75.50537462480953,0.0, 121.81326830383763, 10.641823268822716, -7.3119517556356035, 10.641823268822716, 192.01414519019855, -5.143568179209925, -7.3119517556356035, -5.143568179209925, 175.21170464586078, 6.602603940280984, 5.042886793774308, 16.0, 0.0
39, 0 ,1.0,1.0,1.0,133.8569177279398,278.44258290734666,54.454313545883444,13.414914722113366,12.33550395215094,14.78450442563278,59.0,52.0,72.0,-0.08383741106323865,-0.0839148295841032,0.9929398722390419,14.811898862172798,0.9878785241250081,-0.13763690196505468,0.07177816374119214,13.423116914617603,0.13064191547435675,0.9869216709513133,0.09443677952926041,12.293646743742539,72.6677171117223,62.52123724840523,56.52022654032879,22.51822561150024,6.605730934288894,101529.0,256786.9651208532, 0.0, 0.0,0.0,NaN, 146.10841494959985,146.10841494959985,0.0, 179.95993700157393, -3.4691723360317352, -3.622602282293284, -3.4691723360317352, 152.1646577535315, -5.97442680597916, -3.622602282293284, -5.97442680597916, 218.58157111155526, 6.290705942277135, 4.6643411114515825, 17.0, 0.0
40, 0 ,1.0,1.0,1.0,199.98514053212833,175.0320533253333,190.4268651679073,14.409102547054838,12.336111951856983,14.155234087916158,75.0,65.0,66.0,0.897562238233413,0.291262178412522,0.330980923806522,14.662464984460502,0.33740360189043056,0.02945437223153488,-0.9408991706807963,14.10237605453213,-0.28379717745035865,0.9561897214375598,-0.07183577582494156,12.095770193750498,75.11293524203333,67.44364059961875,62.285365667543005,22.754193905216148,6.513002848757603,106666.0,315530.79917546094, 0.0, 0.0,0.0,NaN, 193.97482230277316,193.97482230277316,0.0, 207.6222362115422, 18.477226150044398, 3.7144317898031485, 18.477226150044398, 152.1796580887487, 5.1640405376682175, 3.7144317898031485, 5.1640405376682175, 200.37065208370356, 6.711840305684904, 4.827495703295954, 34.0, 0.0
41, 0 ,1.0,1.0,1.0,104.80670266207824,216.06883628021043,276.0870713183814,13.840669968522542,14.160918158362263,12.493981121646438,71.0,67.0,54.0,-0.5986300930328431,0.776837757056104,-0.19535892845613756,14.473613347938999,-0.7374581743866871,-0.6296972314777114,-0.24420654720862756,13.671316728974622,0.3127258427852482,0.002120349345327545,-0.9498410663752702,12.320914255195277,71.04699752526344,63.89645215470628,57.1960976337804,22.474559033191763,6.564259958061547,101124.0,259650.32628679197, 0.0, 0.0,0.0,NaN, 136.38443211887335,136.38443211887335,0.0, 191.5641451775618, -10.524113536160778, 13.06683856513207, -10.524113536160778, 200.53160308783404, -3.356187487117352, 13.06683856513207, -3.356187487117352, 156.0995642680576, 5.512491554912746, 4.409425650896072, 21.0, 0.0
42, 0 ,1.0,1.0,1.0,175.47910208120854,279.6904947035717,173.4320653545931,13.022722121646847,11.477270272726672,16.172481083268558,70.0,50.0,75.0,0.28952821647019805,-0.04583737639607473,0.9560713084245918,16.453798576557983,0.8895910687286886,-0.35577033222925675,-0.2864527904273831,12.871682181705124,-0.3532720514076032,-0.9334486625576197,0.062229029107443254,11.245464818083702,78.71855475539712,71.72017345115461,55.9838871820898,22.690672912462674,6.928313758717514,99029.0,316068.7021779149, 0.0, 0.0,0.0,NaN, 178.7103021772716,178.7103021772716,0.0, 169.59129145763018, -14.327252837158305, 29.940296875171448, -14.327252837158305, 131.7277329132154, -2.325391520481098, 29.940296875171448, -2.325391520481098, 261.5491443886794, 6.600081856785735, 4.949238811105895, 27.0, 0.0
43, 0 ,1.0,1.0,1.0,240.04391359593393,93.8278627700127,186.70401016518426,13.62774145489738,12.261343487704895,13.465899656172473,66.0,61.0,69.0,0.7773047193843636,-0.3719015104064567,0.5074314138681129,14.300306638738245,0.4526772459888585,-0.22950113665197974,-0.8616336456054814,13.164375771893424,-0.43689894047335315,-0.8994545540675449,0.01004096511376795,11.814684735936131,70.44931191066343,67.2500796258029,59.604578568405515,21.912900668879544,6.10009172971347,98375.0,282389.91338378884, 0.0, 0.0,0.0,NaN, 158.85333311432544,158.85333311432544,0.0, 185.71533716152857, -22.267358243115204, 12.453282603165526, -22.267358243115204, 150.34054412348323, -5.583027109151305, 12.453282603165526, -5.583027109151305, 181.33045355010594, 6.771789113781503, 4.748238141002211, 19.0, 0.0
44, 0 ,1.0,1.0,1.0,118.50016818657497,169.738965091942,271.8323366721483,14.478309617019049,12.10006742416306,14.422357819707392,69.0,57.0,63.0,-0.8246349201519769,-0.004732158266833931,-0.5656455207495947,14.530471840877139,0.5624244382481135,0.10002876407854705,-0.8207758510203697,14.391183159314773,0.06046486357577186,-0.9949732926240064,-0.07982573042388828,12.074631318254191,72.14211844451353,75.77194288429074,58.0045606502633,22.815542579770273,6.59458132908167,107024.0,317073.1418467331, -1.4210854715202004E-14, 0.0,0.0,34.448504725583334, 178.33576291062894,178.33576291062894,0.0, 209.62144936626626, 3.7041523268457697, 2.174998298885334, 3.7041523268457697, 146.41163166929206, -4.858685999310298, 2.174998298885334, -4.858685999310298, 208.00440507967497, 6.110880931486812, 4.5536239709356625, 18.0, 0.0
45, 0 ,1.0,1.0,1.0,91.9978468922213,266.0555824298817,41.831735101347824,12.402694331932574,14.014546004431827,14.593828647316183,63.0,65.0,73.0,0.4445765960089042,0.29645670092457793,-0.8452603591545331,15.397598599482208,-0.05356501678477372,0.9507539497214625,0.3052830097890893,13.893356089091146,-0.8941378189395538,0.09044529598576978,-0.4385626627701723,11.537017592941964,80.90967006616997,68.04925488711163,55.94899075667037,22.77948437023354,6.656519572211144,105429.0,308046.3457520958, 0.0, 0.0,0.0,NaN, 106.61013731615057,106.61013731615057,0.0, 153.8268266913524, 10.653070950227933, -40.055024671882876, 10.653070950227933, 196.40749971033605, -8.663982089310398, -40.055024671882876, -8.663982089310398, 212.97983458722652, 6.937516885279449, 4.693870466021503, 18.0, 0.0
46, 0 ,1.0,1.0,1.0,51.568096004202644,187.14559871293955,47.195365597399615,15.789537235912505,11.594457260276855,15.58654602037431,74.0,59.0,80.0,-0.964221729912738,-0.19668318321074202,0.17774189434732904,15.98458375023435,-0.15509918003504158,-0.12520209980372624,-0.9799329969733623,15.604614844629744,0.2149899995733408,-0.9724403116113747,0.09021718481878804,11.299133595652615,75.98172625298247,80.87061285955119,58.7195799373942,24.017231706660898,7.06073107251744,121828.0,360813.54331504187, 0.0, 0.0,0.0,NaN, 132.75084538047864,132.75084538047864,0.0, 249.30948612426752, 26.49304850344315, -4.3037746084318, 26.49304850344315, 134.43143916038667, 9.742568252235523, -4.3037746084318, 9.742568252235523, 242.94041684524626, 6.559248535999077, 4.74135066752303, 27.0, 0.0
47, 0 ,1.0,1.0,1.0,278.8308812803468,235.50500135453353,48.11176985433555,11.884787408054212,13.495842215071749,14.02248582173588,50.0,59.0,66.0,0.11623404133330274,0.5474192244582846,0.8287471510230477,14.432698659921167,-0.05413481396683774,-0.8296708445591723,0.5556219142593694,13.094892759546571,-0.9917454661111915,0.10944625339389187,0.0668015573616072,11.842171695150554,66.25810861540936,64.66295604360283,55.02679857765068,21.928103519878928,6.2589386856742655,95974.0,235759.30110761872, 0.0, 0.0,0.0,NaN, 83.20143530109348,83.20143530109348,0.0, 141.24817173464396, 5.73401834856767, 5.61705395738136, 5.73401834856767, 182.13775709411271, 16.478794782648365, 5.61705395738136, 16.478794782648365, 196.6301086207838, 6.307903973388292, 4.588949527999485, 12.0, 0.0
48, 0 ,1.0,1.0,1.0,187.4064091045223,66.97188241527864,61.8089363466722,11.897752412730842,12.744377316656074,13.489908389065768,58.0,63.0,73.0,0.09953707970761269,0.35948857226332465,0.9278255957750664,13.618735692183757,-0.22285669415957143,-0.9007142956161701,0.37289227873600894,12.664270516985702,-0.969756290844018,0.2438887535019656,0.009540035833784202,11.836367028289308,69.4993884773969,63.77472959409312,57.34955516978792,21.191341256349265,6.072919377560739,86814.0,254190.70332918907, 0.0, 0.0,0.0,NaN, 144.85473536371217,144.85473536371217,0.0, 141.55651247464257, 5.695107294032559, 2.504447529393907, 5.695107294032559, 162.41915318929787, 8.320128246852741, 2.504447529393907, 8.320128246852741, 181.977628345387, 6.011020576440052, 4.5411427409729885, 30.0, 0.0
49, 0 ,1.0,1.0,1.0,230.318159789532,242.25418859041815,286.17326686974985,18.130645423489167,14.990821324604479,7.9295279938506065,91.0,69.0,32.0,-0.9653946322797994,-0.26059091117882416,0.010275260402605827,18.358043854298813,-0.25822153860756436,0.9606516398986145,0.10232332949647875,14.768177214328901,-0.036535475424487034,0.09612909950214359,-0.9946981226806519,7.8234013877330675,96.20009595558676,72.8452289728265,35.55242015282181,23.52813385073166,7.921449309679515,86664.0,249141.3352561754, 0.0, 0.0,0.0,NaN, 91.54952834134836,91.54952834134836,0.0, 328.72030347228866, 30.46777506226836, -6.881421206033371, 30.46777506226836, 224.7247239862164, 14.683641467347963, -6.881421206033371, 14.683641467347963, 62.87741420526042, 6.841069702980638, 5.184535224269621, 20.0, 0.0
