// Sample: .//bubblelabels.tif, Map: .//bubblelabels.tif, Thickness:(8.191250068658265):/gpfs/home/mader/Foam/NewValid/InSilicoTest/LatticeData_Phi_6.65/out_Step_03000.vtk/distmap.tif, Neighbors:(1.0):
//LACUNA_NUMBER, TRIANGLES, SCALE_X, SCALE_Y, SCALE_Z, POS_X, POS_Y, POS_Z , STD_X, STD_Y, STD_Z,PROJ_X, PROJ_Y, PROJ_Z, PCA1_X, PCA1_Y, PCA1_Z, PCA1_S, PCA2_X, PCA2_Y, PCA2_Z, PCA2_S, PCA3_X, PCA3_Y, PCA3_Z, PCA3_S,PROJ_PCA1, PROJ_PCA2, PROJ_PCA3,OBJ_RADIUS, OBJ_RADIUS_STD, VOLUME, VOLUME_BOX, Mask_Grad_X,Mask_Grad_Y,Mask_Grad_Z,Mask_Angle, Mask_Distance_Mean,Mask_Distance_COV, Mask_Distance_STD, SHAPET_XX, SHAPET_XY, SHAPET_XZ, SHAPET_YX, SHAPET_YY, SHAPET_YZ, SHAPET_ZX, SHAPET_ZY, SHAPET_ZZ, Thickness, Thickness_STD, Neighbors, Neighbors_STD
1, 0 ,1.0,1.0,1.0,160.01247872057974,182.1310343750488,184.61415920910838,18.776268736152293,11.302078244582173,9.133623950265568,74.0,54.0,41.0,0.9810053036331321,0.16406063149161237,0.10350219049971593,19.051911326327726,0.10259526644326986,-0.891652266095687,0.4409426807078903,11.54430124786161,0.1646292973534801,-0.42194827356087056,-0.8915474462371028,8.21353214373076,78.65254955069224,65.92008647886078,45.79143603390415,22.29734119925419,8.157015520875207,64029.0,237418.65305723748, 0.0, 0.0,0.0,NaN, 46.42225638010759,46.42225638010759,0.0, 352.54826765221, 41.541040833596156, 32.982387461805516, 41.541040833596156, 127.73697264665763, -20.855874615633667, 32.982387461805516, -20.855874615633667, 83.4230864648648, 9.487973305758521, 6.219486152963879, 11.0, 0.0
2, 0 ,1.0,1.0,1.0,184.15798395298904,36.07834622152624,15.446684855431606,9.597742189449448,16.1416443423603,10.283056003225004,42.0,74.0,48.0,-0.009787937894703086,0.9997214494268923,0.021476029138646505,16.144615355928927,-0.5809111739000073,0.011796305645923488,-0.8138814749158649,10.94270216588172,-0.8139081055683656,-0.020441886627767903,0.580633899252543,8.832850179515304,74.15499579739769,63.54715423928329,43.03030302244815,20.265440892213835,6.908146163771914,61943.0,202773.37320183063, 0.0, 0.0,-1.7763568394002505E-15,88.76941956260825, 42.32276705907932,42.32276705907932,0.0, 92.11665513513788, -2.072981549551287, 19.688176904650057, -2.072981549551287, 260.5526820752523, 3.520482353076063, 19.688176904650057, 3.520482353076063, 105.7412407654618, 8.343457633912493, 5.862281540754243, 14.0, 0.0
3, 0 ,1.0,1.0,1.0,171.09826094056172,187.28204604833442,79.06733072066187,16.218040578793396,7.363563260782754,15.62977636449525,64.0,29.0,65.0,-0.8850136549702028,-0.016184717404490075,0.4652836612635558,16.443513932862505,-0.464553743783496,-0.035137715630979005,-0.8848475349329817,15.401576942412078,0.030670012276169414,-0.9992514177436891,0.023578687075542587,7.344323695330305,71.65535567429603,78.23926625096888,30.02550376412441,22.541447509790157,7.308895776959325,73488.0,168330.85432244116, 0.0, 0.0,0.0,NaN, 85.1392956317297,85.1392956317297,0.0, 263.0248402153892, 6.091938078119092, -13.795710798142537, 6.091938078119092, 54.22206389554954, 4.068153115513478, -13.795710798142537, 4.068153115513478, 244.28990920413432, 8.532314560496351, 5.556647057907345, 12.0, 0.0
4, 0 ,1.0,1.0,1.0,56.12912764003673,79.67502295684113,30.731386593204775,13.041987786689033,13.558837894693152,15.108252331999442,66.0,67.0,66.0,0.07728727218960489,0.5527336817572525,0.8297663253040356,16.296997147719946,0.9569502065959735,-0.27466718354207514,0.09383091378105347,13.100249523411271,0.2797730860061658,0.786793121052883,-0.5501668883261243,12.041020114660148,79.4920781705209,63.50673505925412,69.93138737912713,23.151118848428396,6.798567134034791,108900.0,353033.3884551543, 7.105427357601002E-15, 0.0,0.0,85.56734505557607, 102.19102883690769,102.19102883690769,1.9073486328125E-6, 170.0934454281459, -1.8474028725353548, 10.125686333575327, -1.8474028725353548, 183.842085054567, 54.62836337496371, 10.125686333575327, 54.62836337496371, 228.25928852736655, 8.506253592232097, 5.319915913695136, 23.0, 0.0
5, 0 ,1.0,1.0,1.0,13.234167181215893,106.64511122607347,138.20766650534853,7.869333410518788,15.206668838141482,12.006428612250351,32.0,76.0,57.0,-0.00894009321334623,0.9991711425228801,-0.039712752144128505,15.211666719069816,0.011774393066956497,-0.03960640069525578,-0.9991459836739935,12.001134663653627,-0.9998907132288217,-0.009400051781301797,-0.011410548859163663,7.867749100770151,75.70559974282375,57.07870671449216,32.396630859508704,19.867297445758666,6.5279403874152235,59923.0,139991.59961459672, 0.0, 0.0,0.0,NaN, 112.73229758009367,112.73229758009367,NaN, 61.92640832590725, -1.5523288340747565, -0.905978946365345, -1.5523288340747565, 231.2427771529032, -3.4755396775412604, -0.905978946365345, -3.4755396775412604, 144.15432802106392, 9.445142194939804, 5.416466742788111, 16.0, 0.0
6, 0 ,1.0,1.0,1.0,51.674801180695255,187.65778638440278,120.90894733873546,14.619414321842502,7.1866197078448035,12.007480443687708,65.0,28.0,54.0,-0.9520571166652301,0.014893039942145483,0.3055575951737581,14.891278072099322,0.3056114171399931,0.0014272067648152097,0.9521552524638697,11.670244599784757,-0.013744392339195378,-0.9998880739573468,0.005910265399636681,7.183981688801015,65.7479066132301,57.22728217900328,28.38803536404245,19.268149748703074,6.188115206261769,53189.0,106812.08389770135, 0.0, 0.0,0.0,NaN, 95.27859111607569,95.27859111607569,0.0, 213.72727511369365, -2.375533830472188, -24.881948107351118, -2.375533830472188, 51.64750282518333, 0.8892000124021859, -24.881948107351118, 0.8892000124021859, 144.17958660554277, 10.070725509080187, 5.434624333885913, 11.0, 0.0
7, 0 ,1.0,1.0,1.0,56.711433206483015,149.6662522552572,11.792971178191852,13.004202355283127,16.840021964060945,8.192894494260807,60.0,86.0,32.0,-0.2723381644770988,0.959219590266307,-0.07569479386709879,17.157693820521846,0.9522979376979891,0.2799576886184818,0.12145917190378866,12.69067355449952,-0.1376973566391225,0.0390060281589264,0.9897060006597228,8.023682841167636,93.93738462354601,58.5430904267693,36.0426516081664,21.26749833257864,8.216608394892171,65957.0,198212.41049468788, 0.0, 0.0,0.0,NaN, 76.73817164602274,76.73817164602274,0.0, 169.1092788971512, -34.31169126591073, 15.923292757926248, -34.31169126591073, 283.58633975005506, -13.413092248805835, 15.923292757926248, -13.413092248805835, 67.12352019408904, 8.434334003036273, 5.3008416685381095, 18.0, 0.0
8, 0 ,1.0,1.0,1.0,26.79985953626611,51.68615516153329,50.003888199010646,13.64738588158134,12.999918927059626,13.239312126011534,64.0,66.0,65.0,0.7741136083029918,-0.12697278259167777,0.620182258631323,14.747932612803478,-0.2185273330739001,0.8658589495793804,0.45003786966532117,13.372442552306385,0.5941329195893219,0.4839072141580644,-0.6425261721876011,11.584674484608447,74.50930210946434,66.37422578133565,61.91894809700485,22.148496073197563,6.32238410541732,98246.0,306219.9869808046, 0.0, 0.0,0.0,NaN, 76.74685623245323,76.74685623245323,0.0, 186.25114140078566, -16.62961475336166, 35.60216653764188, -16.62961475336166, 168.99789211012313, 10.826770440815034, 35.60216653764188, 10.826770440815034, 175.27938556995602, 7.945272419338149, 5.107556998267536, 21.0, 0.0
9, 0 ,1.0,1.0,1.0,90.40737686197883,179.27804704747888,85.98609384119572,13.34690376143128,12.564432298333745,12.156396170705197,65.0,57.0,59.0,-0.7852763918310675,-0.5963235974344555,0.16655075975692973,14.459400386142937,-0.04270691443184021,-0.21619076569075815,-0.9754166659893381,12.100304289228607,-0.617670711538512,0.7730845490454937,-0.14430236357951376,11.326568034349249,81.43574024121115,56.918478136367895,60.09108093227129,20.98827098792159,6.578392493079154,78814.0,278534.082217873, 0.0, 0.0,0.0,NaN, 126.4772764542994,126.4772764542994,1.9073486328125E-6, 178.13984001690847, 37.99638063601088, -9.81040823913614, 37.99638063601088, 157.86495897941222, -4.200843256730219, -9.81040823913614, -4.200843256730219, 147.77796785913597, 8.374543194470105, 5.209637088452597, 20.0, 0.0
10, 0 ,1.0,1.0,1.0,187.74929990665422,20.08454460594746,111.24056540872117,7.432609180006121,11.128503397278633,13.507317198654357,30.0,44.0,69.0,0.014627639325160287,-0.34787522217703853,0.93742672351659,13.84951799838949,0.03620586210127773,-0.9367279343292798,-0.3481808619047058,10.70463614542576,-0.9992372929976524,-0.03903340674955974,0.001106996046577922,7.425395692981424,76.45487904099019,55.9474399618708,30.81342527236899,18.05680549497182,5.957068096613333,44994.0,131803.03244721817, 0.0, 0.0,0.0,NaN, 91.82432038283159,91.82432038283159,0.0, 55.243679222711265, -2.7118135050209515, 1.1246294574911444, -2.7118135050209515, 123.84358786324209, -25.179426386068446, 1.1246294574911444, -25.179426386068446, 182.4476179050638, 9.276882600144063, 5.342976590809586, 10.0, 0.0
11, 0 ,1.0,1.0,1.0,76.99223395849795,100.41460473239906,160.74671476691478,12.07688528287831,14.528148306874801,13.289628919820075,62.0,79.0,75.0,0.15738840272712712,0.8652137562717205,0.4760609694620879,15.118455309663139,-0.09870531394031132,-0.4658725063251752,0.8793293290060575,12.704042487705102,-0.9825915487561186,0.18538598600886433,-0.012078265793273379,11.982157639973364,73.60498537212666,66.24003073105831,63.89106379813094,22.151288878615794,6.546211820963568,96188.0,311507.0465887667, 0.0, 0.0,0.0,NaN, 131.85550971466589,131.85550971466589,0.0, 145.85115813580273, 12.393705137180346, 4.821690813104308, 12.393705137180346, 211.06709322654913, 27.70891395075704, 4.821690813104308, 27.70891395075704, 176.61423682651807, 7.573801612898744, 4.863396067648682, 29.0, 0.0
12, 0 ,1.0,1.0,1.0,21.58682301633216,177.76112545058075,48.003671398691644,13.34557085390917,12.54009994684957,14.132453208269723,55.0,54.0,82.0,0.15155254316504052,-0.5149987525981673,0.8436872118756693,15.068904898334235,0.9859427973034974,0.13950685725863876,-0.09194910126353996,13.311196511319462,-0.07034647898483223,0.8457624498641154,0.5289019297509576,11.437864939734812,92.54500500485793,61.2879790252167,58.999533890830605,22.06226756671502,6.952765751280003,89884.0,334639.2394890669, 0.0, 0.0,0.0,NaN, 57.139399164821654,57.139399164821654,NaN, 178.1042614167099, -1.134966434697318, 8.103314810251222, -1.134966434697318, 157.25410667697662, -42.413902044842786, 8.103314810251222, -42.413902044842786, 199.72623368393317, 7.61832955281048, 4.807855466781894, 12.0, 0.0
13, 0 ,1.0,1.0,1.0,175.7064963343255,61.289118839769074,108.65151121676422,13.17262588181308,13.620913592775432,13.815831396295085,55.0,69.0,66.0,-0.5930136477942859,-0.5194502567496884,0.6152286114058713,15.277770857269795,-0.021630109451977086,-0.7535237363811818,-0.6570647738809605,13.247920884559184,-0.8049018274887998,0.40295584059897344,-0.4356140937026315,11.874631226448153,76.5931408297303,67.80821357521776,67.5159532195031,22.478512764665084,6.68139362585874,100118.0,350653.8288386672, 0.0, 7.105427357601002E-15,0.0,58.70461697107023, 112.65467949220056,112.65467949220056,NaN, 173.51807262221183, 29.026366458644492, -33.22203143186354, 29.026366458644492, 185.52928710185455, -12.448647033304672, -33.22203143186354, -12.448647033304672, 190.877197170853, 6.994861524311216, 4.505479409821098, 19.0, 0.0
14, 0 ,1.0,1.0,1.0,169.8019589709097,186.8572389440054,23.265526035536126,16.437382600286192,7.441835395341649,14.897901670262137,77.0,31.0,52.0,0.917566935830131,0.009623601799349027,0.3974648469483951,16.769540132349288,-0.39685177908657715,0.08270404954961635,0.9141491703348602,14.560819803285838,0.024074544795742277,0.9965276847516591,-0.07970564482127729,7.367563055862913,90.21504397558559,68.06386760112545,32.793586709131176,22.088917494821104,7.719822464493879,71364.0,201365.2416542889, 0.0, 0.0,0.0,NaN, 40.32292836439088,40.32292836439088,0.0, 270.18754674819127, -3.1731915532253416, 25.53995963595414, -3.1731915532253416, 55.38091405135981, 12.793525856875336, 25.53995963595414, 12.793525856875336, 221.94747417679937, 8.444243322288026, 4.97937826344431, 12.0, 0.0
15, 0 ,1.0,1.0,1.0,189.82904116164647,24.547653906156246,175.8751230049202,6.236479935985403,13.16604226724261,12.835647724751967,27.0,55.0,54.0,-0.024188325053397134,0.8007514082196394,0.5985082348350571,13.579082334539288,0.009263331539470742,-0.5984781709519179,0.8010855569680664,12.401697285498672,-0.999664501530339,-0.02492109805590582,-0.0070585587613109695,6.228854700452999,74.71037737898847,62.980367756399275,27.811608638033476,18.388815686544074,6.232468301969174,41665.0,130861.6017569568, 0.0, 0.0,0.0,NaN, 35.88934947885849,35.88934947885849,0.0, 38.8936819919485, -3.457531770705627, -1.2543261451086332, -3.457531770705627, 173.34466898281892, 14.639924235539022, -1.2543261451086332, 14.639924235539022, 164.75385251393033, 7.94230254846905, 4.925408899408239, 10.0, 0.0
16, 0 ,1.0,1.0,1.0,189.19312135799342,177.02852377332997,138.3021070855502,6.478959271753582,13.139981658585661,14.836773524359506,28.0,58.0,70.0,0.012817843340631336,0.5459949169570864,0.8376904282305719,15.974606587274575,-0.013943169461491338,-0.8375802022219929,0.5461364233148461,11.732628055222477,-0.9998206293718205,0.01868035071375054,0.003123072165050275,6.474817614864116,77.88167501293941,66.97339924465957,28.561866617259795,19.591450176179347,7.137293593543886,47364.0,148978.71097026244, 0.0, 0.0,0.0,NaN, 66.71661963932554,66.71661963932554,0.0, 41.97691324504171, 2.6105289469924866, 1.560924467706823, 2.6105289469924866, 172.65911798796756, 53.75126368819038, 1.560924467706823, 53.75126368819038, 220.1298486131352, 7.6182544902004805, 4.86547791843663, 11.0, 0.0
17, 0 ,1.0,1.0,1.0,21.07003103494805,9.827445688840912,20.270759681554445,12.533573608466211,6.475993236713224,12.141759790435774,60.0,26.0,48.0,-0.7447478051419497,0.06394499541714416,0.6642753527697306,13.972230638543758,0.6657855381240769,0.0031630314000953286,0.7461364569950966,10.484255213357944,-0.045610568523995365,-0.997948411889845,0.044929313876961016,6.427165021528153,76.63403023688119,54.411824397124064,28.10874987086815,17.526383928705904,6.267148713176011,37055.0,117207.79201897756, 0.0, 0.0,0.0,NaN, 30.84523617429643,30.84523617429643,NaN, 157.09046739884073, -7.185379073338113, -42.06060238493149, -7.185379073338113, 41.938488401955425, 6.699777018050468, -42.06060238493149, 6.699777018050468, 147.42233080864298, 7.911002346719266, 4.66853667635331, 4.0, 0.0
18, 0 ,1.0,1.0,1.0,22.87874585820841,39.89353223664044,145.72682421287715,13.999897688692572,12.69016520257281,10.79576936427824,59.0,61.0,59.0,0.8673829995956139,0.36239557637495,0.34105157709118306,14.482215944221645,-0.4569973619095116,0.8513341000462495,0.25765026936952634,12.82404128857817,0.19697751958094578,0.3793411344981069,-0.9040465477271772,9.96972671154594,73.40933871926669,59.90286653815215,50.69983057718744,20.774492656358724,6.481243646090982,68509.0,222948.9468467517, 0.0, 0.0,0.0,NaN, 71.13725139742395,71.13725139742395,0.0, 195.99713529385963, 9.371229652889149, 24.98018842393724, 9.371229652889149, 161.0402928685898, 27.908237688606494, 24.98018842393724, 27.908237688606494, 116.54863616668857, 7.918811671359815, 4.783911626323524, 16.0, 0.0
19, 0 ,1.0,1.0,1.0,121.92985299413941,78.9464198015912,179.87979242379595,11.484761850960108,11.251340657955403,11.447897395360748,55.0,55.0,47.0,-0.41524243576880854,0.6866857272204695,-0.5966878845497717,12.512808571888204,0.8179958331369163,-0.005168074402234936,-0.5752009283525322,11.53836900435673,0.39806599516591334,0.72693603779058,0.559560059737919,9.992118819945919,60.34118414714936,59.35117825935693,48.93229895284702,18.96331611696631,5.471692425325213,61086.0,175242.2393185163, 0.0, 0.0,0.0,NaN, 112.83752835787965,112.83752835787965,1.3486991523486091E-6, 131.89975477326865, -16.31620324051629, -1.6085697126025005, -16.31620324051629, 126.59266660136032, -23.144573869575787, -1.6085697126025005, -23.144573869575787, 131.0543547747074, 7.789526818424987, 4.817139716685125, 16.0, 0.0
20, 0 ,1.0,1.0,1.0,170.77341110885496,90.35909032174699,9.560999021652853,13.225407609797493,16.439210563617202,6.516675019192698,58.0,76.0,26.0,0.3243564008699582,0.9458820095314815,-0.010007460185958675,16.82154302216967,-0.9458098868755273,0.32446739396551905,0.012828411504422304,12.73728968598577,-0.015381258179651441,-0.00530417740193973,-0.9998676325388777,6.5133129446218305,83.9954664311471,68.47177557382798,26.568852642814928,20.74514014342163,7.5673815904708865,54173.0,152805.93975135518, 0.0, 0.0,0.0,NaN, 95.44826559072554,95.44826559072554,0.0, 174.91140644528946, 37.029236588327244, -2.234540029335823, 37.029236588327244, 270.2476439549434, -1.778212651472364, -2.234540029335823, -1.778212651472364, 42.46705330577016, 7.462531543715661, 4.885228932844816, 11.0, 0.0
21, 0 ,1.0,1.0,1.0,16.08118459749675,101.22053895082416,22.856986526229395,9.84580397695358,11.716557012977793,12.520021470113313,39.0,53.0,54.0,-0.03203430051872894,-0.4962323674902331,0.8675985483190454,12.874252527934786,-0.27840315202213883,-0.8292591810201789,-0.4845832184856186,11.456194506219873,-0.9599299393885022,0.2570654549891555,0.11158791743197367,9.694211215239479,58.302165120333434,60.266576796606955,46.07169179645109,18.941619353036106,5.673055445500535,58484.0,161880.8093866043, 0.0, 0.0,0.0,NaN, 102.65684709888886,102.65684709888886,0.0, 96.93985595259491, 9.744560581723038, 3.0329667596853342, 9.744560581723038, 137.27770823835908, -15.92316551903626, 3.0329667596853342, -15.92316551903626, 156.75093761209834, 7.7851726677683795, 4.881889155029567, 12.0, 0.0
22, 0 ,1.0,1.0,1.0,80.72946674839105,23.274274696087446,41.42726529778323,12.03748597418355,11.614328767646855,13.603616359865123,61.0,49.0,68.0,-0.43625591342097614,-0.009646450823367708,0.8997709286211363,14.059166153243146,-0.6193151715196895,0.7286378947051014,-0.2924645905494462,12.42742644336678,-0.6527859498570472,-0.6848311940808697,-0.3238467836539413,10.618427305314826,63.83593873130599,63.077588600612806,61.66643678624168,20.69664630640185,6.041598384181761,78312.0,248307.12770190084, 0.0, 0.0,0.0,NaN, 93.67580783831771,93.67580783831771,0.0, 144.9010685786657, -18.45552681950007, -25.778219907564157, -18.45552681950007, 134.8926327229893, -9.621133815137968, -25.778219907564157, -9.621133815137968, 185.05837806639005, 6.793560771173973, 4.529312895123465, 20.0, 0.0
23, 0 ,1.0,1.0,1.0,159.2712461216538,81.1303412944657,70.0040984197994,14.735939025126724,10.120920372464688,11.177338378402162,69.0,54.0,59.0,-0.9857703187221684,0.1668224594451988,-0.020667504712701526,14.849785227905844,0.06361751437966459,0.256435264110619,-0.9644655344721604,11.268112269617568,0.15559463548126476,0.9520563125914205,0.2633991022465342,9.850245983105639,72.31271850623583,57.15755980555874,53.12056168739002,20.141660533863416,6.2311581830328695,69295.0,219558.89003496035, 0.0, 0.0,0.0,NaN, 114.63654507445847,114.63654507445847,0.0, 217.14789895225272, -19.819076339862864, 0.6786776261121173, -19.819076339862864, 102.43302918577078, -7.831358928170277, 0.6786776261121173, -7.831358928170277, 124.93289322530185, 6.708636324957806, 4.343919064898671, 17.0, 0.0
24, 0 ,1.0,1.0,1.0,137.234214590715,118.53930831894854,124.10422155597954,10.449550561756991,12.472031310018734,13.013175868216605,50.0,62.0,65.0,0.3689161969569453,0.6372989892554788,0.6765728622378896,14.16377818846649,-0.2726862106429419,-0.6216754545190885,0.7342764191867244,11.968605325135186,-0.8885623614288516,0.455378554109029,0.05556349799600908,9.49880477307567,69.20932657256466,60.0712480725977,47.58223975732233,19.9470017794655,6.017020701970473,66042.0,197822.71573031225, 0.0, 0.0,0.0,NaN, 127.8106305939517,127.8106305939517,1.3486991523486091E-6, 109.19310694271586, 34.940794932353604, 16.93594835062702, 34.940794932353604, 155.55156499808763, 23.39309743558172, 16.93594835062702, 23.39309743558172, 169.34274617713498, 7.2622846905421286, 4.554945141017391, 25.0, 0.0
25, 0 ,1.0,1.0,1.0,119.54641030216511,56.209641922436354,14.301570306923626,15.337233948908372,11.999486013469824,9.424624711274742,74.0,63.0,42.0,-0.9137449834706894,0.3601790378315893,0.18799246231926464,16.047573515936264,0.3800758882751824,0.921290897511954,0.08225205963044019,11.322369209891205,-0.14357027663823893,0.14660880897248002,-0.9787203036606984,9.073108643949148,78.68914435847486,54.371475019679664,47.17266676056626,20.535217357721297,6.807849059026865,67248.0,201825.65301187834, 0.0, 0.0,0.0,NaN, 99.18083914527017,99.18083914527017,0.0, 235.2307452035475, -41.59795521710557, -28.661792186056317, -41.59795521710557, 143.9876645874579, 15.3394816472311, -28.661792186056317, 15.3394816472311, 88.82355094837052, 7.079152380555687, 4.6239050825624615, 16.0, 0.0
26, 0 ,1.0,1.0,1.0,150.98817596667345,151.72461748077615,54.826930606236196,10.008541035522272,14.39912643594525,10.73073657049923,46.0,65.0,50.0,-0.00878655075106042,-0.9841135257864176,0.1773227703655778,14.505352613913159,0.4865931505742442,-0.15912626437694002,-0.8590145154767003,10.837463024270917,-0.8735845135647323,-0.078736270864606,-0.48026107203291596,9.736456432764605,66.12320382810164,55.921517526031195,52.44366804387619,19.681141498698246,5.9419788313104664,63853.0,193921.47060995823, 0.0, 0.0,0.0,NaN, 87.96967529866295,87.96967529866295,0.0, 100.17089365973325, -0.754293671433026, -9.648452968416374, -0.754293671433026, 207.33484211833738, -17.077682367624575, -9.648452968416374, -17.077682367624575, 115.14870734544958, 6.692882960204643, 4.547649590664337, 21.0, 0.0
27, 0 ,1.0,1.0,1.0,10.494723498653146,83.69833623831406,105.91922040881002,6.976833956539243,11.42588701496179,10.7092501933052,28.0,58.0,48.0,-0.03539034084730329,-0.7638227571623085,0.6444550561642612,13.024212128395508,0.046573335219335224,-0.6454189331268038,-0.7624075846999464,8.707463643649271,-0.9982877582246807,-0.003032557077433298,-0.0584153693501375,6.9616895339910485,66.89303722201034,43.890501695817306,29.476921947549506,16.213462459693034,5.571245902554221,31555.0,86543.32798137925, 0.0, 0.0,0.0,NaN, 126.35958134965915,126.35958134965915,0.0, 48.67621205711904, 2.4530588808011253, -3.734778951099145, 2.4530588808011253, 130.55089407867243, -46.182853459944184, -3.734778951099145, -46.182853459944184, 114.68803970280749, 8.700945567752267, 4.635466511850252, 10.0, 0.0
28, 0 ,1.0,1.0,1.0,57.83338149453852,69.83739813905103,93.83635785701901,14.597532008972337,10.200249017769945,11.057295229844138,71.0,48.0,52.0,-0.9801972943286805,-0.08923155290183313,-0.1767795071762041,14.712423682455734,0.1969146362252734,-0.53355167591467,-0.8225249146189525,11.446228600116381,-0.020925826889336363,-0.8410471681751119,0.540556907895573,9.587765057572913,71.97968944490134,59.24166477410459,54.846807228263344,20.061632540045977,6.076816469631901,69212.0,233877.57069376094, 0.0, 0.0,0.0,NaN, 130.4884065723683,130.4884065723683,0.0, 213.08794075297195, 6.784919888740922, 15.246992989758027, 6.784919888740922, 104.04508002451672, 19.119796730666323, 15.246992989758027, 19.119796730666323, 122.26377779993395, 7.5845038457488085, 4.543465089216476, 18.0, 0.0
29, 0 ,1.0,1.0,1.0,97.12765292686737,187.44446428172913,139.169988172019,11.151576008124852,7.505883116454493,13.026036000038555,54.0,31.0,63.0,0.11251778303149271,-0.08374351052070175,0.9901145251673401,13.077445457846105,0.9921124328812078,-0.04593805686279919,-0.11663025102520097,11.134243773281272,0.05525096401158135,0.995427907674554,0.07791412964572958,7.441947231160024,61.83717169250103,53.630482698802,33.72553550176474,17.838403162589263,5.671412108645309,44809.0,111845.92810372385, 0.0, 0.0,0.0,NaN, 115.28969068935477,115.28969068935477,NaN, 124.35764746498583, -4.215589182786737, 4.946164111139534, -4.215589182786737, 56.33828135787662, -9.220636131891752, 4.946164111139534, -9.220636131891752, 169.67761387430045, 7.263196043696948, 4.714080944197342, 11.0, 0.0
30, 0 ,1.0,1.0,1.0,46.64584622638729,121.40288215011935,145.0628296938084,11.454980895015,10.807212351189122,13.491123164528581,54.0,56.0,62.0,0.21293817594927383,0.3659343495580158,0.9059521979867086,13.949354699844086,-0.8642433590943304,-0.36199078204202734,0.34935095531277716,11.67426702576688,-0.4557858592417549,0.8573533259573634,-0.23917467463153805,9.957400424727465,63.87905018320356,59.26159643875199,52.015563156196826,19.867721221255938,5.94108439796939,67866.0,196908.78911521228, 0.0, 0.0,0.0,NaN, 106.63692880862286,106.63692880862286,0.0, 131.21658730515864, 19.055171550969792, 7.197405353058747, 19.055171550969792, 116.7958388036947, 26.941783964163214, 7.197405353058747, 26.941783964163214, 182.0104042404797, 6.912820656627081, 4.418269861777519, 17.0, 0.0
31, 0 ,1.0,1.0,1.0,18.168199016615183,139.90332486428193,24.320587106326197,10.01305535462388,10.483882013304274,12.195314600227587,41.0,47.0,53.0,0.0169707230940783,-0.2791356088329354,0.9601017167150212,12.33675197793982,0.6117821245225753,-0.7566107360635976,-0.23078740474286305,10.756961123358339,0.7908442493135478,0.5912896971491797,0.1579299445099736,9.538925297302958,59.39522503563681,57.71443587112083,51.57491162404932,18.21361003493912,5.211829553748573,54709.0,176796.83237164302, 0.0, 0.0,0.0,NaN, 67.32892970389305,67.32892970389305,0.0, 100.26127753476197, -11.732866537518925, -2.4931737475079845, -11.732866537518925, 109.91178206888489, -12.08597150002074, -2.4931737475079845, -12.08597150002074, 148.72569819852413, 7.474765980065988, 4.679956113166928, 10.0, 0.0
32, 0 ,1.0,1.0,1.0,112.58280806913328,71.26062064053113,70.6691037133603,10.041132982932039,11.203624483213595,15.260851835808419,49.0,58.0,70.0,-0.12529839598126497,-0.14298897511373962,0.9817609000975972,15.410295298409842,0.08280088312376008,-0.9876143329421829,-0.1332739401424479,11.103607213105741,0.9886578405689442,0.06459165861850695,0.13558610518214148,9.9232987241723,70.63959145138183,60.094566648829456,47.45215039915102,20.508880170203376,6.214900325872663,74407.0,201437.01851696533, -1.4210854715202004E-14, 0.0,0.0,82.80201190653374, 133.0938154791625,133.0938154791625,0.0, 100.82435158092565, 0.4609403137254232, -17.37334770290258, 0.4609403137254232, 125.5212015608631, -16.247050132507326, -17.37334770290258, -16.247050132507326, 232.89359875449716, 7.54892713571118, 4.394248934000473, 21.0, 0.0
33, 0 ,1.0,1.0,1.0,189.66075115798873,10.30224900943133,46.17567944639768,6.11710554141239,6.78323922313103,10.74588385462587,25.0,29.0,49.0,-0.02497372983906733,0.03490537353573796,0.9990785393132293,10.752426659282285,0.36648377060795834,0.9301317617005587,-0.023335632770244853,6.891443236709218,-0.9300892208271729,0.36556329243257557,-0.03602111223930202,5.983198595407034,48.96449082885013,36.182586620055645,28.431454499134873,13.353359409586629,4.53796505699502,17919.0,50370.92557116601, 2.8421709430404007E-14, 0.0,0.0,88.56896190187354, 48.427572452125176,48.427572452125176,0.0, 37.418980204778165, 3.916422329836105, -2.0914696492744174, 3.916422329836105, 46.01233435822326, 2.5296344728115723, -2.0914696492744174, 2.5296344728115723, 115.47401981710892, 8.610829301612958, 4.693794129779802, 6.0, 0.0
34, 0 ,1.0,1.0,1.0,172.7018325968287,104.41277618923837,123.78916038471536,11.822083914178384,12.015878304981657,13.68621474815325,52.0,60.0,65.0,-0.32130536908339863,-0.020836775724503112,0.9467463697187266,13.90495677206835,0.49770182660169726,0.8468287966664871,0.18754700993010667,12.298616606929816,-0.8056399640009894,0.5314572587836167,-0.26172013772480096,11.262845127641256,68.17324337402633,63.458387452921045,59.23641217218818,20.814520033071428,6.1815232297131875,76940.0,256266.43927534414, 0.0, 0.0,1.4210854715202004E-14,18.78272718672093, 125.26052600195656,125.26052600195656,1.3486991523486091E-6, 139.7616680738753, 10.730822700251036, -17.949816371383257, 10.730822700251036, 144.38133144012886, 2.5641156140085966, -17.949816371383257, 2.5641156140085966, 187.31247413256753, 7.604264553364203, 4.656297285131131, 18.0, 0.0
35, 0 ,1.0,1.0,1.0,123.11105655930872,151.98222702278082,162.9251486926271,12.971593147309497,11.70893838242224,11.097594898056943,69.0,54.0,59.0,-0.9588117271895352,0.24885574036863206,0.1369338975177457,13.128279413700069,-0.14378850125005732,-0.8410003528075486,0.5215776773270129,11.884922126359564,0.24495905517470196,0.4804052737670138,0.8421435947774928,10.719840718511394,67.67143050383416,58.582344294822164,57.04926949746337,19.882568996957733,5.762076832645304,71288.0,226163.330903372, 0.0, 0.0,0.0,NaN, 97.93957700838509,97.93957700838509,0.0, 168.2622287793267, -10.519979398206642, -9.516235582419641, -10.519979398206642, 137.09923804336074, -9.595118906498154, -9.516235582419641, -9.595118906498154, 123.1566125213795, 7.2768876172711705, 4.340952925965975, 23.0, 0.0
36, 0 ,1.0,1.0,1.0,145.07279727793696,42.998761341929324,83.23495702005731,12.596689616161347,10.106874936519567,12.60596255173848,65.0,48.0,56.0,-0.83584483537047,0.2229808952642379,0.5016402411406714,12.939649777851201,-0.45968038835312536,0.2152416748175381,-0.8616060364141266,12.511212091215025,-0.3000955710236853,-0.9507631365218682,-0.0774086977223368,9.786257597231838,69.88142916233107,61.651643979498914,45.29452019408511,19.66258063115582,5.754887057762958,67008.0,195142.60743953023, 0.0, 0.0,-1.4210854715202004E-14,59.891423058024245, 108.5999500273439,108.5999500273439,0.0, 158.6765892859071, -19.368194213018466, -5.983466456898279, -19.368194213018466, 102.14892098244742, -3.252051972411315, -5.983466456898279, -3.252051972411315, 158.91029185583295, 7.508696567039464, 4.500556619141016, 16.0, 0.0
37, 0 ,1.0,1.0,1.0,85.99043062200957,35.95882029963134,108.69221115381599,11.510674766577248,12.213309826142966,11.034197075625451,59.0,72.0,56.0,-0.45983995037272296,-0.7251433267579459,0.5125567048626236,13.016915925093658,-0.7412347479521741,0.6312918438330444,0.22812640429847686,11.455218985767504,-0.488997207016041,-0.2750232055087245,-0.8277946411775188,10.13666283261778,62.77545980170116,57.17868392169243,54.483579788558174,19.261089532172665,5.6942519814843635,63745.0,195564.3514798298, 0.0, 0.0,0.0,NaN, 130.4779798275523,130.4779798275523,0.0, 132.49563358191818, 8.914987534438165, -20.532163325690934, 8.914987534438165, 149.16493690936034, -20.686358862989056, -20.532163325690934, -20.686358862989056, 121.75350510374128, 6.488756070708152, 4.198922816903729, 17.0, 0.0
38, 0 ,1.0,1.0,1.0,16.564308199670215,71.8799280467696,169.72361714885324,10.028528200675144,11.705920181091303,11.033516341305958,41.0,60.0,59.0,0.08426971776274148,-0.8077835429614769,0.5834246844184701,12.364603779892406,-0.47647106557241237,-0.5468975057190706,-0.6883882929790057,10.431258613204353,-0.8751422389191817,0.2199746939055999,0.4309723839188066,9.881490025416367,57.53823402820029,55.287632474036315,50.391026792376685,18.19147828394221,5.3299667781846445,53368.0,160301.5527582909, 0.0, 0.0,0.0,NaN, 79.73556120509626,79.73556120509626,0.0, 100.57137787173663, -0.8502644479185151, 6.378701580443976, -0.8502644479185151, 137.02856728608063, -21.829112226618193, 6.378701580443976, -21.829112226618193, 121.73848285386562, 7.354217865482685, 4.562652590462814, 12.0, 0.0
39, 0 ,1.0,1.0,1.0,187.25405083308505,110.95482776797378,65.63300712763275,8.554292394835985,15.069008303209307,9.482271239528083,36.0,71.0,55.0,0.14340705362367814,-0.9817954625882697,0.12454752752286785,15.265136360946885,0.39629622760378863,-0.05834929924904622,-0.9162666965813782,9.563031425758663,-0.9068537461785015,-0.18075682260492737,-0.38071413701593615,8.104840486411225,70.03201100321614,50.60909011875149,42.153340192368546,18.637218538836468,6.543583316057047,43633.0,149402.24390592633, 0.0, 0.0,0.0,NaN, 111.35166609715672,111.35166609715672,1.9073486328125E-6, 73.17591837634878, -24.156034785781276, -6.36614223202185, -24.156034785781276, 227.07501124219104, -19.084485205038444, -6.36614223202185, -19.084485205038444, 89.91346785998147, 7.435891041490964, 4.617704530735993, 10.0, 0.0
40, 0 ,1.0,1.0,1.0,50.37557188630821,150.98106199486696,187.42773110583283,16.14251892831959,14.119873563200773,6.687950708917346,74.0,64.0,28.0,-0.9197095536604191,0.3837990587063982,0.08265966030559171,16.56531998663075,0.38870113004495754,0.9197626682489277,0.054296091916326124,13.694960980801914,0.055188480750299015,-0.0820665378317852,0.9950976409181052,6.535950501012458,70.37229972136433,62.788861187035934,29.978180071775824,21.291106905347288,7.167230861494735,62731.0,132461.48329875636, 0.0, 0.0,0.0,NaN, 71.40459698906595,71.40459698906595,0.0, 260.5809173511562, -30.003440413815536, -14.557130363830238, -30.003440413815536, 199.3708294407761, 14.583238662762056, -14.557130363830238, 14.583238662762056, 44.72868468490803, 8.818996551968716, 5.321799632437502, 14.0, 0.0
41, 0 ,1.0,1.0,1.0,81.58497354779388,105.59371543556189,76.66195812955584,12.253600415945757,12.56526210254238,12.026808655493218,63.0,65.0,62.0,0.49065366609723016,-0.6637457630099182,0.5645356871197148,14.336756383141372,0.8683822912281323,0.42594387249241306,-0.2539370271692312,11.520067931398913,-0.07191089087702499,0.614827926799481,0.785375989065571,10.69701418908613,67.93045049847126,54.37024852385625,56.375979039646296,20.40129087411516,6.038873401954255,75041.0,208218.78593668388, 0.0, 1.4210854715202004E-14,0.0,48.41382444787952, 146.44353962641597,146.44353962641597,0.0, 150.15072315366604, -22.910226762368072, 21.206194266958946, -22.910226762368072, 157.88581170558777, -36.1199373748498, 21.206194266958946, -36.1199373748498, 144.64412643584657, 6.286260390969218, 3.948476078178777, 21.0, 0.0
42, 0 ,1.0,1.0,1.0,49.33225001889502,182.62385685133398,162.0800959866979,11.711466528969554,9.941884943456461,11.265226406864226,54.0,43.0,50.0,-0.8600658804602446,0.10199570178933222,0.4998835445227685,11.975188398050632,-0.48663140519160897,0.13025517015442098,-0.8638422692420671,11.024113985105322,0.15322061463584222,0.9862202935777301,0.06239371591811397,9.897910090549942,58.558605193036456,56.3364087983516,46.37383012221247,18.25064809387114,5.460649653626462,52924.0,152986.40862264752, 0.0, 2.8421709430404007E-14,0.0,84.1458965198971, 64.60278912731049,64.60278912731049,0.0, 137.15844825917418, -5.479364728173456, -9.629627538169792, -5.479364728173456, 98.84107622892627, -0.3346218954123475, -9.629627538169792, -0.3346218954123475, 126.90532599791109, 7.053380016755282, 4.476315883301762, 10.0, 0.0
43, 0 ,1.0,1.0,1.0,178.48317590507244,156.02389996302398,88.52499243672057,12.523367958259724,8.99108399951388,12.837269093079353,52.0,40.0,58.0,0.4094352948048067,0.11745478995568812,-0.9047469876626095,12.970491363042248,-0.9117279910707226,0.016383167906270767,-0.410467613956935,12.435414016394898,0.033388765569355106,-0.9929430820172017,-0.11379466686947388,8.921695260123323,63.20868318992503,59.557793179678015,41.81304442006939,19.229998167584103,5.71637863923712,59498.0,157408.11927676148, 0.0, 0.0,0.0,NaN, 101.16098743841724,101.16098743841724,0.0, 156.83474501796633, 3.1416505405721042, -4.750621576705618, 3.1416505405721042, 80.8395914863145, -9.923821628374235, -4.750621576705618, -9.923821628374235, 164.7954777681304, 7.704992020962447, 4.617835705372158, 11.0, 0.0
44, 0 ,1.0,1.0,1.0,115.59681610810603,152.7815742362702,63.14369862750005,9.545612532260296,12.25347992891111,10.660385081134482,45.0,55.0,49.0,-0.05064808447858905,-0.8979791278529866,0.43711355215669107,12.735266072362947,-0.46930071265298096,-0.36494456375833967,-0.804097199651037,10.299441875019726,-0.8815847166563483,0.2458636844343336,0.4029385015536744,9.3083185480278,59.909617382013224,53.264372153041705,47.48699780522179,18.063914475161532,5.3483916177090185,51949.0,151533.29676997158, 0.0, 0.0,7.105427357601002E-15,64.08014107222267, 115.50153184721961,115.50153184721961,0.0, 91.11871861604483, 6.764116198168964, 5.661143963367706, 6.764116198168964, 150.1477703682274, -23.94890087727875, 5.661143963367706, -23.94890087727875, 113.64381007807465, 6.304888820059134, 3.9725291921536665, 16.0, 0.0
45, 0 ,1.0,1.0,1.0,99.55672250482371,158.75550342045256,15.070798982634626,11.57574528297643,10.68037638874775,9.711895652523166,51.0,53.0,41.0,-0.834289164596112,-0.2580113664763491,0.48722861636661885,12.658723923844937,-0.1550320674139519,0.957867649985539,0.2417739092303748,10.558094953022076,-0.5290809464636566,0.12617329305438924,-0.8391386370612033,8.406698246637344,63.84510729719929,48.98234050709766,48.914942879798346,17.673331017892806,5.481113623998247,45608.0,152970.8588140589, 0.0, 0.0,0.0,NaN, 108.81074614199532,108.81074614199532,1.9073486328125E-6, 133.99787885635104, 13.221715765902724, -37.93888477828538, 13.221715765902724, 114.07043980532043, -1.8110314099420348, -37.93888477828538, -1.8110314099420348, 94.32091716549839, 7.445750189881391, 4.3381948291922905, 12.0, 0.0
46, 0 ,1.0,1.0,1.0,95.8061888158777,8.809608421617272,133.45671851951187,11.415842601490857,5.95019156083628,10.799396528904483,58.0,24.0,54.0,-0.8279119333803242,0.036362700165463974,0.5596781080256135,11.889131066085936,0.5603010717302737,0.0980879508024452,0.8224606148170768,10.316469130924137,0.02499078999072553,-0.9945132014930992,0.10158224486388259,5.879815853008897,67.36205986756957,50.47454699267101,26.306290712567563,15.95234097559616,5.27977506144885,29828.0,89443.21556057973, 0.0, 0.0,0.0,NaN, 116.98052541409325,116.98052541409325,0.0, 130.32146230201354, 0.7345898580316962, -16.36397714358009, 0.7345898580316962, 35.40477961064729, 7.970085304824617, -16.36397714358009, 7.970085304824617, 116.6269653885142, 6.453210776463197, 4.140123622195818, 10.0, 0.0
47, 0 ,1.0,1.0,1.0,117.8104383358098,112.33761144130757,54.568666419019316,10.179692489647515,11.188907288056772,11.027754513874259,49.0,50.0,53.0,0.16282248442575742,0.7318218656683861,0.6617594695167318,12.175565223424673,-0.8093597603875119,-0.2845279061053962,0.5137904718002743,10.242347734659775,0.5642921378425304,-0.6192581267750318,0.5459796292831677,9.863015739378673,62.11251073514161,50.014801262800745,49.082748636368606,18.01202760662355,5.098628894226828,53840.0,152477.76148989957, 1.4210854715202004E-14, -1.4210854715202004E-14,0.0,67.04658196797996, 131.9755953542817,131.9755953542817,0.0, 103.62613918378601, 7.829172778045779, 2.320018749489429, 7.829172778045779, 125.19164630072996, 23.567075603668087, 2.320018749489429, 23.567075603668087, 121.61136961827408, 6.505825459184941, 3.9954186934340146, 13.0, 0.0
48, 0 ,1.0,1.0,1.0,109.15287424124217,53.31339790306928,128.68612638669535,10.410596836138389,11.230783732025314,11.479344233397702,50.0,53.0,49.0,-0.20361529190767322,-0.6472499940683023,0.7345803278607017,12.964542617588222,0.877142084414788,-0.4539068944967869,-0.1568129295586427,10.495892983795503,0.4349282431043473,0.6124018095228538,0.6601525937563986,9.383135879780877,60.960295844416166,48.61247229666212,47.15215387071828,18.331471959697343,5.49940992651247,52553.0,139732.14001838648, 0.0, 0.0,0.0,NaN, 127.20529558289994,127.20529558289994,NaN, 108.38052648461462, 1.7408741888520554, -15.013763998072648, 1.7408741888520554, 126.13050323552443, -36.479240035561546, -15.013763998072648, -36.479240035561546, 131.7753440288411, 7.354512409206811, 4.144229839644747, 14.0, 0.0
49, 0 ,1.0,1.0,1.0,15.767086798336798,50.007081600831604,93.86958593208593,9.323108313960446,10.571999176449943,11.227183537069461,38.0,55.0,53.0,-0.22617523159115582,-0.3881175606551243,0.8934257236758989,11.585291175325064,-0.3415535156396169,0.8905599640361792,0.30040663509665827,10.473702819964851,-0.9122422707641351,-0.23720815661986533,-0.33398552343492427,8.989980145569609,55.37698463713104,49.806721401793475,43.85983656730022,17.284012906885778,5.09902571383812,46176.0,120971.83480161156, 0.0, 0.0,0.0,NaN, 107.52119976730069,107.52119976730069,0.0, 86.92034863383842, -4.096626762452785, -13.753521381246008, -4.096626762452785, 111.76716658685828, -10.79048325103487, -13.753521381246008, -10.79048325103487, 126.04965017504355, 7.388097986937788, 4.180042881046572, 9.0, 0.0
