// Sample: .//bubblelabels.tif, Map: .//bubblelabels.tif, Thickness:(8.191250068658265):/gpfs/home/mader/Foam/NewValid/InSilicoTest/LatticeDataPhi_16.0/out_Step_05000.vtk/distmap.tif, Neighbors:(1.0):
//LACUNA_NUMBER, TRIANGLES, SCALE_X, SCALE_Y, SCALE_Z, POS_X, POS_Y, POS_Z , STD_X, STD_Y, STD_Z,PROJ_X, PROJ_Y, PROJ_Z, PCA1_X, PCA1_Y, PCA1_Z, PCA1_S, PCA2_X, PCA2_Y, PCA2_Z, PCA2_S, PCA3_X, PCA3_Y, PCA3_Z, PCA3_S,PROJ_PCA1, PROJ_PCA2, PROJ_PCA3,OBJ_RADIUS, OBJ_RADIUS_STD, VOLUME, VOLUME_BOX, Mask_Grad_X,Mask_Grad_Y,Mask_Grad_Z,Mask_Angle, Mask_Distance_Mean,Mask_Distance_COV, Mask_Distance_STD, SHAPET_XX, SHAPET_XY, SHAPET_XZ, SHAPET_YX, SHAPET_YY, SHAPET_YZ, SHAPET_ZX, SHAPET_ZY, SHAPET_ZZ, Thickness, Thickness_STD, Neighbors, Neighbors_STD
1, 0 ,1.0,1.0,1.0,130.82576134104465,15.253490421109705,180.22531854328574,21.04861902860981,9.433045003276597,11.793708945913869,86.0,38.0,51.0,-0.9732954565542025,-0.01840847773827603,0.22881669999872337,21.47261763632389,0.2096097592724873,0.3351329798879316,0.9185584546500921,11.21936901302429,0.09359328538242638,-0.9419909838946415,0.32232481007910185,9.174460340540364,88.63642990201446,59.24761461774841,45.78819505659183,24.19930003623095,9.247277950987478,88528.0,240456.57080332068, 0.0, 0.0,0.0,NaN, 73.54442392722589,73.54442392722589,0.0, 443.04436301155505, 9.682474355521617, -75.90901705076216, 9.682474355521617, 88.98233803384157, 11.250402432790933, -75.90901705076216, 11.250402432790933, 139.0915707009288, 11.110693789163822, 6.455092629038871, 12.0, 0.0
2, 0 ,1.0,1.0,1.0,169.34568265682657,63.268819188191884,168.6339114391144,15.473859453252121,14.869796342086179,13.898668915249266,66.0,72.0,63.0,0.7875414175675481,0.5946597081021481,0.16173542337893893,16.209000095421683,-0.6000773707284149,0.6802263048266722,0.4209504998946121,14.215697381884354,0.14030561198815034,-0.42856972102765145,0.8925482224859964,13.744323595693672,79.04687409024072,77.63831106549728,71.9549649677159,24.580742311144455,7.036424850946398,135500.0,441592.3545984736, 0.0, 7.105427357601002E-15,0.0,53.51162273737189, 76.98351878716261,76.98351878716261,0.0, 239.44032637900003, 29.194011138192327, 6.074159322449262, 29.194011138192327, 221.1108432551195, 10.87420498767715, 6.074159322449262, 10.87420498767715, 193.17299761571618, 8.145298527395592, 5.575381619212337, 18.0, 0.0
3, 0 ,1.0,1.0,1.0,179.90578839219944,162.17662737952156,91.98149691776838,11.61757279914083,13.58512206124119,15.684729395918017,52.0,70.0,79.0,0.01888273575975005,0.2469159283254424,0.9688529127939972,15.82155958549313,0.002269111009102233,-0.9690337727877162,0.24691779670982517,13.427058817786095,-0.9998191303558142,0.002464048699029619,0.01885828832511007,11.615791801325338,77.08618815998678,72.115861850459,52.783496989424094,22.77039254471197,6.858826338741627,103172.0,293430.68560980586, 0.0, 0.0,0.0,NaN, 101.46418398508933,101.46418398508933,0.0, 134.96799774333692, 0.438285757075086, 2.136521052618142, 0.438285757075086, 184.55554141882206, 16.752231047837572, 2.136521052618142, 16.752231047837572, 246.0107362231748, 8.170460867294175, 5.6635234972086135, 19.0, 0.0
4, 0 ,1.0,1.0,1.0,16.015551573078454,44.42939068100358,15.884906411788132,10.044600712281396,11.950272496102054,10.45431238925115,44.0,57.0,41.0,0.16912124215442775,0.9212756304220212,-0.35021310404188255,12.15427257439027,0.6172169075370021,-0.3760263631920504,-0.6911204404696911,10.821298274291996,-0.7684017793463283,-0.0992743016851157,-0.6322209412241336,9.389825641540792,56.098375721603574,61.28422310394425,47.73578834356021,17.993510174801045,5.406408726838652,50220.0,164113.0326857191, 0.0, 0.0,1.7763568394002505E-15,69.49964993979992, 49.827692101746514,49.827692101746514,0.0, 100.89400346916393, 2.5647480262472193, -15.86891899457593, 2.5647480262472193, 142.8090127310932, -11.69705539354433, -15.86891899457593, -11.69705539354433, 109.29264753205011, 9.555696348067372, 5.888234159983251, 7.0, 0.0
5, 0 ,1.0,1.0,1.0,30.670086615012252,108.2032788881616,174.1689601631833,15.299214695676476,14.514129489791916,13.76294412564855,70.0,71.0,64.0,0.9146796418684966,0.08941478300867833,-0.39416512952166355,15.605336470773116,-0.196200776186854,0.950840394804155,-0.23959924672743685,14.616591544778219,-0.35336441271723273,-0.2964920575465557,-0.8872576016224459,13.303130511411624,78.69654188002852,72.28075471393271,71.6174406095623,24.23162535608475,6.853677024712436,131386.0,407377.58000512095, 0.0, 0.0,0.0,NaN, 100.17252536952536,100.17252536952536,0.0, 234.06597030440304, -1.3981525681103442, -22.270852699425394, -1.3981525681103442, 210.65995484644736, -10.700132343159323, -22.270852699425394, -10.700132343159323, 189.41863100572394, 7.685657169460559, 5.199761318213482, 17.0, 0.0
6, 0 ,1.0,1.0,1.0,43.113336869730304,12.216259981015131,25.813194483220727,15.841529499078836,7.923014555434794,13.81976697107033,76.0,33.0,61.0,-0.9910796543209558,0.08869451640672715,-0.09947060646457995,15.906838469563555,0.10156558262239396,0.01941726437026016,-0.9946393327588392,13.801092760424002,-0.08628760755536215,-0.9958695961840348,-0.028252365894196777,7.8240976586369415,78.9618476032946,65.14636419444562,35.86998834965588,21.34074269849583,7.020461290196723,71636.0,184517.99215464309, 0.0, 0.0,0.0,NaN, 51.71380698996329,51.71380698996329,0.0, 250.95405687018496, -16.605921810065635, 5.852011195358916, -16.605921810065635, 62.77415964563161, -4.188550574209262, 5.852011195358916, -4.188550574209262, 190.9859591346864, 8.222616675614418, 5.230542121437866, 13.0, 0.0
7, 0 ,1.0,1.0,1.0,159.10057896862799,175.92815403258382,136.79202908307528,13.377113845538156,14.177114460796181,14.97806799053554,73.0,59.0,83.0,0.5447027019479077,-0.37288012794306113,0.7511720020579945,15.621709972732148,0.265066174940452,-0.7732462245080625,-0.576047045983629,14.693695175390456,-0.7956374107551049,-0.512884671704267,0.3223513985353865,12.014065490942626,75.45461301678131,80.48490887436068,71.33923303205938,23.51785054512723,7.15478691067316,111405.0,433240.14118734084, 0.0, 0.0,0.0,NaN, 79.04090078190688,79.04090078190688,0.0, 178.94717483648864, -34.918414487097934, 29.866220673436146, -34.918414487097934, 200.99057443451622, 3.9520793571284956, 29.866220673436146, 3.9520793571284956, 224.34252072910533, 7.728146687353981, 5.114326001190578, 22.0, 0.0
8, 0 ,1.0,1.0,1.0,89.19659996925037,122.98495464429264,78.7653912890685,13.67084679014964,12.031803578326189,12.408495295468448,74.0,57.0,63.0,0.9019750614521089,0.34683968558091194,0.25718324405878074,13.9878348551442,-0.3630001398508697,0.28656035933279256,0.8866307342559867,12.402060779762678,-0.2338202022638619,0.8930763645765103,-0.3843731520906367,11.668610426486769,71.1870619967463,65.71455662677636,59.27147844959624,21.258578325171506,5.805166009462168,91058.0,277273.53008853697, 0.0, 0.0,0.0,NaN, 141.74391529140223,141.74391529140223,0.0, 186.89205195974472, 16.778518548154743, 8.120999419524809, 16.778518548154743, 144.76429734742288, 9.793324980408348, 8.120999419524809, 9.793324980408348, 153.9707554976626, 7.432173481358551, 5.000932710540738, 22.0, 0.0
9, 0 ,1.0,1.0,1.0,172.34906627123343,39.68774036432903,16.853870543841246,14.976685935881264,13.05411299542599,10.993432381825794,67.0,69.0,50.0,0.9021445116626805,0.3095218497653473,0.300551999818236,15.552096933848032,0.3568887268766543,-0.9268205547718723,-0.1167651312709391,12.873443833065778,-0.24241641179025825,-0.21260264290501268,0.9465909356868676,10.391018626210066,79.32906206864936,76.98598937791377,56.3742066011866,21.618975656234614,6.941644965590447,82947.0,344290.0388750497, 0.0, 0.0,0.0,NaN, 51.222493336498104,51.222493336498104,0.0, 224.30112162202366, 18.28497914923079, 33.89765792944438, 18.28497914923079, 170.40986609734972, 18.705825418110734, 33.89765792944438, 18.705825418110734, 120.85555553377597, 7.7026844626385085, 5.082436885616813, 13.0, 0.0
10, 0 ,1.0,1.0,1.0,73.7442137885235,60.78043141402465,50.8511572422953,13.32230700063327,12.135769431853433,12.048352399172858,66.0,60.0,59.0,-0.7951828633732819,0.19247754442127904,-0.5750100944253262,13.982953612918742,-0.4836727200842927,-0.7732620993624505,0.41003222499681313,13.083819428155385,0.36571151696894877,-0.6041672951949071,-0.7079809077744541,10.159440756619977,65.34345166946835,63.606328997024576,51.36791713261052,20.875300395557456,5.843405894869148,81314.0,213498.2695081494, 0.0, 0.0,0.0,NaN, 108.25114365697506,108.25114365697506,1.9073486328125E-6, 177.4838638191222, 11.293654142955894, 28.72676561825102, 11.293654142955894, 147.2768997031082, -31.767806756476066, 28.72676561825102, -31.767806756476066, 145.16279553465435, 7.506074781975395, 5.061285537707195, 16.0, 0.0
11, 0 ,1.0,1.0,1.0,159.4584946733707,10.73665453004296,41.93654279604693,13.436863626038594,6.98085942978502,13.212975848698939,60.0,30.0,62.0,-0.8136283612583206,-0.08703026633828795,-0.574834430507765,13.633953293767572,-0.5800526922623742,0.05461032950643733,0.8127463233447262,13.06387313082969,-0.03934163132448166,0.9947077182028323,-0.09491465320193478,6.878587766862426,67.82406546662605,69.2531975508922,31.417912709309274,19.133790824818032,6.145118545120135,51909.0,147570.98549418795, 0.0, 0.0,0.0,NaN, 59.30904674947389,59.30904674947389,0.0, 180.54930410475902, 5.904826180141763, 6.657771898015427, 5.904826180141763, 48.73239837841843, 12.407165231885402, 6.657771898015427, 12.407165231885402, 174.58273077830145, 7.514395595381119, 5.063327257318275, 11.0, 0.0
12, 0 ,1.0,1.0,1.0,60.27758423990547,73.65443303589618,139.23378356354155,12.223691677457603,15.328691588392948,11.915931392437807,63.0,72.0,59.0,0.011780294835172435,0.9687192168509878,0.24787961504973752,15.538083969369922,-0.8867120610683026,0.12469929828384609,-0.44518738275418307,12.432952089855013,-0.4621719868291451,-0.2145534057318273,0.8604440078699337,11.417814759360887,70.26634208671857,60.31190481508372,53.95346297045397,22.078321877273428,6.2389540846533205,98172.0,228649.21538956036, 0.0, 0.0,0.0,NaN, 112.91986418536257,112.91986418536257,0.0, 149.41863822554626, -1.4096988414334768, 9.882004686773149, -1.4096988414334768, 234.96878581206872, 25.325592912369615, 9.882004686773149, 25.325592912369615, 141.9894209492848, 8.059905119823446, 5.154523927179604, 18.0, 0.0
13, 0 ,1.0,1.0,1.0,10.185512297516734,30.553784308289437,136.7880906174502,6.4474713142373865,14.254220002132751,13.57250407989063,25.0,60.0,68.0,0.05412749066163397,0.8920685613579109,0.44864673919633286,14.465471224701924,0.0836101806057471,-0.45177656628440127,0.8882045214112294,13.402115280453952,0.9950274129157195,-0.010564847045922095,-0.09903954540054788,6.332376289554076,74.49707846254529,64.53154816113764,28.688056361356168,19.622992238306544,6.62598798905569,50498.0,137915.30086199203, 1.7763568394002505E-15, 0.0,0.0,86.89720688362658, 70.94380793351895,70.94380793351895,0.0, 41.56988634791397, 2.897503833814082, 14.468675335572192, 2.897503833814082, 203.1827878692014, 11.713910370371252, 14.468675335572192, 11.713910370371252, 184.2128669986478, 7.56640747824543, 5.199259380725179, 12.0, 0.0
14, 0 ,1.0,1.0,1.0,41.31846029496175,55.110194805955466,176.79564702988273,13.243537706958252,12.18951140282942,12.45845653754275,62.0,57.0,50.0,0.7914833487295245,0.24031499331884337,0.5619633552733322,13.87188997170214,-0.5057967985805272,0.7737028009346845,0.38151484161368265,12.356442420399434,-0.34310888538419837,-0.5862019104472342,0.7339234380767687,11.579188998264005,68.51753321028397,66.4961602191539,62.00731509036211,21.05544202365593,5.9880697826256615,85367.0,282514.80637259857, 0.0, -7.105427357601002E-15,0.0,76.09486773783297, 72.68280903665242,72.68280903665242,0.0, 175.391290995625, 3.8183635831796, 22.363940865270617, 3.8183635831796, 148.58418823970845, 13.3718222309546, 22.363940865270617, 13.3718222309546, 155.21313929784168, 7.458567295002184, 4.900766003415081, 9.0, 0.0
15, 0 ,1.0,1.0,1.0,78.38124766650975,186.04141032092593,27.64925409476811,12.234630537752585,8.068877641573042,14.761557612839507,59.0,32.0,58.0,-0.2121804620030952,-0.010668906856435078,0.9771722601315703,14.875930832486905,-0.9771681228227862,-0.008981603757317444,-0.21227762607712067,12.096312811872105,-0.011041344263466073,0.9999027478812303,0.008519594850717474,8.067369594333071,62.57027892667292,58.87252103022156,32.76767109631544,19.834987496150518,6.266564048553366,61603.0,120705.28901821871, 0.0, 0.0,0.0,NaN, 84.27896216485192,84.27896216485192,1.6518123698891422E-6, 149.6861843953081, 1.0666109962620718, -15.53692809878949, 1.0666109962620718, 65.10678639467734, -1.473666009703083, -15.53692809878949, -1.473666009703083, 217.90358315718, 7.323573423022545, 4.911075486699234, 11.0, 0.0
16, 0 ,1.0,1.0,1.0,186.90431396045537,55.47994807269822,94.18156580786898,8.183877148420413,12.660825102188095,13.333584268590103,34.0,53.0,70.0,-0.19111403743771113,0.5677326225949919,0.8007216082607419,14.323912314814356,-0.10363896448710874,-0.8228692088313663,0.558699588506454,11.790536110671637,-0.9760811389092081,-0.023789375751660694,-0.21610107789423305,7.801640924618703,80.24685483332524,57.067532558567514,39.389591906016875,19.054814987217533,6.478490001463291,50070.0,180384.2422740587, 0.0, 0.0,0.0,NaN, 110.08945893689172,110.08945893689172,1.9073486328125E-6, 66.97584518043783, -8.992921285873626, -26.608650253934872, -8.992921285873626, 160.29649226819618, 29.673253286821247, -26.608650253934872, 29.673253286821247, 177.7844694475935, 8.066626386770903, 5.132485222585674, 12.0, 0.0
17, 0 ,1.0,1.0,1.0,183.64385726770672,18.954182859480465,176.81308689265327,9.517022360718466,11.159414557538248,12.041455715466423,37.0,45.0,49.0,0.12963894969494288,0.43529563832540547,0.8909048490028944,12.303045384088618,-0.20438200653368133,-0.8674625301621294,0.4535821360789943,10.980936446220031,-0.9702688999072671,0.24088683239146744,0.023490335313630165,9.389196593430304,65.96505926937888,57.32359856587725,43.313295278028676,18.21279491771695,5.328884021452763,53779.0,163782.92734158848, 0.0, 0.0,0.0,NaN, 34.1235606641133,34.1235606641133,0.0, 90.57371461441527, 9.315466340163015, 4.294428183026676, 9.315466340163015, 124.5325332669966, 11.754763868860863, 4.294428183026676, 11.754763868860863, 144.99665574753897, 8.087647195567616, 5.207393359580999, 5.0, 0.0
18, 0 ,1.0,1.0,1.0,184.78064732950727,14.503593402616204,97.12450235251538,8.452432302265773,8.619413965139985,13.506497675753591,35.0,31.0,63.0,-0.2195759223114775,-0.11501846094309616,0.9687916019368384,13.798810865124514,0.5307952891464744,-0.8472707634277917,0.01971330668349748,8.79550186762023,0.8185614059806233,0.5185585859695779,0.24709151656068037,7.771444781839724,66.42278978403314,41.146312501700976,42.67204832064701,17.19541258717959,5.699225767473638,38682.0,116624.96394754751, 0.0, 0.0,0.0,NaN, 99.37379873246776,99.37379873246776,0.0, 71.44361182438587, -4.3463629072644006, -27.479023771751987, -4.3463629072644006, 74.29429710245022, -14.770443767824794, -27.479023771751987, -14.770443767824794, 182.42547946513716, 7.905248198252782, 5.354746197214077, 7.0, 0.0
19, 0 ,1.0,1.0,1.0,102.40982157570673,90.3023325493251,15.724528471483573,13.70896805092466,11.648342984135983,9.565616585034835,63.0,54.0,38.0,-0.9704924992438402,-0.21087045597299958,0.11695280975326922,13.858701578139346,-0.2047456925579974,0.9768332900569914,0.06225692584267122,11.537779387944372,0.12737154427261665,-0.03647429552675559,0.9911841985602049,9.48349921244477,62.06659206478949,52.63362590554888,41.222716645015026,19.575553429912603,5.649639622299975,66751.0,134665.9497683341, 0.0, 0.0,1.7763568394002505E-15,83.28372702372354, 133.88657507153133,133.88657507153133,0.0, 187.9358050212731, 12.2632528468587, -12.142038334495476, 12.2632528468587, 135.68389427607, 0.10755330881917677, -12.142038334495476, 0.10755330881917677, 91.50102065189351, 8.116783017782312, 5.1127396882419545, 15.0, 0.0
20, 0 ,1.0,1.0,1.0,78.2242260917634,119.05811221669431,127.91721945826423,11.55681696676389,10.952613293224694,13.305596224393245,62.0,52.0,58.0,-0.44809910118099283,0.17551790284879007,0.876584657235312,13.965846501703528,0.7361085817082493,0.6288534857413457,0.2503746181353631,10.897523861956797,-0.5072980893481233,0.7574541301296881,-0.41098891626566036,10.805450125271483,63.00143620093219,54.013998665060456,53.34780807907372,19.961789141132837,5.664417139102504,72360.0,181540.4298189439, 0.0, 0.0,0.0,NaN, 133.66579965050374,133.66579965050374,0.0, 133.56001840328173, -5.232225963458604, -30.382640764380337, -5.232225963458604, 119.95973795092229, 12.35959220809945, -30.382640764380337, 12.35959220809945, 177.03889088658778, 6.958767998399344, 4.629758669942035, 15.0, 0.0
21, 0 ,1.0,1.0,1.0,182.49404660656575,147.98001360775643,36.82997391846686,10.441683459422881,14.064540632905555,11.747502739763114,43.0,66.0,53.0,0.06736788049153733,-0.9797064179508745,0.18877739087068804,14.148776336369327,0.36592996586282595,0.20028396109097188,0.908835295866826,11.878154563230781,-0.9282008558290114,0.00785299659853693,0.3719966420315031,10.17671114150214,65.45622501054616,56.389433885396244,48.60495915994727,20.20022355908323,6.065875490416241,70548.0,179402.82282443932, 0.0, 0.0,0.0,NaN, 66.09829322529627,66.09829322529627,0.0, 109.0287534667854, -3.626940441752298, 13.708525954609058, -3.626940441752298, 197.81130321465136, -11.039458762473208, 13.708525954609058, -11.039458762473208, 138.00382062074186, 7.748208264863842, 5.213058061073286, 14.0, 0.0
22, 0 ,1.0,1.0,1.0,19.140488216634218,84.97115083525071,25.46036132932159,11.402420107195367,11.228177258854032,13.866950709637482,45.0,51.0,58.0,-0.13204632876456374,-0.34551891489022896,0.9290750489131001,14.308851441897648,0.951998447304136,-0.30532887937286296,0.021753890489427337,11.399634880955658,0.276157062901377,0.887350525369761,0.3692510280766926,10.662296461613616,66.01914262900947,51.563169875041694,51.911805439872715,20.31560596529193,5.971233130914286,73451.0,176715.89778746123, 0.0, 0.0,0.0,NaN, 90.74516385162161,90.74516385162161,0.0, 130.0151843009732, -0.573896958093864, -10.834276845206604, -0.573896958093864, 126.07196455624683, -29.339062699529382, -10.834276845206604, -29.339062699529382, 192.29232198351545, 8.028335034594887, 4.927025957748983, 11.0, 0.0
23, 0 ,1.0,1.0,1.0,41.17796829226262,174.34346458728243,187.03224625193866,11.704994016637754,13.333361525833686,7.1122052757345,55.0,60.0,30.0,-0.18663857211968296,-0.9804544671386272,0.06225015072300142,13.419795335293239,0.9757242374035715,-0.17760244554618046,0.1281389241379631,11.689704558418372,-0.11457860158138015,0.08465464667651969,0.9898006540994652,6.973433794625701,63.35211879198499,56.052340252026525,31.910392090687623,18.21462766516045,5.796224410071725,46424.0,113314.90380381134, 0.0, 0.0,0.0,NaN, 50.219971319515665,50.219971319515665,0.0, 137.00688492952563, 8.803190065049856, 9.477674941120013, 8.803190065049856, 177.778529578582, -10.026735449059057, 9.477674941120013, -10.026735449059057, 50.58346388418565, 7.436402000736573, 4.891827263373916, 9.0, 0.0
24, 0 ,1.0,1.0,1.0,152.48456836703895,186.6678237247208,10.639827950498038,12.639337630482402,7.693875871814691,6.680140379593691,60.0,30.0,25.0,-0.9920968447433716,-0.12296022739473231,0.02499266150857602,12.703890037112071,0.12442774591608374,-0.9897814085894715,0.06964552574920904,7.595844504527533,0.01617364202920983,0.07220488688223937,0.9972586763793203,6.669871164220673,61.49317432291801,34.00297314890511,26.117681486098487,15.347818804595988,5.293138492481273,26504.0,54610.78583116871, 0.0, 0.0,0.0,NaN, 50.48434516083093,50.48434516083093,0.0, 159.7528557373285, 12.633796404445079, -2.7841197694025968, 12.633796404445079, 59.195725930892266, -1.269844352694518, -2.7841197694025968, -1.269844352694518, 44.624275491078144, 7.793611467082515, 5.0871619931387535, 6.0, 0.0
25, 0 ,1.0,1.0,1.0,113.98281380156956,83.69951919563916,64.7683516740468,11.323575364698709,12.234596061545718,11.193364441497888,63.0,54.0,55.0,0.4119538035490815,-0.8972238109671533,0.1590078512999356,12.529353405872829,0.5835758942772722,0.12576637082562228,-0.8022605534287689,11.285135653399784,-0.6998094307452044,-0.42328743544184,-0.5754081226721981,10.902344879176168,59.50685533333624,53.659164880327474,50.50132955391824,19.366420289327948,5.304891377446426,68427.0,161255.1975558617, 0.0, 0.0,0.0,NaN, 136.38000298302396,136.38000298302396,0.0, 128.2233590400115, -13.467686226576145, -1.4790860103660697, -13.467686226576145, 149.68534078919, -6.295861593083541, -1.4790860103660697, -6.295861593083541, 125.29140752018932, 6.967085474922654, 4.5108401549463695, 15.0, 0.0
26, 0 ,1.0,1.0,1.0,52.6100583673143,83.75423362916767,75.0257295914288,11.756453054687839,11.397349398228327,10.97652379105684,59.0,57.0,55.0,-0.6338772335070162,-0.7025351517237696,0.3234872693537597,12.987899156181683,-0.6338847649941423,0.232240152686095,-0.7377361426612232,11.517120185251358,0.4431588400898859,-0.6726877968811382,-0.5925380750444544,9.341747931481683,60.7986786835359,53.78285646652804,45.811383451440136,18.97788915615172,5.332687825557217,62535.0,149799.8617425618, 0.0, 0.0,0.0,NaN, 124.142861224267,124.142861224267,0.0, 138.21418842707902, 29.576892732825442, 4.524816760006286, 29.576892732825442, 129.8995733052956, -26.277309697119264, 4.524816760006286, -26.277309697119264, 120.48407453563682, 6.9958949671419175, 4.514852819498998, 14.0, 0.0
27, 0 ,1.0,1.0,1.0,102.61216750710179,21.089095184374703,103.36978239299744,11.615140862531725,12.565546673102572,11.494971329709255,56.0,51.0,58.0,-0.005548750098754575,-0.9905892021086684,0.13675614808136774,12.586113983578992,0.7608203396105055,0.08456710694893356,0.6434289512115867,11.987614744085622,-0.6489388431950243,0.10761708548366763,0.7531911714197826,11.082673588126168,54.02576307687572,56.626198694938125,53.6138860835904,19.865407628297135,5.504943785616834,73573.0,164019.54600139437, 0.0, 0.0,0.0,NaN, 138.80395818613056,138.80395818613056,0.0, 134.91149725645423, 1.5388422653819636, 10.193119361746676, 1.5388422653819636, 157.89296319391912, -3.6846251150029317, 10.193119361746676, -3.6846251150029317, 132.13436587083774, 7.365801609448928, 4.791314040074201, 15.0, 0.0
28, 0 ,1.0,1.0,1.0,143.15469178190065,72.81806154912275,113.29202759315841,12.690571192013106,9.99100001891653,11.54910332620176,59.0,47.0,57.0,-0.8545491749086499,0.27514354131878094,0.4405016905001681,13.112598832962487,0.5121528828671591,0.3055118352831813,0.8027215850298035,11.522278652007357,0.086285179688075,0.9115692788661005,-0.4019904446547628,9.463049862920194,60.64776399089909,58.1663446004749,44.47012705358816,19.120297934983967,5.354126733116456,63494.0,156875.43234917382, 0.0, 0.0,0.0,NaN, 126.69700719862385,126.69700719862385,0.0, 161.05059717955294, -12.610482888705755, -13.24864231297443, -12.610482888705755, 99.82008137799012, 20.58362211793472, -13.24864231297443, 20.58362211793472, 133.38178763928454, 6.724333902267966, 4.557004670889267, 16.0, 0.0
29, 0 ,1.0,1.0,1.0,137.54315565843297,140.71246472397502,18.69423217173479,10.328521791836144,13.152789290839099,10.815412978912033,47.0,65.0,44.0,-0.26587971959928647,-0.9613628740429296,0.07134002465462852,13.37513979671623,-0.14469267191530727,-0.033367517713133094,-0.9889138685728267,10.813464275392311,-0.953085518408403,0.2732545208657706,0.13023041667215837,10.041016493422195,67.23546100753913,46.784328951417756,52.50931638936248,19.12988831546571,5.54028514391587,63074.0,165171.51637821138, 0.0, 0.0,0.0,NaN, 88.12118678673912,88.12118678673912,0.0, 106.67836240443411, 20.03360609793792, 0.8241478268151486, 20.03360609793792, 172.99586612921166, -4.822928708079759, 0.8241478268151486, -4.822928708079759, 116.97315790441885, 7.549561512786063, 4.714047386604515, 9.0, 0.0
30, 0 ,1.0,1.0,1.0,180.66700625064752,93.56468211485996,76.41026349414649,10.275758265019727,10.2197901273034,13.700134530166345,41.0,52.0,66.0,0.0756663667546156,0.08666485790128084,0.9933598559168308,13.729380039099981,-0.7124732144846736,-0.6922668752270894,0.11466687448953376,11.322661245164849,-0.6976077118151952,0.7164187154648272,-0.009365070618778346,9.001692639782283,64.01542768197854,59.44607618317434,48.15206167970721,19.055452379183777,5.883769109727207,57914.0,183241.0331129485, 0.0, 0.0,0.0,NaN, 122.33823095750647,122.33823095750647,NaN, 105.59120792112121, 23.971058717841778, 4.223692569751983, 23.971058717841778, 104.44411024612802, 5.507099370634492, 4.223692569751983, 5.507099370634492, 187.69368614465623, 7.224123696232631, 4.631349991504052, 10.0, 0.0
31, 0 ,1.0,1.0,1.0,58.41468121922002,11.56890279071831,108.79854918141888,11.812445153640839,7.114117195456786,12.427188556560283,57.0,29.0,61.0,-0.24916545470968193,0.012029864151075686,0.96838621352631,12.47188448858623,0.966269706411501,0.07031417519625162,0.24774739400829807,11.78451758540629,0.06511091038182079,-0.9974523543182287,0.029143956736740414,7.08214529513352,62.833100574052295,61.16393907204721,30.89494354960332,17.752116314626285,5.426039600919383,45078.0,118732.97345295077, 7.105427357601002E-15, 0.0,0.0,75.57186639917413, 108.9211601349263,108.9211601349263,0.0, 139.53386050777294, 5.711821734174134, -4.191363411159858, 5.711821734174134, 50.61066347069392, 2.7732420746820288, -4.191363411159858, 2.7732420746820288, 154.43501542030285, 6.904084881847544, 4.591310947378935, 13.0, 0.0
32, 0 ,1.0,1.0,1.0,55.944509519124146,149.4772524949632,22.71566009152103,11.516490612105448,10.746046707818431,12.582731146703464,53.0,49.0,58.0,-0.6091476132329953,-0.06753468153986127,0.790176089287606,13.899818318580873,-0.3289581976204964,-0.8850913987161793,-0.3292411276510155,11.019833988596499,0.7216132548053837,-0.46049134922161916,0.5169352259047867,9.580736326074668,68.5010732726332,53.632499968264085,51.92920083001722,19.347988020755594,5.664588116029827,64029.0,190781.85020189921, 0.0, 0.0,0.0,NaN, 78.72952034774882,78.72952034774882,0.0, 132.62955601871292, 12.803787004553365, -45.60332442635056, 12.803787004553365, 115.47751984661534, 3.2272541961189454, -45.60332442635056, 3.2272541961189454, 158.32512311022148, 7.2004969428102585, 4.581100875230222, 13.0, 0.0
33, 0 ,1.0,1.0,1.0,25.719018771969186,180.90839877346497,100.58269388976143,11.483554894769808,11.528752695736628,12.436438398006905,52.0,45.0,60.0,0.4464694930241049,-0.04520021546619385,-0.8936564957077231,12.708441605890773,-0.5205253982911139,0.7992285963472822,-0.30047788689790667,11.951010874253775,-0.7278174919117261,-0.5993251131919666,-0.33330332606315344,10.729306725096407,63.29771524231923,62.619362371520666,55.479396440010845,19.66003615755683,5.738654027868717,66855.0,219901.60696717282, 0.0, 0.0,0.0,NaN, 104.44978658763654,104.44978658763654,0.0, 131.8720330211916, -12.463416783194411, -14.173945034489952, -12.463416783194411, 132.91213871945456, -4.780533731495032, -14.173945034489952, -4.780533731495032, 154.66500002742055, 6.984633375657148, 4.70438182717893, 14.0, 0.0
34, 0 ,1.0,1.0,1.0,31.800569614037386,39.93383965692212,104.21105182178283,10.092543387357493,11.758653306618653,11.628120704233321,54.0,56.0,55.0,-0.19028524859496995,-0.8492819141622715,0.49245482477483926,11.962210447427879,-0.15566708145855848,-0.46917202529476754,-0.8692786494737921,11.522629337242751,-0.9693086628712883,0.2420699092363053,0.04292872144615847,9.973619457906276,60.07801577125311,59.81588795789072,50.55874245062733,18.681533405204952,5.132139938989468,61094.0,181688.9009725419, 3.552713678800501E-15, 0.0,0.0,79.03056855606266, 108.54266613001164,108.54266613001164,0.0, 101.85943202569345, 9.481371368382154, 0.41818272492553465, 9.481371368382154, 138.2659275852538, -4.663648288479274, 0.41818272492553465, -4.663648288479274, 135.21319111221965, 6.942420991852084, 4.476651625672396, 10.0, 0.0
35, 0 ,1.0,1.0,1.0,90.66220068815392,74.81285022119233,100.49121550452918,11.729423781693711,12.753931277726116,10.564315950831405,56.0,56.0,52.0,0.14336275022845382,0.9797712920032301,0.13962570398481552,12.803817575488665,-0.9520745720088453,0.17505391353118224,-0.2508189320836681,11.803226797459223,-0.2701872150585743,-0.09697599044989848,0.9579115439826127,10.420796968459818,58.82290230081351,55.26840637543749,50.21627317892248,19.580963006271137,5.332241980966766,71205.0,163255.5179278147, 0.0, 0.0,1.4210854715202004E-14,81.97381206386608, 154.00842633961204,154.00842633961204,0.0, 137.579382250562, 2.6534160012687322, 8.444480114183566, 2.6534160012687322, 162.6627630369605, 6.2222728433867935, 8.444480114183566, 6.2222728433867935, 111.60477150899086, 6.820433264610414, 4.4478835651078565, 8.0, 0.0
36, 0 ,1.0,1.0,1.0,9.345298784350396,97.04983258423577,109.10400892884076,6.230939055612162,11.75919959850401,12.514954858755551,25.0,52.0,59.0,0.19167587053869115,0.37321697762317707,0.9077276288992513,12.85594481988541,-0.004950296455100199,0.9252322961764747,-0.3793688082552583,11.595389414957571,0.9814457984108147,-0.06822232571401608,-0.179192240501449,5.83087462842843,62.72585713316627,53.84716419310147,29.56087107674473,17.396242379575234,5.576578063648669,33151.0,99845.07981078251, 0.0, 0.0,0.0,NaN, 133.29698348726888,133.29698348726888,0.0, 38.824601514752985, 8.93096939483737, 23.029332743855978, 8.93096939483737, 138.27877519745687, 9.2139053799148, 23.029332743855978, 9.2139053799148, 156.62409511668918, 7.000828887374472, 4.710069370818953, 9.0, 0.0
37, 0 ,1.0,1.0,1.0,189.02764866803005,31.68526732357706,134.4725505298664,6.508325160858856,11.995911782448818,11.326034016014717,25.0,55.0,52.0,0.048576538720342184,0.9506993821571275,-0.3062858218266189,12.085069218684339,-0.031316613722379115,-0.30504739400103165,-0.9518221247261186,11.24545697358132,-0.9983283976682796,0.055828059067422366,0.014954538770888658,6.4830580638017405,58.445743666722024,53.38976213654766,26.191423182500046,16.9282433953334,5.289028074421701,37651.0,81727.83089055466, 0.0, 0.0,0.0,NaN, 73.60839145898812,73.60839145898812,0.0, 42.35829639946846, 5.610332706067748, 0.969059916029032, 5.610332706067748, 143.90189949229438, -5.774409078672113, 0.969059916029032, -5.774409078672113, 128.27904653192246, 7.935796081422192, 4.82398263262886, 4.0, 0.0
38, 0 ,1.0,1.0,1.0,10.242989567895853,135.31461947519833,118.42765815244239,6.690161693321656,10.558556728334418,12.940402581625168,27.0,49.0,62.0,-0.11249939660627528,-0.0031095535260555474,0.9936469274546632,13.002332132556875,0.2393954664539514,-0.9706238264762469,0.02406653522847601,10.76825481663157,0.9643825467129313,0.24058204038015182,0.10993900782708538,6.219280501918676,62.056107088614226,52.301613641788975,31.44338277125211,17.1281562515338,5.506511242685114,34413.0,102053.72908444187, -1.7763568394002505E-15, 0.0,0.0,83.54058501543174, 104.60958007477714,104.60958007477714,0.0, 44.758263482788486, -17.910436406346587, -14.12940102492447, -17.910436406346587, 111.483120185456, -2.207981135515526, -14.12940102492447, -2.207981135515526, 167.45401897453132, 7.519496695028611, 4.941314075295111, 11.0, 0.0
39, 0 ,1.0,1.0,1.0,136.70174462705435,42.002494732406234,38.40851243152128,10.839835905968075,11.515237074615795,12.091727451259741,55.0,55.0,65.0,0.3827110255546726,0.5818760297782428,0.717601948776897,13.658608067641207,0.8025315849292,-0.5941796692719435,0.05379196794048624,10.314969701017047,0.4576847453323275,0.5553114500830977,-0.6943730030010454,10.16643624040086,69.42489723472582,51.90391248659001,53.24078797383878,19.034763322730704,5.830127387635654,59325.0,191849.12200785853, 0.0, 0.0,0.0,NaN, 85.12398324918061,85.12398324918061,NaN, 117.5020424683147, 17.077440232535963, 22.981208916364658, 17.077440232535963, 132.60068488460612, 34.643852341511, 22.981208916364658, 34.643852341511, 146.20987275554842, 6.784759229288491, 4.421228899234941, 13.0, 0.0
40, 0 ,1.0,1.0,1.0,18.461394769613946,130.80249739153848,16.98522432769008,10.934300772567008,13.264290558304651,9.73107224678393,44.0,55.0,42.0,-0.20947522691604561,0.9618998526604816,0.17569519845520468,13.45456428633086,0.9458982315129143,0.24487233628034924,-0.2128710279614016,10.887097358811337,-0.24778350415072325,0.1215985706180222,-0.9611540577318717,9.52049974722814,64.63055722130349,49.76925803912104,48.00389542426424,18.920517491900014,5.675220023129072,59422.0,154410.04429849365, 0.0, 0.0,0.0,NaN, 73.60445169654838,73.60445169654838,0.0, 119.55893338495946, -11.752365638716457, -8.942090394000207, -11.752365638716457, 175.9414040151299, 13.821490234421189, -8.942090394000207, 13.821490234421189, 94.69376707212844, 7.026962560085357, 4.462925688773934, 9.0, 0.0
41, 0 ,1.0,1.0,1.0,98.93491727117124,133.07934631999348,18.099254217947674,9.799183953213413,11.194685902206924,10.528595495366433,43.0,53.0,44.0,0.3398732936788521,-0.8188922189862134,0.4624950571927493,11.471544698733494,-0.3649477789665532,-0.5680714970854654,-0.7376366943329606,10.633274063957993,0.8667752089620865,0.08191646893582083,-0.4919252272915243,9.35593216140187,64.8549362363492,55.93380678350812,47.96458841092016,17.536710352285496,4.965894856225091,49076.0,173995.5481799559, 0.0, 0.0,0.0,NaN, 120.80593837911597,120.80593837911597,0.0, 96.02400614891526, -6.970139535698515, 13.799698793139765, -6.970139535698515, 125.32099244907046, -5.988966010365286, 13.799698793139765, -5.988966010365286, 110.85132310505037, 7.275669636247803, 4.641400514470805, 9.0, 0.0
42, 0 ,1.0,1.0,1.0,146.0713302605467,102.65007041802701,82.2250656167979,9.473414599077053,13.33554118960708,11.605180074778202,45.0,62.0,54.0,-0.15242214371892865,0.8874793676796645,0.43491132664835197,13.933696678597338,0.02815573925090783,-0.4359752669078227,0.8995181048716517,10.994520700742232,-0.9879143406446539,-0.14935172776890263,-0.04146464712357321,9.339971037617747,69.07678552434137,50.126082069698256,46.18194362871449,19.21598964045908,5.745275423471045,62484.0,159907.22519456616, 0.0, 0.0,0.0,NaN, 138.3700532093879,138.3700532093879,2.6973983046972182E-6, 89.74558416600624, -14.875253886645494, -6.235166081782038, -14.875253886645494, 177.836658819707, 28.071411236657262, -6.235166081782038, 28.071411236657262, 134.680204568029, 7.441963191004002, 4.476171164367835, 12.0, 0.0
43, 0 ,1.0,1.0,1.0,178.28521474605242,82.35831778338796,21.98701644896743,11.64946714057733,10.70255132084158,12.17448713416382,50.0,51.0,51.0,-0.5770336929404529,-0.32606864598884944,0.748806620773683,12.952858783543697,-0.7142051644960706,-0.24326866250866158,-0.656301257692219,11.116389342610393,-0.39616044756972485,0.9135094941730197,0.09250569624141942,10.349983755138572,66.7705208993689,61.2147990548539,55.14650934103433,19.163163984630657,5.589809702728317,63773.0,225402.75515925194, 0.0, 0.0,0.0,NaN, 87.96506862989276,87.96506862989276,0.0, 135.710084659391, 14.27070324177879, -18.496367462566706, 14.27070324177879, 114.54460477524788, -12.182840902503298, -18.496367462566706, -12.182840902503298, 148.21813697992042, 6.8761302859243925, 4.356841552070282, 9.0, 0.0
44, 0 ,1.0,1.0,1.0,34.63207853318189,148.95448645140354,130.044032938504,10.074777112938309,11.670864045671976,10.25438390882464,47.0,56.0,54.0,-0.4071846524479475,0.9085716899558531,-0.09326383555059833,12.123397403869738,-0.5348076301466925,-0.15440369168786985,0.8307468319109235,10.741546172913274,0.7403927724847961,0.388145570893089,0.5487818858602709,8.972458525985106,61.61827541252069,54.40801406372172,48.67326121956384,17.796402375120177,5.113770947188205,49304.0,163178.47085757006, 0.0, 0.0,0.0,NaN, 93.26769346605253,93.26769346605253,0.0, 101.50113387538558, -21.711739732507624, -12.970656386815161, -21.711739732507624, 136.20906757255884, -10.106141288454959, -12.970656386815161, -10.106141288454959, 105.15238934956167, 6.864914659857411, 4.351562616744533, 9.0, 0.0
46, 0 ,1.0,1.0,1.0,142.20147134946902,37.14300952141927,127.73396495741244,12.629575495209036,9.901218105353387,12.018749793275717,60.0,50.0,63.0,-0.9754632519892772,0.1609929660429145,-0.15017559356702725,12.726252851308232,0.12578985634865578,-0.15226759949775168,-0.9803017342548046,12.036764651792046,-0.18068856095029545,-0.9751388839687903,0.1282801657069956,9.754456870285809,56.388715494532576,62.59318162559191,49.1417846955605,19.278745271854202,5.5064166656136,63751.0,173448.34246468206, 0.0, 0.0,0.0,NaN, 99.71285218692215,99.71285218692215,NaN, 159.50617718918457, -11.444319528997333, 3.653934120045159, -11.444319528997333, 98.03411996977769, 5.808511889745676, 3.653934120045159, 5.808511889745676, 144.45034659336508, 6.799520097510607, 4.553240990451108, 11.0, 0.0
47, 0 ,1.0,1.0,1.0,149.13375435322348,114.04800626530918,129.906570243114,11.929947713161047,10.78940170452134,10.643903054968419,57.0,57.0,52.0,-0.9937323294234575,-0.046397578691623004,0.10170212460997696,11.94632071555188,-0.009745718610673477,-0.870371967416266,-0.49229834379642123,10.859655342619718,0.1113601294332498,-0.49020394024068425,0.8644645848992987,10.55371124413292,57.37433432641835,53.958618688952555,54.702293157426176,18.589285818378517,5.144508391135204,60013.0,169349.53786440028, 0.0, 0.0,0.0,NaN, 122.01724906032774,122.01724906032774,0.0, 142.32365243875648, 1.500269170152508, -3.135304673012141, 1.500269170152508, 116.411189141528, 2.659260012490489, -3.135304673012141, 2.659260012490489, 113.29267224356605, 6.518548933942986, 4.3780427912053455, 15.0, 0.0
48, 0 ,1.0,1.0,1.0,10.618328100470958,168.0677219605791,161.34946799232515,6.639002376185207,15.116934506357294,10.646929843930463,27.0,66.0,58.0,-0.027740523457130968,-0.9996141008163195,0.0014535499665489276,15.121653752373996,0.053871688158211736,-4.3006208833531144E-5,0.998547865335183,10.656424185116768,0.998162464017411,-0.0277785456719188,-0.05385209213247295,6.612971185650039,66.69433071379595,57.80837686279486,28.48041009792708,18.628509339225012,6.239696813185275,45864.0,109805.96493745576, 0.0, 0.0,0.0,NaN, 51.24727209239954,51.24727209239954,NaN, 44.07635255099283, 5.127997403626736, 3.748832138619579, 5.127997403626736, 228.52170886949585, -0.27170433420897566, 3.748832138619579, -0.27170433420897566, 113.35711510157715, 7.984468454702033, 4.774679234997584, 8.0, 0.0
49, 0 ,1.0,1.0,1.0,118.59567601939432,178.71447420713776,33.45643430569907,10.579180463434724,10.826600194826952,12.647178124365652,57.0,46.0,60.0,0.06828822901963942,0.010990307784917464,0.9976050976775099,12.65632201169561,-0.007754487324703041,0.999914963328343,-0.010484943414698774,10.82637304085564,-0.9976354974156104,-0.007019917867838509,0.06836764621834297,10.568472239755492,61.80603996117552,46.4816722176335,57.235141255252856,18.965316572698455,5.42238073758074,62905.0,164427.86626724474, 1.4210854715202004E-14, 0.0,0.0,86.08432534005819, 90.54871930330972,90.54871930330972,0.0, 111.91905927791895, -0.006391590742484413, 3.303806535747716, -0.006391590742484413, 117.21527177862698, 0.47379407939959856, 3.303806535747716, 0.47379407939959856, 159.9511145094331, 6.28052733968252, 4.242204872220389, 11.0, 0.0
50, 0 ,1.0,1.0,1.0,124.5638686749027,73.85713318666441,165.949009984769,10.305232877902249,9.910737093528304,13.219448642998959,48.0,46.0,64.0,-0.08914055729365729,-0.02489058973473321,0.9957079991584042,13.240356307399173,-0.810639459086627,-0.5790392662146187,-0.08704708813840839,10.646971455122411,-0.5787206825551653,0.814919619793445,-0.031438588686370214,9.513638658086915,64.33482705910401,51.82522819564775,47.03666599716375,18.718687745932982,5.365173426829424,59090.0,156828.1039446683, 0.0, 0.0,0.0,NaN, 110.9277059749609,110.9277059749609,0.0, 106.19782466779748, 10.91313554499117, -5.914182834363057, 10.91313554499117, 98.22270973703787, -0.9499485142761938, -5.914182834363057, -0.9499485142761938, 174.753822424887, 7.280684605601436, 4.567698600889068, 13.0, 0.0
