// Sample: .//bubblelabels.tif, Map: .//bubblelabels.tif, Thickness:(8.191250068658265):/gpfs/home/mader/Foam/NewValid/InSilicoTest/LatticeData_Phi_6.65/out_Step_03000.vtk/distmap.tif, Neighbors:(1.0):
//LACUNA_NUMBER, TRIANGLES, SCALE_X, SCALE_Y, SCALE_Z, POS_X, POS_Y, POS_Z , STD_X, STD_Y, STD_Z,PROJ_X, PROJ_Y, PROJ_Z, PCA1_X, PCA1_Y, PCA1_Z, PCA1_S, PCA2_X, PCA2_Y, PCA2_Z, PCA2_S, PCA3_X, PCA3_Y, PCA3_Z, PCA3_S,PROJ_PCA1, PROJ_PCA2, PROJ_PCA3,OBJ_RADIUS, OBJ_RADIUS_STD, VOLUME, VOLUME_BOX, Mask_Grad_X,Mask_Grad_Y,Mask_Grad_Z,Mask_Angle, Mask_Distance_Mean,Mask_Distance_COV, Mask_Distance_STD, SHAPET_XX, SHAPET_XY, SHAPET_XZ, SHAPET_YX, SHAPET_YY, SHAPET_YZ, SHAPET_ZX, SHAPET_ZY, SHAPET_ZZ, Thickness, Thickness_STD, Neighbors, Neighbors_STD
1, 0 ,1.0,1.0,1.0,156.0266862272521,182.0891578469384,183.5660519054106,15.750250935941684,11.547564879995784,9.347630450634652,73.0,53.0,41.0,-0.9545178010162455,-0.2979401307107177,0.011289200821667893,16.133391277496624,-0.2689879895062452,0.844194671173521,-0.4636602405464797,11.571557360489088,0.12861270949832113,-0.44560861265724194,-0.8859411579112851,8.637569124735446,79.25332404193426,66.49881725838034,45.82111472188035,20.40118993356848,7.251641437559848,57258.0,241488.83582815697, 0.0, 0.0,0.0,NaN, 50.244653852565115,50.244653852565115,0.0, 248.0704045451319, 39.3407867339034, 5.394181995328723, 39.3407867339034, 133.34625465771205, -23.833100963657753, 5.394181995328723, -23.833100963657753, 87.3781950416322, 9.712422672260852, 6.415144431111052, 12.0, 0.0
2, 0 ,1.0,1.0,1.0,184.69321923417627,35.72306998044492,15.92906687168859,9.158516521839172,16.05204580315264,10.197267854447668,43.0,72.0,46.0,0.041759221308872635,-0.9990917918829302,0.008471058247500475,16.06156515548535,0.44314382187142415,0.026119723615395937,0.8960699264987321,10.516726300078247,0.8954773702181782,0.03366528524179329,-0.443832094374353,8.772426330725404,72.12944335526349,59.98708399964356,42.937936004629364,19.981844071757997,6.801233603883798,59831.0,185785.36336218126, 0.0, 0.0,-1.7763568394002505E-15,89.5146383094597, 42.00202897055669,42.00202897055669,0.0, 83.87842488080108, -7.1628762766613425, 13.42447932392662, -7.1628762766613425, 257.66817446651027, -0.7445352911198699, 13.42447932392662, -0.7445352911198699, 103.98427169535175, 8.47865945087734, 5.905908025261182, 13.0, 0.0
3, 0 ,1.0,1.0,1.0,170.81328289308343,186.8989431356728,79.02346529807807,16.30484170855317,7.650913239644691,15.602097160595807,65.0,33.0,64.0,-0.8709146016513903,-0.021464146313250665,0.49096542348055794,16.632063947511412,0.49003487618274666,0.03741338960713851,0.8708995684937872,15.264110312416575,0.037061796434609495,-0.9990693312784396,0.02206568702514716,7.628312891228729,73.65992862992186,77.9161238229261,33.97531210518247,22.685071758020733,7.293647351188933,75601.0,194994.37693823912, -2.8421709430404007E-14, 0.0,0.0,29.434903336265336, 85.25379882537821,85.25379882537821,NaN, 265.847863140975, 7.2880845663834775, -18.799721747759136, 7.2880845663834775, 58.53647340057042, 3.393728586623375, -18.799721747759136, 3.393728586623375, 243.42543580867175, 8.365742950132383, 5.581165678237565, 12.0, 0.0
4, 0 ,1.0,1.0,1.0,55.8191956037709,80.27888578331518,32.43342650054479,13.737319213372222,13.776938906702304,13.709488435260136,68.0,69.0,66.0,-0.0692001252738674,0.7217140286686963,0.6887236045649097,14.823842483246889,-0.9723154018047525,0.10566264889079169,-0.20841824306582252,13.793329741493537,0.22319073026302869,0.6840791368344623,-0.6944217972331183,12.508629287013797,73.91573196384368,68.68533499832164,71.32641734517387,22.86090711633738,6.621705504159241,105545.0,362119.00059385435, 7.105427357601002E-15, 0.0,0.0,86.03195363684523, 103.0165484523183,103.0165484523183,NaN, 188.7139391700856, -6.6319107735751945, 3.831579685535976, -6.6319107735751945, 189.80404563900768, 30.71017187888059, 3.831579685535976, 30.71017187888059, 187.9500731565314, 8.404959711994506, 5.429322045534802, 24.0, 0.0
5, 0 ,1.0,1.0,1.0,13.75987794625899,107.00761279073387,138.54723355232431,8.101275730001692,15.304708475656108,12.420331911400483,33.0,76.0,62.0,0.008345725443304095,0.9985023396772266,-0.05406872040219471,15.312799586971199,-0.00987951608921088,-0.053985630471162616,-0.9984928376630825,12.411176742148943,-0.9999163685172217,0.008867319873378313,0.009414170680159867,8.100017003197186,75.92826343264429,62.019818662117544,33.53912266799308,20.26530446528117,6.591422433525956,64234.0,157937.6447142748, 0.0, 0.0,0.0,NaN, 112.30921967517449,112.30921967517449,0.0, 65.63066845351446, 1.454407629670873, 0.7960975544268092, 1.454407629670873, 234.23410152481992, -4.350400056155245, 0.7960975544268092, -4.350400056155245, 154.26464478935316, 9.035408055800042, 5.47910060266819, 16.0, 0.0
6, 0 ,1.0,1.0,1.0,51.726604382857325,185.20558359720349,121.51268144339593,14.420263069919187,8.665086209575913,12.274633118283916,65.0,34.0,55.0,-0.9564949727507268,0.015213304353943394,0.29135188771178633,14.623712892398473,-0.29089569150547,0.02658347246858679,-0.9563853907578612,12.034912342638043,0.022294926914921274,0.9995308271194772,0.02100147308433708,8.660382806738243,65.5868183461898,58.3659433768546,34.99310607214596,19.921464513587352,6.068737582676057,63794.0,133954.88819752977, 7.105427357601002E-15, 0.0,0.0,16.96268366372921, 95.15658428025785,95.15658428025785,0.0, 207.94398700567513, -2.5605294617233176, -19.26524944267048, -2.5605294617233176, 75.08371901938267, -1.1600905591455462, -19.26524944267048, -1.1600905591455462, 150.66661818847234, 9.223331654160008, 5.473997826682449, 11.0, 0.0
7, 0 ,1.0,1.0,1.0,56.63617646620019,149.61930266907365,11.95421248153729,12.944892038830222,17.053843721075268,8.270988163531323,60.0,88.0,32.0,-0.24402004601789973,0.967376599850716,-0.06809354743799262,17.31583742057564,0.9593197307149745,0.2510750834233059,0.12910056833697162,12.698147786871461,-0.14198546194019734,0.03382035696511754,0.9892908126796595,8.107519840744597,93.98573450834589,58.581115759381085,36.73136942540805,21.39846422195125,8.301734138282214,67027.0,202235.17682517506, 7.105427357601002E-15, 0.0,0.0,75.87607110046308, 76.7383498930927,76.7383498930927,0.0, 167.57022989697006, -32.258055486773145, 15.718880832720597, -32.258055486773145, 290.83358566285835, -12.325187761776617, 15.718880832720597, -12.325187761776617, 68.40924520127524, 8.350017178800181, 5.3120712579825415, 18.0, 0.0
8, 0 ,1.0,1.0,1.0,26.326491056240013,50.903840404144546,50.40984586834373,13.760459351764167,13.286197292734633,12.899337616555071,63.0,66.0,63.0,0.8205680100171264,-0.23752109435089025,0.5198575484446578,14.851784295491388,-0.07162130320655587,0.8596577057424869,0.5058250862546845,13.70046660642473,0.5670436754461943,0.4522967595461191,-0.6883960425805423,11.13498581163586,75.48330036409891,67.46188017116535,61.434484712301746,22.161641726554198,6.413098081483661,96995.0,312839.4699712875, 0.0, 0.0,0.0,NaN, 76.32455476250794,76.32455476250794,NaN, 189.35024157155394, -22.748046991272314, 38.893932687677065, -22.748046991272314, 176.52303850146907, 15.779191014114561, 38.893932687677065, 15.779191014114561, 166.39291094587264, 7.936703900188396, 5.144415725194546, 21.0, 0.0
9, 0 ,1.0,1.0,1.0,90.60422654485731,179.83576267706837,86.21494559638678,13.107349051407315,12.192572311589062,12.27833181427253,62.0,56.0,58.0,-0.8051237718721335,-0.5372534630358446,0.25126565308927806,13.920642076968239,-0.18353490196833322,-0.17716856858288416,-0.9669158381502322,12.161245672014033,-0.5639952586022893,0.8246029437021704,-0.04403786452420716,11.38150599613228,78.67272679698638,56.563382990153556,59.70972269909177,20.761804365396543,6.337691248640906,77936.0,265708.0018968021, 0.0, 0.0,0.0,NaN, 126.68361843109498,126.68361843109498,1.3486991523486091E-6, 171.80259915542825, 28.386703189464903, -9.739157809990958, 28.386703189464903, 148.65881957332826, -5.528006266247507, -9.739157809990958, -5.528006266247507, 150.75743214137697, 8.383169576605608, 5.219469668075121, 17.0, 0.0
10, 0 ,1.0,1.0,1.0,186.16730106219734,20.46435759979274,110.90741146694832,8.490731354475166,11.044376755074742,13.329291729460246,34.0,44.0,65.0,0.031498981055538056,-0.3655508675812382,0.9302582315696362,13.70462862995491,0.11560961749188442,-0.9231406126378123,-0.36666855011312993,10.606403841002436,-0.992795160411171,-0.1190964840341176,-0.013183207305817202,8.451517409764318,74.05743940965452,56.31074071600867,36.029709003088584,18.374674075689448,5.840560543572023,50179.0,150252.14702701237, 0.0, 0.0,0.0,NaN, 92.45335485203192,92.45335485203192,0.0, 72.09251893386768, -5.723057096599596, 1.6695685592573708, -5.723057096599596, 121.97825790803529, -25.677904991956044, 1.6695685592573708, -25.677904991956044, 177.67001800905734, 8.676882361892487, 5.403047777602216, 10.0, 0.0
11, 0 ,1.0,1.0,1.0,77.24935200114292,100.39259546502848,160.1990632079515,11.856665036364863,14.650729566890075,13.710301396000682,58.0,80.0,76.0,0.1643950245903401,0.8264211715661316,0.5385186376321661,15.37750031944776,0.04468036712566638,-0.551624959391228,0.8328946926053389,12.995221136497944,-0.9853821292693801,0.11286253303859953,0.1276092001097643,11.741101248808958,73.52944714279724,68.68504988286325,60.646376961810894,22.334210158993375,6.661816837011945,97994.0,306286.8699289568, 0.0, 0.0,0.0,NaN, 132.18627762485255,132.18627762485255,0.0, 140.58050578455698, 12.633058450640036, 9.88474692852328, 12.633058450640036, 214.64387684214705, 29.634453540659162, 9.88474692852328, 29.634453540659162, 187.97236436917828, 7.534863631880767, 4.84241087899041, 30.0, 0.0
12, 0 ,1.0,1.0,1.0,21.13808465815557,177.68762591087525,47.71439096549898,12.972434281497202,12.69739202552427,13.628445882209537,53.0,51.0,79.0,0.1694066350171156,-0.566951840915401,0.8061432888108763,14.579259384479858,0.980430793569302,0.18017993921168526,-0.07931360871087745,12.934703718971303,-0.10028385230557599,0.8038039559421883,0.5863807205037029,11.635333605204936,90.37720992979703,61.563232445864415,62.265964921648674,21.68216361495816,6.717598795410905,86867.0,346442.4230621417, 0.0, 0.0,0.0,NaN, 56.7567067906242,56.7567067906242,0.0, 168.28405118776385, -1.77241153488604, 8.056740538626075, -1.77241153488604, 161.22376424984733, -35.728101593829344, 8.056740538626075, -35.728101593829344, 185.73453716431408, 7.715151779226593, 4.818319978177295, 13.0, 0.0
13, 0 ,1.0,1.0,1.0,175.0961737442265,61.241959742711764,109.7990229020662,13.082585008420137,13.089666008562512,13.081966744721964,54.0,65.0,65.0,-0.6403907450345859,-0.5709597161304325,0.5137165524200126,14.386803143907807,-0.0868709973362694,-0.6107215070419855,-0.787065861702925,12.672386011202255,-0.7631206480602197,0.5486567628241013,-0.3415005609241782,12.085601710705067,76.53262339855598,65.96433774018598,67.44776852054704,21.777954848743743,6.273111128803806,93747.0,340504.9210704045, 0.0, 7.105427357601002E-15,1.4210854715202004E-14,78.2207751965805, 111.83467469764312,111.83467469764312,1.3486991523486091E-6, 171.1540305025393, 23.044764002684918, -19.04757475423222, 23.044764002684918, 171.33935621571683, -10.884948174208878, -19.04757475423222, -10.884948174208878, 171.1378539100114, 7.238106445559377, 4.510848422052511, 19.0, 0.0
14, 0 ,1.0,1.0,1.0,169.88252500208932,186.70415355043596,23.339847341003427,16.27030788186673,7.5571111348524065,14.830700467675438,74.0,34.0,52.0,0.9369968077641182,0.00831480788357239,0.34923895288142215,16.48830349942507,0.3486352159023193,-0.085634921786673,-0.9333381736559017,14.628136549821301,0.02214652281050726,0.9962918870192864,-0.08313848318891807,7.479036864983525,86.22595563110659,66.6529756367581,34.31140700681277,22.012193249232077,7.5661001840852675,71794.0,197195.08517181358, 0.0, 2.8421709430404007E-14,-3.552713678800501E-15,89.36618156186125, 40.355796448112685,40.355796448112685,0.0, 264.7229185707347, -3.0362449362847115, 19.231986969301577, -3.0362449362847115, 57.109928704510224, 13.259093483059857, 19.231986969301577, 13.259093483059857, 219.94967636190844, 8.384007514782956, 4.988869183128969, 10.0, 0.0
15, 0 ,1.0,1.0,1.0,164.5059925470843,10.390693926880854,80.00088629267802,13.032832303111512,7.005415082583323,13.921106254007944,69.0,28.0,67.0,-0.563809644213819,-0.0350746458034332,0.8251596538326695,14.665808592954455,-0.8258564671391471,0.013137491460990393,-0.5637273294799177,12.197857473639,-0.008932008505042976,0.999298341607688,0.03637366745586333,6.989570017054287,74.69095472086059,57.45738540386773,28.981597870205043,19.176006461592955,6.708839977268125,49645.0,124375.88857140814, 0.0, 0.0,0.0,NaN, 88.13587744479402,88.13587744479402,0.0, 169.8547178410269, 2.2030570763773456, -30.811647974057113, 2.2030570763773456, 49.0758404792859, -5.55121745458315, -30.811647974057113, -5.55121745458315, 193.79719933537908, 7.586760181055315, 5.033476264490644, 13.0, 0.0
16, 0 ,1.0,1.0,1.0,189.664514137841,24.46242966691199,175.83834666793285,6.334832854372993,13.138659102980398,12.830254271389373,27.0,56.0,54.0,-0.02268916207560766,0.7964964178794173,0.6042173931868925,13.552385456114871,0.012219424270572477,-0.6041068913616663,0.7968096067943959,12.396109925121452,-0.9996678886484265,-0.025462130990969205,-0.003973951509036565,6.327653764142759,76.11386049526818,61.96900219779809,27.691906600061856,18.403578260007276,6.219180188213255,42121.0,130614.41553690888, 0.0, -3.552713678800501E-15,0.0,37.203174577683924, 35.90289995187709,35.90289995187709,0.0, 40.13010729284349, -3.4343773029336138, -0.8627127379554513, -3.4343773029336138, 172.62436302432968, 14.427950039220407, -0.8627127379554513, 14.427950039220407, 164.61542466850526, 7.881404785352035, 4.935091029300818, 10.0, 0.0
17, 0 ,1.0,1.0,1.0,188.7493628216723,177.4525199375154,138.53675080161145,6.762912367101898,12.925535154751863,14.738594341043216,28.0,52.0,70.0,0.015169710006625528,0.5159128380693367,0.8565067561984305,15.677440469518613,-0.01877718931770554,-0.8563072739065516,0.5161252462494526,11.772523180822411,-0.9997086060746111,0.023912259825734156,0.0033025399898637424,6.757082517873843,74.91320360677065,66.04099977655292,28.80828496455709,19.531019445720915,6.969353290124465,48652.0,142524.46300475026, 0.0, 2.8421709430404007E-14,0.0,58.94151010900494, 66.42813181258164,66.42813181258164,0.0, 45.7369836850998, 3.0605119649360297, 1.6995424499476481, 3.0605119649360297, 167.06945903672627, 47.358009832107705, 1.6995424499476481, 47.358009832107705, 217.22616314983108, 7.495339671037292, 4.86766161884366, 9.0, 0.0
18, 0 ,1.0,1.0,1.0,21.2219483145445,9.766196714954436,20.421876298368556,12.1325424122491,6.398165978748025,12.122297570508271,56.0,25.0,47.0,-0.7064737550936792,0.044764802320067756,0.7063221261132077,13.57576179766152,0.7077197557590144,0.0372779562909042,0.7055091078669183,10.499155440454098,-0.0052517304041233516,-0.9983017912675597,0.05801683272761201,6.368016827468336,72.84919981720694,56.007824570732815,27.794622258373348,17.28330137709148,6.030978790644154,36103.0,113405.53879760606, 0.0, 0.0,0.0,NaN, 31.029062507369645,31.029062507369645,NaN, 147.1985853850232, -2.707767617010497, -36.93907694038794, -2.707767617010497, 40.93652789160868, 6.377726444742201, -36.93907694038794, 6.377726444742201, 146.95009838795076, 7.963248038540071, 4.680364468655006, 4.0, 0.0
19, 0 ,1.0,1.0,1.0,22.27976367520212,39.37517237649731,144.91059405672877,14.083953881847599,13.20276261351433,11.255765666899453,59.0,64.0,59.0,0.8574359373422106,0.33435023079639964,0.39116944732491443,14.551918260949448,-0.44125685639880996,0.8688170292672763,0.2246093416049846,13.441439759165029,0.2647564919603005,0.3651943220007384,-0.8924892756460978,10.340808984327962,73.39448535062348,63.8846039847592,50.06174659694612,21.33040455222555,6.661591398561298,73966.0,234728.39762705885, 0.0, 0.0,0.0,NaN, 71.2855856136727,71.2855856136727,0.0, 198.35775694601006, 1.7821236515852685, 27.850526960821103, 1.7821236515852685, 174.31294062881176, 28.09988393215642, 27.850526960821103, 28.09988393215642, 126.69226074815249, 7.66714528141364, 4.7894636824498855, 18.0, 0.0
20, 0 ,1.0,1.0,1.0,121.86833577842621,78.9600187009302,179.46065549984684,11.477603276543121,11.198441782825462,11.681526597306924,55.0,55.0,48.0,-0.29484178179305764,0.654677160547481,-0.6960360185842269,12.567444581833497,-0.8654138040572946,0.12587769384699118,0.48498840598394255,11.646701308594594,-0.40512624138184045,-0.7453540243731505,-0.5294526483969758,10.0006111958999,60.36791589595738,60.860711298875785,50.745498970469214,19.063005073795196,5.495486924474149,62029.0,186440.70384184166, 0.0, 0.0,0.0,NaN, 112.96506619207538,112.96506619207538,0.0, 131.7353769737134, -15.063478812644144, -3.067804196952213, -15.063478812644144, 125.4050983633311, -24.22137346016186, -3.067804196952213, -24.22137346016186, 136.45806364358907, 7.72184258845092, 4.81841487497318, 16.0, 0.0
21, 0 ,1.0,1.0,1.0,170.65185243451586,93.64802957602454,9.417666955085346,13.088589890136507,19.906682463362333,6.59422309146081,59.0,105.0,26.0,0.22120146125978024,0.9747288258582174,-0.031203037954665835,20.219013593956436,0.9748127772300059,-0.22192776567141606,-0.022093351335103553,12.617109590522091,0.028459846901577927,0.02553003848715052,0.9992688598416262,6.562850375975115,111.98300170110205,67.0347544291061,27.625378718788593,22.92666830250407,9.24331383954726,63565.0,207376.8951056757, 0.0, 0.0,0.0,NaN, 98.58985576556194,98.58985576556194,0.0, 171.3111853121836, 53.73592219802534, -5.025250220781255, 53.73592219802534, 396.2760066971375, -10.55437012843375, -5.025250220781255, -10.55437012843375, 43.48377817995497, 7.168454449885499, 4.77610355435458, 14.0, 0.0
22, 0 ,1.0,1.0,1.0,15.610317952962273,101.59300641423546,22.270346230774535,9.791687796409883,11.808651927822659,12.5927487007464,39.0,51.0,54.0,-0.05285159248480631,-0.4319911914658635,0.900327895640096,12.779080588328185,-0.361873358316264,-0.8320222679133984,-0.42046000789272875,11.911754033858537,-0.9307278773694965,0.3480266601744009,0.112352401376753,9.418277191124218,57.460419034112306,65.73481873601035,46.95558021028709,18.988940154024878,5.772251027268445,57996.0,177358.2805771034, 0.0, 0.0,0.0,NaN, 102.09596825741873,102.09596825741873,0.0, 95.87714990236225, 17.716824349295184, 4.5426206085852, 17.716824349295184, 139.4442603524698, -10.408679004910637, 4.5426206085852, -10.408679004910637, 158.57731984015015, 7.8375490374734165, 4.862192256026901, 9.0, 0.0
23, 0 ,1.0,1.0,1.0,80.59198604019906,23.19804821301622,41.91161377884056,11.925187762245024,11.663526061052005,13.41953845496745,62.0,49.0,64.0,-0.4538801693538524,-0.02798208934027757,0.8906232618472701,13.935050133049067,-0.5758730793473343,0.7719383235830952,-0.26922373793322824,12.345437729711625,-0.6799727850071184,-0.6350812761055656,-0.36648162899358233,10.570548743429066,63.191661266452755,61.18488246794292,60.31082729931783,20.56447035561936,5.952689701203856,77365.0,233184.2367553331, -1.4210854715202004E-14, 0.0,0.0,63.00709452275583, 93.75393871376158,93.75393871376158,0.0, 142.21010316479848, -17.033715635079535, -27.022981961573223, -17.033715635079535, 136.0378401768393, -10.507655222896615, -27.022981961573223, -10.507655222896615, 180.08401234435019, 6.861277887267717, 4.519252160789145, 19.0, 0.0
24, 0 ,1.0,1.0,1.0,152.8322434109236,85.39821039313425,71.28030060517371,10.623956168447739,12.471711286482531,11.542603085421716,48.0,60.0,58.0,-0.2829554907897617,0.8952978010028154,0.3440610959574592,12.81656965562417,0.06914159358989923,-0.3387476303572411,0.9383333538584264,11.36186686943977,-0.9566376692707507,-0.28929550713220037,-0.03394818530273478,10.406115345013339,63.78754427774848,55.58662854566365,47.97205077723058,19.282699340025896,5.460880811026002,65601.0,170096.1568969001, 0.0, 0.0,0.0,NaN, 120.8243884915637,120.8243884915637,0.0, 112.86844466909875, -14.667957723564532, -4.099835243975885, -14.667957723564532, 155.54358241337576, 10.630092640219576, -4.099835243975885, 10.630092640219576, 133.23168598758693, 6.954720051558893, 4.372933629887178, 17.0, 0.0
25, 0 ,1.0,1.0,1.0,136.8886246360518,117.66498025310617,121.86982905243737,10.190798778989445,12.139749624417984,14.62993368358542,49.0,60.0,74.0,0.20486920389666893,0.39158100331355594,0.8970467809087183,15.161188879884604,-0.4254835760782966,-0.7897340548164324,0.4419093223171694,12.19976044475708,-0.8814716874536408,0.47221228330820075,-0.004819098513848297,9.304034454069939,77.20380700645751,60.86863984122027,48.25808772451505,20.555124068173622,6.538175190802794,69378.0,226778.78395580864, 0.0, 0.0,-1.4210854715202004E-14,26.227445266503857, 129.8708003723159,129.8708003723159,0.0, 103.85237975385274, 32.41925830112929, 14.626497868030025, 32.41925830112929, 147.3735209435566, 28.60394414174188, 14.626497868030025, 28.60394414174188, 214.03495958610728, 7.079955595714209, 4.538607604950376, 24.0, 0.0
26, 0 ,1.0,1.0,1.0,118.59769899915817,56.80438374957129,14.496850933807252,14.397901584923401,11.752730343276617,9.415034522746154,71.0,58.0,39.0,-0.9183456992252418,0.34544011132796404,0.19316393607561766,14.941614268525255,0.36667079932080093,0.9263013567220394,0.08670825485704214,11.302232169789155,-0.14897550684574395,0.15045572777608976,-0.9773276688702822,9.114649014975965,74.90590129120461,52.94628252227004,44.54244897333284,19.863785420347195,6.284834477520929,64146.0,176654.86321137147, -1.4210854715202004E-14, -7.105427357601002E-15,0.0,57.817848131310704, 100.31565834104485,100.31565834104485,0.0, 207.29957004913982, -29.29830500668116, -23.445815246502868, -29.29830500668116, 138.1266705217749, 12.940689762688427, -23.445815246502868, 12.940689762688427, 88.64287506450191, 7.1651971386546665, 4.662973773669407, 16.0, 0.0
27, 0 ,1.0,1.0,1.0,150.881180421668,151.5520243796256,54.89615336774675,10.116534417644862,14.407511489256331,10.805319041561905,47.0,64.0,50.0,-0.01924415734103623,-0.9724281538827463,0.23240728892275955,14.594618535744093,0.5677607679886019,-0.2019635292330883,-0.798034111547062,10.93633942720864,-0.8229686341175015,-0.11659424683880902,-0.5559931733959189,9.6989259846327,66.88354762695096,57.361890515203406,52.12446530197133,19.76170767300907,6.012527369822304,64316.0,199978.98972212872, 0.0, 0.0,0.0,NaN, 88.16718455897463,88.16718455897463,0.0, 102.34426862339308, -0.702273612956366, -12.101352633305703, -0.702273612956366, 207.5763873130532, -22.763480769458205, -12.101352633305703, -22.763480769458205, 116.75491958994027, 6.684614452296814, 4.530753960756173, 19.0, 0.0
28, 0 ,1.0,1.0,1.0,10.84250179010616,83.46296815167648,105.51321565331092,7.099005904200736,11.364014147865683,10.748525209678554,28.0,54.0,47.0,-0.045602909950825915,-0.7560795921233697,0.6528889836553959,12.997751344050906,0.043398463253871165,-0.6544513507497208,-0.7548576043791757,8.719291702242868,-0.9980165068731175,0.006089324792173759,-0.06265757841120388,7.078128903409795,62.877729900526624,43.82738836447655,29.7275566814324,16.272158823862824,5.503121275680105,32121.0,81922.21041318154, 0.0, 0.0,0.0,NaN, 126.53607909973323,126.53607909973323,0.0, 50.395884827876905, 3.361232710044238, -4.387679151019455, 3.361232710044238, 129.1408175528914, -45.85654338222295, -4.387679151019455, -45.85654338222295, 115.5307941830954, 8.506553430640347, 4.700942743678032, 10.0, 0.0
29, 0 ,1.0,1.0,1.0,57.01953941771093,69.80363966718099,93.6456371580602,14.26973211044542,10.352090481742168,11.089646390983484,64.0,47.0,52.0,-0.9914417127116774,-0.0468843910669591,-0.12184081487587094,14.312079679642961,0.1266118732816438,-0.5728207735523105,-0.8098430680885313,11.680252319140665,-0.03182395072031142,-0.8183386922669688,0.5738545293881876,9.618075167509707,63.52722603735626,58.59546262802152,52.97757597286687,19.973937970261183,5.900261933455493,69347.0,197204.11019405664, 0.0, 0.0,0.0,NaN, 129.9741564501674,129.9741564501674,0.0, 203.62525450387707, 2.0359650489706778, 9.065571137191382, 2.0359650489706778, 107.16577734217681, 21.016361791876985, 9.065571137191382, 21.016361791876985, 122.98025707705303, 7.45964070384084, 4.566111638275544, 16.0, 0.0
30, 0 ,1.0,1.0,1.0,97.26730638970422,186.9608489501016,139.00264167983744,10.95198820309076,7.80558546286811,12.490117738183764,53.0,32.0,59.0,0.068352335367959,-0.11829321522293523,0.9906233762040781,12.549514438504566,0.9956064102199216,-0.055608324514368646,-0.07533651288522827,10.955336783852546,0.06399870450835367,0.9914204100566645,0.11397252451502282,7.7049681662290235,58.13654694354281,53.371678830117496,34.90878464173227,17.54190845694041,5.39978692364344,44290.0,108316.55178317984, 0.0, 0.0,0.0,NaN, 115.54923658098727,115.54923658098727,1.3486991523486091E-6, 119.9460456006392, -4.151377076546586, 2.0948007485302367, -4.151377076546586, 60.92716441813797, -11.244443877334408, 2.0948007485302367, -11.244443877334408, 156.00304111369272, 7.266257662173856, 4.749688577781995, 11.0, 0.0
31, 0 ,1.0,1.0,1.0,46.81095516084958,121.65426655073904,144.79555334741025,10.899590981392414,10.723726539132267,13.404721492522777,51.0,54.0,61.0,0.17190652578235424,0.37657573610503253,0.9102960295257767,13.88512550358634,-0.8217994540244039,-0.4547342721878248,0.3433109364162483,11.232785867640372,-0.5432253710557273,0.8070981704072698,-0.23129794544397736,9.7218189728691,63.22985590921499,55.55549335865079,50.68435381580663,19.495044037226762,5.781799955589245,64408.0,178042.26670830365, 0.0, 1.4210854715202004E-14,0.0,67.87826352195219, 106.6623195087766,106.6623195087766,0.0, 118.80108356165086, 18.1944222693112, 6.447082001584641, 18.1944222693112, 114.99831088608971, 28.748065177309304, 6.447082001584641, 28.748065177309304, 179.68655829210206, 7.060642245106113, 4.446123112532804, 14.0, 0.0
32, 0 ,1.0,1.0,1.0,17.40702650089071,139.95228737764228,23.205065104405797,10.189778850512752,10.133613661919995,12.482109467118022,39.0,44.0,52.0,0.1936693406868258,-0.2262732430712065,0.9546164706037543,12.67392481635091,0.7390679230103263,-0.606261452347474,-0.29364205518748987,10.322386069372826,-0.64519050803242,-0.762395875426651,-0.04981704002947458,9.754217098508128,60.008205455808515,55.12785388122629,49.55218220823615,18.282093355659256,5.299984731625534,54451.0,163924.74250472873, 0.0, 0.0,0.0,NaN, 66.68738568334855,66.68738568334855,0.0, 103.831593022357, -7.980708254222805, 9.631065399920272, -7.980708254222805, 102.69012584905158, -12.114033550508786, 9.631065399920272, -12.114033550508786, 155.80305674911736, 7.55068097790442, 4.637880766990479, 8.0, 0.0
33, 0 ,1.0,1.0,1.0,112.93962870505868,71.53862156035694,65.15613612234944,9.995577310699051,12.017487670481195,13.49068001455782,48.0,59.0,61.0,-0.05938264814755331,-0.31077446823480165,0.9486268660502717,13.669804105509087,0.022400463472121317,-0.9504794323017859,-0.30997914124584075,11.827210558578445,-0.9979839278942411,-0.002842299183949613,-0.06340347782362477,9.979156730885457,62.016798781329356,62.079892506836956,47.13670220667217,19.832178230919308,5.745844546851015,69702.0,181476.1244687518, 0.0, 0.0,0.0,NaN, 130.16376108258066,130.16376108258066,0.0, 99.91156577416167, 0.7526974767722735, -5.196478999127078, 0.7526974767722735, 144.42000991016755, -13.857576804702251, -5.196478999127078, -13.857576804702251, 181.99844725518975, 7.286824440603201, 4.51397818621409, 19.0, 0.0
34, 0 ,1.0,1.0,1.0,188.61863734869706,10.348009937100269,46.933664570008986,7.10807536329663,6.759365875600336,10.317102817754307,31.0,29.0,48.0,-0.07310839836647177,0.06122947973667059,0.9954426718297071,10.345121159885313,0.8455263086618356,0.533128927762211,0.029305421747605313,7.301471850865773,-0.5289049285542524,0.8438154402440687,-0.09074733801456138,6.505639857919939,48.40542196382245,40.85583358670678,31.203479174445533,13.496918066679157,4.526541247354106,18919.0,61709.36913878099, 0.0, 0.0,7.105427357601002E-15,5.472148253164876, 49.39013662087721,49.39013662087721,0.0, 50.52473537030451, 4.663560002969424, -4.43615466607064, 4.663560002969424, 45.6890270402303, 4.1150564232285625, -4.43615466607064, 4.1150564232285625, 106.44261055211388, 8.368779916807162, 4.696662308555873, 5.0, 0.0
35, 0 ,1.0,1.0,1.0,172.59075466804978,103.3504408713693,124.29941649377594,12.046208365991466,11.651899668485676,14.10092050906792,52.0,57.0,66.0,-0.3651980973750688,0.051106686031550594,0.9295259309543236,14.475315690974867,-0.6606572779743938,-0.7176952586259687,-0.22010333210850921,12.239897099895492,0.6558676015272399,-0.6944793894628385,0.2958649470252078,10.9710535371485,72.97207052961078,65.65458667650441,61.2297148908978,20.96497762544407,6.339051525982096,77120.0,293348.5717185911, 0.0, 0.0,0.0,NaN, 125.78943657004162,125.78943657004162,NaN, 145.1111359968828, 12.299951560441928, -25.98743667064222, 12.299951560441928, 135.76676588445662, 8.888355418039648, -25.98743667064222, 8.888355418039648, 198.8359592030523, 7.589666194212913, 4.673117460758597, 17.0, 0.0
36, 0 ,1.0,1.0,1.0,124.12778165573084,151.34213318441994,162.6443529247522,13.126269263533946,11.313867889366342,11.405451970305233,69.0,53.0,60.0,-0.9770675903884422,0.08967350508170821,0.193125830221865,13.224177246595653,0.07589815004716499,-0.7007465767800134,0.7093614776335906,11.868585571572657,0.1989431944851137,0.7077520029059993,0.6778707161034503,10.707226472091149,67.76257893707088,57.460784183282684,53.418758660901375,19.923189679881993,5.783891339157122,71630.0,207996.13576960188, 0.0, 0.0,0.0,NaN, 97.56857018494044,97.56857018494044,0.0, 172.29894477879597, -6.671988622602202, -9.95441522155995, -6.671988622602202, 128.0036066180348, -11.989671326635541, -9.95441522155995, -11.989671326635541, 130.0843346469395, 7.25887871833507, 4.36648151720782, 23.0, 0.0
37, 0 ,1.0,1.0,1.0,145.58289228800746,42.71186169594044,82.85801733162731,12.488932771395456,10.209084797378717,12.790401563427126,63.0,48.0,57.0,0.36900485733254074,0.04574846365143116,-0.9283008635881607,12.874273781366906,-0.9041734868402151,0.24891615755810684,-0.34714701813743787,12.549269346957043,-0.21518764128127396,-0.9674439645685124,-0.13321581910479086,10.028067599600464,56.91613974909323,59.732149617618674,47.81050083369676,19.780898311550747,5.701691706004527,68776.0,162542.47726195367, 0.0, 0.0,0.0,NaN, 107.93968583148644,107.93968583148644,0.0, 155.9734417684354, -11.71065231372214, -4.462138781080742, -11.71065231372214, 104.22541240006922, -7.686949961311267, -4.462138781080742, -7.686949961311267, 163.5943721537191, 7.388702689291843, 4.512051495794567, 16.0, 0.0
38, 0 ,1.0,1.0,1.0,85.03452214961278,34.60722025299444,108.34456633124465,11.338499074287718,11.151266986341625,11.015046741808295,59.0,61.0,55.0,0.6894874816968555,0.21151430023186957,-0.6927255685917411,11.977737548200263,0.5077002364492388,-0.8232532147116359,0.2539578988264481,11.603552735968785,0.5165728239974646,0.526797727087333,0.6750086460504818,9.80484260518966,59.35252403626597,55.37241426470709,48.277384126587975,18.61242081372398,5.274595987898059,59527.0,158663.2631975501, 0.0, 0.0,0.0,NaN, 129.7275921762979,129.7275921762979,0.0, 128.56156125762342, -9.19219577032109, -17.64167661415319, -9.19219577032109, 124.35075540067261, -14.985866826971792, -17.64167661415319, -14.985866826971792, 121.33125472422154, 6.548138731394341, 4.246651738764938, 16.0, 0.0
39, 0 ,1.0,1.0,1.0,16.763523149543037,72.17053329316059,170.14468213317264,10.176773360931282,11.231278305699227,10.433915056225656,40.0,56.0,56.0,0.007510858196479633,-0.841253210949694,0.5405891435054739,11.756680778738211,-0.8932422029230446,-0.24865986623718803,-0.3745485787452545,10.288930854753277,0.4495130186394369,-0.480063856158463,-0.7533105203592527,9.720764926347957,54.5951562562871,52.568786366563515,50.41315371179593,17.686096112336894,5.077097214503295,49785.0,144685.80690405067, 0.0, 0.0,0.0,NaN, 79.8807961223082,79.8807961223082,0.0, 103.56671603976059, 2.2488839702798, 3.9811256955677368, 2.2488839702798, 126.14161238007011, -18.826661671399275, 3.9811256955677368, -18.826661671399275, 108.86658340053242, 7.62491525753478, 4.570624417539473, 12.0, 0.0
40, 0 ,1.0,1.0,1.0,185.8205907081446,115.95126250983158,65.34696645059803,9.200687989267802,11.501478230400446,9.724188952421235,39.0,50.0,54.0,-0.016353157650433704,-0.9303048576573127,0.3664224966538844,11.790994859250644,0.662478700913155,-0.2845692928403196,-0.6929230032325226,9.965863076074124,-0.7489022266432904,-0.23141562045714642,-0.6209607600623047,8.552808025478562,54.54804057720591,47.99394250875665,46.6872418010193,16.83370804888535,5.303092028949703,36871.0,122226.0562914212, 0.0, 0.0,0.0,NaN, 107.40331440813539,107.40331440813539,0.0, 84.65265947585678, -3.9309863713342126, -12.407035798575068, -3.9309863713342126, 132.28400148437538, -17.296561017826345, -12.407035798575068, -17.296561017826345, 94.5598507823912, 7.493428043298319, 4.857467576738786, 9.0, 0.0
41, 0 ,1.0,1.0,1.0,50.49666602241979,150.96680517974488,187.2872213632264,15.825387085284179,13.931068790391826,6.8540157273780835,72.0,63.0,29.0,-0.9134380428230557,0.3963322505278291,0.09247534328204018,16.2743401847518,0.401113943458353,0.9151610809063488,0.03984721267055215,13.481910365340322,0.0688370996401966,-0.0734911095702673,0.9949173385398692,6.6991812995885045,69.47057583891305,60.86141782801397,31.18472923487363,21.03852005044432,6.991120061899325,62088.0,131851.45959585873, 0.0, 0.0,0.0,NaN, 71.52469653433356,71.52469653433356,NaN, 250.4428763990793, -29.388986137865484, -16.393571143824673, -29.388986137865484, 194.07467764262918, 13.053955083584823, -16.393571143824673, 13.053955083584823, 46.97753159114612, 8.82769024462533, 5.33328611499372, 14.0, 0.0
42, 0 ,1.0,1.0,1.0,81.3851102682961,104.95767663997752,76.23473802500351,12.24126282203252,11.93979929194172,11.780301621397497,62.0,63.0,62.0,0.5648402149317988,-0.5997979088687986,0.5667433282469366,13.795483368756681,-0.8251300539815992,-0.41948091468266924,0.3784126797998638,11.440819928800055,0.010766875689928448,-0.6813796524211787,-0.731850970932109,10.486901681629195,62.030337934799334,52.32352748463669,52.01564272013712,19.937484007675867,5.803409372490172,71190.0,168824.3675077427, 0.0, 0.0,0.0,NaN, 146.52069712090065,146.52069712090065,0.0, 149.84851547807557, -19.97846133953671, 19.187279425572584, -19.97846133953671, 142.558807131852, -30.63052021815786, 19.187279425572584, -30.63052021815786, 138.7755062911005, 6.311278549418186, 3.9437715644595754, 22.0, 0.0
43, 0 ,1.0,1.0,1.0,49.264944439938354,182.98432557385027,163.10708492172927,11.753243923247565,9.955009592566462,10.346823969358477,54.0,42.0,44.0,-0.9496314956613915,0.05364692127476896,0.308742660294375,11.925446120303155,-0.21636371893967915,0.600459959175286,-0.7698276291182369,10.416007477190053,0.22668648741047762,0.7978532730176353,0.5586084417197313,9.67410192354848,55.834731150159975,51.054818125442836,52.95431074532161,17.781284030576696,5.303174821209507,49316.0,150953.25507613338, 0.0, 0.0,0.0,NaN, 63.856519712707765,63.856519712707765,0.0, 138.1387427193558, -4.413764253952666, -11.774721623556484, -4.413764253952666, 99.1022159880903, -6.084399046060092, -11.774721623556484, -6.084399046060092, 107.05676625289111, 7.302040487717601, 4.489328740878075, 10.0, 0.0
44, 0 ,1.0,1.0,1.0,178.56595308509208,154.61745530313215,88.30472845812609,12.637567469370767,8.86664752251961,12.85418415272235,51.0,41.0,56.0,-0.5567647422666291,-0.09781032826994475,0.8248916058807361,13.038448952140465,-0.8261380842137841,-0.03839165073463038,-0.5621582935130005,12.487444096897196,-0.08665383765507992,0.9944642883671572,0.05942971968679654,8.810118552715078,64.41324841411637,60.90566118217498,40.73353203836757,19.248433165544128,5.749210444501473,59512.0,159803.0019760526, 0.0, 0.0,0.0,NaN, 101.5712498612529,101.5712498612529,0.0, 159.70811154289825, 7.51492955933604, -6.056266957893368, 7.51492955933604, 78.61743828860314, -5.763451941159914, -6.056266957893368, -5.763451941159914, 165.2300502320984, 7.6995895392286355, 4.607319295385921, 11.0, 0.0
45, 0 ,1.0,1.0,1.0,115.24564353106395,152.4081136143363,63.27551080958126,9.264547498834702,12.328228281789197,10.66277211323953,45.0,54.0,49.0,-0.042406347215201874,-0.8998398936851091,0.43415419777843406,12.812213473655401,-0.37258060073050436,-0.3889563329221354,-0.8425536582551059,10.234560795001993,-0.927030418958925,0.19748705479736375,0.3187686708450234,9.08915360767113,60.55738975888994,52.78944842599367,47.193515538677445,17.967966071267423,5.353873114550692,50557.0,150867.81533579936, -1.4210854715202004E-14, 0.0,0.0,87.56956646776379, 115.98309729621313,115.98309729621313,0.0, 85.83184035816431, 6.319018870256449, 5.446910047190488, 6.319018870256449, 151.98521256790704, -24.60168946998611, 5.446910047190488, -24.60168946998611, 113.69470913887861, 6.4022331656341205, 3.989602893490304, 14.0, 0.0
46, 0 ,1.0,1.0,1.0,99.47897372269243,158.6127088226171,15.075995923250764,11.314178049706408,10.839029496451335,9.647215050506698,49.0,55.0,41.0,0.8082236629536727,0.34565421038457844,-0.47675746190821316,12.481506233098386,-0.22055153774204464,0.9283581287434198,0.2991792171853447,10.64015815548814,-0.5460142212812475,0.13665413143930089,-0.8265555749731548,8.340442444825623,63.71510448426818,50.76189608393328,49.150051319948915,17.580214790902556,5.431389463278259,45134.0,158965.98703856813, 0.0, 0.0,0.0,NaN, 108.79457586203222,108.79457586203222,0.0, 128.01062494045829, 15.150960709723414, -36.105017943652086, 15.150960709723414, 117.48456042494209, -2.085713459067965, -36.105017943652086, -2.085713459067965, 93.06875823072295, 7.496131756883781, 4.331608817183472, 12.0, 0.0
47, 0 ,1.0,1.0,1.0,95.94383956167462,8.438641472323686,133.2039196403484,11.276349367266679,5.658011470406349,10.807207346603768,56.0,23.0,54.0,-0.820301906833759,0.006051584192875669,0.5718987322714184,11.698989315350927,0.5707111756925077,0.07392772729893313,0.8178162660867601,10.36842130610861,0.03733008953343971,-0.9972452403823102,0.06409676240071922,5.620886771918624,66.90322095990655,51.41125482660905,24.645410017876472,15.7687688073859,5.225974529558918,28472.0,84769.82344372752, 1.4210854715202004E-14, 0.0,0.0,34.884972788385554, 117.20984332020846,117.20984332020846,NaN, 127.15605505265565, 2.68015551117749, -13.95630558074887, 2.68015551117749, 32.013093799249816, 4.953787848120561, -13.95630558074887, 4.953787848120561, 116.79573063248645, 6.580283123990413, 4.16397545875656, 9.0, 0.0
48, 0 ,1.0,1.0,1.0,118.85561544423307,113.22165856408088,56.02846473613753,10.883231005105612,10.4138799050823,11.783258045705335,53.0,47.0,54.0,0.43466245712996837,0.4091201717049168,0.8023024575968081,12.605305622060449,-0.9005629727190549,0.1901230247897627,0.3909470138167192,10.441418724172548,0.007408139385655009,-0.8924538758663838,0.45107781914201006,9.890491755246488,64.7155931159673,50.18697308286288,48.693335010467464,18.39275496903527,5.2388306527949435,56772.0,158150.09575454777, 1.4210854715202004E-14, 0.0,0.0,64.23618255149685, 131.3547888277841,131.3547888277841,0.0, 118.44471711049212, 8.942488114735601, 17.353947816566446, 8.942488114735601, 108.44889467747694, 20.87870428662819, 17.353947816566446, 20.87870428662819, 138.84517017167948, 6.48243843675508, 3.951312514107767, 13.0, 0.0
49, 0 ,1.0,1.0,1.0,108.26796249714155,51.14376857992225,132.85463068831467,11.364418673531288,10.634900119296393,8.879912411632182,52.0,51.0,40.0,-0.9095107177387575,0.2875730552014647,0.30015328124214347,11.658117689547396,0.32370629689296687,0.9429849857556639,0.07741802110124217,10.594707103704293,0.26077670078090276,-0.16757402710887243,0.9507441599969692,8.54075114356789,52.29583134566209,52.29336561432788,42.32958490737553,17.20234302407132,5.018301630547748,43730.0,115759.77529915507, 0.0, 0.0,0.0,NaN, 124.65533437837745,124.65533437837745,NaN, 129.15001178730665, -4.47177407316551, -16.2046321153822, -4.47177407316551, 113.10110054741044, 8.304389134748789, -16.2046321153822, 8.304389134748789, 78.85284443825925, 7.010391977969825, 4.246145328730613, 14.0, 0.0
