// Sample: .//bubblelabels.tif, Map: .//bubblelabels.tif, Thickness:(8.191250068658265):/gpfs/home/mader/Foam/NewValid/InSilicoTest/LatticeDataPhi_16.0/out_Step_05000.vtk/distmap.tif, Neighbors:(1.0):
//LACUNA_NUMBER, TRIANGLES, SCALE_X, SCALE_Y, SCALE_Z, POS_X, POS_Y, POS_Z , STD_X, STD_Y, STD_Z,PROJ_X, PROJ_Y, PROJ_Z, PCA1_X, PCA1_Y, PCA1_Z, PCA1_S, PCA2_X, PCA2_Y, PCA2_Z, PCA2_S, PCA3_X, PCA3_Y, PCA3_Z, PCA3_S,PROJ_PCA1, PROJ_PCA2, PROJ_PCA3,OBJ_RADIUS, OBJ_RADIUS_STD, VOLUME, VOLUME_BOX, Mask_Grad_X,Mask_Grad_Y,Mask_Grad_Z,Mask_Angle, Mask_Distance_Mean,Mask_Distance_COV, Mask_Distance_STD, SHAPET_XX, SHAPET_XY, SHAPET_XZ, SHAPET_YX, SHAPET_YY, SHAPET_YZ, SHAPET_ZX, SHAPET_ZY, SHAPET_ZZ, Thickness, Thickness_STD, Neighbors, Neighbors_STD
1, 0 ,1.0,1.0,1.0,130.54127307243658,15.381235561858146,180.59708149401888,20.992733395043686,9.463163540040044,11.420097901053413,86.0,38.0,47.0,-0.9784240078027457,-0.02818267202273431,0.20467583627011407,21.338204146813258,0.18374618188215797,0.3342547896424155,0.9243976829508135,10.952106399453315,0.09446587531453043,-0.9420612891944785,0.3218644525297815,9.241069464869598,87.98224598336989,55.406400546260556,45.80778907979582,24.023614627402,9.139523832484311,87442.0,223302.8739826659, 0.0, 1.7763568394002505E-15,0.0,88.3850380054723, 73.73988337634484,73.73988337634484,0.0, 440.69485539538243, 12.322512303667091, -68.21171596157347, 12.322512303667091, 89.55146418554324, 8.541978583694183, -68.21171596157347, 8.541978583694183, 130.41863606964458, 11.219048924011869, 6.420481185654, 12.0, 0.0
2, 0 ,1.0,1.0,1.0,180.7565657181159,165.71726281152885,92.19847314954255,11.332421931588728,16.215508049093305,15.4472867769409,49.0,67.0,78.0,0.15237690212889213,0.9007520545658361,0.4067272008275661,16.55420070848111,0.07526551638272047,0.3997617635582875,-0.9135237459641706,15.218518826461631,-0.985452374161859,0.1698124512283865,-0.006881109399099554,11.150797304532642,81.50020209894444,84.67266023276795,54.826295405261945,23.97267757740452,7.436120404129603,114877.0,378347.4332392573, 0.0, 0.0,0.0,NaN, 100.23060552147679,100.23060552147679,0.0, 128.4237868355532, 23.774430517200017, 1.90279430718914, 23.774430517200017, 262.9427012902098, 15.67302774182092, 1.90279430718914, 15.67302774182092, 238.61866876905316, 7.842127474655092, 5.532439378453107, 17.0, 0.0
3, 0 ,1.0,1.0,1.0,170.86917270416873,64.9077368534183,166.52509198497896,15.636090174172077,15.701181864271353,16.43494574615323,66.0,78.0,72.0,-0.43772139818808103,-0.6114232213050247,0.6592128806518104,18.42027735465727,-0.7910799710289625,-0.08655129479088389,-0.6055587112797882,15.204116254900876,-0.4273083863032502,0.7865561123143145,0.4457993104255594,13.807610243402873,103.67941546136994,79.3869080744976,73.87482833516256,26.36586166353645,8.121773715640074,158178.0,608048.0671442784, 0.0, 0.0,0.0,NaN, 78.62689660024911,78.62689660024911,0.0, 244.48731593484058, 42.55941854394831, -23.486526232869323, 42.55941854394831, 246.52711193492365, -57.79373748290645, -23.486526232869323, -57.79373748290645, 270.10744167900015, 7.686995385665764, 5.3868718122830535, 21.0, 0.0
4, 0 ,1.0,1.0,1.0,16.0026525198939,44.45599409664745,15.884585468977484,10.041068266764892,11.937444690038594,10.450235260806933,44.0,57.0,41.0,0.17443376658553789,0.9190393875184442,-0.3534677711821899,12.14746032449324,0.6150480945606849,-0.38202325849543317,-0.6897637793808847,10.804288275086693,-0.768952991054754,-0.09708158506253457,-0.6318911800220772,9.393594477379938,56.19408652643935,60.90429421823754,48.05356487437014,17.982296635987932,5.400931620297001,50141.0,164461.46030140214, 0.0, 0.0,0.0,NaN, 49.847169972977106,49.847169972977106,0.0, 100.82305193783293, 2.815068562357095, -15.745371050983701, 2.815068562357095, 142.50258572773063, -11.762453125440333, -15.745371050983701, -11.762453125440333, 109.20741700621254, 9.565704626444438, 5.886764659142711, 7.0, 0.0
5, 0 ,1.0,1.0,1.0,30.687163411898414,108.6242989682298,173.96005140280636,16.120824124911454,14.563558899513044,13.642761276122053,74.0,70.0,64.0,-0.9861815678456817,-0.0012253170406353784,0.16566355616001596,16.186903146414988,0.07042258787569292,-0.9082304563164488,0.41250223918920065,14.821342112990765,0.14995524118323816,0.418468561324939,0.8957664253723245,13.282136048897973,78.29704957331049,76.0179940552021,71.80112903673424,24.61888304248889,7.212055966465574,134623.0,427359.2178077818, 0.0, 0.0,-2.8421709430404007E-14,80.46421604544517, 99.84638030625094,99.84638030625094,0.0, 259.88097046632714, -2.6632792981362368, -12.728363171009525, -2.6632792981362368, 212.0972478195856, -16.22350207727393, -12.728363171009525, -16.22350207727393, 186.12493523725541, 7.599065954374993, 5.178831555000592, 19.0, 0.0
6, 0 ,1.0,1.0,1.0,41.005644747452536,14.06631478630599,24.04401436844806,14.760124772157845,8.485836924838676,14.767553532209329,80.0,35.0,61.0,-0.7309981644948895,-0.2010027864567001,0.6521039513311851,15.94687970492341,-0.6402006261148304,-0.12875316248028293,-0.7573412582670412,13.8401741592897,-0.2361881492100776,0.9710924276236365,0.03456378429440587,7.880225621676249,91.73920041478836,77.85642616357441,39.67565032836179,21.259868982771213,7.481264583391443,68205.0,283382.788255272, 0.0, 0.0,0.0,NaN, 49.5725603511849,49.5725603511849,0.0, 217.86128328966768, 38.91168490297213, -28.85651998433921, 38.91168490297213, 72.0094283149555, -12.570296561667076, -28.85651998433921, -12.570296561667076, 218.08063732666824, 7.5830745116749005, 5.235516897206519, 9.0, 0.0
7, 0 ,1.0,1.0,1.0,159.3946621701252,176.29223893315927,137.81436354900416,13.488256618137894,14.423870567667691,14.824545128981665,73.0,59.0,79.0,-0.5656060141513946,0.8221334035199461,0.06470319599897248,15.30947651556382,-0.23057403605981638,-0.08232244170632436,-0.9695662068608805,14.958061192240264,-0.7917862405036215,-0.5633113547659214,0.23612468515791227,12.313593351226949,73.65353601769253,79.13204473866756,71.1528750690467,23.56917221529213,7.364941827110987,110307.0,414704.20857811486, 0.0, 0.0,0.0,NaN, 77.960918259703,77.960918259703,0.0, 181.93306659674073, -37.11267942846927, 13.094132713768827, -37.11267942846927, 208.0480421528303, 10.15847749131186, 13.094132713768827, 10.15847749131186, 219.767138281214, 7.814897504935667, 5.1013736973047, 21.0, 0.0
8, 0 ,1.0,1.0,1.0,88.57075421996502,123.56539101848145,79.54022927949761,13.833846618372721,12.45753484092633,12.763798672697664,74.0,60.0,63.0,-0.94447282084186,-0.3088781668085825,-0.11209535565753634,13.941645151707307,0.2766170414632842,-0.5632638859271228,-0.7785992596852229,13.390983307675452,0.17735304638804425,-0.7663733247440485,0.6174283958951301,11.652988442805048,71.43421666041884,71.38923872890065,57.806748261574256,21.72183744110799,6.135293091025796,94906.0,294793.27889898117, 0.0, -1.4210854715202004E-14,0.0,72.00836337788806, 141.46970003179527,141.46970003179527,0.0, 191.37531226066238, 10.30682885498171, -3.1727829601060846, 10.30682885498171, 155.19017431289342, 21.116924505209496, -3.1727829601060846, 21.116924505209496, 162.91455655715865, 7.303565625850499, 4.966694580614483, 21.0, 0.0
9, 0 ,1.0,1.0,1.0,172.30597159614172,39.54821627647715,16.667417963259172,15.068191264196983,13.027075875754631,10.854092640537166,69.0,69.0,50.0,0.9043648983784625,0.31137094707143254,0.29184287536404374,15.67320170749232,0.3458941383086957,-0.935357655350753,-0.07391415061019749,12.78095909526902,-0.24996274855385614,-0.16779210320089966,0.9536060163604361,10.274446639005603,85.09004458042013,76.27063369418867,55.46365414814122,21.58777779940099,6.966654188351206,82524.0,359951.9950649279, 0.0, 0.0,0.0,NaN, 51.07664281691483,51.07664281691483,NaN, 227.05038797442225, 20.750309473837582, 35.49552489491251, 20.750309473837582, 169.7047058726683, 16.72500537933466, 35.49552489491251, 16.72500537933466, 117.81132704936309, 7.739381133729266, 5.073831971233365, 11.0, 0.0
10, 0 ,1.0,1.0,1.0,75.94841310424763,54.6681410649758,43.45253801049976,12.780680718280484,14.314701889901905,16.87067740045508,64.0,67.0,81.0,-0.2221068038744519,0.5156430331476298,0.8275148518540248,18.501583886647825,0.5990363527187996,-0.5974760124417293,0.5330833543434731,12.66020993343922,-0.769300991676232,-0.6141129187071734,0.17618543436653034,12.25914857957901,89.13903665673695,64.0044036633105,63.38700940398296,24.33665816271477,7.784813115344112,117336.0,361641.3269378911, 0.0, -7.105427357601002E-15,0.0,58.959554092696266, 103.17407697724983,103.17407697724983,NaN, 163.34579962262657, -25.568868396175862, -32.10147599562317, -25.568868396175862, 204.91069019676115, 78.75297758225025, -32.10147599562317, 78.75297758225025, 284.6197559502258, 7.502243315580433, 4.788502150975782, 18.0, 0.0
11, 0 ,1.0,1.0,1.0,60.22501676727029,73.87332327297116,137.55541582830315,12.53540053716956,16.189295956110428,12.846160174916196,63.0,79.0,61.0,-0.23429980489988467,0.9720994722701995,0.011234653349162205,16.391552232313508,0.5464401567757301,0.12212989039949956,0.8285453789225556,13.309730613125806,0.8040564386203193,0.20026708636969293,-0.5598091975219793,11.765266161152793,84.43787464424867,65.46204227790388,59.41097230096055,23.130904190928668,7.015317008627368,107352.0,328392.70688434836, 7.105427357601002E-15, 0.0,0.0,76.44964772568207, 113.94580566386384,113.94580566386384,1.3486991523486091E-6, 157.13626662727089, -27.08417166873341, 17.190982704108904, -27.08417166873341, 262.09330355453346, 5.341447759233157, 17.190982704108904, 5.341447759233157, 165.02383123960294, 7.806608080766788, 5.069106818678879, 22.0, 0.0
12, 0 ,1.0,1.0,1.0,42.17043039976281,55.15293768839255,175.80260167020805,13.0852798357262,12.401616898119679,12.089667609395411,70.0,60.0,49.0,0.7534590696962074,0.2851251676144376,0.5924551198912577,14.336464002927874,0.3737988885253296,-0.9270490982616143,-0.029229443196125072,12.314702060923663,0.5409009347650954,0.24348225439478352,-0.8050730218837792,10.677013909145693,71.14753547885623,53.321980423151366,55.874713624807356,20.841138700584423,6.068908520950131,80948.0,211973.43729551937, 0.0, 0.0,0.0,NaN, 73.5235052326232,73.5235052326232,0.0, 171.22454837926267, 6.616618960949497, 40.44923046100887, 6.616618960949497, 153.80010168772756, 16.48283825817605, 40.44923046100887, 16.48283825817605, 146.16006290566455, 7.5335489890101, 4.975973438482634, 11.0, 0.0
13, 0 ,1.0,1.0,1.0,78.66827975021162,185.9537955376679,27.54164470637088,12.349906163088894,8.16122627655446,15.00347047593808,60.0,33.0,60.0,-0.22128337266174153,0.02066526690731838,0.9749905721221587,15.136680504872267,0.975209532477525,0.004492597673982727,0.22123784561215298,12.189187832167375,-1.9169875310413943E-4,-0.9997763566467194,0.02114710244452042,8.156869876498726,63.09717450683182,61.01823994959661,33.01798424435455,20.060667644959146,6.465256107470143,62613.0,127121.83238172458, 0.0, 0.0,0.0,NaN, 84.52535886813591,84.52535886813591,0.0, 152.52018223710107, -0.384036329238927, -17.376711536720425, -0.384036329238927, 66.60561433712297, 3.3573695260653817, -17.376711536720425, 3.3573695260653817, 225.10412632234562, 7.260250241635769, 4.90240754361949, 10.0, 0.0
14, 0 ,1.0,1.0,1.0,187.2826170082594,56.57047262159682,95.29825634750688,8.223128642158919,13.37807940346738,14.03773592846441,34.0,61.0,73.0,-0.06884986791172076,0.6359159935797435,0.7686810423043007,15.522290549974615,-0.14841130035705943,-0.7684645326413774,0.6224438512818613,11.72670396227942,-0.9865261180601683,0.07122577610498235,-0.14728580109222228,8.074267363142129,90.89735019266132,57.64932440522849,37.35907030257067,19.751889692959185,7.315308383482389,52304.0,195767.9103918293, -2.8421709430404007E-14, -7.105427357601002E-15,1.4210854715202004E-14,84.00566059034801, 111.55136873057445,111.55136873057445,0.0, 67.61984466549438, 0.5535001855986943, -15.982120398608505, 0.5535001855986943, 178.97300852547812, 51.314997459144166, -15.982120398608505, 51.314997459144166, 197.0580299973006, 7.888097068025372, 5.111041301007278, 11.0, 0.0
15, 0 ,1.0,1.0,1.0,183.6382970974908,19.3666921592192,177.18183473542373,9.548184878404854,11.424621222959022,12.200379903516437,37.0,45.0,49.0,0.12298134682597439,0.5413721141482073,0.8317402373070393,12.718852568726867,-0.1926528097039203,-0.8091351218372298,0.5551443501672666,10.947693153813155,-0.973529908757843,0.22850949352740735,-0.004788331838262221,9.429627685935179,68.9294385163195,58.06884780866234,42.12608268279371,18.443278334752804,5.512219028415032,54918.0,168616.0943770654, 0.0, 0.0,0.0,NaN, 34.10927664289372,34.10927664289372,0.0, 91.16783447219912, 9.672420209234371, 4.143449600940609, 9.672420209234371, 130.5219700880857, 18.90837634469651, 4.143449600940609, 18.90837634469651, 148.84926979012772, 8.010853532560771, 5.18946317385495, 4.0, 0.0
16, 0 ,1.0,1.0,1.0,184.76970089343519,14.483853424834908,97.18586041693642,8.45965962646159,8.614589557629587,13.4598342927805,35.0,31.0,63.0,-0.22173642522484185,-0.11171075627662233,0.9686865667803048,13.750861722235035,0.5311112535911119,-0.8469649496735951,0.02390000697243023,8.797046295188167,0.8177736814286618,0.5197798389284729,0.24713382003704926,7.776240210243149,65.41031628635045,41.21747496288141,42.68467377047105,17.169524204842247,5.670235622130093,38615.0,115079.93250165768, 0.0, 0.0,-1.4210854715202004E-14,14.376157001004886, 99.43256753140683,99.43256753140683,0.0, 71.56584099558427, -4.424448827992788, -27.411139280387776, -4.424448827992788, 74.21115324642074, -14.260381096207164, -27.411139280387776, -14.260381096207164, 181.16713918910992, 7.909018320403969, 5.357857033185596, 8.0, 0.0
17, 0 ,1.0,1.0,1.0,101.11360786073429,85.11512662087375,13.850781816299058,14.450220778884566,17.18212739617935,9.432431364388352,74.0,83.0,38.0,-0.14618332420007565,0.9798913281948302,0.13580655600665203,17.367901330973496,0.986885145512037,0.13495030035847924,0.08857836079337997,14.4004440938418,-0.0684700320833976,-0.14697415201908318,0.9867676795197385,9.164516196649284,86.51056576582626,72.64602869635948,42.582977648508944,22.971164150227768,8.082744672713611,86913.0,267619.0697337122, 0.0, 0.0,-1.7763568394002505E-15,82.19473831051268, 131.20574487014935,131.20574487014935,0.0, 208.80888055850727, -14.745420826050212, 6.464814013390926, -14.745420826050212, 295.225501858537, 30.439566890409044, 6.464814013390926, 30.439566890409044, 88.97076144389709, 7.671332555331794, 4.86417297020638, 15.0, 0.0
18, 0 ,1.0,1.0,1.0,75.80201960564757,121.94820688742531,124.89631198021112,11.801445998853138,14.220138834411035,14.276428177121417,69.0,63.0,67.0,-0.12475998185055834,0.37358434815472263,-0.9191679290219275,14.353639237263671,-0.10697240172548245,-0.9260706044784058,-0.36187033698561366,14.205810502134497,0.9864034936058014,-0.05317866428193239,-0.15549976677622096,11.724797066653554,68.16983414825619,67.18260445551448,64.89059460685479,22.383268733608453,6.6552354150346185,98237.0,297187.6974458789, 0.0, -1.4210854715202004E-14,0.0,68.06315609508609, 132.20662819449305,132.20662819449305,0.0, 139.27412766384674, 3.1779133702526026, 10.352080903344328, 3.1779133702526026, 202.21234846992482, -1.981743789455025, 10.352080903344328, -1.981743789455025, 203.81640149650636, 7.175121163441394, 4.515726741732857, 20.0, 0.0
19, 0 ,1.0,1.0,1.0,182.38215358713478,148.4288160931218,36.28589674741288,10.509230402703944,13.899236604589928,11.329917735412192,43.0,67.0,52.0,0.01727039184376397,-0.9997890948792942,0.01111302506089024,13.90025921321412,-0.43165258649280414,-0.01748100598206493,-0.9018705333937501,11.562665796067671,0.9018745911376123,0.010778691492762053,-0.4318634525750805,10.251209257087664,67.18065050121353,57.93821822857923,49.57053759025962,19.93759273500879,5.8730003977080765,68899.0,192944.75125957013, 0.0, 0.0,0.0,NaN, 65.47245088239991,65.47245088239991,0.0, 110.4439236571169, -1.3058495439977413, 11.153838787799874, -1.3058495439977413, 193.18877819037255, -0.5281617933832851, 11.153838787799874, -0.5281617933832851, 128.36703589120773, 7.859909887924103, 5.217260995918514, 14.0, 0.0
20, 0 ,1.0,1.0,1.0,151.81629122497054,186.85291519434628,10.460578621908127,13.230904564585515,7.722395290850083,6.720959482633079,65.0,30.0,25.0,-0.9980544384036487,-0.05977275530501204,-0.017735718367877455,13.248377987176033,0.0552000113590314,-0.9793741187119825,0.19436896445443752,7.732364841099297,-0.028987872097487558,0.19301179580630506,0.980768142809953,6.674918401415102,65.17240227276224,35.006234283559905,29.280716866309152,15.712364474251041,5.743267677968975,27168.0,66802.20989562501, 0.0, 0.0,0.0,NaN, 51.02880887605573,51.02880887605573,NaN, 175.0568355971698, 6.989285178702268, 2.481697140089199, 6.989285178702268, 59.635389028143535, -2.761282679139228, 2.481697140089199, -2.761282679139228, 45.17129636719551, 7.6891116579079695, 5.0769645404663155, 5.0, 0.0
21, 0 ,1.0,1.0,1.0,19.16612067910884,84.99410061576522,25.450745578860086,11.417272458501667,11.237665247996027,13.880120961870658,45.0,51.0,58.0,-0.136843253092918,-0.3466008083466178,0.9279772646656919,14.329643756836738,0.9552697654072053,-0.2941045189920556,0.03101946497467366,11.404140283552431,0.26217093542536524,0.8907134284167512,0.3713434920074221,10.672576199261648,66.33728334833457,51.47022169489918,51.56896527033645,20.333604759466404,5.9867775989614875,73567.0,176076.80070185164, 0.0, 0.0,0.0,NaN, 90.7693658228857,90.7693658228857,0.0, 130.3541103916607, -0.20072727751937677, -11.132499105839187, -0.20072727751937677, 126.28512022601763, -29.556219180050885, -11.132499105839187, -29.556219180050885, 192.65775791616124, 8.02352193107027, 4.92571225380614, 10.0, 0.0
22, 0 ,1.0,1.0,1.0,41.14294626339113,174.3491588865465,187.0462504840167,11.757735996557566,13.335579001307059,7.111333611116275,63.0,60.0,30.0,-0.18449113544115628,-0.980859669815128,0.06226820275060714,13.418422165330261,0.9769161311787556,-0.1760696567441329,0.1209725118228735,11.740558293438115,-0.1076935169189169,0.08314916778994812,0.9907009247545268,6.9827162583621,63.30252743397256,62.93271707425397,33.244857343508215,18.238937980077413,5.830457113496839,46486.0,132440.86431697148, 0.0, 0.0,0.0,NaN, 50.18473177753135,50.18473177753135,0.0, 138.24435576474553, 8.436622621840579, 9.019439520150176, 8.436622621840579, 177.83766730010177, -9.916484352408682, 9.019439520150176, -9.916484352408682, 50.571065728592046, 7.427844183048031, 4.893938260357519, 9.0, 0.0
23, 0 ,1.0,1.0,1.0,67.72435882170838,188.63765389469674,74.63936846617294,13.359255522918401,6.781825315721163,11.431407586961761,64.0,26.0,50.0,0.9901491072075268,0.05686727674532961,0.12794865506017317,13.40276794279519,0.1314834350936157,-0.06349525222762223,-0.9892828004370303,11.414477019575749,-0.04813368666661683,0.9963606103114072,-0.07034687219599214,6.724244790308263,65.31722263125789,50.03468671998438,29.722674252837294,17.90927079133226,5.864977568715695,41993.0,97137.46745442908, 0.0, 0.0,0.0,NaN, 101.42350325174803,101.42350325174803,NaN, 178.46970812662582, 6.858472693808817, 5.963224584953492, 6.858472693808817, 45.99315461295645, 6.321997251477317, 5.963224584953492, 6.321997251477317, 130.67707941924692, 6.945449117003979, 4.746435666288107, 10.0, 0.0
24, 0 ,1.0,1.0,1.0,113.93597525388117,83.68066417649119,64.77229485234038,11.33688261760348,12.232986255531408,11.189737781007633,54.0,54.0,55.0,0.40742422818646107,-0.8985085202813639,0.16336443085463975,12.51733477602952,0.6095055250337745,0.1343196950709761,-0.78132018690761,11.281566616463236,-0.6800797844664768,-0.4179002973172355,-0.6023710054959457,10.92811404608106,59.522870652497666,52.20253233407476,51.261347289878415,19.37229085899055,5.30051305966753,68536.0,159281.5435224861, 0.0, 0.0,0.0,NaN, 136.39985371310988,136.39985371310988,0.0, 128.52490748531994, -12.997245908625464, -1.2583776436898704, -12.997245908625464, 149.64595272802035, -6.293021986425882, -1.2583776436898704, -6.293021986425882, 125.21023160770963, 6.962015010130382, 4.510467791006324, 14.0, 0.0
25, 0 ,1.0,1.0,1.0,50.13972522654195,86.16553395693268,79.77875621163402,12.482507038913594,12.008889507950334,13.327619890517488,62.0,65.0,61.0,-0.4610242006451794,0.3020909230079539,0.8343846598875582,14.115323679456747,-0.7319398536565291,-0.6610697380859105,-0.16507832085493226,12.359290019113512,0.5017177862590999,-0.6868244867673455,0.525881533549183,11.209703331686029,66.65357933718565,56.1177275454105,51.92595669087303,20.987382285359367,6.09767545421997,82104.0,194226.30996537633, 0.0, 0.0,0.0,NaN, 127.68375476368082,127.68375476368082,NaN, 155.81298197652742, 2.861821524482081, -25.032250453812747, 2.861821524482081, 144.21342721415962, 21.504602995319203, -25.032250453812747, 21.504602995319203, 177.62545194611735, 6.9734857137783495, 4.3738887645285685, 14.0, 0.0
26, 0 ,1.0,1.0,1.0,102.17459437305625,21.49375587646761,104.6604305793293,12.18945507807566,12.787459061698236,12.72339818478828,56.0,51.0,61.0,-0.4752425162530951,0.6266049528259615,0.6176655922417899,14.134652806731584,-0.12929603894305708,-0.74412345305269,0.6554104217439455,11.862153730518399,-0.8703028697293042,-0.23161718353981414,-0.4346566406142003,11.553687057836118,74.33623629764381,63.37445949871789,58.604855492965044,20.910236955801427,6.0620768863409795,82958.0,276088.57579540875, 0.0, 0.0,0.0,NaN, 138.28024090618354,138.28024090618354,0.0, 148.58281510042448, -19.048706093622794, -20.074069728187947, -19.048706093622794, 163.5191092546083, 22.137817968610477, -20.074069728187947, 22.137817968610477, 161.88486136867368, 7.1858048784620445, 4.659167762005906, 15.0, 0.0
27, 0 ,1.0,1.0,1.0,143.58020892629116,73.02973891906029,113.71367251803873,12.869536603775543,9.991311102820584,11.769376610808534,59.0,47.0,59.0,-0.9141616194341843,0.22725776884426882,0.33565226061117814,13.029616886389498,0.3993116472559525,0.36249239752994616,0.8421101294360077,12.093925514790355,0.06970467645149331,0.9038546167569854,-0.42212331118747337,9.377395437589685,59.258372914487026,63.57662913951148,44.28302991220464,19.336164124958607,5.484729044263679,64999.0,166833.99468354217, 0.0, 0.0,0.0,NaN, 126.34027822397468,126.34027822397468,0.0, 165.62497239591855, -8.558570806543457, -5.496941978688814, -8.558570806543457, 99.82629755334585, 24.047331051594746, -5.496941978688814, 24.047331051594746, 138.51822580704697, 6.654743651824888, 4.535482652385441, 15.0, 0.0
28, 0 ,1.0,1.0,1.0,137.13619518221125,141.18608709079678,18.339391599752933,10.541531410252036,13.312115618608436,10.925082852357788,47.0,65.0,44.0,-0.15854148558799444,-0.974586078302133,0.15826109227229565,13.455028699981707,-0.5309912306793069,-0.05097532993019509,-0.8458426737166809,11.082983471769236,-0.832413905631824,0.21813640621908165,0.5094149565850979,10.189377905179953,66.19707514385567,52.50285175167167,58.090912089856154,19.379141745777194,5.669445056131323,64760.0,201897.01108544497, 0.0, 0.0,0.0,NaN, 88.01856390619805,88.01856390619805,9.5367431640625E-7, 111.12388447333029, 12.44510055372413, 6.600271249076266, 12.44510055372413, 177.21242224319866, -11.089854974808814, 6.600271249076266, -11.089854974808814, 119.35743533088218, 7.4860270641896, 4.689220940129555, 8.0, 0.0
29, 0 ,1.0,1.0,1.0,182.4227813200069,94.57482336722384,79.60229191797346,10.173076992077396,9.596444981356841,14.721577261626988,38.0,50.0,82.0,0.10855733294129563,-0.010913066478708525,0.9940302864826124,14.76961192370138,0.8107262916176979,0.5796292761861547,-0.08217531422349475,10.599445371785588,-0.575272270794003,0.8148072208614419,0.07177051823392334,9.045352965517006,81.83486610981231,55.58936103026468,49.08208873536195,19.320277228680467,6.247797743517479,58030.0,223281.68173452912, 0.0, 0.0,0.0,NaN, 124.85944381607726,124.85944381607726,NaN, 103.49149548673448, 14.185098802490613, 12.676570223753892, 14.185098802490613, 92.09175628020891, -2.9329941669453863, 12.676570223753892, -2.9329941669453863, 216.72483707005279, 7.322964357193248, 4.609804779809438, 11.0, 0.0
30, 0 ,1.0,1.0,1.0,59.08741420606646,11.462290924461083,107.53040275345691,11.70085108314528,7.305629468290768,14.0116697437947,57.0,29.0,68.0,-0.05666906562809651,0.12733128532794158,0.9902400520972543,14.108580911738033,0.993948652882452,0.10067636065096698,0.04393570119203159,11.725452747860759,-0.09409937531140981,0.9867375609465829,-0.1322659948104261,7.076067376848392,70.08163920354102,58.48381018519113,32.583346524537866,18.71838297964507,6.019232977246894,49683.0,133547.44925742835, 0.0, 0.0,1.4210854715202004E-14,8.01152584418453, 110.33282850418608,110.33282850418608,0.0, 136.90991606994206, 7.672408480064937, -4.542812212593098, 7.672408480064937, 53.37222192795845, 19.171501510749824, -4.542812212593098, 19.171501510749824, 196.32688900917185, 6.802130486492474, 4.515767221826525, 12.0, 0.0
31, 0 ,1.0,1.0,1.0,56.600479328939485,147.9339275014979,20.94005392450569,11.438766814180953,12.133776961541704,12.270807212388064,54.0,62.0,49.0,-0.5116421991176432,0.40372319849486105,0.7584390806644539,13.998538782202589,-0.5093404722231255,-0.8534178817150713,0.11068063301447549,12.05175125827931,-0.6919498128026238,0.3296748370228469,-0.6422771663358227,9.351087786828645,65.00839134348374,61.87412025153074,52.318527826408996,19.805920117411052,6.0309342168493965,66760.0,210442.7514830853, 7.105427357601002E-15, 0.0,0.0,59.22672216336528, 79.70555830082485,79.70555830082485,0.0, 130.84538622920746, 2.7100166914312753, -45.36819774903533, 2.7100166914312753, 147.22854335244023, 27.767833700733746, -45.36819774903533, 27.767833700733746, 150.57270964359495, 7.248926674528633, 4.538206965046131, 11.0, 0.0
32, 0 ,1.0,1.0,1.0,13.041914773294302,103.46691726822128,108.23735072020226,8.800639485871812,14.600288895130651,12.087889753536855,37.0,71.0,60.0,-0.06175354882522275,0.9485498700073833,0.31054732862555334,14.888719199096304,-0.034581656939309646,-0.31298777078891793,0.9491273699245615,11.757439223087125,-0.9974921594733577,-0.047872742198043695,-0.05213053177953314,8.765011888246152,67.41448546228416,55.19355642598281,39.61581387707179,19.849991519690175,6.535641249601236,60122.0,147404.31119744194, 0.0, 0.0,0.0,NaN, 133.82492819165446,133.82492819165446,0.0, 77.45125536028607, -7.819993205746929, -4.7935052695337905, -7.819993205746929, 213.1684358212754, 24.424621446100655, -4.7935052695337905, 24.424621446100655, 146.11707869366128, 7.241205753823176, 4.53960681904474, 15.0, 0.0
33, 0 ,1.0,1.0,1.0,89.9594972826087,75.18115489130435,100.6651902173913,12.207028813952366,12.877771789984928,10.501800840222497,58.0,56.0,53.0,-0.3072384049972023,0.948619859215646,0.07566323543481077,12.981328819828267,-0.9406299110933496,-0.2906692070056925,-0.1752905657906312,12.160524206283586,-0.14429113919881797,-0.12502709626465194,0.9816049573776292,10.427997541579114,59.35077577468853,55.86837114072557,52.98609919506867,19.87273288875339,5.496441317759823,73600.0,175692.95920666686, 0.0, 0.0,0.0,NaN, 153.66301323570687,153.66301323570687,0.0, 149.0115524646633, -6.72058393028561, 5.063259946169061, -6.72058393028561, 165.83700627493164, 6.284157864558705, 5.063259946169061, 6.284157864558705, 110.28782088769795, 6.77027608627332, 4.410523433602023, 6.0, 0.0
34, 0 ,1.0,1.0,1.0,31.802398825065275,39.94983681462141,104.03492167101828,10.152954147784847,11.745811846200398,11.654054743527636,45.0,57.0,54.0,-0.228413563809166,-0.8065767679204363,0.5452166187113324,12.015777196709758,-0.12624305495792137,-0.5307546305861004,-0.8380705299593247,11.498364669274267,-0.9653444643974958,0.26025648803139273,-0.019406841440026322,10.013604451440907,59.746911102043846,57.991509389356196,48.18893986480534,18.714217235731677,5.161553939702601,61280.0,166965.69210051832, -3.552713678800501E-15, 0.0,0.0,76.79631040540635, 108.70454586276965,108.70454586276965,0.0, 103.08247792702151, 10.2660178522886, -2.1135302461755487, 10.2660178522886, 137.96409592634163, -5.18901192531493, -2.1135302461755487, -5.18901192531493, 135.81699196513898, 6.925787624548002, 4.478694248214472, 10.0, 0.0
35, 0 ,1.0,1.0,1.0,22.20950767957801,177.24294099394942,100.83588457361535,12.969009014127122,12.904246298274604,11.210389760564015,52.0,59.0,57.0,0.6908458186218381,0.7035890661207165,0.16641658850036567,14.232810112613095,-0.6807210718079444,0.555421626063697,0.4776249990289474,11.795273563771849,0.2436203548338391,-0.44324851193899806,0.8626586111402921,10.894321629770543,77.0649815803379,61.23710341008362,58.99470238241499,20.560064080886622,6.137700783575388,77348.0,278409.9378246227, 0.0, 0.0,0.0,NaN, 104.13773453590895,104.13773453590895,0.0, 168.19519480851056, 33.045962936249595, 2.9979248394859894, 33.045962936249595, 166.5195725265338, 15.245176255070596, 2.9979248394859894, 15.245176255070596, 125.67283858375852, 7.1863662399008295, 4.609534501168521, 11.0, 0.0
36, 0 ,1.0,1.0,1.0,159.32388056831945,10.717186088093362,42.01955280410667,13.465694791819736,6.983408666534697,13.237283579260238,60.0,29.0,62.0,-0.8530386872419782,-0.08049403991892487,-0.5156022765717904,13.58882314980365,-0.5203031787060521,0.055229966738163015,0.8521937884087629,13.159275734175079,-0.04011982423765342,0.9952237739883592,-0.08899460315944932,6.891731055644668,66.9328550786417,72.20960884802449,30.556041854875012,19.158999666574996,6.184766864176867,52013.0,147683.3174001678, 0.0, 0.0,0.0,NaN, 59.456266175435786,59.456266175435786,9.5367431640625E-7, 181.32493622644117, 5.8067268405972845, 4.604745226424574, 5.8067268405972845, 48.767996603831904, 11.60743702052186, 4.604745226424574, 11.60743702052186, 175.2256765577527, 7.500107560571146, 5.067068893140931, 9.0, 0.0
37, 0 ,1.0,1.0,1.0,132.59528521852295,42.26575208762607,32.27857607634747,11.771265278734104,10.995660108029227,15.653505236550568,63.0,50.0,65.0,0.4714784786446346,0.06273500001521683,0.8796433163209004,17.01708406824149,0.32008874528645903,-0.941616677277218,-0.10440894700336718,11.12817448700397,0.8217367214113539,0.3307904969108127,-0.46403276590949527,9.543690903709528,77.95284878365271,50.73964581768581,51.169381681525266,21.26354406084396,7.236100305882381,73768.0,202390.25218026506, 0.0, 0.0,0.0,NaN, 85.85858051366498,85.85858051366498,0.0, 138.56268626233108, -4.000907865523256, 81.2294611316408, -4.000907865523256, 120.9045412113053, 14.174232656426755, 81.2294611316408, 14.174232656426755, 245.03222619071605, 6.5249814956422005, 4.252772134474689, 11.0, 0.0
38, 0 ,1.0,1.0,1.0,18.574161877795834,130.6905356275236,16.93110727629132,11.037286549683488,13.32239220481587,9.747161942549322,51.0,55.0,42.0,-0.2501046295136055,0.9495623344226505,0.1891535020602803,13.574919349817115,0.9333316389678781,0.28841736883301894,-0.2137930612928603,10.94246014349147,-0.2575649937343904,0.12307231370720506,-0.9583910890661278,9.50258517599848,66.75590785529394,54.52599571760109,48.12273688334367,18.99818165960804,5.777896503190347,59687.0,175163.50655214235, 0.0, 0.0,0.0,NaN, 73.72559755379014,73.72559755379014,0.0, 121.82169437982405, -14.394669793342528, -10.3201039817474, -14.394669793342528, 177.48613405893863, 15.064695536722903, -10.3201039817474, 15.064695536722903, 95.00716593428189, 7.009774782460715, 4.462275149481285, 8.0, 0.0
39, 0 ,1.0,1.0,1.0,98.29711596951373,134.52740902422443,16.51280996171324,10.466932456421892,12.825842178907221,10.815190187201056,49.0,58.0,44.0,-0.06314077140184446,-0.9364486758057203,0.34507552878825387,13.16846528451624,-0.7135538230886815,-0.1993800369400002,-0.6716312548008254,11.435321337741941,0.6977493708648593,-0.2886372783469199,-0.6556175234129853,9.319452204069622,65.64277230318609,62.291141715022874,47.02973484431832,18.86064581458108,5.941656409435585,55894.0,192302.8565940529, 0.0, 0.0,0.0,NaN, 119.25458511032981,119.25458511032981,0.0, 109.55667504729804, 11.365536879355771, 19.15983406028957, 11.365536879355771, 164.50222759823555, -22.089707747903777, 19.15983406028957, -22.089707747903777, 116.96833878532999, 7.1179007437334345, 4.5288089386383925, 7.0, 0.0
40, 0 ,1.0,1.0,1.0,145.82320222487087,103.46176003178387,82.95010594623228,9.501620246515158,12.871408250028484,11.117581099802303,45.0,62.0,49.0,-0.1186487691402002,0.9578763333986224,0.2615251412318253,13.049817283938738,0.04256010057388219,-0.25823750439601867,0.9651435277524569,10.96246693482662,-0.9920237433754582,-0.12564362792488487,0.010127751044362207,9.438280283887332,64.77725329011713,49.473355262432904,46.17917524012731,18.755190471957054,5.2723218338049085,60408.0,147992.62249162633, 0.0, 0.0,0.0,NaN, 138.33104232174094,138.33104232174094,0.0, 90.28078730898677, -9.572083215146131, -1.242863006460036, -9.572083215146131, 165.67315033890134, 12.595579140772903, -1.242863006460036, 12.595579140772903, 123.60060951068138, 7.53448596696572, 4.497969836832503, 12.0, 0.0
41, 0 ,1.0,1.0,1.0,29.65244752609564,146.42332089786586,126.99237542550652,15.527265092218693,11.332917699443678,10.8224547828193,67.0,65.0,56.0,-0.9718797065750957,-0.23439046757060128,0.02260408501889132,15.751422785684394,0.23308918799554434,-0.9439402739374201,0.23376524480453884,11.0346133915768,-0.033455438826654825,0.23246046535052634,0.9720302802186427,10.806780273403445,71.83710202764048,62.75127264986058,56.86074034177807,21.102173082115655,6.430770060035271,79611.0,256320.80143917952, 0.0, 0.0,0.0,NaN, 95.28820196598893,95.28820196598893,0.0, 241.09596124403316, 28.819922698158514, -2.6137715184040107, 28.819922698158514, 128.43502358236378, -1.7938104560298176, -2.6137715184040107, -1.7938104560298176, 117.12552752616834, 7.23337304012303, 4.482374548560035, 12.0, 0.0
42, 0 ,1.0,1.0,1.0,124.54862475442043,73.85495562631257,165.94792019510874,10.294440227576203,9.912162361040584,13.22144852173163,48.0,46.0,64.0,-0.08819944091849323,-0.025176371887423856,0.9957846197447774,13.242032832312912,-0.8079382986607198,-0.5829135137012501,-0.08629913731715115,10.640130941832945,-0.5826290107597515,0.8121440671722286,-0.03107169094310987,9.511537377951285,64.334941424839,51.79305265543513,47.00909091096675,18.714927579532084,5.36513270818311,59044.0,156639.13326543305, 0.0, 0.0,-2.8421709430404007E-14,5.262700880699213, 110.93695793581391,110.93695793581391,NaN, 105.97549959913917, 10.899505832884737, -5.869249693112799, 10.899505832884737, 98.25096267162967, -0.9839274346096396, -5.869249693112799, -0.9839274346096396, 174.80670101279952, 7.282963851069917, 4.567981088280815, 15.0, 0.0
43, 0 ,1.0,1.0,1.0,179.35298211888704,83.16603417132062,20.581890194388745,11.487639149112034,10.880779130382175,11.208696273028032,50.0,53.0,45.0,0.8772584294681458,0.4762073597156221,-0.06036719705070187,11.732116458587157,-0.06834245547168527,-5.712821263459955E-4,-0.9976617575194673,11.207328216540228,-0.47512835813828536,0.8793328290183466,0.03204401821571222,10.618159797924207,64.52093953233117,47.558992287519054,55.76922590220773,18.658432263938217,5.2777822328520365,60343.0,171130.7064161519, 0.0, 0.0,0.0,NaN, 88.1277640198714,88.1277640198714,0.0, 131.96585322021147, 10.401495983807088, -0.44174570605507035, 10.401495983807088, 118.39135448416029, -0.708399613170929, -0.44174570605507035, -0.708399613170929, 125.6348721409925, 6.960724610603498, 4.407343630646895, 8.0, 0.0
44, 0 ,1.0,1.0,1.0,150.03061901602047,112.93286883432869,130.2962050115335,12.202798030748605,11.326851281498755,10.55104997386378,60.0,56.0,52.0,0.899030720233573,-0.4245112110549859,0.10739644204968857,12.445248960831723,0.4376156300917855,0.8624239392274721,-0.25439636268378324,11.123622096079314,0.01537284539936895,0.27570850682559317,0.9611183563372041,10.483859263169055,63.7906672865827,61.452078403923196,49.41043478493111,18.98179844341209,5.312421588793889,63294.0,193692.31800200624, -2.8421709430404007E-14, 0.0,0.0,25.969049213272783, 122.2139247431997,122.2139247431997,0.0, 148.90827977924204, -11.946660027821414, 2.8032981749873285, -11.946660027821414, 128.29755995318996, -5.083237351186689, 2.8032981749873285, -5.083237351186689, 111.32465555097086, 6.409559744320843, 4.323679232109666, 16.0, 0.0
45, 0 ,1.0,1.0,1.0,10.147897100857493,167.51578195181708,161.71359738668843,6.720161326973295,15.895585443689061,11.55613206590595,27.0,69.0,66.0,0.04505712943055815,0.9819068753241182,0.18392591790910034,16.04466283193291,0.001338588153125552,-0.18417207767161026,0.982893104049407,11.367259477468483,-0.9989835150137533,0.04404014075079132,0.009612634051925934,6.687944360139397,74.23403865361323,65.41542957135695,28.252175441618878,19.545483255719056,7.024847150166102,48980.0,137194.01970403083, 0.0, 0.0,0.0,NaN, 51.22550988365148,51.22550988365148,0.0, 45.16056826054748, 9.389540129461741, 1.8738607703313068, 9.389540129461741, 252.6696365976196, 23.119914030626507, 1.8738607703313068, 23.119914030626507, 133.54418832465976, 7.7070307811032315, 4.774562858599664, 6.0, 0.0
46, 0 ,1.0,1.0,1.0,118.04739110335674,178.3649621974679,31.490568007277172,10.437046821862833,10.88527353372148,14.061754280693208,57.0,46.0,61.0,0.1258628909950782,0.12990792641408963,0.9835051923224162,14.163023748152368,-0.07288801571243493,-0.9874986555480137,0.1397631655922602,10.823997463770207,-0.9893663981740362,0.08927673798732322,0.11482070465938592,10.363585138833782,64.64218683464154,50.23173520356008,56.6108812672677,19.728465265756242,5.995141197184462,67059.0,183820.58184797168, 0.0, 0.0,0.0,NaN, 90.42101989639418,90.42101989639418,0.0, 108.93194636175707, 2.225803399043297, 11.435988828835422, 2.225803399043297, 118.4891799039373, 10.55974348841926, 11.435988828835422, 10.55974348841926, 197.73293345059378, 6.258661088544713, 4.18007573084157, 9.0, 0.0
47, 0 ,1.0,1.0,1.0,16.03326899634295,150.00521468237844,60.83260530949479,10.277979478315872,10.264188003032979,13.509266092670556,40.0,49.0,66.0,-0.10554125729488575,0.06289636785825094,0.9924238459039839,13.549526320436971,0.6940300023490811,-0.7100750137059153,0.11881006165253116,10.601153164855631,-0.7121680973253076,-0.7013112873901173,-0.03129024338779496,9.875048149144586,65.61194088473803,52.480831587134034,53.259947092480616,18.96990907730938,5.799416994791161,59064.0,183393.66245986958, 0.0, 0.0,-7.105427357601002E-15,7.057267864717887, 80.35639453338443,80.35639453338443,0.0, 105.63686215668221, -7.898453319295686, -7.789466839922573, -7.898453319295686, 105.35355536160614, 4.118355640739981, -7.789466839922573, 4.118355640739981, 182.5002703625784, 6.960145432436941, 4.3986600953379815, 10.0, 0.0
48, 0 ,1.0,1.0,1.0,120.69392439096364,152.8406669071117,110.45330994458834,12.296264903127202,12.369635255382248,9.291153184861695,66.0,59.0,45.0,-0.6156964027560232,-0.7878793891834922,0.012806550399713809,12.496523364274582,0.7851431204619016,-0.6120173682926755,0.09478935224726391,12.190953605219113,-0.06684474567713279,0.06841643814139792,0.9954149742531522,9.260080368181132,58.07546417948194,60.15838665683104,44.94622364231729,18.97678388631471,5.514817109906909,60998.0,157029.80045093287, 0.0, 0.0,0.0,NaN, 128.57708204089926,128.57708204089926,0.0, 151.19813056787783, 3.946953197740545, 4.123795807492904, 3.946953197740545, 153.00787635119542, -4.3577540353540964, 4.123795807492904, -4.3577540353540964, 86.32552750456561, 6.6244628239727055, 4.4174995089631635, 14.0, 0.0
49, 0 ,1.0,1.0,1.0,113.16434042222309,28.641596360950196,65.51178025737724,9.50562977993206,13.941836774451508,9.66091584662645,44.0,57.0,52.0,0.2947109955243339,-0.9504329699892914,0.0991090241824177,14.36659984875421,-0.14136980711186978,-0.14593866058822189,-0.9791406870224871,9.625202590001352,-0.9450714294455252,-0.27455250299906325,0.17737225358759037,8.889397563467638,61.68483655053818,54.18509670264775,42.85422150445031,18.561048962232384,5.792457731895282,51442.0,143235.89997036502, 0.0, -3.552713678800501E-15,0.0,18.11525690842361, 112.48362622578469,112.48362622578469,0.0, 90.3569975131312, -35.39784719947665, 5.606244113839513, -35.39784719947665, 194.37481264544843, -10.051870211009344, 5.606244113839513, -10.051870211009344, 93.33329499559807, 6.4505526086945615, 4.144359949305368, 6.0, 0.0
