// Sample: .//bubblelabels.tif, Map: .//bubblelabels.tif, Thickness:(8.191250068658265):/gpfs/home/mader/Foam/NewValid/InSilicoTest/LatticeData_OldFoam/out_Step_03500.vtk/distmap.tif, Neighbors:(1.0):
//LACUNA_NUMBER, TRIANGLES, SCALE_X, SCALE_Y, SCALE_Z, POS_X, POS_Y, POS_Z , STD_X, STD_Y, STD_Z,PROJ_X, PROJ_Y, PROJ_Z, PCA1_X, PCA1_Y, PCA1_Z, PCA1_S, PCA2_X, PCA2_Y, PCA2_Z, PCA2_S, PCA3_X, PCA3_Y, PCA3_Z, PCA3_S,PROJ_PCA1, PROJ_PCA2, PROJ_PCA3,OBJ_RADIUS, OBJ_RADIUS_STD, VOLUME, VOLUME_BOX, Mask_Grad_X,Mask_Grad_Y,Mask_Grad_Z,Mask_Angle, Mask_Distance_Mean,Mask_Distance_COV, Mask_Distance_STD, SHAPET_XX, SHAPET_XY, SHAPET_XZ, SHAPET_YX, SHAPET_YY, SHAPET_YZ, SHAPET_ZX, SHAPET_ZY, SHAPET_ZZ, Thickness, Thickness_STD, Neighbors, Neighbors_STD
1, 0 ,1.0,1.0,1.0,79.94238842340495,138.20779895713633,39.86491277710088,15.726728619346614,15.637328068774998,16.457835684372117,85.0,83.0,80.0,0.10277494985141233,-0.42749460333394357,0.8981568202732717,16.702718477237333,0.9932992399508863,0.09208848123482681,-0.06983073490129257,15.716908423021668,-0.05285763517252113,0.8993153372117134,0.4340944536155138,15.385524453309081,90.86799282439513,84.15416995212087,92.5590968375563,26.572244065478216,7.525438388269129,173177.0,707792.0561193482, 1.4210854715202004E-14, 0.0,0.0,84.10101302244254, 164.56425015823038,164.56425015823038,0.0, 247.32999306657587, -0.9142252712811155, 3.186619671071509, -0.9142252712811155, 244.52602913049844, -16.294783667558452, 3.186619671071509, -16.294783667558452, 270.86035541379226, 6.823482257757996, 5.501528950987275, 54.0, 0.0
2, 0 ,1.0,1.0,1.0,59.30110760898517,262.8756880937583,12.845789310130517,15.343781498223468,17.883781075873205,8.076931219631057,89.0,77.0,33.0,-0.4292912803332722,-0.9031645072008508,-0.0016939782950545438,18.56037275426027,-0.9004821720315427,0.42787032105937384,0.07783859074972624,14.548788121466036,-0.0695762494187126,0.03494082553679257,-0.9969645350902069,8.0214338856116,88.36534121389653,74.62860077090315,36.65816873320679,23.57876369327837,8.033677667059253,90104.0,241745.29130224965, -7.105427357601002E-15, 0.0,0.0,64.57740858009156, 71.13262402839236,71.13262402839236,0.0, 235.43163066522482, 51.85528618405673, -10.122537398707577, 51.85528618405673, 319.82962556976054, 5.335198060716325, -10.122537398707577, 5.335198060716325, 65.23681792665083, 7.669578737639731, 5.534038199796867, 23.0, 0.0
3, 0 ,1.0,1.0,1.0,78.304314951619,14.564775362985214,258.7995688113703,15.885310417592864,9.165033553515025,17.07975690824048,76.0,39.0,83.0,-0.5823039353213899,0.10671292799237742,0.8059370185743527,18.263372454730362,0.8011587907101425,-0.09305504272424103,0.5911728605843236,14.648006672487094,-0.13808229059906654,-0.9899258103630206,0.031307682763685944,8.941149268829975,99.67438986658104,92.0591476602132,41.24187925289015,23.718413623749957,8.092952385736359,97869.0,378432.9837219492, 0.0, 0.0,0.0,NaN, 89.67259309033933,89.67259309033933,0.0, 252.34308706328434, -25.79512107649792, -55.25851452358832, -25.79512107649792, 83.99784003705624, 14.405497486643641, -55.25851452358832, 14.405497486643641, 291.7180960445884, 6.85772418998364, 5.24968812652228, 35.0, 0.0
4, 0 ,1.0,1.0,1.0,155.1668816005019,177.55063724977634,13.860060646195672,15.971552947579593,14.797937507085134,8.660105414794542,76.0,65.0,38.0,-0.8254329040867677,-0.5626917740496996,0.04514962090302324,16.961735514571448,-0.5597527703257791,0.8262199737879615,0.06354046762839824,13.684343363644794,0.07305721705280321,-0.02717576734191407,0.9969574317421371,8.608435331457478,79.73051507182416,64.0234211301985,39.919748886283664,22.322147317616643,7.126613708271478,86073.0,203775.16226718688, 0.0, 0.0,0.0,NaN, 190.164612650133,190.164612650133,0.0, 255.09050355733837, 46.87509029015155, -11.98488389067402, 46.87509029015155, 218.97895446359698, 0.5140569711008388, -11.98488389067402, 0.5140569711008388, 74.99742579535375, 8.35483848117043, 5.537936505684422, 23.0, 0.0
5, 0 ,1.0,1.0,1.0,16.910901722391085,163.93248226950354,12.79483282674772,10.346731747248095,14.682176356100012,8.065976276949204,41.0,79.0,36.0,-0.11293970366732597,0.9904877114854964,0.07860481366787175,14.764697310275743,0.9920036150427088,0.10791934602052129,0.0654388454719355,10.28377001497663,0.05633339220864877,0.08536690313421985,-0.9947557694085216,7.995556348150213,79.11318215770082,47.56977277433353,37.62774528652349,18.641357384335787,6.338842841632225,49350.0,141608.10981404007, 0.0, 0.0,0.0,NaN, 137.71004220995565,137.71004220995565,0.0, 107.05485784951159, -12.756957962735452, 1.3474747708046746, -12.756957962735452, 215.56630255162224, 12.290625794908177, 1.3474747708046746, 12.290625794908177, 65.05997330030735, 7.459062671377545, 5.24409477172809, 16.0, 0.0
6, 0 ,1.0,1.0,1.0,281.54077695638085,207.02129414190205,208.90908019909875,12.19276744286062,14.848654408842616,15.357473790132792,50.0,84.0,76.0,-0.35019679291588296,-0.10231011633762012,0.9310718803220365,15.802246355990443,0.0627922600303099,0.9892165488198238,0.1323168606840527,14.87073988425848,0.9345690655653631,-0.10480104787634374,0.33999617946721705,11.58223736084051,84.19109362183923,80.24601142584629,58.45916232582613,23.414273225329627,7.534582019804713,101859.0,394950.06914816116, 0.0, 0.0,0.0,NaN, 131.46611095105462,131.46611095105462,0.0, 148.66357791568188, 9.543899456912143, -36.957449656946984, 9.543899456912143, 220.48253775324127, 0.3779263987291696, -36.957449656946984, 0.3779263987291696, 235.85200121461565, 6.981202448079968, 5.060067891682686, 33.0, 0.0
7, 0 ,1.0,1.0,1.0,189.89754358687512,114.09154428843657,234.65486020914116,13.193169641604104,13.411507150606338,13.824776096341523,64.0,71.0,73.0,0.5621852538911231,-0.16243050436053436,0.8109032442656499,14.319354747338517,0.14247262270945496,-0.9468408211838331,-0.2884337204943518,13.450443072533787,0.8146467283956051,0.2776846963610111,-0.5091580474874481,12.613260646212261,70.01320158929303,68.99281426449886,69.57844900661108,22.482594331582497,6.291711649340327,105479.0,336092.28371973505, 0.0, 0.0,0.0,NaN, 171.49174522585986,171.49174522585986,1.9073486328125E-6, 174.05972519214419, -7.139437052634845, 20.050721700814247, -7.139437052634845, 179.86852405076496, -0.09318755562220185, 20.050721700814247, -0.09318755562220185, 191.12443411397595, 6.316054706167009, 4.8079610392112615, 37.0, 0.0
8, 0 ,1.0,1.0,1.0,122.13318745582525,186.87416128501303,115.34723042514257,12.894835852516389,13.327469481333818,14.366138402008167,66.0,72.0,77.0,0.001668377432234329,-0.4309309958350379,0.9023833405739307,14.658785480836405,0.4393978701768961,-0.8102891850542056,-0.3877640368422528,13.03933181247452,-0.8982910041855878,-0.3971522546993974,-0.18799829357319633,12.860015596253753,73.98515492672144,70.51132472259246,68.27361846146391,22.529799112878976,6.533935946908878,103283.0,356169.2176956984, 0.0, 0.0,-1.4210854715202004E-14,25.526863053403304, 202.53136653328522,202.53136653328522,0.0, 166.27679166334207, -1.689096585465616, -0.7167636661236061, -1.689096585465616, 177.6214427758843, -17.78960764273332, -0.7167636661236061, -17.78960764273332, 206.38593258565373, 6.120728932561073, 4.65681717755177, 38.0, 0.0
9, 0 ,1.0,1.0,1.0,260.9137858868743,141.28107341945548,127.04253153478815,13.762335285306811,13.431507615009028,13.367010653703918,69.0,69.0,64.0,-0.7882418540808741,-0.39050414408446477,0.47558521100640383,14.075952086417788,0.4251944338484399,-0.9043119777546663,-0.037809262274582534,13.318018912381921,0.4448420763590725,0.17241334154381166,0.8788567384723442,13.152269319162704,74.24075125833315,67.24451757121598,65.8322283368176,22.52349809045054,6.416874387342644,105122.0,328653.147458132, 0.0, 0.0,0.0,NaN, 193.9790675795157,193.9790675795157,0.0, 189.4018725052009, 6.054530625373232, -9.498758934383087, 6.054530625373232, 180.40539681204552, -4.520839398588125, -9.498758934383087, -4.520839398588125, 178.67697381623404, 6.168136947254304, 4.636856238018744, 37.0, 0.0
10, 0 ,1.0,1.0,1.0,22.596129784043477,132.4334508152096,191.27208993571926,13.520369560631357,13.874068642137198,13.618821037287457,59.0,66.0,66.0,-0.6866995534251248,-0.0748946214008054,-0.723072969354383,14.288203647988595,0.05121418801005849,0.9872226210142757,-0.15089268870350878,13.892769285732328,-0.7251350427832082,0.14064953694532262,0.6740896657603214,12.7906472969691,75.08597344569111,65.02911206079226,65.69165966896045,22.7141581423453,6.695482064267189,104697.0,320757.53976449004, 0.0, 0.0,0.0,NaN, 172.83217988264857,172.83217988264857,0.0, 182.80039305604694, 3.5724809141647773, 19.90823090290972, 3.5724809141647773, 192.48978068673472, -2.1847399005975783, 19.90823090290972, -2.1847399005975783, 185.47228644566343, 6.169775264435846, 4.633731021104072, 38.0, 0.0
11, 0 ,1.0,1.0,1.0,47.0001171002378,248.44529617352453,213.86193881962961,13.42992731437934,14.763870019861615,13.13573839538699,64.0,72.0,65.0,0.0436457332700449,-0.8867091248267829,-0.4602629443223088,15.272029602603066,-0.838067380490139,-0.28327304088539124,0.46626113934783464,14.032119542268886,-0.543818090656901,0.36538105076271277,-0.7554856530853636,11.863690900963999,72.71899012946238,66.70904003980806,64.2235806839768,22.979375533309536,6.544518998678315,111016.0,311549.4905823575, 0.0, -2.8421709430404007E-14,0.0,27.53741382350841, 110.84522577894323,110.84522577894323,0.0, 180.36294766951227, 9.751506189646015, -23.8002738812816, 9.751506189646015, 217.97185796336862, 30.32935842087277, -23.8002738812816, 30.32935842087277, 172.54762319204397, 6.911710720223928, 4.920398213029235, 42.0, 0.0
12, 0 ,1.0,1.0,1.0,264.28865217476994,281.59559330718747,25.6595849510258,15.881331920575882,11.141063868685311,14.23499104187889,74.0,50.0,66.0,-0.9355067408251518,-0.14786012380886202,0.32088085274433314,16.145355863841242,-0.34027693231376027,0.13267648419243505,-0.930918127376125,14.09443128635237,-0.0950723261829588,0.9800685355267578,0.17443313465221696,10.938439943804553,84.94755709858273,72.41062039406097,54.7573105601588,22.9769743853311,7.143782314419487,101482.0,336817.9837735543, 0.0, 0.0,0.0,NaN, 47.67008337592789,47.67008337592789,0.0, 252.21670357150242, 15.940139978050844, -17.307229084669267, 15.940139978050844, 124.12330412612532, -16.448706505684843, -17.307229084669267, -16.448706505684843, 202.63496996237228, 6.258635342722269, 4.720487673744252, 25.0, 0.0
13, 0 ,1.0,1.0,1.0,135.9787215868647,21.53362122146823,249.87555639918378,14.89252924976165,12.817843108286926,13.807821413709549,71.0,56.0,68.0,0.8634054732990114,0.11085349031464786,0.49218136125047424,15.473027884362523,0.38124482537560156,0.49558410636885225,-0.7804157716492623,13.386828707265792,0.3304290722706414,-0.8614568458139075,-0.38562771036158305,12.574525313053567,80.85138107616143,72.8490487348198,62.62173143768929,22.978256107242657,6.981418757428545,105365.0,368838.62913729774, 0.0, 0.0,0.0,NaN, 146.51405875751016,146.51405875751016,0.0, 221.78742745500625, 11.76539058300705, 28.272414914316876, 11.76539058300705, 164.29710194865865, -3.7207152141992887, 28.272414914316876, -3.7207152141992887, 190.65593219289596, 6.796887589207815, 4.695843463669169, 30.0, 0.0
14, 0 ,1.0,1.0,1.0,144.4848957752759,152.15796455244677,58.929483892542635,12.444562625262211,12.05682976392827,14.147655164032251,63.0,67.0,69.0,0.29000404999035767,0.1458893074441297,0.9458403464447172,14.309327727426703,-0.7318289818113289,-0.6030598229630832,0.317403830015847,12.74299928759824,-0.6167041368194184,0.7842417738817586,0.06812376772176483,11.543376398444096,72.8030892044348,67.57336508298184,62.5125516949429,21.494157233433587,6.196098317104275,89710.0,307533.6065611773, 0.0, 0.0,0.0,NaN, 214.955429390163,214.955429390163,2.6973983046972182E-6, 154.8671389340731, 15.88348614389223, 12.846766811664272, 15.88348614389223, 145.36714395634664, 4.29041671785504, 12.846766811664272, 4.29041671785504, 200.15614664036843, 5.483440219527131, 4.4259656130862375, 35.0, 0.0
15, 0 ,1.0,1.0,1.0,34.23987012774052,10.829690241542725,72.13879277831526,15.316048083340092,7.481383092333093,14.005788038649516,76.0,31.0,67.0,0.987619020937428,0.0011884592752805703,0.15686700432897638,15.348450151749448,0.15686225953462007,-0.018338983231100413,-0.9874502079739224,13.971957825535373,0.0017032370033580036,0.9998311203691356,-0.018298353070972682,7.478234611840848,78.98072069946895,69.80367387001127,31.533541680412736,20.81609872441895,7.307841975870423,60983.0,173848.97092618435, 0.0, 0.0,0.0,NaN, 80.58322604987352,80.58322604987352,NaN, 234.58132889118573, -0.18983501718982337, 6.257001774901372, -0.18983501718982337, 55.97109297424748, 2.555900854264072, 6.257001774901372, 2.555900854264072, 196.1620985835779, 6.129896846409849, 4.514600455062181, 27.0, 0.0
16, 0 ,1.0,1.0,1.0,218.4650014956626,29.549029688902184,269.8853013760096,12.823115569278938,14.128137677096916,14.208992854453516,69.0,65.0,64.0,-0.3308898517256835,-0.6695928109074797,0.6649491511431348,15.114429488159722,-0.1448943041632541,-0.660236304017476,-0.7369488879687581,13.473196035307666,-0.9324792473004436,0.3401962528282207,-0.12144530833109923,12.488356773635912,77.29972611929377,74.28368890641406,62.04665382175807,22.82778609877309,6.6950897598649775,106976.0,356278.63739181595, 0.0, 0.0,0.0,NaN, 91.80411869775614,91.80411869775614,0.0, 164.43229290308392, 18.506254366916497, -13.218791426565081, 18.506254366916497, 199.60427422300546, -19.834097421077146, -13.218791426565081, -19.834097421077146, 201.89547793791107, 6.213365287321914, 4.614936811220421, 36.0, 0.0
17, 0 ,1.0,1.0,1.0,162.43200197543058,256.0259151799494,282.2181492684734,15.146229328337352,13.476943614418037,9.971331534248327,75.0,70.0,43.0,-0.8999729648250361,0.43200401977666336,-0.05849093503132908,15.602294577712643,-0.43577414226872646,-0.8877208558047274,0.14850110807424388,13.026911702300055,0.012229452726531921,0.15913581955715358,0.9871809517104156,9.865682947948475,77.98305070658027,64.93211776193553,46.537394421127715,21.556457039270317,6.766305087180369,80995.0,235646.96594806176, 0.0, 0.0,0.0,NaN, 145.51587003377753,145.51587003377753,0.0, 229.40826286658654, -28.806923540297856, 3.00754314582521, -28.806923540297856, 181.62800918620312, -13.23188956496735, 3.00754314582521, -13.23188956496735, 99.4274525658951, 6.545546824698154, 4.8543683872173045, 29.0, 0.0
18, 0 ,1.0,1.0,1.0,40.943747121706494,85.90208412945707,38.42171531595089,12.501213303150292,12.546110423022984,15.453640455462354,59.0,60.0,78.0,0.0542800585657297,-0.024767023311707166,0.9982185481137779,15.463162979000161,-0.13723328432823553,0.9900208906635591,0.032025953884601326,12.545164354637212,-0.9890504036269266,-0.13872718048749622,0.05033953197441431,12.490382945461253,78.92662691281987,59.83121223037791,60.23992617970741,22.54905541188769,6.636288432238793,102057.0,284469.54351085593, 0.0, 0.0,0.0,NaN, 102.62449363563526,102.62449363563526,0.0, 156.28033405086182, -0.2980504523235446, 4.496595702684593, -0.2980504523235446, 157.40488674668597, -2.010982086948627, 4.496595702684593, -2.010982086948627, 238.81500332670274, 5.904538406015654, 4.408200437293454, 35.0, 0.0
19, 0 ,1.0,1.0,1.0,191.19183395884235,282.4715750232992,60.40351628422458,14.299806685292312,9.8085540273704,13.664039258042171,67.0,42.0,72.0,0.9860495746859339,0.1346894507143831,-0.0978007572974099,14.377693232310525,-0.09788508830622897,-0.006012091456960009,-0.9951795638193116,13.657145165522456,-0.13462817591043416,0.9908696214046383,0.007255868552986511,9.703736158578879,68.65789521006073,70.88788416291149,45.38611302448703,21.11281579859493,6.453462732864322,79402.0,220894.79859313625, 0.0, 0.0,0.0,NaN, 125.6783492050343,125.6783492050343,0.0, 204.4844712367307, 15.002908859287142, -1.85784186848336, 15.002908859287142, 96.20773210784411, -0.9300932438289027, -1.85784186848336, -0.9300932438289027, 186.70596884531764, 6.055833457622812, 4.646102596482562, 33.0, 0.0
20, 0 ,1.0,1.0,1.0,281.81341166070183,105.59573952347682,169.18939728800993,10.317575946847255,12.027145286044414,13.417767742006692,43.0,62.0,72.0,0.06757958605387819,-0.341372093586748,0.9374956497333666,13.606364706042376,0.3004296414837793,-0.8890693335377864,-0.34539506464424846,11.9859467088675,-0.9514068688351556,-0.3049931374357087,-0.04247535815515291,10.116571025172979,71.64285254881031,60.540143087238384,49.632017477488716,19.921506442342604,5.854457224782087,70133.0,215267.3882043372, 0.0, 1.4210854715202004E-14,0.0,70.0395085139623, 169.09354210852396,169.09354210852396,0.0, 106.45237341896103, -12.946033288120983, 0.9576583478661412, -12.946033288120983, 144.65222373162035, -13.807183609575308, 0.9576583478661412, -13.807183609575308, 180.03649117843534, 6.255265865566036, 4.616530658171479, 24.0, 0.0
21, 0 ,1.0,1.0,1.0,278.7752430330525,206.7857636638583,11.470706416072586,12.377730045985489,12.87854796108577,7.308932643700923,48.0,68.0,29.0,-0.464115173519412,0.885673990555613,-0.013367429159806436,13.063772800394812,-0.8857373301340423,-0.4641815797849662,-0.002200680656409252,12.182957466400744,0.008154000003963106,-0.010818661730052708,-0.999908230210306,7.3074675954786485,74.61340173688345,59.29357493231339,29.631430498499665,18.294535932816668,6.147816691337891,46290.0,131092.2731960174, 0.0, 0.0,0.0,NaN, 96.28583109533716,96.28583109533716,0.0, 153.20820109129193, -9.132532184947499, 0.9127290894970601, -9.132532184947499, 165.85699758598645, -1.2912293037763407, 0.9127290894970601, -1.2912293037763407, 53.42049639015696, 6.427644427763537, 4.672208288449926, 14.0, 0.0
22, 0 ,1.0,1.0,1.0,52.41989276677331,189.0361382662104,49.98839607183066,14.077257051464228,11.257059672422017,13.543425039007026,71.0,59.0,75.0,-0.7772689155599951,0.07170089652299133,0.6250696075974164,14.92325037632332,0.6210478293282734,0.24654025198481186,0.7439875656473738,12.715900961071034,0.10076024310623992,-0.9664765313183064,0.23615776044861764,11.131818418500657,76.6218810684425,67.21320702452786,60.04275859565871,21.619136484630964,6.39748841404194,89711.0,309220.3481600516, 7.105427357601002E-15, 0.0,0.0,38.988804428764325, 132.51288054521268,132.51288054521268,0.0, 198.16916609299932, 0.27869166155891756, -30.540088636063867, 0.27869166155891756, 126.72139246847007, 11.356518374953824, -30.540088636063867, 11.356518374953824, 183.42436178720246, 5.95988079114367, 4.298111451686602, 33.0, 0.0
23, 0 ,1.0,1.0,1.0,91.6675710365122,268.32159739541487,39.96446870010748,11.7017592062366,14.839881239903331,13.3563617533152,63.0,62.0,66.0,-0.03493427806535313,-0.890363325503594,0.45390830000588595,15.313514742417645,0.3302862785749997,-0.4389507752105706,-0.8356034891784004,12.963858643197005,-0.9432341015893831,-0.12072847857991122,-0.30940921779845165,11.531707520292159,74.77312476174617,70.82101368042893,58.81251724339009,22.19590328369599,6.548856422413625,95831.0,311442.18447945133, 0.0, 0.0,0.0,NaN, 104.89815789514164,104.89815789514164,0.0, 136.93116852074303, -1.9282682198272245, -11.2918984527004, -1.9282682198272245, 220.22207521443482, -28.162577463123224, -11.2918984527004, -28.162577463123224, 178.39239928542108, 5.748418816444458, 4.260537954110406, 33.0, 0.0
24, 0 ,1.0,1.0,1.0,69.1447665957685,62.50198141721706,161.73897906638308,13.434662583004078,12.893549365433788,11.978882111655215,64.0,62.0,59.0,-0.9055086314159474,0.4040867439196168,-0.12949139670132756,13.642906921202544,-0.32979630175483315,-0.8622290048053132,-0.38444185857067525,12.85777051445628,-0.2669990969648655,-0.3054096374721693,0.9140221198412347,11.780331860349419,70.46003385892068,63.232393511786185,64.9300008213128,21.313175448426964,5.997994907262201,89330.0,289286.30690646224, 0.0, 0.0,-2.8421709430404007E-14,82.55979692473467, 166.74413434441257,166.74413434441257,1.9073486328125E-6, 180.4901587191698, -9.777909142364864, 8.918073689841426, -9.777909142364864, 166.24361523887805, 6.3216355166826155, 8.918073689841426, 6.3216355166826155, 143.4936166449333, 6.240565704445976, 4.389967717140761, 39.0, 0.0
25, 0 ,1.0,1.0,1.0,124.22451509744398,169.17649989571987,274.5600074154752,13.352148564297527,11.822216152912278,13.136324323280002,68.0,58.0,61.0,-0.9223330092878383,0.30848959642832113,0.23267141825658746,13.51993383075406,-0.26347340168286215,-0.0616510069016948,-0.9626946140670304,13.142963118029954,-0.2826368457644926,-0.9492277504600772,0.13814156207600858,11.622460688932726,69.52628328796162,65.09834122070578,63.88520236972255,21.256051039666986,6.227999435997404,86306.0,289147.34632796666, 0.0, 0.0,0.0,NaN, 182.19141459857636,182.19141459857636,0.0, 178.2798712830725, -12.962424842761312, -0.6867455760862141, -12.962424842761312, 139.76479476618, 5.659170938753641, -0.6867455760862141, 5.659170938753641, 172.5630167263978, 5.549066618569722, 4.2038440828294155, 29.0, 0.0
26, 0 ,1.0,1.0,1.0,277.0510218530231,206.97347430027847,288.8485627979421,13.534195184664195,13.229186644244752,6.315711766660494,57.0,62.0,27.0,0.9430419414585959,0.2946100251923423,-0.1545212920803165,13.680227966766916,0.30309486313522505,-0.9523525474748552,0.034031298229624064,13.22134037358402,0.13713278452303795,0.07892755142738292,0.9874031805876645,6.010121062633486,69.23187012179295,65.68683495289731,31.604589562495335,18.801615189383373,6.676323835369565,42374.0,143725.7402643222, 0.0, 0.0,0.0,NaN, 96.46214093323253,96.46214093323253,0.0, 183.17443929658748, 1.9287145080186663, -20.5772075510727, 1.9287145080186663, 175.0113792682637, -11.36994891714515, -20.5772075510727, -11.36994891714515, 39.88821511953381, 6.142939743463903, 4.390192397145226, 17.0, 0.0
27, 0 ,1.0,1.0,1.0,12.67606519768367,250.70315072801614,82.44034337940094,8.248094775638469,11.971853150874693,13.269682849902097,33.0,65.0,57.0,-0.0945350066486293,0.18462798653497886,0.9782513169456932,13.338661754091213,-0.12713471660129444,0.9723671219744064,-0.195803329741651,11.989687910008561,-0.9873701921532023,-0.14287997302368494,-0.06845010559596687,8.109766005351055,55.00376367626552,67.79366419027804,37.02795784924919,18.775586783225865,5.9091589229398975,54051.0,138073.79951412778, 0.0, 0.0,0.0,NaN, 96.88793626429535,96.88793626429535,1.9073486328125E-6, 68.03106742791459, -11.598019165291031, -8.43037182975459, -11.598019165291031, 143.32526786610833, 5.408342297505883, -8.43037182975459, 5.408342297505883, 176.0844829369858, 8.081398817275389, 4.927824603007732, 24.0, 0.0
28, 0 ,1.0,1.0,1.0,60.23761103902585,44.13909821339455,35.07984828825232,11.913650556811335,12.234351704856824,14.0927051659052,58.0,60.0,68.0,-0.38926956323633044,-0.47116755989829623,0.7914987919367164,15.231672235526998,-0.5685219343499592,-0.5531841375193557,-0.608908958843559,11.949480393698238,-0.7247427249036567,0.687014148687239,0.0525313449549038,10.743595736585235,79.79882753905945,61.208007036015786,55.3818291785138,21.180819054786127,6.449160743025192,80152.0,270502.9745026159, 0.0, 0.0,0.0,NaN, 82.50712412093552,82.50712412093552,0.0, 141.93506958981104, 29.988183383146005, -26.44548745695409, 29.988183383146005, 149.67936163813306, -34.257962727888994, -26.44548745695409, -34.257962727888994, 198.60433889313111, 6.326510021900858, 4.357431131762348, 28.0, 0.0
29, 0 ,1.0,1.0,1.0,135.4421769610707,143.19739497583515,175.19783312974667,12.5665360630633,11.74506942545555,11.844277169693065,60.0,55.0,54.0,-0.841537739060649,0.5082509722599056,0.18301689248140907,12.994876381660678,0.3144783300140237,0.18546348288211498,0.9309708247140865,11.864568698626117,-0.43922387650067707,-0.8410019296732294,0.3159084370472275,11.247959082717731,67.17288146489446,55.85172681310701,61.04074179234348,20.105564145686063,5.649573124517053,75316.0,229007.85876963765, 0.0, 0.0,0.0,NaN, 233.29307337194965,233.29307337194965,0.0, 157.91782862427047, -17.282514271605503, -2.350210270327015, -17.282514271605503, 137.94665580877077, 6.400018785650517, -2.350210270327015, 6.400018785650517, 140.28690167251236, 5.469179682558646, 4.097183570488231, 31.0, 0.0
30, 0 ,1.0,1.0,1.0,239.16325115950798,95.54127596289574,185.36276214962695,13.44587092549932,11.385036739955922,12.073384214272577,67.0,54.0,58.0,0.9459888649979882,-0.3040619727118731,0.11247837147817391,13.674733724582522,0.144083359719672,0.08351464464102601,-0.9860351360790217,12.065400768895186,-0.29042219741560676,-0.9489845208859035,-0.12281419448599237,11.117772922149884,73.31104612684132,60.01940544550655,56.74126124665872,20.534921251929266,5.873169678959286,79344.0,249666.3952526227, -2.8421709430404007E-14, 0.0,0.0,18.917060787200214, 161.1550238871327,161.1550238871327,0.0, 180.79144494518792, -17.970094116094575, 3.624106950440907, -17.970094116094575, 129.61906157014616, -3.977194823051939, 3.624106950440907, -3.977194823051939, 145.76660638544627, 5.711391581095459, 4.270797120333962, 32.0, 0.0
31, 0 ,1.0,1.0,1.0,275.5952514546966,65.50924771404821,240.6405548628429,13.976290943603903,13.797620541279457,12.517746635181672,57.0,73.0,61.0,0.8168494460429288,-0.42430236801650656,0.39079979912347146,14.720972021735275,0.3029146313198255,0.8920560499098777,0.3353784876099828,13.636601308411013,0.49091721158636814,0.15557475474758156,-0.8572028855839762,11.821214381557157,71.25978928877987,68.91921016432784,66.66949137262398,22.306723499574904,6.694408762359297,96240.0,327425.0988905631, 0.0, 0.0,0.0,NaN, 91.7093071318892,91.7093071318892,0.0, 195.33670854026448, -14.187419719395947, 29.264521338033727, -14.187419719395947, 190.3743326011368, 1.0643953259773957, 29.264521338033727, 1.0643953259773957, 156.69398082260207, 5.429348400356566, 4.136376414157474, 30.0, 0.0
32, 0 ,1.0,1.0,1.0,132.17508540751587,275.90306246949734,59.467911176183506,12.625425169769883,12.351523672574338,12.692421163153375,62.0,54.0,68.0,0.5270960236771786,0.32931100458634716,-0.7834054148919565,13.41448413360268,0.679882054963664,-0.7164786458113073,0.15626497187399752,12.813812869156381,0.5098334759135505,0.6149899286612148,0.6015456877770639,11.35415641595847,72.26526864097004,69.44080431904946,63.33278971404337,20.881032007054877,6.086177376219101,81960.0,317813.9693538442, 0.0, 0.0,0.0,NaN, 146.92633548990295,146.92633548990295,0.0, 159.40136071745889, -8.32615844847829, -17.32455497045205, -8.32615844847829, 152.56013703416426, -17.114939552284294, -17.32455497045205, -17.114939552284294, 161.09755498286367, 6.150985526338242, 4.280180233241367, 26.0, 0.0
33, 0 ,1.0,1.0,1.0,36.212952736629966,176.9556286791078,209.57401482459835,12.557699340792803,13.15176262719226,12.805078196937588,67.0,62.0,67.0,0.3210876922921133,0.8016411589561764,0.5042560323148594,13.594061579445624,-0.6424166940758785,-0.2068552216718374,0.7379103661283772,12.615618262597783,-0.6958473144527795,0.5608764298261202,-0.4485689974065984,12.27527458723817,59.870884568899726,65.54174595705378,78.51942272183005,21.366822109405163,6.172002390674055,87827.0,308113.5366533262, 0.0, 0.0,2.8421709430404007E-14,59.718021423715314, 156.93359759656616,156.93359759656616,0.0, 157.695812733748, 9.9071456023164, 1.5078984906183222, 9.9071456023164, 172.9688602020111, 12.497761915714367, 1.5078984906183222, 12.497761915714367, 163.97002762968637, 5.480780079965065, 4.200600374790304, 43.0, 0.0
34, 0 ,1.0,1.0,1.0,201.22643147974148,175.6861849036189,193.8508442242533,12.770385151915214,10.737728716921305,11.933069264238604,66.0,55.0,59.0,0.9800411624579057,0.18783596838081162,0.06509200312326235,12.844017232970835,0.071981090362005,-0.0300837790170713,-0.9969521998924263,11.931294089955133,-0.18530526845843567,0.9817395862562003,-0.04300397957227126,10.65153226769365,64.19934090577652,58.65259054827342,53.35375347957114,19.72533205393664,5.629473541417655,70242.0,200901.29949547496, 0.0, 0.0,2.8421709430404007E-14,86.26786427975883, 190.99158550561114,190.99158550561114,0.0, 163.08273692825654, 9.420407008740412, 1.2122422854311499, 9.420407008740412, 115.29881799819644, 1.4966282172378262, 1.2122422854311499, 1.4966282172378262, 142.39814206511605, 5.772461594576676, 4.206207163171092, 34.0, 0.0
35, 0 ,1.0,1.0,1.0,33.047725405086496,289.13434754208896,207.15063528519354,13.511836729685909,6.659201063795705,13.662266951767817,78.0,27.0,88.0,0.6473892724708666,-0.03943848316031627,0.761138447285154,14.145582731724058,0.7612766485094906,0.08151509674492596,-0.6432831052008304,13.046735967079789,0.03667416425495328,-0.9958915076697256,-0.0827955954596735,6.577035704963967,72.01887443520107,81.33819343341364,31.516176785874507,19.15318114191,6.835779474524141,47459.0,184618.1436530959, 0.0, 0.0,0.0,NaN, 99.1525041828458,99.1525041828458,0.0, 182.56973180968922, 3.874116665272553, 15.109058578542124, 3.874116665272553, 44.344958808057854, -11.365482850005556, 15.109058578542124, -11.365482850005556, 186.6575382613671, 5.741500706796151, 4.442901789632161, 23.0, 0.0
36, 0 ,1.0,1.0,1.0,163.7986559259424,9.5036939783702,224.7811429080066,13.83066001680528,6.5514324224050675,13.191318032478236,71.0,27.0,70.0,0.7994502069625786,-0.03961200809795528,0.5994249372539797,14.582240446333133,0.6006119650813535,0.07268077717239149,-0.7962303511112421,12.390022917885657,0.012026387180074634,-0.9965683084686486,-0.08189610837720085,6.485745167625402,74.65926920718863,57.39585711647128,29.135142845784653,18.993043818245155,6.890833130907029,44938.0,124847.95472135048, 0.0, 0.0,0.0,NaN, 155.8813740927378,155.8813740927378,0.0, 191.28715650045626, -0.5367745979729078, 28.44503050940497, -0.5367745979729078, 42.921266785340336, -10.499803500884058, 28.44503050940497, -10.499803500884058, 174.01087143398547, 6.344852430790807, 4.28188761535462, 17.0, 0.0
37, 0 ,1.0,1.0,1.0,104.0975261516944,229.57252542323494,157.07038375244034,12.173692903761896,11.029069813978976,11.948605775952066,60.0,53.0,58.0,-0.8349025928332797,0.54425634541795,0.08199201761491053,12.899945019544708,-0.1784089214950974,-0.1266847262865222,-0.9757669992660469,12.015489450639267,-0.5206802446907534,-0.829298505122255,0.2028695940518712,10.090975751637721,60.24277406982995,57.900324126574816,53.7681385763463,19.54324992183514,5.538026937329771,68638.0,187547.3615252919, 1.4210854715202004E-14, 0.0,0.0,33.39430314343906, 190.32918674454075,190.32918674454075,0.0, 148.19879891510277, -28.384007185278758, 2.9854286424599614, -28.384007185278758, 121.64038096162226, 8.14098793205443, 2.9854286424599614, 8.14098793205443, 142.7691799891151, 5.905634639179805, 4.141754019625343, 23.0, 0.0
38, 0 ,1.0,1.0,1.0,51.97185755836805,20.366664046327596,166.36581243612923,12.688452367977176,11.697315748201724,12.427010468974037,64.0,51.0,59.0,0.5312616500783847,0.35654929156266063,-0.7685269428212372,13.013734352175586,-0.8108420873739963,0.47690580970382,-0.33925795202725084,12.688301348952159,-0.245552781493048,-0.8033887299165383,-0.5424669392176069,11.041029639156292,73.65616665698002,62.94879396922262,61.9854604237633,20.407714721692265,5.981620870761219,76326.0,287399.73156875395, 7.105427357601002E-15, 0.0,0.0,57.909260864473, 144.82393126931427,144.82393126931427,0.0, 160.9968234944256, -6.1268166238043005, -8.621822640871873, -6.1268166238043005, 136.82719571312805, -19.32726235932069, -8.621822640871873, -19.32726235932069, 154.4305891959903, 5.4515016307212445, 4.044420179878155, 26.0, 0.0
39, 0 ,1.0,1.0,1.0,187.48790618818876,65.79183385137044,63.06541395874541,11.988495620178938,10.981237614302158,12.70008395364628,59.0,58.0,62.0,-0.5555090513027499,-0.13340429076017293,0.8207392942509172,13.136388824826223,0.6664682753494028,0.51879441398854,0.535417961939156,11.904977616255845,0.4972220146710232,-0.8444262260381674,0.19928526514879732,10.550380837008008,65.69133940485784,57.423027581439555,54.4176512592382,19.82978905989914,5.6906243107745675,70780.0,205274.02434350897, 0.0, 0.0,7.105427357601002E-15,34.841131441213676, 144.79220660391934,144.79220660391934,0.0, 143.7240272350496, 15.056694119479756, -17.073184595243298, 15.056694119479756, 120.58757954176453, 1.7425234426129386, -17.073184595243298, 1.7425234426129386, 161.29213242966372, 5.258983511958765, 3.9235996241521964, 33.0, 0.0
40, 0 ,1.0,1.0,1.0,92.30478261453173,159.15467321709016,106.48164404891341,11.42426248906993,11.652885975038782,13.214995694260356,57.0,56.0,62.0,-0.19383507182697507,0.30600097437874607,0.9320897857015111,13.314472202575631,0.6526457903337927,-0.6691382013689735,0.35539772062897945,12.617716979629419,-0.7324489315231544,-0.6772130175564799,0.0700077964417995,10.220454214689186,64.51550395331196,58.253122888783444,52.611324108000105,20.18877263373824,5.775213910233295,74499.0,197725.43450691976, 0.0, 0.0,0.0,NaN, 199.2383484409066,199.2383484409066,0.0, 130.51377341917026, -28.22856696153283, -0.4570693536104514, -28.22856696153283, 135.78975154725552, 7.749137782042246, -0.4570693536104514, 7.749137782042246, 174.63611119931974, 6.159673860402192, 4.281493015602517, 28.0, 0.0
41, 0 ,1.0,1.0,1.0,85.25466688633455,208.13249775051642,191.1512159884421,13.7541030824535,12.27539758148368,10.789374682548189,64.0,61.0,57.0,-0.9561485401505402,0.2913020092013758,-0.030382702368817186,13.889937249083545,-0.28438945895193246,-0.8986138720049004,0.33408942616818643,12.304962519276163,0.07001860327811214,0.3280796373986089,0.9420515626649,10.579644797553204,63.7398885704784,58.615356646984395,59.8928245876682,20.545784615234698,5.843122279312058,78907.0,223767.7561232495, 0.0, 0.0,0.0,NaN, 166.00016257899728,166.00016257899728,0.0, 189.17535160275688, -12.47099170284799, -1.398236978819908, -12.47099170284799, 150.6853857834954, -12.570455893129273, -1.398236978819908, -12.570455893129273, 116.41060604041184, 5.6095273482434225, 4.074236088706857, 20.0, 0.0
42, 0 ,1.0,1.0,1.0,24.490863308094497,11.647052651826463,264.68433385209926,13.03995105173023,7.6032423516459255,15.631501760394281,50.0,34.0,83.0,-0.08988317945086058,0.1184071178801065,0.9888886532300443,15.7471745271159,0.9898556155538999,0.12031551844742026,0.07556478265129832,13.070547479656584,-0.11003124287316708,0.9856489894765045,-0.12802029189050868,7.306212970423683,85.40609161122606,54.178339211982845,36.642713692163625,20.367520219687655,7.573479060193546,57187.0,169551.7064926899, 0.0, 0.0,0.0,NaN, 44.52698616030698,44.52698616030698,0.0, 170.04032343152033, 11.917701313420386, -8.510586943925718, 11.917701313420386, 57.80929425786227, 23.85303643259456, -8.510586943925718, 23.85303643259456, 244.3438472852095, 5.628721504472766, 4.170150927094664, 22.0, 0.0
43, 0 ,1.0,1.0,1.0,288.6018933187693,77.18882213726562,284.93755689058804,7.604388773594391,12.087692763480522,8.152157391026268,34.0,63.0,34.0,0.14927657146380321,-0.9803067552144079,-0.1292871644557632,12.212160037661805,0.5474883420133311,0.1908238410095192,-0.8147654736559893,8.558955513507723,0.8233911710551107,0.05084218114295712,0.5651920488162592,6.92850220644143,63.37073977300098,46.72326059579112,35.73347249644786,15.52237812444311,5.427015059325243,27465.0,105802.79521095369, 0.0, 0.0,0.0,NaN, 79.46639724612798,79.46639724612798,NaN, 57.82672861996841, -12.16131144187648, -13.215902164875775, -12.16131144187648, 146.1123163442994, 8.891637719476062, -13.215902164875775, 8.891637719476062, 66.45767012806422, 6.916670852262596, 4.380007680833597, 9.0, 0.0
44, 0 ,1.0,1.0,1.0,120.95955840937253,236.35841688258046,77.22496338853216,11.980206355204082,12.071268208434972,12.823815690759803,63.0,60.0,66.0,-0.07315433683334022,-0.08480970233160613,0.9937080845967287,12.836703213278945,-0.6446993749081172,0.7642297957793811,0.017763311518074865,12.280542782445169,-0.7609278277179496,-0.6393435177065847,-0.11058348597784955,11.751528791036097,66.55905069321403,59.346415620053236,60.36841038546038,20.507682403587754,5.755525325927879,79893.0,238457.7013019132, 0.0, 0.0,0.0,NaN, 156.98777290808977,156.98777290808977,0.0, 143.52534431327229, -6.098280888843619, -2.0852533174577683, -6.098280888843619, 145.71551615997285, -2.076112132860472, -2.0852533174577683, -2.076112132860472, 164.4502488705773, 6.297245953396322, 4.3194784494971366, 36.0, 0.0
45, 0 ,1.0,1.0,1.0,24.088187435003366,189.1417752492812,121.50538936807978,12.591311242208487,12.19765197694514,12.57504706157163,53.0,59.0,63.0,-0.6233687876475168,-0.40491789401280504,0.6689191682820126,13.774263639785516,0.5949993135767973,-0.800689575577045,0.06979985963733733,11.969857258410107,0.5073333927803346,0.4415174998462533,0.7400507590020486,11.508597635878592,69.2629071460149,63.01923278229292,58.48636972908122,20.749823330353948,5.907662220261676,81735.0,255286.87850882026, 0.0, 0.0,1.4210854715202004E-14,48.01629959305722, 166.23280787580234,166.23280787580234,NaN, 158.54111879816583, 9.299505523988296, -23.436090372118713, 9.299505523988296, 148.78271375067368, -16.120639285462964, -23.436090372118713, -16.120639285462964, 158.13180860074127, 6.045693074739139, 4.296427986311861, 22.0, 0.0
46, 0 ,1.0,1.0,1.0,216.96414239145963,135.70838582319251,206.06646839569345,12.725977087291698,12.757050934309511,11.476264335968212,69.0,61.0,61.0,0.598632393454787,0.6904702217505638,0.40606665756045357,14.363321550919128,-0.7977730018177858,0.4682926388155506,0.3798160633804314,11.720832655063363,0.07209365490271749,-0.5513192154341207,0.8311736446831511,10.616711372772581,66.01581578831019,59.1785361044723,55.30325808466152,20.50942993598458,5.9800307839460025,76999.0,216054.30781898965, 0.0, 0.0,0.0,NaN, 184.75721363773468,184.75721363773468,0.0, 161.95049282627326, 29.470458749566824, 15.2772311230082, 29.470458749566824, 162.74234854056715, 30.62735206115531, 15.2772311230082, 30.62735206115531, 131.7046431090159, 5.6035528416303775, 3.8775535021961987, 30.0, 0.0
47, 0 ,1.0,1.0,1.0,125.48005569899335,91.98749673638711,212.96846624699023,12.671035254127789,10.579932776206501,12.297636684683255,61.0,53.0,65.0,0.72389060125187,0.15223634135607556,0.6729089788297687,13.58594689068361,-0.6405683467190495,0.5105497506492435,0.5735949313702289,11.817178455621121,0.25623151757898294,0.8462641718060095,-0.4670999474594916,9.974884481556344,64.22894227951929,58.6046954387836,53.34494543081837,19.77472006387563,5.716854588341478,68942.0,200796.6480016673, -1.4210854715202004E-14, -1.4210854715202004E-14,0.0,55.9537911343416, 178.27347475564216,178.27347475564216,NaN, 160.5551344113493, -3.753897362819002, 26.692127311212626, -3.753897362819002, 111.93497754904861, 20.472771574728164, 26.692127311212626, 20.472771574728164, 151.23186802846737, 6.077808358421688, 4.210772774493529, 37.0, 0.0
48, 0 ,1.0,1.0,1.0,107.76171505545842,211.22606116190423,279.3124874609498,12.226665772299821,12.283358615346833,11.520251752036682,62.0,60.0,47.0,-0.7348579968759862,-0.620635833097795,-0.273486539161289,12.663193747092617,-0.4887870925483698,0.7641879412036305,-0.420837223492728,12.078926227074552,0.47018177610954365,-0.17557890873895543,-0.8649284041008902,11.261950121339222,64.28625687308329,66.68069081356657,58.7719182312068,19.936899360315465,5.967285740412797,69782.0,251934.7618943268, 0.0, 0.0,0.0,NaN, 141.14309272358017,141.14309272358017,0.0, 149.49135590752797, 8.167305967156917, 10.660113517822019, 8.167305967156917, 150.88089887321524, -0.44216975289447863, 10.660113517822019, -0.44216975289447863, 132.71620043030424, 5.150233845830968, 3.9636806667531466, 27.0, 0.0
49, 0 ,1.0,1.0,1.0,279.2832929189017,233.55506160139123,46.3618928650158,11.293233844907759,12.425256460219893,14.222669315440044,49.0,63.0,69.0,0.2758861290091651,0.08296741545529802,0.9576028674732582,14.481524672879065,0.17161493995937077,-0.9845113669530496,0.035856390267006676,12.443837080698504,0.9457458200822675,0.1544466778953385,-0.2858514780161436,10.938227145757846,70.40379273682066,59.59093891310826,57.23489547654765,21.07573713951764,6.326274990875401,81654.0,240124.88948291176, 0.0, 0.0,0.0,NaN, 83.62736933029848,83.62736933029848,9.5367431640625E-7, 127.53713067577007, -3.8863458613586723, 24.012096091391097, -3.8863458613586723, 154.3869981022362, 5.913279565959812, 24.012096091391097, 5.913279565959812, 202.28432245635977, 5.717172056393106, 4.067108168851575, 20.0, 0.0
