// Sample: .//bubblelabels.tif, Map: .//bubblelabels.tif, Thickness:(8.191250068658265):/gpfs/home/mader/Foam/NewValid/InSilicoTest/LatticeDataPhi_16.0/out_Step_05000.vtk/distmap.tif, Neighbors:(1.0):
//LACUNA_NUMBER, TRIANGLES, SCALE_X, SCALE_Y, SCALE_Z, POS_X, POS_Y, POS_Z , STD_X, STD_Y, STD_Z,PROJ_X, PROJ_Y, PROJ_Z, PCA1_X, PCA1_Y, PCA1_Z, PCA1_S, PCA2_X, PCA2_Y, PCA2_Z, PCA2_S, PCA3_X, PCA3_Y, PCA3_Z, PCA3_S,PROJ_PCA1, PROJ_PCA2, PROJ_PCA3,OBJ_RADIUS, OBJ_RADIUS_STD, VOLUME, VOLUME_BOX, Mask_Grad_X,Mask_Grad_Y,Mask_Grad_Z,Mask_Angle, Mask_Distance_Mean,Mask_Distance_COV, Mask_Distance_STD, SHAPET_XX, SHAPET_XY, SHAPET_XZ, SHAPET_YX, SHAPET_YY, SHAPET_YZ, SHAPET_ZX, SHAPET_ZY, SHAPET_ZZ, Thickness, Thickness_STD, Neighbors, Neighbors_STD
1, 0 ,1.0,1.0,1.0,129.7930662107134,15.118506603073184,180.4229341492497,21.466592895009303,9.457481323817495,11.409738152258207,86.0,38.0,46.0,-0.984347667980446,-0.04519993638132095,0.17034269662237375,21.726173296567012,0.1436871211691033,0.3538364726883011,0.92420439395495,11.178583639995589,0.1020474387311753,-0.9342144916166875,0.34180345800149736,9.135280504980603,87.38078804047494,55.86380242653425,45.841493900132,24.3723915225775,9.296624101452828,88898.0,223771.72629847325, 0.0, 0.0,0.0,NaN, 74.4368477390402,74.4368477390402,0.0, 460.81461052006387, 19.398884648362493, -59.642553301428656, 19.398884648362493, 89.44395299035672, 10.581817237031471, -59.642553301428656, 10.581817237031471, 130.18212470309652, 11.07936678995905, 6.460841485527836, 10.0, 0.0
2, 0 ,1.0,1.0,1.0,180.7842900830057,165.6884228920926,92.15263433813892,11.321540862132816,16.203598444072554,15.41732404036871,49.0,67.0,80.0,0.15534961922466137,0.904810789422956,0.39646428735834394,16.534930637901905,0.07403342829513793,0.3895444161959397,-0.9180273412624665,15.199977895869942,-0.9850814927210954,0.1719668082926793,-0.006470667972279313,11.134833243486968,81.23846583397187,84.72783372988462,54.912416668254394,23.942277367258914,7.429342169040542,114450.0,377970.9073929244, 0.0, 0.0,0.0,NaN, 100.19299300202928,100.19299300202928,0.0, 128.17728749294304, 24.090081121537782, 1.9268784319784265, 24.090081121537782, 262.5566025367505, 15.31637344253383, 1.9268784319784265, 15.31637344253383, 237.69388056573095, 7.8599944927185685, 5.533134984337853, 16.0, 0.0
3, 0 ,1.0,1.0,1.0,169.60339588537107,62.672103499071326,169.61118108779345,15.39717998328638,14.89500804954232,14.49848758121276,65.0,72.0,63.0,-0.8068884729240366,-0.5692442908858268,-0.15777176412846786,16.052470356425136,0.23216353924755673,-0.5512066895997123,0.8014182905228553,14.697541394487,-0.5431676383091737,0.6100263294599824,0.5769200933051443,13.980022560413099,78.1795370744166,74.79703702563069,74.6979277664855,24.87353990976293,7.102645333503386,140523.0,436803.43278338114, 0.0, -7.105427357601002E-15,0.0,55.30245534368776, 75.99491044523091,75.99491044523091,0.0, 237.07315143771478, 25.955022823382095, 11.752014576866161, 25.955022823382095, 221.86126479593048, -3.499808636435124, 11.752014576866161, -3.499808636435124, 210.20614214258063, 8.023336537949907, 5.5261999503084285, 15.0, 0.0
4, 0 ,1.0,1.0,1.0,16.02273722773066,44.42599450483813,15.879962569187274,10.044804690186067,11.951723512966575,10.449326019134986,44.0,57.0,41.0,0.16702762703694674,0.9226269472597276,-0.3476511009569828,12.152687716257615,0.6186652742671328,-0.3726243545398943,-0.6916678168164968,10.818799842952988,-0.7676946334463847,-0.09955202958213764,-0.6330358150876596,9.391270503919865,56.043897516358946,61.28330560975328,47.745489999747996,17.992305975290762,5.404362695090923,50226.0,163984.525684694, 0.0, 0.0,0.0,NaN, 49.82539821428026,49.82539821428026,0.0, 100.898101263984, 2.5170532050227905, -15.799962514514585, 2.5170532050227905, 142.8436949303981, -11.646451621278292, -15.799962514514585, -11.646451621278292, 109.18841425417142, 9.555745839390855, 5.887415551705104, 7.0, 0.0
5, 0 ,1.0,1.0,1.0,30.641997069695144,108.60266107380055,173.95643216790498,16.11649552162351,14.566328953328927,13.63949336731684,75.0,71.0,64.0,-0.9869491884037785,0.02335442056574415,0.1593294403089429,16.182382910207362,0.04601847172132111,-0.9072612064774672,0.41804234651705335,14.827111015511203,0.15431655701692087,0.41991865195664807,0.8943459766607965,13.2756321383697,79.07717388268935,76.83490194782674,71.79878628711626,24.613918427366777,7.218737150161392,134457.0,436241.30515178293, 0.0, 0.0,0.0,NaN, 99.85325719592082,99.85325719592082,0.0, 259.74142789851066, -3.7940405226320655, -12.62608998538857, -3.7940405226320655, 212.17793917658858, -16.218014766278625, -12.62608998538857, -16.218014766278625, 186.03577931708006, 7.603394932900783, 5.180058417304692, 18.0, 0.0
6, 0 ,1.0,1.0,1.0,48.69649988524214,12.874649988524213,24.216479228827176,19.854093769050372,8.30267577857057,13.970767020580267,85.0,35.0,61.0,-0.982820268485187,-0.024871245992619806,0.18288176775578166,20.036925124621447,-0.1838321548068927,0.04368811403111717,-0.9819862970283542,13.723107436785547,-0.016433463230847385,0.9987355855356201,0.04750969870522964,8.276457542112786,87.07404277959328,68.06440905703583,35.649849575761955,24.100819080072885,8.800699704409253,87140.0,211283.94092210522, 0.0, 0.0,0.0,NaN, 55.88867129965261,55.88867129965261,0.0, 394.1850393902448, 7.176978061125782, -38.21885212112965, 7.176978061125782, 68.93442508406243, -6.655134236671157, -38.21885212112965, -6.655134236671157, 195.18233114333324, 7.6475422421121015, 5.0831727340288, 10.0, 0.0
7, 0 ,1.0,1.0,1.0,161.53901724313155,175.96110132457062,138.52464514380569,15.373410700291846,14.139571185456608,14.733253077765703,73.0,59.0,79.0,0.8054048392708578,-0.434628583310551,0.40301493700425894,16.662420905269578,-0.10202255875248156,0.5681343137676769,0.8165872880625354,14.74291667145644,0.583878790833063,0.6987999685812768,-0.41323620548800694,12.583644691267391,89.8834545268148,83.17965237572275,74.24999239316557,24.351492074885517,7.768063455504458,118076.0,555128.1748915096, 0.0, 0.0,0.0,NaN, 76.39591022330126,76.39591022330126,0.0, 236.3417565598478, -45.17715957351466, 33.803998778943864, -45.17715957351466, 199.9274733085948, 6.479756217568631, 33.803998778943864, 6.479756217568631, 217.06874625349255, 7.661648352164665, 5.037650084121473, 20.0, 0.0
8, 0 ,1.0,1.0,1.0,88.772095986409,123.66925037162879,79.44189849224888,13.722527244028104,12.419721038920041,12.739785513851304,74.0,60.0,63.0,-0.8927122050997693,-0.3587644002018099,-0.2726775091820794,13.834200528774996,0.4353349158973698,-0.5303089041944944,-0.727499812462288,13.387768169938617,0.11639772277212931,-0.7681540023197625,0.6295959012363346,11.58628148908191,70.88819941979345,71.66705897684248,57.90860850721882,21.63286708451341,6.072760598813631,94180.0,294195.9279198599, 0.0, -1.4210854715202004E-14,0.0,68.97566701151003, 141.4845701859467,141.4845701859467,0.0, 188.30775396309355, 7.914862921815404, -0.33879901000598056, 7.914862921815404, 154.2494706845931, 22.94743191796127, -0.33879901000598056, 22.94743191796127, 162.30213493893552, 7.338951098663231, 4.966989679535016, 22.0, 0.0
9, 0 ,1.0,1.0,1.0,171.62704191169607,38.53160879305516,16.218239522075983,15.349492232163968,13.922108317927442,10.956364007100092,70.0,69.0,50.0,0.8172700533062793,0.47966979949754973,0.3193533206633851,16.53462070671148,0.5165428518890763,-0.8554615817712663,-0.03699951723607505,13.174317809888327,-0.25544694582447175,-0.19519827243954524,0.9469131387332028,10.125097154432249,88.35511775858055,74.85758074343033,55.560876295651674,22.21041585977792,7.494754925494759,85704.0,367482.43396008166, 0.0, 0.0,0.0,NaN, 50.524656555558344,50.524656555558344,0.0, 235.60691178526199, 35.59323186153766, 43.24049995431638, 35.59323186153766, 193.8251000161045, 28.424201777453085, 43.24049995431638, 28.424201777453085, 120.04191225607838, 7.650947043877194, 5.029660191268801, 11.0, 0.0
10, 0 ,1.0,1.0,1.0,75.97143515122568,54.61083911908702,43.52842837890858,12.79302802822374,14.33876310833509,16.78515479744823,64.0,69.0,81.0,-0.23014703773497946,0.520043041653788,0.8225494367205476,18.436380155300338,0.5620752808296827,-0.6189622598817875,0.5485955700899007,12.68072564831635,-0.7944203671243877,-0.5885923510117224,0.14985100809953347,12.259779728182261,89.13821116806348,64.24710606374032,64.08075612658547,24.31039157512583,7.746481565599229,117242.0,366982.2948726176, 0.0, 0.0,0.0,NaN, 103.19266827331032,103.19266827331032,0.0, 163.66156613091817, -26.344785143465433, -32.65500668155665, -26.344785143465433, 205.6001274769514, 77.5377089542667, -32.65500668155665, 77.5377089542667, 281.7414215742993, 7.495722374562431, 4.790533688640546, 18.0, 0.0
11, 0 ,1.0,1.0,1.0,60.12262891809909,73.84002022244691,139.09116279069767,12.337539104190604,15.365557323774041,12.028487451753298,63.0,70.0,60.0,-0.008456586939099987,0.9741843969201495,0.22559531673921548,15.535277542241921,-0.840847107038287,0.11517479054734296,-0.5288770274910038,12.697837501631975,-0.5412066414251453,-0.19416366400462595,0.8181661462426892,11.420149204903913,69.42981680760863,65.79172140199272,54.320460508643805,22.191643839937882,6.3663707931510185,98900.0,248130.82073080976, 0.0, 0.0,0.0,NaN, 113.03524027781826,113.03524027781826,0.0, 152.2148711474323, -3.898116938906109, 13.492076619559455, -3.898116938906109, 236.1003518701861, 22.501095830883923, 13.492076619559455, 22.501095830883923, 144.68451037698657, 8.02229183990625, 5.1560090326597505, 21.0, 0.0
12, 0 ,1.0,1.0,1.0,41.16592330355999,55.02000675431752,176.83166610380687,13.388465751642837,12.225211000477406,12.441720170660666,70.0,60.0,50.0,0.8124689927158167,0.265436195834827,0.5190739463853694,13.968559919367932,-0.5100797814803565,0.7548103119304409,0.4124075769532158,12.335954539161214,-0.2823344690261855,-0.5998374937799456,0.7486536105940423,11.670765158330758,73.32265815166586,67.25143518082824,62.30775958188032,21.13603702222094,6.063921090305595,85871.0,307242.9266171114, 0.0, 0.0,0.0,NaN, 72.51624700855126,72.51624700855126,0.0, 179.2510151829132, 6.557009278621188, 21.48659525745522, 6.557009278621188, 149.45578400619377, 13.08820437206611, 21.48659525745522, 13.08820437206611, 154.7964008050245, 7.433140641693407, 4.902750992313419, 11.0, 0.0
13, 0 ,1.0,1.0,1.0,78.66142324494727,185.97806084076106,27.550303243667088,12.348812303378365,8.148568967860793,14.989144173961819,59.0,33.0,60.0,-0.2213640123133982,0.01965579573412699,0.974993140358727,15.121649032163115,0.9751909147966648,0.005290724751676585,0.22130225468721895,12.188862009589664,8.085484267769985E-4,-0.9997928074984638,0.020339329482096616,8.144578445513828,63.087899490331225,60.94372586797718,33.03048149389372,20.046448539377433,6.458071349404491,62491.0,126995.98012302977, 0.0, 0.0,0.0,NaN, 84.51777028249232,84.51777028249232,0.0, 152.49316530406887, -0.2820276316778207, -17.28832446225063, -0.2820276316778207, 66.39917622398391, 3.207221291818955, -17.28832446225063, 3.207221291818955, 224.6744430678135, 7.2692844086930375, 4.902120940386702, 10.0, 0.0
14, 0 ,1.0,1.0,1.0,183.66354887543253,19.257623269896193,176.95323313148788,9.517341925387731,11.52118544320298,12.411410150804299,37.0,45.0,53.0,0.1081858931795195,0.5477110858903704,0.8296435252020843,13.037790889199636,-0.19218970217054215,-0.8072750053392846,0.5580055413112466,10.902851225476946,-0.9753763022016418,0.21981726990218564,-0.017928662978642596,9.4076807533803,71.1063812439061,58.08781100403503,42.040127538257195,18.58315947730882,5.659222306451818,55488.0,173643.1328120315, 0.0, 3.552713678800501E-15,0.0,56.789874829593266, 34.18902093424404,34.18902093424404,0.0, 90.57979732474304, 9.539586375895578, 4.056533112235981, 9.539586375895578, 132.73771401667224, 23.345147282031792, 4.056533112235981, 23.345147282031792, 154.04310193148797, 7.956565518403209, 5.1925395490498385, 3.0, 0.0
15, 0 ,1.0,1.0,1.0,184.7841255096248,14.463694070289518,97.19027713268308,8.44213535961638,8.627717774708433,13.577704191152067,35.0,31.0,68.0,-0.2177952538986217,-0.121651186029366,0.9683833003087587,13.87760555795614,0.5287780977743624,-0.848670794369369,0.012312842831426224,8.788199192487644,0.8203407527932292,0.514741558184409,0.2491629538766248,7.761496857145395,71.2642945006906,40.79512159349247,42.68535460947058,17.23380855265617,5.749526702515059,38754.0,124096.38078753765, 0.0, 0.0,0.0,NaN, 99.43174167132706,99.43174167132706,0.0, 71.2696494300852, -4.118587382153016, -27.802604673272327, -4.118587382153016, 74.43751400001983, -15.768702071381364, -27.802604673272327, -15.768702071381364, 184.3540511024284, 7.8933428487135675, 5.357646509570611, 8.0, 0.0
16, 0 ,1.0,1.0,1.0,101.18264493254132,85.02898650826542,13.820612883915826,14.436564710769119,17.21923252185633,9.419348633772897,73.0,83.0,38.0,-0.14155388980812428,0.980325090483367,0.13756893998635047,17.405080850789552,0.9877834509885733,0.13072848010183552,0.08481697025577176,14.38805352385665,-0.06516402560687828,-0.14789449435000174,0.9868540258354646,9.148091295273199,86.43502789445952,71.98133865529195,42.549503287249806,22.981947477586846,8.091389751573402,86868.0,264730.6281669366, -1.4210854715202004E-14, 0.0,0.0,81.86222686370782, 131.09465110994438,131.09465110994438,0.0, 208.41440064822427, -14.499377215317546, 6.063028456782612, -14.499377215317546, 296.5019686417547, 30.935922281603194, 6.063028456782612, 30.935922281603194, 88.72412868455935, 7.671863364357917, 4.863347134158927, 15.0, 0.0
17, 0 ,1.0,1.0,1.0,77.25424853222472,123.61691894342293,126.43051424654202,11.071808756443412,13.768289951755005,14.092591341972415,57.0,62.0,67.0,0.047441694019153824,-0.6623761312201338,0.7476678048829183,14.912583133452987,0.4046686426497208,-0.6715892682754703,-0.6206538039787171,13.291768083237963,-0.9132319395009277,-0.3320025836150492,-0.2361815173723524,10.568616445682986,69.9725540416144,62.43848324053572,56.068846346683785,21.686876070151744,6.358560716434276,90443.0,244963.67631975742, 0.0, 0.0,0.0,NaN, 131.20618591363223,131.20618591363223,0.0, 122.58494913925699, -21.136782847804856, -12.392951086311056, -21.136782847804856, 189.56580819559784, -27.73420798624629, -12.392951086311056, -27.73420798624629, 198.60113073183587, 7.251405271130126, 4.594823925671916, 18.0, 0.0
18, 0 ,1.0,1.0,1.0,182.37352390082356,148.4822868098828,36.271195549551905,10.515656409535017,13.889418497930071,11.328448587931543,44.0,67.0,52.0,0.020872968065853766,-0.9997289242968589,0.010314898369236858,13.890781403219934,-0.4389335856996201,-0.01843303037503793,-0.8983304128972075,11.57200924225257,0.8982770321838339,0.014223266693652046,-0.43919935352361916,10.245170445074379,67.25464554070992,57.91660073135073,49.688493913522095,19.93355661628358,5.872141344420429,68847.0,193544.65646653893, 0.0, 0.0,0.0,NaN, 65.42451420230684,65.42451420230684,0.0, 110.57902972339488, -1.6019069473317333, 11.433307700375199, -1.6019069473317333, 192.91594621064203, -0.42801831637284243, 11.433307700375199, -0.42801831637284243, 128.33374740940818, 7.862901128820409, 5.21792096606861, 14.0, 0.0
19, 0 ,1.0,1.0,1.0,187.1998198586282,56.08809304693466,94.56364668794423,8.148236764892237,13.204180704423436,13.551857924764429,33.0,60.0,70.0,-0.11370384442543723,0.6500924560899901,0.7512996967241242,14.925265099448616,-0.15640782912462134,-0.7584870940713131,0.6326404343035462,11.797876342257087,-0.9811258975031691,0.045575505067315565,-0.18792244833031496,7.902124979320559,85.25215443189882,57.72910899905838,38.345097459107336,19.40520933777159,6.9162745912860775,51071.0,188716.5826068315, 0.0, 0.0,0.0,NaN, 110.68876215865599,110.68876215865599,0.0, 66.3937623767415, -2.7458633969174926, -21.289479635223184, -2.7458633969174926, 174.35038807506817, 41.4758699369691, -21.289479635223184, 41.4758699369691, 183.65285321300047, 8.007545004461864, 5.110237201208718, 11.0, 0.0
20, 0 ,1.0,1.0,1.0,151.78586992650588,186.84178454038482,10.419691989511394,13.226444028938046,7.725696309130196,6.69604683791701,65.0,30.0,25.0,-0.9980623537096311,-0.059084227626821875,-0.019508771189725105,13.24389339589128,0.054237362947338524,-0.979779030399739,0.1925911733425658,7.736590644131657,-0.030493385645248103,0.19115989546630707,0.9810851378943631,6.648812020994355,65.18898290044984,34.95091090865779,29.242147206213858,15.699470253910572,5.743594877224694,27077.0,66625.72733928343, 0.0, 0.0,0.0,NaN, 51.05204162403061,51.05204162403061,0.0, 174.93882165063087, 6.904925463129328, 2.7179293922955634, 6.904925463129328, 59.68638346090794, -2.8015304323570787, 2.7179293922955634, -2.8015304323570787, 44.83704325557839, 7.705791481245117, 5.075605158227383, 5.0, 0.0
21, 0 ,1.0,1.0,1.0,19.14808409815082,84.96770064544242,25.441692311882132,11.401054728906136,11.23466385159523,13.865391393483197,44.0,51.0,58.0,-0.13460031953520166,-0.3476342833094067,0.9279187243767509,14.3145973867472,0.9531842551395069,-0.30132331475664986,0.025377859212480883,11.393013751753534,0.27078133195470694,0.887893386084174,0.3719177398468842,10.665005325456542,67.431506337438,50.30423745748017,51.55179600948124,20.315751555140057,5.976707959584389,73438.0,174868.3578581314, 0.0, 1.4210854715202004E-14,0.0,69.65731459394262, 90.73829944018047,90.73829944018047,0.0, 129.98404893151294, -0.34646565155895265, -10.997935726622835, -0.34646565155895265, 126.21767185834054, -29.53058778610813, -10.997935726622835, -29.53058778610813, 192.2490784944779, 8.030208377010075, 4.925805961678503, 10.0, 0.0
22, 0 ,1.0,1.0,1.0,41.111517918676775,174.3856822880772,187.0397355272226,11.769201212445706,13.301015855079061,7.120507107427687,63.0,60.0,30.0,-0.18716376217107983,-0.9803514882610668,0.06229514904291079,13.384426495414871,0.9760569283214892,-0.17843986782870566,0.12438684112434661,11.754856640158833,-0.11082688665475961,0.08408432097356194,0.9902763392916282,6.986645416877579,63.364915427469924,62.88654385145222,33.319805554853474,18.22673284536158,5.823997871467188,46432.0,132772.77892354585, 0.0, 0.0,0.0,NaN, 50.14198472965884,50.14198472965884,0.0, 138.51409717903348, 8.349498990186413, 9.329928700896906, 8.349498990186413, 176.91702277706457, -9.942853717727138, 9.329928700896906, -9.942853717727138, 50.7016214669282, 7.436401192432617, 4.891367007408242, 9.0, 0.0
23, 0 ,1.0,1.0,1.0,67.72323511210548,188.6466415956586,74.6315513876327,13.354375978784459,6.779841467497224,11.450180828792226,64.0,26.0,51.0,-0.9904814716150591,-0.05715471779779969,-0.1252189786762389,13.396376561376245,0.12882839881540867,-0.06456296169325115,-0.9895629679995377,11.435848325950014,0.04847368405562494,-0.996275545324108,0.07131156808839517,6.7209163966565395,65.3179510406191,50.468008892547516,29.448248058691803,17.915333871502423,5.8696730225609635,42014.0,97075.17598855721, 0.0, 0.0,0.0,NaN, 101.41599372698472,101.41599372698472,0.0, 178.3393577827354, 6.890325807452693, 5.742244954904203, 6.890325807452693, 45.96625032439491, 6.43052344220477, 5.742244954904203, 6.43052344220477, 131.10664101204102, 6.944830979957355, 4.745511903786332, 10.0, 0.0
24, 0 ,1.0,1.0,1.0,113.9060058309038,83.65889212827989,64.74220116618076,11.330911772563436,12.254987724883598,11.185929199868585,54.0,54.0,55.0,0.3978343715307363,-0.903309127824067,0.16050056828082337,12.527298227213333,0.6178818668451175,0.13448025247254866,-0.7746851362449856,11.28122646594846,-0.6781959978153339,-0.4073667650712843,-0.6116391969638807,10.931606759739331,59.50991607906393,52.14595530291332,51.12386552354927,19.37951417579166,5.30412368911811,68600.0,158647.65228994357, 0.0, 0.0,0.0,NaN, 136.39112388994292,136.39112388994292,0.0, 128.38956159761668, -12.806960110158219, -1.327117884554931, -12.806960110158219, 150.18472413704768, -6.236187940398697, -1.327117884554931, -6.236187940398697, 125.12501206447267, 6.961157651449779, 4.508816427336361, 14.0, 0.0
25, 0 ,1.0,1.0,1.0,49.948338434038405,85.05761991170814,77.28051620940877,12.909232893441532,11.885454708498425,11.690730780451512,65.0,65.0,56.0,-0.8474686693747475,-0.08923578668487402,0.5232913421822747,13.604676552208387,0.12567434731489913,-0.991473038514447,0.034455367156710805,11.879351165321191,0.5157546052680179,0.09496414204141093,0.8514569859195293,10.880225434550976,66.41688236629122,66.54577004385652,54.37451920314727,20.24031239719864,5.908914263185418,73846.0,240322.46533269022, 0.0, 0.0,0.0,NaN, 125.30727593782628,125.30727593782628,2.3360154559928683E-6, 166.64829389711284, 2.2113292522704695, -29.484695591651747, 2.2113292522704695, 141.2640336277674, -3.8918370185389706, -29.484695591651747, -3.8918370185389706, 136.67318618099642, 7.001303758760659, 4.451117046710074, 14.0, 0.0
26, 0 ,1.0,1.0,1.0,102.4452124661101,20.882170563444554,103.7138082838966,11.63157072536097,12.616330923331,11.827568288601995,56.0,51.0,61.0,-0.07177362599679143,-0.9351943876322779,0.34678524183183007,12.758864524656017,-0.6701893846224489,-0.21228317829505786,-0.7111835494106507,11.929221223566888,-0.7387115373071246,0.28345600990989245,0.6115210177052849,11.369330330687534,63.90568912184529,60.88995013700604,58.120142890598395,20.04585827582044,5.702646851539352,74506.0,226157.92672263077, 0.0, 0.0,0.0,NaN, 138.6507566997505,138.6507566997505,0.0, 135.29343753907432, 4.106266881056281, 5.382952586568262, 4.106266881056281, 159.17180596699808, -8.903799386300175, 5.382952586568262, -8.903799386300175, 139.89137162154353, 7.313457168675706, 4.789810693023462, 13.0, 0.0
27, 0 ,1.0,1.0,1.0,143.21473995718424,72.80600680015111,113.25358896864375,12.716156812737587,9.978918740337914,11.555600468188157,59.0,47.0,58.0,-0.8545291005793101,0.27362505776436835,0.4414853837065973,13.15008262695834,0.5121735339544484,0.30257772822599127,0.803819002946689,11.511425382701335,0.0863613766664625,0.9130038587788356,-0.39870498676995375,9.453770573451525,60.22802526170304,58.19730605673803,44.682454391845,19.131369788527472,5.366754653175479,63528.0,156616.86495898323, 0.0, 0.0,0.0,NaN, 126.68946369424279,126.68946369424279,0.0, 161.70064408613257, -12.850546920534134, -13.760427854020785, -12.850546920534134, 99.57881922626723, 20.58527311499857, -13.760427854020785, 20.58527311499857, 133.53190218039035, 6.721563309282365, 4.557203514456518, 16.0, 0.0
28, 0 ,1.0,1.0,1.0,137.14435602256046,141.18669551108707,18.31807154446419,10.524100607442454,13.341967709801567,10.91139878433843,47.0,65.0,44.0,-0.15568408352473012,-0.9759108653643106,0.1528412542507667,13.479447716948803,-0.5331996525939049,-0.04722741706365982,-0.8446701732340466,11.082248002187466,-0.8315410973672943,0.21299660546914304,0.5130027772320712,10.16423572433639,66.18819165446796,52.589767132868616,57.632312854654515,19.380169835873037,5.677361757766118,64715.0,200607.79863870738, 0.0, 0.0,0.0,NaN, 88.00788890680384,88.00788890680384,0.0, 110.75669359557065, 12.4003073558745, 6.919270271677592, 12.4003073558745, 178.0081023693877, -10.913620341500888, 6.919270271677592, -10.913620341500888, 119.0586234308622, 7.489515854477339, 4.688864496227944, 8.0, 0.0
29, 0 ,1.0,1.0,1.0,182.41803773975795,94.55986395732265,79.60464754933274,10.16105449945128,9.606370832809404,14.6515786622631,38.0,50.0,76.0,0.10643632926614775,-0.013401146070186902,0.9942292075252838,14.69777895634208,0.8076098800553658,0.5844582543536944,-0.07858009006606244,10.598454519317254,-0.5800324037925005,0.8113131073770707,0.07303048917305585,9.046889076761431,76.85595806326614,55.62010224039116,48.583833403903576,19.283492001532444,6.192340643206646,57923.0,207683.0735854411, 0.0, -1.4210854715202004E-14,0.0,89.2321479051858, 124.85028305935646,124.85028305935646,0.0, 103.2470285408191, 14.196095750175008, 12.264662815124723, 14.196095750175008, 92.28236057745123, -3.1876649237317514, 12.264662815124723, -3.1876649237317514, 214.6687572964834, 7.3287062588243375, 4.609315317471505, 12.0, 0.0
30, 0 ,1.0,1.0,1.0,59.851729029289984,10.782146143229566,109.07721208403619,11.91362916834814,7.066207006201079,15.352812260477622,59.0,29.0,71.0,0.17246249570126615,0.0113910188850708,0.9849502181660001,15.45027184156445,-0.9845857975228104,0.031546169373173796,0.17203385281464678,11.79176874738651,0.029111765540126247,0.999437383674755,-0.016655966513467218,7.058185004007207,72.52979394419008,56.235060522175964,29.815469528204897,19.527204154984602,6.801689761404393,52168.0,121608.87292607022, 0.0, 0.0,0.0,NaN, 109.38664226339908,109.38664226339908,0.0, 141.93455996091558, -2.4003239453711007, 16.973072294701954, -2.4003239453711007, 49.93128145448522, 2.60354077854375, 16.973072294701954, 2.60354077854375, 235.70884430547198, 6.755914400492919, 4.484612677042933, 13.0, 0.0
31, 0 ,1.0,1.0,1.0,56.58244704754486,147.9576080769346,20.946807873213697,11.434865969170481,12.138175361246287,12.27305388095048,55.0,62.0,49.0,-0.5098135656296697,0.4055837075385033,0.7586777869947722,13.993000065337233,-0.5102578908866571,-0.8525785703618912,0.11290113439454272,12.053556033676903,-0.6926232836743674,0.32956279756519224,-0.6416084081222295,9.360932032252792,65.04421226147413,61.857237417028514,52.3081698142057,19.80698632276789,6.033457152220986,66758.0,210459.5820502481, 0.0, 0.0,0.0,NaN, 79.67906017919317,79.67906017919317,0.0, 130.75615973289317, 2.7166380829945775, -45.16294272647964, 2.7166380829945775, 147.33530110036642, 27.736562903040923, -45.16294272647964, 27.736562903040923, 150.6278515647136, 7.246795772199038, 4.539724495572256, 11.0, 0.0
32, 0 ,1.0,1.0,1.0,90.67620077827571,74.80745402694464,100.46599609457314,11.726957814258489,12.747303834079162,10.571344860784246,55.0,56.0,53.0,0.14919564507650815,0.9786508580106286,0.14136179683798958,12.79898766300946,-0.9499191522729311,0.18155454829255113,-0.25434533638217843,11.801843521552117,-0.27458015885216547,-0.09633506168238083,0.9567263413617141,10.42453984961864,58.87530010701495,55.06164957510087,50.92021551719267,19.578957276433595,5.332265817545463,71183.0,165071.6852651555, 0.0, 0.0,0.0,NaN, 154.03034278680659,154.03034278680659,0.0, 137.52153957739822, 2.771968136592252, 8.559202955534685, 2.771968136592252, 162.49375503832928, 6.2150926832562865, 8.559202955534685, 6.2150926832562865, 111.75333216562949, 6.822674978052028, 4.4472700453723535, 8.0, 0.0
33, 0 ,1.0,1.0,1.0,12.523449672795262,101.43429417263945,107.34241196634466,8.638965142443801,16.227382763827304,12.372436137785698,35.0,77.0,61.0,0.024394394897572363,0.9359980627342703,0.3511588530213575,16.779634210942817,-0.034731480029829565,-0.35025783444680847,0.9360091739419919,11.62090229988801,-0.9990989129172941,0.03502964410790057,-0.023964270094350464,8.627592454625974,75.93587484974181,55.50231432486169,36.684850271782366,20.880227336311492,7.419767682593895,64180.0,154612.58605710758, 0.0, 0.0,0.0,NaN, 135.8582488374092,135.8582488374092,0.0, 74.63171873235906, 5.466529873327747, -0.196109847450268, 5.466529873327747, 263.32795136375944, 48.20662124122881, -0.196109847450268, 48.20662124122881, 153.07717598358548, 7.256749646965125, 4.487734141461891, 20.0, 0.0
34, 0 ,1.0,1.0,1.0,27.568143238218415,42.09574812060464,102.34334330288578,13.118251072030297,12.153145824886177,11.62092968463322,54.0,57.0,54.0,0.755099053996357,-0.49543653006824767,0.4293810234835039,14.470852625039615,0.4575682332660602,0.8672926993848212,0.1960476612958355,11.298501794623208,-0.4695281999620292,0.04843571273063597,0.8815879146022209,10.852269479986303,72.28520124314758,57.290598852471206,58.41392876023781,20.43645104814898,6.097945549244223,74226.0,241907.4107476433, 0.0, 0.0,0.0,NaN, 109.85844131742603,109.85844131742603,0.0, 172.08851118882404, -30.3579715193332, 30.59667595686178, -30.3579715193332, 147.69895344094834, -17.812709035292514, 30.59667595686178, -17.812709035292514, 135.04600673518954, 7.046136077055484, 4.463066097932825, 11.0, 0.0
35, 0 ,1.0,1.0,1.0,22.203596302721177,177.33656111643322,100.81149833001062,12.958378339163417,12.845592406959943,11.26075376456247,52.0,58.0,57.0,0.6966172831649005,0.6964155722983464,0.17242305952603973,14.175277646012823,-0.6735084197332449,0.551982012891132,0.4916322466977538,11.793711421068984,0.24720592497830712,-0.4586079023577996,0.8535619617523957,10.940898655400781,76.961048036931,61.18972394003217,64.59125357978444,20.546239226510544,6.130696735257168,77246.0,304174.764451873, 3.552713678800501E-15, 0.0,0.0,45.84376571571272, 104.13928180250173,104.13928180250173,0.0, 167.91956918089966, 32.20215808354932, 3.3375523103323137, 32.20215808354932, 165.00924428574695, 15.016035347026355, 3.3375523103323137, 15.016035347026355, 126.80457534610782, 7.185540093328489, 4.612326833115065, 10.0, 0.0
36, 0 ,1.0,1.0,1.0,132.69679703715764,42.25391721948639,32.40397216230516,11.727981663033779,11.034674287011772,15.56414632352229,63.0,51.0,65.0,0.471654918863904,0.051894383045138694,0.8802548554366791,16.901213790823398,0.30701676422976587,-0.9454685332961801,-0.10876561510263479,11.17225189991036,0.8266089426042815,0.32155283478012553,-0.4618673299244024,9.543689075548203,77.92404277813912,51.52460159464942,51.084906052307375,21.211752082856844,7.184275528151395,73713.0,205106.1664447069, 0.0, 0.0,0.0,NaN, 85.82034759510246,85.82034759510246,0.0, 137.54555388845657, -5.0307401699087135, 79.65391149223913, -5.0307401699087135, 121.76403662043876, 12.357316254095371, 79.65391149223913, 12.357316254095371, 242.24265078001244, 6.524296877620315, 4.2530303338569535, 11.0, 0.0
37, 0 ,1.0,1.0,1.0,18.589509119228257,130.70503609171146,16.91115242258286,11.039654428281487,13.334282755839844,9.738531555705215,51.0,57.0,42.0,-0.24514442700223615,0.9510916070628037,0.18796000873706395,13.580089925594585,0.9358325851456337,0.2827836571175948,-0.21035868379232373,10.949956069997135,-0.25322239729017937,0.12433084187718824,-0.9593853549375891,9.497140782779116,66.58786579753667,54.53828093329044,48.09847208801627,19.00225203417931,5.781909805554103,59709.0,174673.82114423256, 0.0, 0.0,0.0,NaN, 73.71125388029098,73.71125388029098,0.0, 121.87396989587504, -14.107279729892525, -10.18946313156301, -14.107279729892525, 177.80309661268782, 15.076926702281476, -10.18946313156301, 15.076926702281476, 94.83899686146623, 7.009571928741001, 4.461613432815483, 8.0, 0.0
38, 0 ,1.0,1.0,1.0,98.31751850797266,134.5439742312073,16.508239607061505,10.510171775743446,12.85706929457775,10.820445621204765,49.0,59.0,44.0,-0.06270843167065986,-0.9370245526781273,0.3435878930867055,13.199522150083842,-0.7198644958418438,-0.19598604948971832,-0.6658712908902007,11.469504909427565,0.6912761823061568,-0.2890924697804649,-0.6622407294122407,9.331294507447545,66.43734074706266,62.28260364739518,46.747776280958206,18.90170066698355,5.964536607182249,56192.0,193437.18222708564, -1.4210854715202004E-14, 0.0,0.0,86.40471257487637, 119.26167754117229,119.26167754117229,0.0, 110.46371075563412, 11.396024554506017, 19.44141495107504, 11.396024554506017, 165.30423084557398, -22.255113896445323, 19.44141495107504, -22.255113896445323, 117.08204344144937, 7.107066658032731, 4.526000959473012, 7.0, 0.0
39, 0 ,1.0,1.0,1.0,145.81719912327313,103.35392866631243,82.92233993092455,9.511183697202469,12.830211353184238,11.10407618107079,44.0,63.0,50.0,-0.11532500783666849,0.9578778279863309,0.2630022988866488,13.005215211313338,0.04388445725258062,-0.25959723171563726,0.964719353852313,10.949853554220281,-0.9923579480102526,-0.12279798018602532,0.012097895813477567,9.45211780358693,65.37277364311883,49.48497550881383,45.320612933936815,18.727546451978817,5.258940046561529,60224.0,146610.82787609933, 0.0, 0.0,0.0,NaN, 138.3920282194862,138.3920282194862,NaN, 90.46261532193002, -9.162636146927571, -1.1265269610197326, -9.162636146927571, 164.6143233673777, 12.449211682590663, -1.1265269610197326, 12.449211682590663, 123.30050783502365, 7.550001371920101, 4.495722752304951, 12.0, 0.0
40, 0 ,1.0,1.0,1.0,29.57568524985554,146.46769087757204,126.95284275054644,15.488552315332136,11.308533434281058,10.871502692000949,66.0,65.0,56.0,-0.9722309110778662,-0.2330281435240804,0.021562464386597622,15.708870718776108,-0.22613814396181162,0.9117587244795216,-0.3428666915595371,11.023676521362258,0.06023782358460291,-0.3382216915888104,-0.9391365672513208,10.847934768164945,71.09755600843027,60.256322409679335,57.386450823855824,21.09022250161849,6.416406071425967,79606.0,245847.988856478, 0.0, 0.0,0.0,NaN, 95.2697037898413,95.2697037898413,0.0, 239.89525282478047, 28.453956516627173, -2.4081963366083112, 28.453956516627173, 127.88292843425252, -1.85024104270528, -2.4081963366083112, -1.85024104270528, 118.18957078218386, 7.22618864411802, 4.479083402856286, 12.0, 0.0
41, 0 ,1.0,1.0,1.0,124.63085548313013,73.85452058495727,166.19055017055624,10.287697191976976,9.869210987881312,13.51889077723754,48.0,44.0,64.0,-0.08639283472540787,0.008858674291728805,0.9962217634632864,13.54133878532195,0.8105648649001495,0.582017491450703,0.06511712090405562,10.65242394580369,-0.5792416403345931,0.813128011776266,-0.05746267107666665,9.442269582256692,64.56230439705416,51.67702741581486,47.292895592365895,18.853017901994985,5.528305605793286,59218.0,157787.44812678444, -1.4210854715202004E-14, 0.0,0.0,85.04387691476035, 110.80648471009432,110.80648471009432,0.0, 105.83671351381098, 11.400078016602484, -6.8249108931683296, 11.400078016602484, 97.40132552331723, 1.7530580181590047, -6.8249108931683296, 1.7530580181590047, 182.76040784687822, 7.268854026908231, 4.5600555612666644, 14.0, 0.0
42, 0 ,1.0,1.0,1.0,179.37050669850112,83.14249237299377,20.572025467568643,11.48759593422851,10.891463583240121,11.201767337365949,50.0,53.0,45.0,0.8754755653936125,0.4802699330576754,-0.05369660882691796,11.735166228463093,-0.06039129733273141,-0.0015146353402488155,-0.998173630730774,11.200618644238078,-0.47947411359238606,0.8771194315944454,0.027678098096387608,10.625462173021624,64.58647521764141,47.271559343521105,55.86688602153181,18.658918057292333,5.283295159733537,60312.0,170567.37943849553, 0.0, 0.0,0.0,NaN, 88.09913883635984,88.09913883635984,0.0, 131.9648603481034, 10.434422095654067, -0.40976059653626457, 10.434422095654067, 118.62397898504575, -0.6209375724279036, -0.40976059653626457, -0.6209375724279036, 125.47959148047862, 6.962462413859891, 4.407647728670865, 8.0, 0.0
43, 0 ,1.0,1.0,1.0,149.17707565502914,113.96031293975742,129.87195939154324,11.92452947113907,10.690636253307408,10.638519035802785,57.0,55.0,52.0,-0.992123903087645,-0.09576734184337216,0.08073894449639629,11.945064376844401,-0.02527098372983045,0.7843455430528679,0.6198092016696977,10.757052217915668,-0.12268471096051065,0.6128871717774453,-0.7805880964805829,10.548149529553111,57.544389646884994,50.03115502551992,54.037543388317104,18.536601261696326,5.104567322374355,59692.0,155574.75095667067, 0.0, 0.0,0.0,NaN, 122.08087265407497,122.08087265407497,0.0, 142.19440310806425, 2.8971971491449917, -2.5866382558569523, 2.8971971491449917, 114.28970350053068, 1.9207376499122857, -2.5866382558569523, 1.9207376499122857, 113.17808727513822, 6.541464912203296, 4.377501715032127, 15.0, 0.0
44, 0 ,1.0,1.0,1.0,10.06609065038974,167.60995174660783,161.72046026312535,6.663508245243177,15.82359816421886,11.570914367172428,27.0,69.0,66.0,0.04412139383475781,0.9822292122954037,0.18242553856198296,15.967518084787296,-0.001739517335405033,-0.1825275520170901,0.9831991999763265,11.389540772510848,-0.9990246627013362,0.04369745150692346,0.00634476526611118,6.632600356785811,74.15870949805227,65.63865257985998,28.14858412906861,19.487735131851924,6.993056536329434,48494.0,137018.23718019683, 0.0, 0.0,0.0,NaN, 51.144545841232194,51.144545841232194,9.5367431640625E-7, 44.402342134423805, 9.170105676003429, 1.5514481143376722, 9.170105676003429, 250.38625886267047, 22.417196062956503, 1.5514481143376722, 22.417196062956503, 133.8860592924373, 7.74257797107943, 4.7795693272197575, 6.0, 0.0
45, 0 ,1.0,1.0,1.0,118.05915526578842,178.3924388679189,31.498038104047623,10.455595390905007,10.869926399207603,14.040045166491776,57.0,46.0,61.0,0.12843854205105948,0.12994501585264187,0.9831672460832158,14.142846637443618,-0.088689373941165,-0.9859009664585044,0.14189249200049348,10.80982842313589,-0.9877437602261644,0.10542095233511493,0.11510294063591535,10.379072291478973,64.64067726516019,50.1580197914036,56.45522522673048,19.717357375141976,5.985270363195853,67027.0,183041.8619465214, 0.0, 2.8421709430404007E-14,0.0,82.53358499439476, 90.40638881316313,90.40638881316313,0.0, 109.319474978314, 2.338475239660159, 11.539831395071463, 2.338475239660159, 118.15529992419039, 10.514562873336574, 11.539831395071463, 10.514562873336574, 197.1228682771291, 6.259181128798504, 4.179802680293198, 9.0, 0.0
46, 0 ,1.0,1.0,1.0,16.020022679958704,150.00951204238106,60.8116040146912,10.276622943214802,10.266317050558293,13.52425242508466,40.0,49.0,66.0,-0.10557068283313471,0.06153867568833537,0.992505829867347,13.56421912085924,0.6921470178203738,-0.712082766320826,0.11777367970494221,10.609691126595544,-0.7139939332014723,-0.6993933980982415,-0.03258125301590065,9.86701892146546,65.63801146425122,52.59429628106811,53.258754863124295,18.978097278254833,5.80891317322183,59083.0,183859.0758422139, 0.0, 0.0,0.0,NaN, 80.33518031190845,80.33518031190845,0.0, 105.60897911700886, -8.058058201955383, -7.837383469853734, -8.058058201955383, 105.39726578258393, 4.015772363349038, -7.837383469853734, 4.015772363349038, 182.9054036574083, 6.962205022041314, 4.398050959453223, 10.0, 0.0
47, 0 ,1.0,1.0,1.0,120.83953400358712,152.85705823309692,110.45488950685338,12.194931591992978,12.3806697879736,9.290917900856096,65.0,56.0,44.0,-0.4976305569137938,-0.8670576885221595,0.023974853498560864,12.481986129617948,0.8645191973891064,-0.49354798541495637,0.09495758757747519,12.115617777792334,-0.07050096574773275,0.06798051829346659,0.9951925758169563,9.259067150374625,58.723152825625846,61.16466423778449,43.959031360935114,18.93075186046772,5.472214393650782,60773.0,157891.25430748626, -1.4210854715202004E-14, 0.0,0.0,60.156637670652394, 128.48020527862138,128.48020527862138,0.0, 148.7163565333884, 4.180985501606985, 4.176428388771908, 4.180985501606985, 153.2809843988423, -4.3181244113991255, 4.176428388771908, -4.3181244113991255, 86.32115544044825, 6.635786678214233, 4.418591798727156, 14.0, 0.0
48, 0 ,1.0,1.0,1.0,112.61816156448552,29.995420414225595,65.03471821107352,9.42681514891282,12.991708546254639,9.670895008951993,44.0,56.0,52.0,-0.2640348368038875,0.9644984092059924,0.005331378157192226,13.238821316648725,0.137542000843752,0.032180415033688445,0.9899730394774175,9.682718699757269,-0.9546558557709905,-0.2621206583376633,0.1411557916445093,9.06389065490029,58.25779381702654,54.32597931480181,42.66960419470837,17.946337011582155,5.394861716808276,48476.0,135045.52962827726, -1.4210854715202004E-14, 0.0,0.0,74.69038946196547, 112.9815272820749,112.9815272820749,1.9073486328125E-6, 88.86484385177222, -23.66073455179225, 1.4485443123808073, -23.66073455179225, 168.7844909508258, 0.848372543998239, 1.4485443123808073, 0.848372543998239, 93.52621027417257, 6.535786957997124, 4.199582623980703, 8.0, 0.0
49, 0 ,1.0,1.0,1.0,142.11274153252586,37.32453116599728,127.58470636602257,12.664567161603001,9.751314112203719,11.948400817304654,60.0,45.0,63.0,-0.9881176657405947,0.13611712286472868,-0.07138352411016362,12.725369732594652,0.04547586598704596,-0.18472596361973959,-0.9817373701644891,12.01251491077791,-0.14681765651339818,-0.9733182661533616,0.17634094393568067,9.592086378035033,57.47842570779579,62.54005980918318,44.59165805371482,19.198442110302956,5.446420010787659,63242.0,160293.81966585133, 0.0, 0.0,0.0,NaN, 99.94013243805928,99.94013243805928,0.0, 160.3912613907531, -9.84443735513673, 2.597704747007665, -9.84443735513673, 95.08812691486341, 8.803903838331731, 2.597704747007665, 8.803903838331731, 142.7642820909665, 6.837974461132165, 4.5504970872213555, 11.0, 0.0
