// Sample: .//bubblelabels.tif, Map: .//bubblelabels.tif, Thickness:(8.191250068658265):/gpfs/home/mader/Foam/NewValid/InSilicoTest/LatticeDataPhi_16.0/out_Step_05000.vtk/distmap.tif, Neighbors:(1.0):
//LACUNA_NUMBER, TRIANGLES, SCALE_X, SCALE_Y, SCALE_Z, POS_X, POS_Y, POS_Z , STD_X, STD_Y, STD_Z,PROJ_X, PROJ_Y, PROJ_Z, PCA1_X, PCA1_Y, PCA1_Z, PCA1_S, PCA2_X, PCA2_Y, PCA2_Z, PCA2_S, PCA3_X, PCA3_Y, PCA3_Z, PCA3_S,PROJ_PCA1, PROJ_PCA2, PROJ_PCA3,OBJ_RADIUS, OBJ_RADIUS_STD, VOLUME, VOLUME_BOX, Mask_Grad_X,Mask_Grad_Y,Mask_Grad_Z,Mask_Angle, Mask_Distance_Mean,Mask_Distance_COV, Mask_Distance_STD, SHAPET_XX, SHAPET_XY, SHAPET_XZ, SHAPET_YX, SHAPET_YY, SHAPET_YZ, SHAPET_ZX, SHAPET_ZY, SHAPET_ZZ, Thickness, Thickness_STD, Neighbors, Neighbors_STD
1, 0 ,1.0,1.0,1.0,130.5406001967108,15.380841281822548,180.59752052883186,20.99287901834705,9.462723050686478,11.419803090827948,86.0,38.0,47.0,-0.9784262745026184,-0.02817111893909545,0.20466659087561379,21.338320094494204,0.18375237545609746,0.3341430743360098,0.9244368395880386,10.951705051859403,0.09443034404876385,-0.9421012652209946,0.32175785334911866,9.240792804095031,87.98191188788141,55.404676618352596,45.80586151759009,24.023420896902028,9.13954309889355,87438.0,223285.6820482954, 0.0, 0.0,0.0,NaN, 73.74031942701963,73.74031942701963,0.0, 440.70096947895576, 12.317768172299557, -68.21073443900086, 12.317768172299557, 89.54312753399321, 8.538639566205914, -68.21073443900086, 8.538639566205914, 130.41190263328355, 11.219447669564714, 6.4203491202685505, 12.0, 0.0
2, 0 ,1.0,1.0,1.0,180.75663323931892,165.71700790417495,92.19832689160486,11.33244814823185,16.215348462692564,15.447274470782684,49.0,67.0,78.0,0.15240193613782688,0.9007592020306495,0.4067019914120776,16.554003050524216,0.07525705867792622,0.3997374770426467,-0.9135350702445564,15.218579955788252,-0.9854491488557837,0.16983170906720427,-0.00686772267375311,11.15078483816809,81.49937008948154,84.6717508773516,54.82723476764801,23.97258315715145,7.4360911874518,114876.0,378345.9897836243, 0.0, 0.0,0.0,NaN, 100.23054520923108,100.23054520923108,1.3486991523486091E-6, 128.42438103236347, 23.776614697386886, 1.9039453402677569, 23.776614697386886, 262.93752576654606, 15.668881306096843, 1.9039453402677569, 15.668881306096843, 238.61828857569446, 7.842154294438407, 5.532455990603449, 17.0, 0.0
3, 0 ,1.0,1.0,1.0,169.95676168727195,64.50133868808568,167.5731094311888,15.19024911430607,15.752336068059886,15.782448039332584,66.0,78.0,67.0,-0.32037582431654665,-0.7201291515320404,0.6154456404161436,17.4348682038758,-0.7891721130869643,-0.15647756705277358,-0.5939041563544578,15.450683532477191,-0.5239911326724419,0.6759650701944506,0.5181742146784829,13.611288512213992,96.65771557104976,79.51716956392846,75.42596415414087,25.84247968497825,7.754461270880418,152388.0,579720.0352253941, 0.0, 0.0,0.0,NaN, 78.19540966599104,78.19540966599104,0.0, 230.74366815467633, 33.98844607591003, 1.6486286193275068, 33.98844607591003, 248.13609160110042, -47.64333421479102, 1.6486286193275068, -47.64333421479102, 249.08566611423294, 7.811504057616979, 5.426019371172978, 20.0, 0.0
4, 0 ,1.0,1.0,1.0,16.00281201388058,44.45588528578836,15.884966694587371,10.041031654701763,11.937350518721018,10.450479710689024,44.0,57.0,41.0,0.17441181114340162,0.9190175371144335,-0.3535354106872468,12.147427580437487,0.6149819562081303,-0.38206883636259886,-0.6897975049381893,10.804215815093785,-0.7690108670702254,-0.09710906629481865,-0.6318165204956646,9.39383330062647,56.19469343960597,60.90394613346249,48.0542223643819,17.98236159579252,5.400912119190551,50142.0,164464.54682792065, 0.0, 0.0,0.0,NaN, 49.84724561881955,49.84724561881955,NaN, 100.82231669072281, 2.8141422395338234, -15.742008302499737, 2.8141422395338234, 142.50033740680897, -11.764298465788713, -15.742008302499737, -11.764298465788713, 109.21252618352295, 9.565567417879118, 5.886786134976714, 7.0, 0.0
5, 0 ,1.0,1.0,1.0,30.68695032089375,108.6242423342049,173.9596654385548,16.120194476869706,14.563491581410329,13.64320329876129,74.0,70.0,64.0,-0.9861687936400979,-0.0010773650233829632,0.1657406097944639,16.186337447705675,0.0703445937585406,-0.9081684120170378,0.4126521216998623,14.821421144053605,0.15007580944102958,0.41860360091506443,0.895683134105785,13.282353276616407,78.29635071814081,76.02002836456033,71.80119030554752,24.61878187911143,7.21169411816156,134624.0,427367.2044215078, 3.552713678800501E-15, 0.0,0.0,9.54046412828968, 99.84646730389169,99.84646730389169,0.0, 259.86066997210054, -2.6723238877708995, -12.731785266798983, -2.6723238877708995, 212.0952870418095, -16.224903168270494, -12.731785266798983, -16.224903168270494, 186.1369962513309, 7.598885271659717, 5.178938428543726, 19.0, 0.0
6, 0 ,1.0,1.0,1.0,41.005644747452536,14.06631478630599,24.04401436844806,14.760124772157845,8.485836924838676,14.767553532209329,80.0,35.0,61.0,-0.7309981644948895,-0.2010027864567001,0.6521039513311851,15.94687970492341,-0.6402006261148304,-0.12875316248028293,-0.7573412582670412,13.8401741592897,-0.2361881492100776,0.9710924276236365,0.03456378429440587,7.880225621676249,91.73920041478836,77.85642616357441,39.67565032836179,21.259868982771213,7.481264583391443,68205.0,283382.788255272, 0.0, 0.0,0.0,NaN, 49.5725603511849,49.5725603511849,0.0, 217.86128328966768, 38.91168490297213, -28.85651998433921, 38.91168490297213, 72.0094283149555, -12.570296561667076, -28.85651998433921, -12.570296561667076, 218.08063732666824, 7.5830745116749005, 5.235516897206519, 9.0, 0.0
7, 0 ,1.0,1.0,1.0,159.39504482861778,176.29240587803352,137.81412214778487,13.488471516136194,14.42384981655223,14.824666056915927,73.0,59.0,79.0,-0.5656772359390854,0.8221019865076221,0.06447936507548681,15.309426232720867,-0.2303944382060122,-0.08248369118893185,-0.9695951957036426,14.958112417258327,-0.7917876404592663,-0.5633336173779001,0.23606687177127839,12.313950316965181,73.64580187945711,79.1323592808539,71.15273046420634,23.569337379099252,7.365009611760689,110309.0,414661.46723816753, 0.0, 0.0,0.0,NaN, 77.96086074289123,77.96086074289123,0.0, 181.93886384161743, -37.109775004278895, 13.090908259217148, -37.109775004278895, 208.04744353045382, 10.15340081156815, 13.090908259217148, 10.15340081156815, 219.77072369907523, 7.8148111500544575, 5.101372953739864, 21.0, 0.0
8, 0 ,1.0,1.0,1.0,88.71593330294583,123.67758143676394,79.4456469889863,13.746583782200098,12.428626305706514,12.74335915735563,74.0,60.0,63.0,-0.9082837992936896,-0.34113696594160176,-0.24216959018171333,13.844348827810576,0.4009884015416895,-0.5448434691128538,-0.7364468045922339,13.415522213690387,0.1192847088677396,-0.7660098985217031,0.6316644628258813,11.584053237497919,71.3341285104739,71.71763624801932,57.91101362158671,21.6517112839069,6.085714306441624,94337.0,296267.82791855955, 0.0, 0.0,0.0,NaN, 141.44694843881632,141.44694843881632,0.0, 188.96856568104675, 7.805673567554631, -0.8786112764783369, 7.805673567554631, 154.47075184689993, 23.119770597083043, -0.8786112764783369, 23.119770597083043, 162.39320261335962, 7.333181893469054, 4.966674366415051, 22.0, 0.0
9, 0 ,1.0,1.0,1.0,172.3836866760033,39.511590283479016,16.772818370599314,15.09994889162389,13.016335877580163,10.972228452308128,68.0,69.0,51.0,0.9063400743608512,0.2923994616368529,0.30504134874151934,15.7184500734999,0.32389324493862537,-0.9443675859319725,-0.05712292468131284,12.789197219755447,0.2713684496965229,0.15057362808771577,-0.9506243985054285,10.353261089065828,83.9909088408605,75.86809480019642,55.71273766337356,21.644730390140005,7.023453549031421,82828.0,355014.39137378667, 0.0, 0.0,0.0,NaN, 51.04070889429128,51.04070889429128,6.743495761743046E-7, 228.00845652965356, 19.826757386282885, 37.629688416747314, 19.826757386282885, 169.42499967798054, 15.517489186798274, 37.629688416747314, 15.517489186798274, 120.38979720964004, 7.737809729284233, 5.0673778452584735, 11.0, 0.0
10, 0 ,1.0,1.0,1.0,75.95051774832744,54.66628883112456,43.450147014957174,12.781139928448237,14.31482196784032,16.871270733215155,64.0,67.0,81.0,-0.22218186159345,0.5156893309726224,0.8274658508360799,18.503218258137327,0.6002615255738717,-0.5964281199026336,0.5328785965913229,12.659765265411208,-0.768323708663606,-0.6150918725771123,0.177032954545147,12.258576569545136,89.13909945591753,64.01702539053706,63.3829731820169,24.337150770337647,7.785533660375897,117335.0,361689.865391727, 0.0, 0.0,0.0,NaN, 103.173637894708,103.173637894708,0.0, 163.3575378705738, -25.58883135506474, -32.11882598057844, -25.58883135506474, 204.91412797096382, 78.79319858965923, -32.11882598057844, 78.79319858965923, 284.63977615344226, 7.502292687911607, 4.788503115530924, 18.0, 0.0
11, 0 ,1.0,1.0,1.0,60.649090303101595,72.91663725836176,138.79254401442967,12.591545140855034,15.974581168010694,11.938284246863669,63.0,79.0,60.0,-0.15399761527258354,0.9636811725360789,0.2181818786926289,16.2704868453006,-0.8976579129774179,-0.04417460956885655,-0.4384733459840701,12.70607909202986,-0.4129104088774999,-0.26337653951885487,0.8718588146435688,11.405423938216718,80.66001051543978,62.99163624183663,53.86608523210213,22.609157341699007,6.714379165984096,102012.0,273688.51789589156, -7.105427357601002E-15, 0.0,0.0,81.1413341370348, 112.87825659482348,112.87825659482348,0.0, 158.54700903419, -18.73837525058338, 7.819557484262057, -18.73837525058338, 255.18724349336193, 28.917605715981427, 7.819557484262057, 28.917605715981427, 142.52263075891324, 7.91870399191961, 5.1311115856466705, 22.0, 0.0
12, 0 ,1.0,1.0,1.0,42.17366379203835,55.1553040598977,175.80325681385753,13.082765415508392,12.400330270291578,12.089661421458304,70.0,60.0,49.0,0.7533675856172413,0.2845192934311002,0.5928625916742571,14.333880592424347,0.37368857061289373,-0.9270706209461947,-0.02994855541974698,12.314985909422413,0.5411045491719152,0.24410824534190792,-0.8047465634729694,10.675572313832992,71.12915416139236,53.33246574539244,55.88365411251928,20.839334491399796,6.0670415336167185,80938.0,211994.26062700248, 0.0, 0.0,0.0,NaN, 73.52691931802791,73.52691931802791,0.0, 171.15875091722248, 6.553634215499279, 40.44261560978071, 6.553634215499279, 153.7681908123096, 16.479466528080874, 40.44261560978071, 16.479466528080874, 146.15991328549723, 7.534150952555348, 4.975962712809874, 11.0, 0.0
13, 0 ,1.0,1.0,1.0,77.8504783585074,185.82959054972775,26.770603254683607,12.84079981582988,8.07543288391775,15.27050557833722,60.0,33.0,60.0,-0.008005488110348893,0.033613280258043596,0.9994028514820285,15.276918141424359,-0.9996913473119556,-0.023775038890191558,-0.007208164494307704,12.842782003608857,0.023518551607660355,-0.9991520879806361,0.03379323621989642,8.060137672453546,60.99335445633365,60.33950043920497,33.523220274949466,20.457474540952347,6.691698752723464,65014.0,123375.79379937009, 0.0, 0.0,0.0,NaN, 83.53539778594742,83.53539778594742,0.0, 164.8861399102167, 2.3307664462100868, -0.6270797945245408, 2.3307664462100868, 65.21261626266015, 5.6748471630516635, -0.6270797945245408, 5.6748471630516635, 233.18834061802815, 7.186176384613732, 4.868837517664924, 9.0, 0.0
14, 0 ,1.0,1.0,1.0,186.91835595686578,55.42017979230202,94.07446829715562,8.18605721573757,12.711717647588065,13.436899041967504,34.0,54.0,72.0,-0.19174267451899263,0.5688253302505294,0.7997952803272101,14.48877886922104,-0.10360597801351423,-0.8220938735786927,0.5598459291128627,11.770114991066174,-0.9759613455911904,-0.024482783537777077,-0.21656418268512326,7.790329526486772,82.9706381746756,57.07179963154307,39.402308000193926,19.12234606705232,6.594348720475156,50169.0,186581.10434148295, 0.0, 0.0,0.0,NaN, 109.96604623462136,109.96604623462136,1.3486991523486091E-6, 67.01153273932913, -9.646354194237906, -27.401343017697602, -9.646354194237906, 161.58776555200185, 32.06528350766323, -27.401343017697602, 32.06528350766323, 180.55025586402724, 8.08348379980639, 5.131238812561885, 12.0, 0.0
15, 0 ,1.0,1.0,1.0,183.63862990749507,19.36595891907641,177.18116760142763,9.548118903533203,11.42416361833044,12.200100841774304,37.0,45.0,49.0,0.1231159846207156,0.5412507076606092,0.8317993302400292,12.718174711772031,-0.19270865571949577,-0.80918193662183,0.5550567245387883,10.947836753043926,-0.9735018378727677,0.22863128592087523,-0.004680465416007673,9.429392979052155,68.93104454973104,58.0691626634909,42.12895556155078,18.44286836163454,5.511910387447894,54916.0,168632.43681811733, 0.0, 0.0,0.0,NaN, 34.10914698718521,34.10914698718521,0.0, 91.16657459600808, 9.678644743773605, 4.1495788304015555, 9.678644743773605, 130.51151437838485, 18.89556913675609, 4.1495788304015555, 18.89556913675609, 148.8424605494621, 8.01095409886322, 5.189529607210805, 4.0, 0.0
16, 0 ,1.0,1.0,1.0,185.61644343513927,14.43768827918617,93.98382536960652,8.488131142698586,8.579533854637296,15.836863493444705,35.0,31.0,69.0,-0.23983633349524103,-0.061411293446053526,0.9688690242611961,16.230411886470996,0.4115366497665355,-0.9103221269312558,0.04417251541728752,8.72462225744876,0.8792702195767209,0.40931928644596877,0.24360131918540043,7.544382892513433,74.1396021640684,40.08240824065927,41.2985693705227,18.70206322979387,6.8334360110652055,43154.0,122726.7025778237, 0.0, 0.0,0.0,NaN, 96.16804549020529,96.16804549020529,0.0, 72.04837029564962, -4.151814052067245, -47.63733889053788, -4.151814052067245, 73.6084011628675, -13.059264345857311, -47.63733889053788, -13.059264345857311, 250.80624531000163, 7.891091216525969, 5.192301894922348, 7.0, 0.0
17, 0 ,1.0,1.0,1.0,101.11750971867596,85.10122374807352,13.8491017413107,14.449070402237405,17.192977866257475,9.432036526201205,74.0,83.0,38.0,-0.14653283713472967,0.9798330915028488,0.13585006601845348,17.37951564445869,0.9868387230225325,0.13530219361168389,0.08855874404667602,14.398561702661356,-0.06839197602427517,-0.1470388696904251,0.986763451094363,9.163585176594145,86.51586656265651,72.6373334418973,42.58333104107054,22.97711970723673,8.086371645510814,86946.0,267605.6542686059, 0.0, 0.0,0.0,NaN, 131.19360802530355,131.19360802530355,0.0, 208.77563548881298, -14.84138664267568, 6.438579434465368, -14.84138664267568, 295.5984879096195, 30.506188387904437, 6.438579434465368, 30.506188387904437, 88.9633130315937, 7.670097436094439, 4.863908973903136, 15.0, 0.0
18, 0 ,1.0,1.0,1.0,77.26736377910667,123.55554070758026,126.37968128821034,11.070295943516987,13.73786626793397,13.999128091711249,57.0,62.0,65.0,0.05158952206680362,-0.6746143275785028,0.7363654189590406,14.827215029940586,0.4102096499200277,-0.6579580880743217,-0.6315213357045596,13.26738824241997,-0.9105309244201466,-0.3346440846083899,-0.24278956384327022,10.55396195187504,69.29277614654005,62.16147689441955,56.01558027121365,21.61697973177269,6.321565982964545,89799.0,241278.22253518327, 0.0, 0.0,0.0,NaN, 131.27814817824296,131.27814817824296,0.0, 122.55145227704867, -21.220447631357803, -12.624469849871666, -21.220447631357803, 188.72896959563803, -27.02116015128185, -12.624469849871666, -27.02116015128185, 195.97558732813903, 7.267370335544916, 4.597705963975937, 18.0, 0.0
19, 0 ,1.0,1.0,1.0,182.38215358713478,148.4288160931218,36.28589674741288,10.509230402703944,13.899236604589928,11.329917735412192,43.0,67.0,52.0,0.01727039184376397,-0.9997890948792942,0.01111302506089024,13.90025921321412,-0.43165258649280414,-0.01748100598206493,-0.9018705333937501,11.562665796067671,0.9018745911376123,0.010778691492762053,-0.4318634525750805,10.251209257087664,67.18065050121353,57.93821822857923,49.57053759025962,19.93759273500879,5.8730003977080765,68899.0,192944.75125957013, 0.0, 0.0,0.0,NaN, 65.47245088239991,65.47245088239991,0.0, 110.4439236571169, -1.3058495439977413, 11.153838787799874, -1.3058495439977413, 193.18877819037255, -0.5281617933832851, 11.153838787799874, -0.5281617933832851, 128.36703589120773, 7.859909887924103, 5.217260995918514, 14.0, 0.0
20, 0 ,1.0,1.0,1.0,151.81629122497054,186.85291519434628,10.460578621908127,13.230904564585515,7.722395290850083,6.720959482633079,65.0,30.0,25.0,-0.9980544384036487,-0.05977275530501204,-0.017735718367877455,13.248377987176033,0.0552000113590314,-0.9793741187119825,0.19436896445443752,7.732364841099297,-0.028987872097487558,0.19301179580630506,0.980768142809953,6.674918401415102,65.17240227276224,35.006234283559905,29.280716866309152,15.712364474251041,5.743267677968975,27168.0,66802.20989562501, 0.0, 0.0,0.0,NaN, 51.02880887605573,51.02880887605573,NaN, 175.0568355971698, 6.989285178702268, 2.481697140089199, 6.989285178702268, 59.635389028143535, -2.761282679139228, 2.481697140089199, -2.761282679139228, 45.17129636719551, 7.6891116579079695, 5.0769645404663155, 5.0, 0.0
21, 0 ,1.0,1.0,1.0,19.163255592574963,84.98893044128646,25.441708030189705,11.418753841927265,11.236814906318038,13.876340424378109,45.0,51.0,58.0,-0.13760283600126028,-0.3476005559854009,0.9274908694984824,14.329461283861004,0.9547718256968365,-0.29573840972344734,0.03081483197708593,11.406021309135385,0.26358342205066676,0.8897823590591614,0.3725736613438656,10.666582832589262,66.35173760251129,51.49192628443085,51.616301773316415,20.33140145964706,5.986725883273632,73535.0,176351.1614167896, 0.0, 0.0,0.0,NaN, 90.76138589705207,90.76138589705207,0.0, 130.38793930252868, -0.22926647103620557, -11.204864416976934, -0.22926647103620557, 126.26600923885125, -29.666532258971227, -11.204864416976934, -29.666532258971227, 192.55282357323003, 8.025472853496137, 4.925616947594983, 10.0, 0.0
22, 0 ,1.0,1.0,1.0,41.14294626339113,174.3491588865465,187.0462504840167,11.757735996557566,13.335579001307059,7.111333611116275,63.0,60.0,30.0,-0.18449113544115628,-0.980859669815128,0.06226820275060714,13.418422165330261,0.9769161311787556,-0.1760696567441329,0.1209725118228735,11.740558293438115,-0.1076935169189169,0.08314916778994812,0.9907009247545268,6.9827162583621,63.30252743397256,62.93271707425397,33.244857343508215,18.238937980077413,5.830457113496839,46486.0,132440.86431697148, 0.0, 0.0,0.0,NaN, 50.18473177753135,50.18473177753135,0.0, 138.24435576474553, 8.436622621840579, 9.019439520150176, 8.436622621840579, 177.83766730010177, -9.916484352408682, 9.019439520150176, -9.916484352408682, 50.571065728592046, 7.427844183048031, 4.893938260357519, 9.0, 0.0
23, 0 ,1.0,1.0,1.0,67.7231164872845,188.63827507381654,74.63756072006858,13.359589308825605,6.781989485766253,11.433000653638025,64.0,26.0,51.0,0.9900704259437794,0.056788135826795275,0.12859105451321634,13.403353747639192,0.13210787314773675,-0.06325015721875306,-0.9892153089515874,11.415611443082096,-0.04804228891180175,0.9963807130013711,-0.07012426994268456,6.724688507866993,65.31686065259596,50.38112304060198,29.73527071029099,17.910269945207887,5.865981786658111,41996.0,97850.94938105505, 0.0, 0.0,0.0,NaN, 101.42127375600491,101.42127375600491,0.0, 178.4786265004874, 6.8471012134093465, 5.994203163466917, 6.8471012134093465, 45.995381385044006, 6.305866865857756, 5.994203163466917, 6.305866865857756, 130.7135039460875, 6.94505471050674, 4.746496730472901, 10.0, 0.0
24, 0 ,1.0,1.0,1.0,113.93606186619975,83.68105347632597,64.7722477566207,11.336942650779834,12.232650951248656,11.18981262343216,54.0,54.0,55.0,0.4075670415612399,-0.8984463413097218,0.16335017116671113,12.517141934369103,0.6092993245798608,0.13431536301870364,-0.7814817440757525,11.281587783214931,-0.6801789762257759,-0.4180353514289542,-0.602165264073017,10.928076655759297,59.52281731205226,52.20384256721286,51.25855918471001,19.372171945154793,5.3004602287934395,68535.0,159276.73505989692, 0.0, 0.0,0.0,NaN, 136.40001553317865,136.40001553317865,0.0, 128.5262686670709, -12.999746460447062, -1.2581164416792523, -12.999746460447062, 149.63774929508466, -6.291857245028414, -1.2581164416792523, -6.291857245028414, 125.21190654752175, 6.96208809266042, 4.510460118964888, 14.0, 0.0
25, 0 ,1.0,1.0,1.0,49.89218059142475,85.05541057641602,77.29775410035562,12.900803856088517,11.89393096885262,11.716889769086162,62.0,65.0,57.0,-0.8446688043872229,-0.0809409304871084,0.5291343654185958,13.60844744328924,0.11797123785959651,-0.9923451503983763,0.03652245225471936,11.890187907279719,0.5221277601630983,0.09327201216176702,0.8477516934895272,10.89107109511408,65.05962060991024,66.57808379614407,54.26740305173786,20.253737679259487,5.913370435357407,73957.0,235061.6914441477, 0.0, 0.0,0.0,NaN, 125.29403553820542,125.29403553820542,1.9073486328125E-6, 166.43074013326836, 1.8869727535776522, -29.65691832826848, 1.8869727535776522, 141.46559389183145, -3.6762199156704503, -29.65691832826848, -3.6762199156704503, 137.28550586091598, 7.003738906658677, 4.4506983425387485, 14.0, 0.0
26, 0 ,1.0,1.0,1.0,102.17426260532058,21.493942937042707,104.66044285869263,12.189458421449135,12.78771092245029,12.723567144270339,56.0,51.0,61.0,-0.4752081349486267,0.6266347631956425,0.6176618023104464,14.134569332609082,-0.12918850334184853,-0.7440729069682052,0.6554890080849397,11.862552222840435,-0.8703376121270071,-0.23169890519945438,-0.43454350558538235,11.553848391821557,74.33616191054546,63.375226377383164,58.60500534633343,20.910485626854967,6.062111758142589,82961.0,276092.3463640507, 0.0, 0.0,0.0,NaN, 138.28049622305468,138.28049622305468,0.0, 148.58289660823726, -19.0464788640544, -20.070804623957088, -19.0464788640544, 163.52555063615443, 22.133549168121117, -20.070804623957088, 22.133549168121117, 161.88916087475567, 7.185658338039065, 4.659167386398978, 15.0, 0.0
27, 0 ,1.0,1.0,1.0,143.58020892629116,73.02973891906029,113.71367251803873,12.869536603775543,9.991311102820584,11.769376610808534,59.0,47.0,59.0,-0.9141616194341843,0.22725776884426882,0.33565226061117814,13.029616886389498,0.3993116472559525,0.36249239752994616,0.8421101294360077,12.093925514790355,0.06970467645149331,0.9038546167569854,-0.42212331118747337,9.377395437589685,59.258372914487026,63.57662913951148,44.28302991220464,19.336164124958607,5.484729044263679,64999.0,166833.99468354217, 0.0, 0.0,0.0,NaN, 126.34027822397468,126.34027822397468,0.0, 165.62497239591855, -8.558570806543457, -5.496941978688814, -8.558570806543457, 99.82629755334585, 24.047331051594746, -5.496941978688814, 24.047331051594746, 138.51822580704697, 6.654743651824888, 4.535482652385441, 15.0, 0.0
28, 0 ,1.0,1.0,1.0,137.13619518221125,141.18608709079678,18.339391599752933,10.541531410252036,13.312115618608436,10.925082852357788,47.0,65.0,44.0,-0.15854148558799444,-0.974586078302133,0.15826109227229565,13.455028699981707,-0.5309912306793069,-0.05097532993019509,-0.8458426737166809,11.082983471769236,-0.832413905631824,0.21813640621908165,0.5094149565850979,10.189377905179953,66.19707514385567,52.50285175167167,58.090912089856154,19.379141745777194,5.669445056131323,64760.0,201897.01108544497, 0.0, 0.0,0.0,NaN, 88.01856390619805,88.01856390619805,9.5367431640625E-7, 111.12388447333029, 12.44510055372413, 6.600271249076266, 12.44510055372413, 177.21242224319866, -11.089854974808814, 6.600271249076266, -11.089854974808814, 119.35743533088218, 7.4860270641896, 4.689220940129555, 8.0, 0.0
29, 0 ,1.0,1.0,1.0,181.52965435614817,94.34166774545521,77.6684667024208,9.9318807798557,9.716053311011764,13.255949069097463,38.0,50.0,66.0,-0.1623581306164642,-0.12493263117269254,0.978790925116797,13.371003441905422,-0.7438504926987087,-0.6362591216045556,-0.2045990583724354,10.287988177074967,-0.6483257529472475,0.7612924325403918,-0.010370642319435831,9.17266044913441,68.25958706299974,53.00961484318026,48.28665962999804,18.40988581561649,5.462621874721624,54073.0,174721.14547777086, -2.8421709430404007E-14, 0.0,0.0,80.65620285703079, 123.58759913964778,123.58759913964778,0.0, 98.64225582526704, 12.192362838573057, -11.737334461881755, 12.192362838573057, 94.40169194242266, -8.748079861062356, -11.737334461881755, -8.748079861062356, 175.7201857225059, 7.360689908121667, 4.688205069624976, 10.0, 0.0
30, 0 ,1.0,1.0,1.0,59.08741420606646,11.462290924461083,107.53040275345691,11.70085108314528,7.305629468290768,14.0116697437947,57.0,29.0,68.0,-0.05666906562809651,0.12733128532794158,0.9902400520972543,14.108580911738033,0.993948652882452,0.10067636065096698,0.04393570119203159,11.725452747860759,-0.09409937531140981,0.9867375609465829,-0.1322659948104261,7.076067376848392,70.08163920354102,58.48381018519113,32.583346524537866,18.71838297964507,6.019232977246894,49683.0,133547.44925742835, 0.0, 0.0,1.4210854715202004E-14,8.01152584418453, 110.33282850418608,110.33282850418608,0.0, 136.90991606994206, 7.672408480064937, -4.542812212593098, 7.672408480064937, 53.37222192795845, 19.171501510749824, -4.542812212593098, 19.171501510749824, 196.32688900917185, 6.802130486492474, 4.515767221826525, 12.0, 0.0
31, 0 ,1.0,1.0,1.0,54.425286042642895,151.01870547449425,18.925457477745184,12.204716255054622,13.572025405436033,12.427103882625346,58.0,69.0,49.0,-0.5126060336367411,0.8585197383683658,-0.01337584057624685,14.289294636132336,0.40174546733076977,0.22604867594054948,-0.8874134186413376,12.79907088403786,-0.7588383449446856,-0.4602671560490031,-0.46078032868621127,10.935617343750257,72.81425978164482,64.16581600369,55.022014505749155,21.071972702878192,6.599988620513045,78747.0,257073.10763193175, 0.0, 0.0,0.0,NaN, 75.62705808743178,75.62705808743178,0.0, 148.95509886639454, -33.21273758163273, -15.188052509043956, -33.21273758163273, 184.19987360580114, -9.84362831428155, -15.188052509043956, -9.84362831428155, 154.43291090956194, 7.468502909841647, 4.55562886283985, 12.0, 0.0
32, 0 ,1.0,1.0,1.0,90.64247718237303,74.74591242510779,100.53673217985329,11.72307533754767,12.789441408036215,10.60906985370935,56.0,56.0,53.0,0.1389076911242946,0.9837279610960596,0.1139471452222756,12.82709708637326,-0.9495077181881001,0.1649865837751796,-0.26686048841187276,11.801752961537117,-0.28131787438366773,-0.07112471955645604,0.9569751970768471,10.475537095151667,58.417675039789174,54.8544187179308,50.40919473168846,19.61670609705844,5.360738005340993,71436.0,161534.63162074695, 0.0, 0.0,-1.4210854715202004E-14,83.45709826664155, 153.93489448296356,153.93489448296356,0.0, 137.4304953698184, 2.8596170465486863, 8.353507193480253, 2.8596170465486863, 163.56981152959136, 4.841623632293438, 8.353507193480253, 4.841623632293438, 112.55236316088452, 6.8060173422308425, 4.44816066791574, 7.0, 0.0
33, 0 ,1.0,1.0,1.0,12.947463314468873,103.47027595532629,108.20478790003506,8.68966549548607,14.62676234500294,12.132007419514329,35.0,71.0,60.0,-0.06169112781086599,0.9483133194407756,0.3112813083380389,14.91472314927406,-0.03955388863564252,-0.3139531889447046,0.9486141918847986,11.804298188940967,-0.9973112325865093,-0.04620869315040655,-0.05687760573467365,8.651453334259012,67.40174274478572,55.15509688856839,38.10870427573625,19.845114233135345,6.542897540202838,59901.0,141671.00030117165, 0.0, 0.0,0.0,NaN, 133.83566563101903,133.83566563101903,0.0, 75.51028642344117, -7.834160390787971, -5.254328516695676, -7.834160390787971, 213.94217669719586, 24.363184668970803, -5.254328516695676, 24.363184668970803, 147.1856040271507, 7.217866996827563, 4.5387252002442455, 17.0, 0.0
34, 0 ,1.0,1.0,1.0,31.802398825065275,39.94983681462141,104.03492167101828,10.152954147784847,11.745811846200398,11.654054743527636,45.0,57.0,54.0,-0.228413563809166,-0.8065767679204363,0.5452166187113324,12.015777196709758,-0.12624305495792137,-0.5307546305861004,-0.8380705299593247,11.498364669274267,-0.9653444643974958,0.26025648803139273,-0.019406841440026322,10.013604451440907,59.746911102043846,57.991509389356196,48.18893986480534,18.714217235731677,5.161553939702601,61280.0,166965.69210051832, -3.552713678800501E-15, 0.0,0.0,76.79631040540635, 108.70454586276965,108.70454586276965,0.0, 103.08247792702151, 10.2660178522886, -2.1135302461755487, 10.2660178522886, 137.96409592634163, -5.18901192531493, -2.1135302461755487, -5.18901192531493, 135.81699196513898, 6.925787624548002, 4.478694248214472, 10.0, 0.0
35, 0 ,1.0,1.0,1.0,22.20950767957801,177.24294099394942,100.83588457361535,12.969009014127122,12.904246298274604,11.210389760564015,52.0,59.0,57.0,0.6908458186218381,0.7035890661207165,0.16641658850036567,14.232810112613095,-0.6807210718079444,0.555421626063697,0.4776249990289474,11.795273563771849,0.2436203548338391,-0.44324851193899806,0.8626586111402921,10.894321629770543,77.0649815803379,61.23710341008362,58.99470238241499,20.560064080886622,6.137700783575388,77348.0,278409.9378246227, 0.0, 0.0,0.0,NaN, 104.13773453590895,104.13773453590895,0.0, 168.19519480851056, 33.045962936249595, 2.9979248394859894, 33.045962936249595, 166.5195725265338, 15.245176255070596, 2.9979248394859894, 15.245176255070596, 125.67283858375852, 7.1863662399008295, 4.609534501168521, 11.0, 0.0
36, 0 ,1.0,1.0,1.0,132.64684497182165,42.18012514697336,32.31562445096158,11.753094849827622,11.055617918148354,15.630947815964408,63.0,51.0,65.0,0.4713534701586427,0.05956606215082893,0.8799305599928038,16.98826053922087,0.3133584798936795,-0.9439274449369379,-0.10395884653816818,11.192993266641658,0.8243981861019154,0.3247350657607946,-0.46358900743784287,9.529132243336509,77.94342443173417,50.72682671477279,51.09537270966062,21.27160202148734,7.225469062003875,73993.0,202022.0385933536, 0.0, 0.0,0.0,NaN, 85.78991801674452,85.78991801674452,0.0, 138.13523854904457, -4.644914380879779, 80.91460790247754, -4.644914380879779, 122.22668755208295, 13.750697462159682, 80.91460790247754, 13.750697462159682, 244.32652962540251, 6.515605501213229, 4.251053013731252, 12.0, 0.0
37, 0 ,1.0,1.0,1.0,18.795172122903214,131.64996268777782,16.62494727620778,10.939834933487928,14.156740218474203,9.776658251184097,51.0,66.0,42.0,0.10209908936018175,-0.992571441590027,-0.06616425992722606,14.198058255115896,0.9201366357193893,0.11950662080384594,-0.37291653113136447,11.117494364129442,0.37805336601970074,-0.02280572129843076,0.9255028641323763,9.512769806615708,67.6783200530612,58.58815756779994,47.266355405942136,19.427301676334203,6.185165973718435,61642.0,187418.098348313, 0.0, 0.0,0.0,NaN, 72.81054159699963,72.81054159699963,0.0, 119.6799883719628, -7.617737437203765, -12.110223803422763, -7.617737437203765, 200.41329361336503, 5.820325222717278, -12.110223803422763, 5.820325222717278, 95.58304656044608, 6.936596019613488, 4.429257804639201, 8.0, 0.0
38, 0 ,1.0,1.0,1.0,98.28741572631843,134.52867540549724,16.51259858008906,10.474675138848445,12.823152095073572,10.812929884078528,49.0,58.0,44.0,-0.0629595468063091,-0.9364995364657248,0.34497059826226817,13.165225842891726,-0.7151500056881366,-0.19876579023433755,-0.6701138933023081,11.437808895619302,0.6961297040280656,-0.28889579234042606,-0.6572234447566484,9.323350136552094,65.64065712920545,62.29150789944292,47.02080111919905,18.862221137147916,5.94038006941536,55919.0,192261.26183905534, 0.0, 0.0,0.0,NaN, 119.24586511147481,119.24586511147481,1.3486991523486091E-6, 109.7188192644097, 11.334253632626666, 19.161117252111154, 11.334253632626666, 164.43322965338973, -22.065146941525768, 19.161117252111154, -22.065146941525768, 116.9194526779985, 7.11600876857354, 4.528793139141527, 7.0, 0.0
39, 0 ,1.0,1.0,1.0,145.8226997318147,103.46235473297355,82.95055126974141,9.501376213691128,12.871198331667124,11.117492410475169,45.0,62.0,49.0,-0.1185359554577188,0.9579200756418809,0.26141605908202803,13.049384720493936,0.042652757355198655,-0.25811703244150014,0.965171663412054,10.96255231736579,-0.99203325022588,-0.12555766104004168,0.01026178349166246,9.438142775447744,64.77695769124796,49.47273116276378,46.178973543120065,18.754908664069486,5.272185025832223,60406.0,147989.4338796588, 0.0, 0.0,0.0,NaN, 138.33109113285178,138.33109113285178,0.0, 90.27614995409554, -9.563374181535863, -1.236145348161903, -9.563374181535863, 165.66774649311057, 12.588121272512558, -1.236145348161903, 12.588121272512558, 123.598637496973, 7.534703092220165, 4.497886013773896, 12.0, 0.0
40, 0 ,1.0,1.0,1.0,29.666528562460766,146.4209792843691,126.98505963590709,15.536409120220833,11.330709313828535,10.824695800968055,67.0,65.0,56.0,-0.9721107383794938,-0.2332953841072777,0.02395779792704747,15.759061026787952,0.23267595590274714,-0.9466184428142085,0.22310406376564842,11.033373827678039,-0.02937025488514233,0.22245625969669086,0.9745001799126262,10.809980509766875,71.80743701399214,62.9741139790255,56.79873245939447,21.107842399211957,6.434128560956808,79650.0,256844.42043891293, 0.0, 0.0,0.0,NaN, 95.29950626401664,95.29950626401664,0.0, 241.38000835088107, 28.746235163491704, -2.8091002010128436, 28.746235163491704, 128.38497355448072, -1.765499493428887, -2.8091002010128436, -1.765499493428887, 117.17403918349544, 7.234237857831774, 4.482458284019551, 12.0, 0.0
41, 0 ,1.0,1.0,1.0,124.54895418748413,73.85495808281819,165.9476162249132,10.294664277709101,9.912078441302173,13.221542874635727,48.0,46.0,64.0,-0.08828519365081532,-0.025186894670795063,0.9957767545584101,13.242166164494655,-0.80799746475147,-0.5828197524472923,-0.08637842967126105,10.64020247077952,-0.58253396599446,0.8122110295324229,-0.031103407669364754,9.511557930004322,64.33498413765554,51.79416402171108,47.00996750539557,18.715059351430348,5.365180432712031,59045.0,156645.51936515904, 0.0, 0.0,0.0,NaN, 110.93682881885076,110.93682881885076,0.0, 105.98011259073984, 10.899369017895067, -5.875062828319288, 10.899369017895067, 98.2492990265273, -0.9839548590031824, -5.875062828319288, -0.9839548590031824, 174.80919598583077, 7.282857045888376, 4.56801612947599, 15.0, 0.0
42, 0 ,1.0,1.0,1.0,179.35298211888704,83.16603417132062,20.581890194388745,11.487639149112034,10.880779130382175,11.208696273028032,50.0,53.0,45.0,0.8772584294681458,0.4762073597156221,-0.06036719705070187,11.732116458587157,-0.06834245547168527,-5.712821263459955E-4,-0.9976617575194673,11.207328216540228,-0.47512835813828536,0.8793328290183466,0.03204401821571222,10.618159797924207,64.52093953233117,47.558992287519054,55.76922590220773,18.658432263938217,5.2777822328520365,60343.0,171130.7064161519, 0.0, 0.0,0.0,NaN, 88.1277640198714,88.1277640198714,0.0, 131.96585322021147, 10.401495983807088, -0.44174570605507035, 10.401495983807088, 118.39135448416029, -0.708399613170929, -0.44174570605507035, -0.708399613170929, 125.6348721409925, 6.960724610603498, 4.407343630646895, 8.0, 0.0
43, 0 ,1.0,1.0,1.0,150.0130900812597,112.9368577481266,130.28912005564865,12.187334212563467,11.326517662942747,10.556522672574195,60.0,56.0,52.0,0.8983969001767951,-0.42640077668999754,0.10519214510072561,12.42820837442638,0.4388069941364182,0.8615682427420336,-0.255242208491004,11.124017001366303,0.0182052643399373,0.2754678579010084,0.9611378816869836,10.49081364191541,63.440892707551015,61.45142619717595,49.35159518688954,18.975859037347057,5.308301263963326,63254.0,192398.83902585195, 0.0, 0.0,0.0,NaN, 122.22229209358646,122.22229209358646,0.0, 148.53111520872, -11.835468400661597, 2.6633668794688314, -11.835468400661597, 128.29000236895402, -5.001458476898438, 2.6633668794688314, -5.001458476898438, 111.44017093657303, 6.412370031595355, 4.3234746644019255, 16.0, 0.0
44, 0 ,1.0,1.0,1.0,10.147897100857493,167.51578195181708,161.71359738668843,6.720161326973295,15.895585443689061,11.55613206590595,27.0,69.0,66.0,0.04505712943055815,0.9819068753241182,0.18392591790910034,16.04466283193291,0.001338588153125552,-0.18417207767161026,0.982893104049407,11.367259477468483,-0.9989835150137533,0.04404014075079132,0.009612634051925934,6.687944360139397,74.23403865361323,65.41542957135695,28.252175441618878,19.545483255719056,7.024847150166102,48980.0,137194.01970403083, 0.0, 0.0,0.0,NaN, 51.22550988365148,51.22550988365148,0.0, 45.16056826054748, 9.389540129461741, 1.8738607703313068, 9.389540129461741, 252.6696365976196, 23.119914030626507, 1.8738607703313068, 23.119914030626507, 133.54418832465976, 7.7070307811032315, 4.774562858599664, 6.0, 0.0
45, 0 ,1.0,1.0,1.0,118.04739110335674,178.3649621974679,31.490568007277172,10.437046821862833,10.88527353372148,14.061754280693208,57.0,46.0,61.0,0.1258628909950782,0.12990792641408963,0.9835051923224162,14.163023748152368,-0.07288801571243493,-0.9874986555480137,0.1397631655922602,10.823997463770207,-0.9893663981740362,0.08927673798732322,0.11482070465938592,10.363585138833782,64.64218683464154,50.23173520356008,56.6108812672677,19.728465265756242,5.995141197184462,67059.0,183820.58184797168, 0.0, 0.0,0.0,NaN, 90.42101989639418,90.42101989639418,0.0, 108.93194636175707, 2.225803399043297, 11.435988828835422, 2.225803399043297, 118.4891799039373, 10.55974348841926, 11.435988828835422, 10.55974348841926, 197.73293345059378, 6.258661088544713, 4.18007573084157, 9.0, 0.0
46, 0 ,1.0,1.0,1.0,16.036579379453933,150.0016588520067,60.834368705249084,10.278991502051694,10.266877268740156,13.508312419496344,40.0,49.0,66.0,-0.10569955976140462,0.062172214166779316,0.9924526280139749,13.548391472656213,0.6930359482309314,-0.711120497629924,0.11835882861123055,10.605200873089162,-0.7131120371483706,-0.7003158242080277,-0.03207754413810352,9.874803416697906,65.62628583403469,52.479542407568466,53.260252165757024,18.97119013804074,5.799558976305805,59077.0,183430.30308079228, 0.0, 0.0,0.0,NaN, 80.36060235905923,80.36060235905923,0.0, 105.65766629925095, -7.9375151882997805, -7.7995001569484455, -7.9375151882997805, 105.40876885137332, 4.050345005110007, -7.7995001569484455, 4.050345005110007, 182.47450442271915, 6.958785357837911, 4.399116785982973, 10.0, 0.0
47, 0 ,1.0,1.0,1.0,120.69887518856169,152.84129664852102,110.45241686889224,12.291165503719785,12.370519733679549,9.291546402703908,66.0,59.0,45.0,-0.607943742357739,-0.7938672809303764,0.013384558127857837,12.494483154925685,0.7911172680526496,-0.604235369800566,0.09504254873941839,12.188947470935037,-0.06736374631045149,0.06836927782406257,0.9953832264674932,9.26028038003445,58.1577535302072,60.143455650896044,44.93903906182145,18.974757903939793,5.513066747434354,60988.0,157188.1424852691, 0.0, 0.0,0.0,NaN, 128.57441947282814,128.57441947282814,0.0, 151.07274943983126, 3.929123974389865, 4.150728599022856, 3.929123974389865, 153.02975848135512, -4.355103579818852, 4.150728599022856, -4.355103579818852, 86.33283455359992, 6.625012551613493, 4.4175904155148915, 14.0, 0.0
48, 0 ,1.0,1.0,1.0,113.16315462073791,28.644648341821856,65.51143034874227,9.504328001159799,13.942524895458885,9.661165772342326,44.0,57.0,52.0,0.29442689008549044,-0.9505178779807784,0.09913914480922496,14.366554169756899,-0.1414811112896462,-0.14594706646599656,-0.9791233573652592,9.625456123115766,-0.9451433232810952,-0.27425392873920323,0.1774510665740805,8.889155809423837,61.6831945563045,54.186343963360756,42.98534198059012,18.561066452685758,5.79233868430676,51442.0,143673.6394998876, 1.4210854715202004E-14, 0.0,0.0,72.87682561713198, 112.48511501699511,112.48511501699511,NaN, 90.3322507536302, -35.36704509025526, 5.606597042941663, -35.36704509025526, 194.39400046049076, -10.055480992670928, 5.606597042941663, -10.055480992670928, 93.3381240806789, 6.450611938370882, 4.144305179262601, 7.0, 0.0
49, 0 ,1.0,1.0,1.0,142.129665669847,37.31032736823784,127.5823800256325,12.654876132773952,9.740681743586254,11.963476997135038,59.0,45.0,63.0,-0.9881184893823554,0.14292123214879235,-0.056527624590138256,12.71823221629648,0.029901235304965242,-0.1820012849524611,-0.982843552353522,12.0293080386596,-0.15075731182257693,-0.9728561320548509,0.17556531336031667,9.5756916214999,57.68951713872663,62.55485135904418,44.63345381032829,19.196041264505872,5.446425653405104,63201.0,161071.38570840808, 0.0, 0.0,0.0,NaN, 99.92671217727859,99.92671217727859,0.0, 160.14588993585178, -10.182515035880929, 2.3553645621104984, -10.182515035880929, 94.88088082983455, 8.916421900876232, 2.3553645621104984, 8.916421900876232, 143.12478186097917, 6.8378749313495915, 4.552126590338539, 11.0, 0.0
